200
20 16 5 16 16 1630
9 16 17 9 13 1379
16 16 15 6 11 1231
8 17 17 18 17 1849
13 20 15 13 11 1710
10 11 13 20 9 1663
8 16 15 19 15 2143
9 10 19 10 13 1203
8 13 7 12 12 1448
18 6 9 18 5 1349
14 9 18 20 8 1769
11 19 20 15 14 1349
12 6 11 17 11 1401
14 20 5 7 15 1223
14 7 11 18 19 1304
15 17 13 5 9 1366
5 9 9 14 20 1270
6 20 14 15 19 2068
5 18 8 7 16 1237
11 11 20 20 15 1950
15 14 13 16 6 1415
12 5 13 7 13 1311
10 18 17 6 13 1557
16 6 13 19 18 1897
13 10 14 18 16 1225
19 10 17 7 5 1580
17 14 8 13 5 1430
11 17 5 14 12 1488
7 6 5 20 10 1292
15 17 17 9 15 1489
12 9 14 15 7 1717
18 19 10 14 14 1487
15 15 16 19 16 2018
18 6 6 16 15 1559
16 16 20 15 15 2263
11 9 7 18 12 1314
11 20 18 15 11 2428
10 15 14 19 6 1441
18 19 15 13 16 1842
17 12 7 9 14 1320
18 11 19 20 11 2040
6 20 10 11 10 1846
19 17 15 7 6 1764
18 5 16 10 12 1308
12 6 19 15 12 1874
8 12 8 13 11 1059
9 9 6 18 18 1444
16 19 12 16 19 2249
8 7 20 18 17 1591
7 10 13 13 16 1227
12 7 10 15 10 1376
14 9 6 13 6 1091
11 20 10 9 9 1343
15 20 9 15 18 1921
9 15 17 12 12 1278
7 9 18 5 5 905
16 8 18 13 14 1252
14 9 11 13 10 1692
13 20 14 5 12 1696
14 20 16 13 18 1801
8 7 16 10 20 1558
17 12 14 5 16 1508
10 17 20 10 12 1525
17 18 9 15 13 1942
14 20 15 13 6 1557
7 19 17 14 7 1751
8 18 19 7 11 1896
9 11 20 7 12 1570
13 15 19 9 13 1790
5 13 16 10 5 1107
13 6 15 5 8 1153
12 5 17 7 11 1438
19 12 11 13 15 1558
16 12 5 15 20 1232
5 18 17 14 8 1157
9 20 18 19 9 1934
20 12 19 5 15 1992
10 19 15 6 19 2014
19 10 16 14 20 1826
9 11 12 16 14 1757
11 6 13 18 8 1569
5 11 13 11 19 1519
14 13 15 8 5 1051
12 13 10 16 16 1197
19 10 12 18 9 1232
12 12 19 6 10 1410
5 8 17 15 7 1095
11 12 8 15 13 1671
16 9 16 9 20 1398
11 7 8 19 10 1071
18 18 6 14 6 1820
14 8 8 18 8 1434
20 15 5 20 9 1668
5 5 13 10 17 1239
10 5 19 6 16 1149
11 6 17 19 16 1696
14 5 8 17 7 988
9 14 13 20 7 1762
7 14 6 17 15 1163
8 17 13 17 5 1322
17 8 17 17 15 1457
18 19 6 12 17 2197
15 8 17 7 17 1776
9 18 10 6 9 929
17 16 14 10 5 1416
13 12 20 9 7 1685
11 14 12 7 15 1221
16 5 16 12 11 1431
14 14 13 10 13 1885
11 12 20 5 17 1662
13 17 15 7 9 1070
19 8 17 18 5 1678
8 10 8 6 13 728
13 19 20 16 8 1583
19 20 13 12 5 1474
15 9 8 10 12 1541
19 5 7 14 12 1812
15 9 20 8 5 1381
18 17 5 10 13 1759
13 5 11 6 16 1116
18 10 10 17 5 1229
19 15 20 6 9 1733
11 20 18 17 16 1676
14 17 9 18 10 1764
6 20 7 7 7 1207
18 18 19 13 14 2173
14 9 14 20 20 1469
8 11 5 17 5 938
10 15 16 12 14 1597
10 6 20 13 11 1687
19 10 8 6 11 1756
20 16 6 14 7 1918
15 16 19 6 16 1696
17 19 5 17 13 1613
8 18 19 18 8 1291
18 14 5 19 8 1126
15 17 10 7 15 1410
5 11 12 14 11 1163
11 17 12 19 13 2359
17 17 13 20 12 1807
19 18 10 9 6 1272
20 9 19 11 17 1696
11 5 17 17 19 1642
15 5 15 6 15 1383
10 16 8 16 19 1267
13 13 11 10 10 1217
16 12 11 16 12 1393
19 10 15 15 19 1945
8 10 15 19 17 1860
5 9 14 19 14 2110
17 17 15 18 10 1691
10 9 11 11 17 2000
16 15 19 7 15 1820
12 18 14 18 10 1594
15 19 19 12 16 2083
8 6 13 17 12 1488
8 8 12 12 6 973
15 15 9 19 5 1978
12 15 20 14 16 1967
10 19 9 6 16 1939
9 18 11 20 13 1429
14 15 9 16 13 1591
17 7 20 13 20 1926
5 20 10 8 18 1339
19 6 20 12 16 2410
5 20 13 8 10 1824
13 15 19 17 18 1879
16 11 5 13 11 1398
11 9 16 8 11 1012
17 15 9 18 11 1627
10 17 15 13 12 1563
11 10 10 9 16 1585
20 12 16 16 17 1817
18 16 13 5 18 1695
18 9 10 14 7 1319
8 18 8 16 19 1514
9 5 6 9 13 1020
14 20 8 9 16 1480
11 17 10 15 9 1423
15 7 5 11 15 1028
14 8 18 12 10 1496
10 20 15 18 11 2481
19 6 17 19 15 2162
6 8 12 15 15 1360
15 9 16 11 20 1312
9 5 18 15 9 1291
10 7 6 5 5 726
19 8 16 15 14 1451
11 17 6 8 16 1554
15 6 17 20 10 1701
15 16 13 13 6 1877
9 11 8 18 11 1304
12 11 20 15 20 1996
7 5 10 20 16 1179
15 5 7 16 17 1728
20 6 11 19 7 1855
5 6 10 10 13 1290
20 13 11 10 9 1298
14 5 14 8 18 1269
14 19 14 20 12 1964
0 10 7 6 5 10 8 10 2 10 3 9 6 10 10 6 10 2 9 10 4 10 5 10 5 4 10 7 2 5 8 3 4 10 9 9 3 7 7 8 3 7 6 10 2 6 3 6 4 6 3 5 2 8 8 6 2 5 9 8 4 2 4 7 6 4 6 10 2 9 2 10 8 7 9 6 5 4 7 5 2 9 10 3 6 10 8 2 10 2 2 8 4 8 10 8 9 2 3 4 4 3 10 2 10 5 7 7 2 9 8 4 9 10 8 10 2 10 9 4 4 4 6 3 3 4 2 7 8 6 7 8 3 6 4 2 6 8 6 3 9 5 7 6 4 8 3 4 7 2 2 10 4 5 7 8 5 7 3 7 7 3 9 3 2 3 3 5 10 3 4 5 2 9 8 3 10 10 2 5 5 5 3 9 6 8 7 3 7 7 2 4 2 3 5 7 7 7 6 9
7 0 5 7 5 9 7 3 4 6 5 10 6 3 6 9 9 6 10 10 8 2 3 7 4 6 6 7 5 2 6 6 2 4 4 7 7 8 4 3 2 10 6 5 9 4 7 2 6 9 3 6 3 8 5 10 6 2 7 7 9 6 5 9 6 8 4 2 6 6 4 6 7 4 3 5 8 4 7 7 7 9 3 2 3 3 8 6 6 9 6 6 4 2 3 7 8 5 5 10 3 3 7 4 8 6 6 5 7 8 2 5 3 4 2 2 10 7 2 4 8 8 7 4 7 6 10 8 5 6 2 3 6 4 7 5 7 10 9 10 4 8 2 9 4 9 9 9 4 10 2 2 8 5 2 4 5 6 8 9 10 6 2 9 9 3 10 6 6 7 6 4 2 4 8 2 6 8 8 3 10 5 3 8 5 8 10 3 2 2 7 6 4 4 6 7 3 5 3 9
8 4 0 4 10 8 7 6 5 8 2 4 5 4 6 2 10 9 4 3 8 2 9 9 7 2 7 6 4 4 5 7 3 6 8 4 7 3 2 6 10 8 3 9 7 10 2 6 8 2 10 9 3 7 10 8 6 10 10 2 5 2 8 3 7 4 6 3 5 10 4 4 9 8 3 8 7 2 4 4 5 6 3 5 8 2 5 3 4 2 3 2 3 5 2 3 5 5 10 10 8 4 4 2 2 4 6 2 7 7 9 6 10 8 10 5 2 6 3 8 2 8 8 6 2 8 9 4 8 6 9 10 10 5 9 3 4 7 8 6 7 3 5 5 4 4 10 9 4 2 2 2 10 3 4 8 6 8 7 3 9 9 7 4 5 2 7 4 6 2 5 2 5 6 4 3 5 3 3 7 8 7 4 3 10 6 3 10 9 2 2 7 2 10 7 5 3 6 8 8
6 4 7 0 6 8 6 7 7 2 9 2 3 6 10 6 10 2 6 6 5 3 3 7 3 2 6 2 4 6 7 7 8 7 3 5 7 8 7 9 8 9 2 6 9 3 2 2 10 5 7 10 6 7 7 6 7 4 6 7 5 2 6 6 3 10 8 3 8 3 8 7 3 10 3 3 7 8 7 7 2 7 10 7 6 3 3 3 6 3 2 10 3 10 3 7 8 7 4 3 2 5 9 9 6 2 5 6 3 9 8 8 6 8 2 6 2 3 5 7 8 7 7 2 6 2 10 7 5 5 3 7 8 3 10 3 9 6 10 3 7 10 3 2 8 10 5 7 2 9 10 2 6 10 2 3 9 9 3 2 9 2 10 6 5 6 2 6 6 10 3 9 8 3 4 7 10 9 2 7 6 7 6 6 9 9 4 10 7 3 10 3 5 3 8 7 5 5 7 3
2 2 8 5 0 6 6 2 9 7 8 2 2 8 6 6 9 2 6 6 8 7 4 7 10 8 9 9 7 10 3 5 10 6 9 10 7 8 3 5 7 4 7 6 8 7 7 7 2 2 8 8 2 2 5 10 6 3 8 9 2 9 10 6 2 10 9 2 9 5 8 8 4 7 8 7 5 9 10 3 7 4 10 3 4 3 3 5 4 3 9 8 4 4 9 2 2 6 9 8 7 7 4 8 2 10 9 9 2 8 5 6 8 4 9 2 3 7 3 10 2 6 7 8 9 4 2 5 6 5 3 2 9 7 7 8 4 9 7 6 2 10 8 9 2 7 9 9 3 2 10 7 6 4 3 4 5 7 5 6 10 10 8 8 3 9 6 6 4 3 6 9 9 6 6 7 6 10 2 5 8 2 9 9 2 5 2 8 9 2 6 10 2 9 4 2 9 5 2 4
3 5 9 10 3 0 10 9 2 5 7 2 10 3 5 10 7 3 7 8 9 2 5 10 10 2 7 2 5 9 8 5 8 10 5 5 10 3 2 6 6 6 10 4 9 5 5 4 9 3 10 3 10 4 6 8 4 9 7 7 7 7 3 4 4 3 4 8 3 6 10 6 4 2 8 2 3 9 7 10 9 8 5 6 5 3 8 8 4 2 6 3 2 9 10 4 4 10 7 5 8 10 8 8 10 6 8 6 4 10 3 2 2 8 3 4 6 5 6 9 5 3 2 10 6 9 8 5 10 8 3 8 4 10 4 8 4 9 10 8 3 3 8 5 4 6 7 7 10 2 7 2 7 10 7 8 7 8 2 2 3 6 3 7 9 2 10 3 10 2 9 3 9 10 10 5 4 10 9 9 5 3 2 8 9 2 3 8 6 4 9 6 5 8 8 9 2 2 2 3
10 2 7 5 3 3 0 3 9 9 2 10 4 4 7 2 9 3 5 4 9 7 2 2 6 5 9 4 6 6 8 4 9 9 9 3 7 2 5 4 3 7 5 3 3 3 2 8 8 9 8 3 7 5 3 2 6 4 3 9 10 7 5 6 4 10 5 8 4 4 2 8 9 3 4 9 9 9 8 10 7 8 5 4 3 10 9 4 9 4 2 8 9 4 8 3 5 6 3 8 3 10 6 4 10 9 5 9 5 4 8 9 5 8 3 6 8 6 9 2 8 5 2 3 7 2 7 9 2 5 10 9 3 8 3 8 6 2 3 4 7 6 5 2 7 3 3 2 4 6 5 3 10 10 2 4 8 5 8 10 8 6 7 5 6 9 5 9 8 9 2 3 7 8 4 4 10 2 8 8 10 8 7 10 3 8 9 6 7 10 3 4 5 2 7 9 8 3 3 7
6 5 2 4 5 6 9 0 3 4 2 5 4 3 6 7 9 2 8 9 4 7 7 2 9 6 8 3 4 3 7 6 9 4 2 2 7 6 9 4 9 4 5 10 2 5 6 7 10 10 5 10 9 8 6 5 5 2 4 7 2 8 8 5 2 6 2 8 10 10 10 9 4 8 10 10 5 3 4 4 5 9 4 6 8 8 4 9 10 7 6 7 8 2 2 7 5 8 10 3 4 6 3 9 10 8 9 7 8 3 3 4 2 5 5 6 8 3 4 2 4 9 10 10 7 6 8 8 6 9 8 9 3 3 7 7 6 7 9 5 6 10 4 3 4 2 3 4 9 4 5 2 2 6 4 8 7 6 7 3 7 10 9 10 3 10 9 2 8 3 9 4 5 5 7 8 5 2 9 5 4 8 10 3 2 7 8 6 7 2 2 10 3 7 5 9 3 8 9 4
6 4 10 5 4 3 9 5 0 4 5 6 7 8 4 7 8 2 6 9 2 7 7 2 5 6 8 6 8 9 10 5 3 5 10 10 5 7 4 9 8 10 10 3 3 8 5 6 3 6 10 8 8 8 2 10 5 2 2 6 9 5 4 3 6 3 8 7 7 4 9 2 9 7 8 3 6 8 10 5 2 6 4 10 9 8 2 10 5 10 2 8 3 2 3 4 4 5 4 4 5 9 3 10 2 9 7 3 10 6 10 4 6 6 3 3 4 10 6 5 9 9 8 2 9 6 3 6 5 7 10 6 2 6 6 10 6 9 3 8 8 6 10 9 9 9 2 9 5 10 3 10 9 5 4 2 4 7 9 10 5 5 2 3 6 5 8 3 2 7 9 9 4 5 8 4 7 3 6 8 10 4 9 6 7 7 7 4 9 10 4 9 6 3 9 8 9 6 9 8
6 6 7 7 5 3 4 8 8 0 9 5 2 4 9 4 5 4 4 2 5 9 4 6 7 4 4 7 8 2 10 9 3 6 9 4 2 5 2 6 3 10 10 10 2 8 5 10 9 5 2 5 4 5 3 5 10 2 10 8 8 2 3 4 4 6 5 9 5 2 7 5 6 7 10 3 6 10 8 9 8 7 6 4 6 5 3 3 10 2 2 3 5 5 9 6 10 3 10 4 8 6 5 6 3 7 6 8 7 7 5 6 10 8 4 8 10 5 6 6 6 9 8 8 2 7 4 9 2 5 10 9 5 4 10 8 5 2 2 8 10 8 7 8 7 3 9 5 7 2 8 5 7 7 10 10 7 3 7 7 2 5 10 9 9 8 5 10 7 4 5 9 9 5 2 2 5 5 7 7 6 7 2 6 6 10 3 8 5 7 4 4 5 7 5 3 8 7 10 9
8 10 7 2 7 7 7 9 8 5 0 5 7 9 10 3 4 8 4 3 9 2 8 8 5 6 6 3 6 8 10 10 9 3 3 2 7 4 10 9 6 3 6 8 10 10 9 3 2 7 10 3 8 4 10 9 2 2 8 2 2 3 3 7 2 8 4 10 4 9 5 5 10 4 2 9 7 6 3 10 7 5 10 6 5 3 6 4 8 5 5 5 10 10 2 3 3 2 4 2 6 6 3 9 2 8 4 9 10 3 4 7 8 3 3 9 2 8 8 4 6 8 7 2 6 10 4 7 9 10 3 10 9 4 10 4 8 4 3 5 3 6 10 3 2 3 5 3 10 3 7 2 2 8 4 10 2 7 6 8 5 8 5 9 3 9 9 8 7 2 3 6 7 3 4 4 10 5 8 4 2 6 9 6 10 8 10 6 5 7 5 2 10 4 3 7 2 8 6 5
9 4 2 4 2 8 2 2 9 2 10 0 8 4 7 6 9 2 3 10 3 3 6 3 4 3 9 10 5 3 5 9 6 3 2 4 3 2 10 3 7 3 5 7 2 4 5 6 5 8 4 5 2 2 3 6 8 9 4 9 6 3 7 7 4 8 9 10 6 6 9 10 8 5 9 5 7 9 8 8 3 8 5 4 5 7 9 9 7 4 3 6 6 6 6 4 8 4 6 7 5 10 3 3 5 6 7 8 7 6 7 4 7 8 3 5 2 7 2 2 5 3 10 5 10 10 3 2 2 6 5 10 8 3 10 5 3 9 6 10 6 2 6 9 9 4 8 2 8 2 10 8 9 7 3 2 2 10 4 2 2 9 2 9 7 7 10 2 2 6 5 3 5 2 2 7 7 3 9 8 4 2 2 10 6 6 9 5 9 9 5 6 2 10 3 2 9 5 7 5
5 9 2 2 10 4 5 8 2 6 4 7 0 7 5 3 6 7 7 3 6 5 6 7 5 5 10 3 8 5 10 2 5 8 8 8 9 4 3 5 7 4 9 6 6 6 4 7 6 2 3 3 3 8 6 6 3 10 2 6 5 8 3 2 6 4 4 6 8 8 3 8 10 9 9 5 4 7 9 2 9 6 5 2 10 9 5 4 8 9 5 4 5 4 9 3 6 10 6 4 2 2 10 3 2 7 4 5 3 9 2 2 5 10 4 5 4 6 3 8 6 3 8 5 4 6 5 5 9 2 8 5 10 3 5 3 8 5 4 3 6 9 2 8 5 3 6 6 8 3 6 2 10 10 4 9 3 9 10 9 9 6 8 4 3 5 2 5 8 10 7 8 9 5 2 10 8 9 9 10 2 2 7 5 6 2 2 5 3 2 6 5 7 2 4 5 10 2 10 9
6 2 8 10 5 6 9 10 3 3 10 4 10 0 7 8 8 3 2 7 7 10 9 2 2 3 6 7 2 7 4 10 9 8 3 2 8 10 3 10 4 9 9 4 6 9 5 8 4 7 2 10 6 2 5 8 9 8 8 4 7 8 3 10 3 6 4 2 7 7 10 7 5 7 10 8 6 4 7 8 3 4 6 5 3 3 10 5 3 7 7 4 7 5 10 3 7 5 2 8 4 3 2 6 8 10 6 9 2 10 4 2 5 8 7 9 3 8 3 10 2 9 3 8 6 8 8 6 6 9 2 2 8 10 5 8 10 8 8 2 8 2 2 10 2 6 4 7 7 3 2 3 4 10 7 10 2 4 8 10 8 6 10 2 5 8 10 2 6 8 7 2 9 2 4 6 8 3 3 2 7 6 10 10 5 6 4 6 10 2 4 6 2 2 8 5 8 7 2 7
6 9 6 3 9 9 5 4 2 5 8 7 5 5 0 7 7 3 5 6 10 6 5 10 10 2 5 8 10 6 6 3 2 2 9 2 7 8 2 8 2 10 10 2 7 2 10 5 8 3 2 9 7 6 3 7 3 2 9 8 5 2 10 10 9 3 4 7 10 7 4 2 3 3 10 2 4 2 3 8 3 6 8 7 2 8 7 5 5 9 10 6 10 8 10 6 3 3 10 10 6 3 5 4 7 5 10 7 2 6 10 10 4 2 10 4 2 4 7 7 7 6 8 6 2 2 6 10 2 4 7 6 6 9 9 6 2 4 7 3 7 7 8 3 5 2 2 2 2 9 10 4 3 10 3 5 8 6 3 8 10 10 6 2 9 9 6 7 10 2 2 3 3 8 9 6 6 5 6 9 6 3 7 10 8 9 3 8 3 4 10 3 6 10 8 3 6 10 10 3
6 4 4 7 7 5 10 9 6 4 5 7 10 7 8 0 4 10 2 6 3 10 8 2 2 8 8 8 8 3 9 6 9 8 3 2 10 3 10 4 10 5 10 4 8 5 6 6 10 6 3 10 3 8 8 8 3 7 2 7 2 5 3 5 9 9 4 9 7 6 9 6 6 2 8 6 4 8 8 6 3 5 3 10 6 10 8 4 6 9 4 8 3 7 6 9 2 6 7 10 2 5 2 10 7 3 7 6 3 7 4 10 9 10 8 9 7 4 3 10 8 10 10 9 10 2 6 4 5 5 2 4 3 9 7 5 8 4 2 7 3 5 3 2 3 8 5 8 8 2 2 10 8 9 10 8 10 7 2 4 5 6 2 9 7 8 4 2 7 9 4 8 3 10 10 10 4 10 5 9 2 4 4 3 9 7 8 10 4 3 5 2 4 7 7 7 3 2 9 5
7 8 2 4 3 9 10 6 5 7 8 4 3 4 7 8 0 4 8 6 4 8 4 8 6 10 3 8 5 6 4 3 9 4 6 2 3 8 8 7 6 3 3 7 3 8 5 10 10 6 6 6 8 7 5 8 6 7 2 4 9 6 6 9 10 7 8 5 5 3 10 2 10 2 8 2 8 9 3 2 6 9 4 7 5 3 3 6 6 7 7 10 5 10 10 2 2 3 2 10 6 5 2 8 4 6 8 5 10 2 7 6 8 4 5 7 2 6 2 2 9 7 6 10 2 10 2 3 4 10 7 2 3 9 10 10 3 8 2 6 2 6 7 7 7 9 6 9 10 8 5 10 5 4 9 8 2 2 9 3 6 3 10 10 4 5 2 8 5 4 9 2 4 6 9 9 10 3 7 2 2 5 9 10 8 3 2 8 8 8 7 3 7 10 2 8 9 6 8 3
10 2 3 9 3 6 8 10 2 9 2 2 8 7 3 10 6 0 10 2 5 5 5 10 7 10 8 5 5 9 7 7 7 7 7 4 8 9 8 3 8 8 2 8 3 2 10 9 10 6 3 8 3 8 8 9 8 7 8 2 6 9 3 6 7 8 2 3 9 9 3 10 4 3 8 3 3 7 7 3 3 7 7 9 7 3 8 9 2 6 4 7 8 7 3 4 9 8 5 3 9 4 7 7 3 5 8 6 5 10 2 7 3 6 6 8 10 7 5 6 7 3 3 7 5 8 6 6 5 5 3 9 6 10 9 10 9 6 7 9 6 7 8 7 10 6 3 9 2 10 10 6 4 8 10 6 3 4 3 7 10 2 9 10 9 3 5 3 6 7 4 6 2 6 10 3 6 6 9 2 4 3 8 9 7 9 5 3 7 9 3 5 6 6 4 4 7 4 9 10
9 7 6 3 2 2 2 3 10 3 9 10 10 4 3 6 10 2 0 4 6 8 2 3 7 2 8 3 2 6 3 6 10 9 8 10 6 8 5 10 4 6 3 9 9 10 8 4 4 7 2 4 9 7 7 6 10 6 7 8 5 6 7 6 4 2 2 3 9 7 6 9 6 7 9 2 2 8 9 6 9 6 2 10 2 9 10 7 8 6 2 3 2 6 8 4 3 2 10 6 6 9 6 9 7 5 5 8 5 7 8 7 4 4 10 9 10 2 2 9 4 5 4 4 9 7 6 6 2 7 8 6 8 4 6 8 8 8 8 2 2 4 9 6 3 2 10 7 7 7 2 4 5 6 7 2 2 10 2 9 9 8 6 8 3 4 9 5 3 3 8 5 7 8 4 7 5 3 2 8 5 5 9 4 2 8 4 7 10 6 4 2 10 2 5 10 10 3 7 4
9 6 10 8 6 7 5 3 2 7 9 8 4 10 10 3 6 2 3 0 5 6 10 5 8 2 6 5 8 7 2 7 3 7 10 9 2 3 6 7 2 9 2 5 2 2 9 10 5 2 4 10 9 6 3 6 8 2 3 5 3 5 2 5 2 10 9 7 2 9 2 5 2 4 5 5 9 3 6 10 2 4 3 2 7 4 7 10 9 4 4 4 10 4 7 6 7 8 2 4 5 5 8 7 4 3 6 6 2 7 8 7 8 7 4 5 4 10 4 7 10 9 3 9 10 5 3 8 10 2 3 4 8 3 3 10 2 3 4 4 2 5 2 6 2 3 8 2 6 6 6 3 6 9 9 8 3 2 3 6 6 9 9 5 8 10 3 7 10 9 3 2 5 6 4 10 10 9 10 3 8 8 10 8 8 3 2 7 8 2 7 10 10 6 7 3 2 8 6 2
6 8 2 4 2 8 6 4 6 2 3 6 2 7 2 5 9 10 5 3 0 8 10 10 4 10 3 7 6 9 7 9 4 9 2 9 4 4 10 6 3 3 7 4 8 2 5 2 2 9 3 6 3 8 7 5 6 2 8 6 6 4 4 6 3 5 3 7 10 8 3 2 9 9 5 10 3 9 7 9 9 8 9 9 4 2 6 9 3 7 4 7 10 3 5 10 9 8 10 6 5 7 5 8 2 7 5 8 6 6 6 3 9 10 5 3 3 5 6 6 2 9 6 3 5 10 8 5 5 2 2 8 6 7 8 6 6 8 2 6 3 7 10 8 3 4 3 9 3 3 9 2 10 10 5 7 7 2 5 9 9 4 7 9 5 7 5 2 7 4 7 9 7 8 10 7 8 7 4 6 10 10 7 4 8 4 2 5 10 2 6 5 5 9 7 5 3 7 3 8
6 9 5 3 6 10 9 9 4 3 4 6 8 7 2 8 8 2 10 2 5 0 6 2 7 9 3 2 6 7 5 7 2 6 5 3 3 9 4 8 8 6 4 8 9 4 3 9 5 4 3 6 8 10 7 5 6 8 3 7 2 8 7 6 6 2 2 4 8 5 4 5 10 5 7 10 10 6 5 4 3 8 4 3 2 3 5 2 6 8 4 3 2 3 2 9 7 9 9 7 2 7 6 10 2 8 4 8 3 4 10 4 2 6 3 2 3 3 3 5 6 9 8 10 10 7 10 8 9 10 5 3 9 5 6 3 8 6 5 8 7 6 10 3 2 2 8 7 8 10 5 8 5 5 6 7 3 2 5 10 6 4 10 6 5 2 4 3 2 10 6 4 10 4 5 8 6 8 10 5 7 2 10 9 4 5 3 10 6 3 8 8 5 10 6 6 8 3 10 4
7 2 4 4 2 3 3 2 7 5 8 4 5 4 4 7 6 7 6 3 9 8 0 10 9 9 7 5 5 3 2 4 10 3 9 3 9 10 9 8 8 3 3 10 6 7 2 9 4 7 8 8 7 7 6 4 2 4 8 5 9 10 2 2 3 3 7 7 5 3 7 5 5 7 4 6 9 4 5 3 8 4 3 4 9 7 2 7 5 8 6 7 10 10 2 6 7 6 7 10 9 2 4 10 2 2 2 3 2 5 7 10 5 4 7 10 4 8 4 8 5 7 2 5 10 7 3 8 7 2 7 8 8 3 4 8 10 4 2 3 5 8 9 6 9 9 9 6 4 6 3 4 10 10 2 9 7 5 10 8 6 5 2 2 2 3 9 3 3 8 10 2 5 9 4 6 5 3 8 6 7 10 6 5 5 5 9 9 8 2 4 3 4 2 3 9 9 4 9 9
3 8 2 8 2 8 3 9 4 7 5 9 3 5 10 4 10 6 3 5 7 4 5 0 8 2 3 3 5 5 8 10 5 3 8 6 2 2 6 9 6 6 2 4 8 8 4 6 2 8 3 6 5 7 7 9 5 8 6 4 10 9 9 10 6 4 8 9 5 4 8 9 5 8 8 10 5 4 3 2 6 2 8 5 10 5 7 4 10 5 9 2 4 7 5 6 5 10 9 8 4 8 8 9 3 8 3 6 7 2 2 2 7 10 6 4 9 8 9 6 2 4 5 6 3 5 7 9 8 2 5 6 3 3 3 9 5 8 2 3 10 6 9 9 10 7 10 3 4 9 9 5 4 4 5 7 5 10 8 4 3 5 3 6 9 10 6 9 7 5 7 7 2 9 5 10 4 9 2 6 4 7 9 3 7 9 9 8 2 9 7 8 7 9 10 7 7 5 3 3
10 6 8 9 8 10 2 4 6 5 10 5 3 5 5 3 4 2 7 9 5 2 10 7 0 10 10 5 4 5 2 4 8 9 6 7 6 6 6 5 7 6 5 10 5 7 10 5 10 10 8 6 7 8 7 2 7 3 8 8 2 3 8 4 9 2 6 6 5 8 3 8 10 6 7 4 2 6 2 5 7 5 4 10 6 7 3 5 9 7 9 2 3 8 8 5 2 10 9 9 3 5 5 4 5 8 9 6 6 8 6 8 3 9 5 7 8 4 2 9 4 7 8 2 5 3 5 6 3 4 3 10 4 2 7 5 3 8 5 4 8 4 6 4 5 5 3 4 3 4 6 6 6 5 10 4 9 9 6 2 2 4 5 3 9 6 10 8 6 10 10 10 5 10 6 7 9 8 6 10 2 4 6 7 5 4 7 9 10 9 10 8 10 3 4 5 9 2 5 7
5 9 10 5 8 10 4 7 10 2 7 9 6 6 3 6 7 10 4 8 6 10 5 10 7 0 5 9 9 8 6 10 9 2 9 7 2 5 5 2 3 10 2 6 4 6 3 4 9 2 7 10 6 3 9 8 3 10 4 6 7 8 7 9 3 9 6 4 2 7 8 5 4 3 2 5 4 10 8 8 2 5 4 6 3 10 3 5 3 8 5 9 3 2 10 10 2 2 8 8 6 2 5 8 5 2 2 4 10 2 3 3 8 8 7 5 2 8 9 9 10 8 5 4 10 4 8 10 8 9 2 3 7 5 3 9 3 2 9 6 8 2 6 3 3 6 3 4 5 6 7 4 10 5 7 7 7 2 5 9 6 6 5 7 10 3 3 9 9 3 2 8 10 2 2 9 9 10 6 6 9 4 10 8 4 10 4 6 2 2 7 5 9 8 3 9 2 6 8 4
4 2 2 5 3 2 6 6 8 8 7 2 8 7 3 8 3 4 10 4 8 4 8 10 2 7 0 7 2 4 5 7 6 8 2 4 4 8 9 8 2 2 9 4 6 5 10 7 7 7 2 3 3 2 4 2 8 5 10 9 10 10 3 10 3 9 7 10 8 10 4 7 10 9 10 3 2 4 2 2 6 5 3 7 7 9 3 2 9 9 3 6 9 3 5 5 2 10 10 10 7 9 5 2 5 9 10 8 5 9 7 2 9 4 3 8 9 5 8 9 3 3 4 10 2 5 2 6 6 3 7 6 8 9 9 3 4 10 2 6 10 5 3 10 3 3 8 2 10 3 7 6 6 6 3 8 9 9 2 2 7 5 3 5 2 7 7 9 6 3 2 7 6 3 4 8 9 8 8 7 10 7 5 5 9 5 4 3 8 5 8 8 7 9 9 10 8 3 10 8
3 10 2 3 7 6 9 4 10 9 5 4 7 10 3 3 4 9 6 10 6 4 2 9 9 3 9 0 7 3 5 3 4 4 9 8 7 4 4 5 9 7 7 4 3 3 8 3 7 8 9 3 5 9 10 5 9 8 6 4 8 8 9 8 2 10 4 5 6 7 9 8 8 9 6 3 7 7 3 2 3 7 9 7 8 9 9 6 4 3 5 5 2 9 8 6 4 4 6 8 5 6 3 4 8 9 6 7 6 9 7 8 9 3 3 7 10 8 7 2 8 4 10 10 7 6 3 9 8 9 2 8 6 9 7 8 7 4 3 7 4 3 9 8 10 3 6 8 4 7 3 4 9 10 2 2 9 5 8 6 5 8 6 3 2 5 3 6 10 6 7 4 9 8 6 7 2 5 2 5 3 4 2 7 8 6 10 10 9 3 4 9 2 9 6 8 7 4 8 6
2 4 8 2 2 6 5 7 4 3 3 7 8 9 2 10 6 10 7 9 9 10 3 4 4 6 3 3 0 10 10 10 6 2 4 8 6 2 9 10 6 6 3 6 6 2 9 7 8 6 6 3 4 10 7 5 10 3 8 8 6 9 7 9 5 10 6 5 8 9 10 2 2 2 10 9 4 2 7 4 7 9 6 10 5 8 4 10 10 8 2 3 10 6 2 5 7 8 2 4 2 3 9 8 6 9 5 4 6 3 2 10 10 2 9 10 3 2 8 6 6 9 6 3 8 7 10 4 9 9 8 9 7 9 10 7 6 8 4 4 9 3 6 9 10 7 9 10 10 4 2 8 4 10 5 10 10 2 5 4 3 9 10 8 9 7 4 9 8 6 10 2 9 10 9 5 2 5 6 9 8 4 4 5 9 5 4 2 3 6 4 3 9 6 8 3 2 6 3 10
5 2 7 10 6 10 9 4 5 10 10 10 9 2 5 5 4 5 3 4 8 8 7 6 8 8 5 10 9 0 7 2 4 9 8 3 6 10 9 8 3 7 6 6 3 5 2 6 7 6 8 3 7 10 8 10 9 10 5 8 8 9 4 3 6 3 9 10 5 6 5 5 3 6 6 7 5 8 5 9 3 10 7 9 7 3 8 8 9 7 6 4 2 3 7 9 6 8 4 6 5 7 2 7 7 6 10 10 3 6 3 5 4 2 3 7 7 8 4 6 10 8 10 7 2 9 8 9 8 2 6 7 10 9 10 4 4 3 10 7 10 9 10 8 7 7 6 4 3 10 2 6 2 8 2 4 2 8 8 2 10 3 6 10 10 2 9 7 10 2 7 2 8 5 4 10 9 5 9 10 10 10 3 4 9 8 8 8 10 7 5 7 5 6 5 5 8 6 6 4
6 5 3 2 4 4 7 2 3 7 5 9 6 10 3 8 7 2 4 2 4 2 5 6 10 10 5 9 9 10 0 5 4 5 5 8 4 6 8 6 6 4 8 5 9 7 3 4 8 5 8 5 8 5 10 9 2 10 10 3 3 7 8 4 5 10 3 6 9 5 3 3 7 7 9 6 4 3 3 9 7 5 7 10 2 6 6 5 5 5 7 3 7 7 6 2 5 10 3 9 7 8 2 3 8 5 2 8 6 5 10 4 4 4 6 6 3 9 3 7 2 9 9 2 2 6 6 4 5 3 7 6 2 5 9 2 10 9 9 5 3 5 7 7 2 5 3 6 2 6 3 8 7 4 5 4 9 9 5 6 2 10 3 8 6 3 3 3 5 5 6 5 7 10 7 10 9 3 5 8 2 10 8 6 6 3 5 2 7 8 8 3 3 4 3 6 5 5 5 6
2 8 6 3 2 2 2 2 6 4 9 3 7 3 7 2 4 5 4 4 5 5 10 5 2 9 7 9 10 2 9 0 4 2 10 8 3 9 8 9 2 5 3 8 7 6 2 9 8 9 6 3 2 7 4 9 5 8 6 7 7 5 10 5 9 3 8 10 6 2 6 4 9 9 9 3 7 10 2 6 9 5 10 2 2 7 8 10 10 9 5 8 7 8 2 4 3 6 9 2 3 3 10 7 2 6 8 7 9 9 5 10 7 10 5 9 3 2 8 10 9 6 8 4 8 3 8 8 4 4 2 8 9 5 5 4 3 8 7 7 9 7 10 8 10 4 3 3 9 10 7 9 4 10 3 9 4 8 10 10 5 6 4 10 6 6 2 4 3 5 5 5 6 5 8 9 4 6 3 2 3 2 7 6 8 6 3 9 6 4 4 9 6 6 2 7 4 10 2 9
10 2 6 4 8 10 6 5 5 7 4 8 7 8 2 7 10 9 9 4 5 5 4 8 3 10 6 10 5 2 10 7 0 7 9 9 3 2 6 5 2 5 7 5 10 7 3 5 3 8 4 9 4 5 4 10 5 3 4 3 9 3 2 10 6 4 8 3 10 4 9 8 7 6 3 2 2 10 7 2 7 5 9 4 9 10 2 3 5 3 3 9 6 10 9 7 8 8 7 6 8 5 6 5 4 8 7 2 8 9 4 3 6 8 4 4 8 5 4 10 3 7 2 4 6 8 7 8 7 4 9 7 2 2 6 7 8 9 7 6 10 9 5 7 2 5 7 8 2 9 3 8 3 8 3 9 9 8 4 4 4 7 9 6 7 5 9 6 3 2 4 10 8 4 10 2 10 4 4 9 9 10 7 2 6 8 9 9 8 4 9 2 7 6 9 6 4 7 4 10
6 10 4 4 6 7 2 10 3 8 2 6 8 5 8 10 6 3 10 2 7 5 3 5 6 10 5 2 2 8 9 6 7 0 10 2 5 5 2 8 10 3 4 3 9 8 10 7 9 4 7 5 3 10 3 2 5 6 5 2 3 10 2 2 5 9 4 2 7 5 10 10 3 4 8 8 9 2 4 8 7 2 6 4 3 10 9 7 7 4 4 7 2 4 3 3 2 9 10 6 2 7 2 6 3 5 2 9 2 2 3 6 4 6 8 2 5 8 6 6 5 10 4 3 8 2 5 2 3 4 4 3 2 5 6 8 7 9 9 7 6 8 6 5 5 10 6 9 3 4 9 2 10 9 10 2 2 2 4 6 10 10 6 8 5 7 10 9 6 3 7 10 6 6 4 7 9 4 6 5 8 9 5 8 7 6 9 6 9 5 10 2 4 7 9 4 5 6 6 5
10 5 9 6 9 8 8 6 3 3 7 6 2 3 10 9 7 2 9 2 8 9 3 5 4 2 2 3 5 4 2 3 9 5 0 8 3 8 10 9 6 3 5 2 8 8 3 2 2 6 7 8 4 5 3 4 8 10 9 10 3 2 8 5 9 7 5 4 6 9 3 4 2 5 10 6 8 8 9 2 7 8 10 5 4 8 9 2 4 6 7 5 7 4 5 6 2 8 6 3 9 3 3 6 5 2 4 10 5 6 5 3 10 7 5 6 7 4 8 5 2 4 10 9 3 9 3 4 4 10 3 4 2 2 6 8 9 6 8 9 4 6 8 7 2 5 6 9 10 4 7 3 5 6 2 2 3 9 5 4 2 5 2 8 4 2 2 6 8 6 3 7 3 8 4 5 4 6 2 4 4 10 10 5 4 4 5 6 10 6 4 4 10 6 6 10 5 9 4 5
8 7 9 7 5 9 3 3 4 10 8 10 8 8 5 7 2 5 10 3 5 4 4 5 7 8 10 6 8 7 8 5 9 10 2 0 10 5 2 5 8 8 2 8 3 10 8 9 4 7 2 3 7 3 2 6 8 8 7 10 8 5 4 7 4 8 5 2 7 5 9 8 5 4 7 7 2 3 3 2 8 8 4 8 3 6 2 3 5 3 8 9 5 8 2 8 2 5 9 9 4 5 10 3 5 7 10 10 6 7 2 2 5 3 4 3 7 7 2 2 10 9 5 10 6 3 8 10 7 6 9 8 2 6 6 8 9 5 4 5 7 3 3 4 5 4 8 4 2 7 3 6 2 6 2 3 4 3 5 8 7 2 10 3 4 5 3 2 8 5 6 2 2 8 2 5 9 2 3 3 8 7 4 6 7 5 7 10 5 3 9 3 4 9 7 7 10 9 6 6
3 6 2 6 6 9 4 9 3 2 8 2 9 7 2 3 9 9 3 3 5 4 2 7 2 5 6 5 8 3 2 6 7 5 3 3 0 10 7 3 2 3 10 10 9 4 2 9 5 7 7 8 4 3 5 4 6 6 7 7 2 5 8 6 10 8 3 7 6 9 9 10 8 10 7 3 10 5 9 4 9 2 2 5 8 4 7 7 2 7 3 6 10 5 2 7 4 9 7 2 7 8 7 4 5 5 10 5 8 5 5 3 5 8 2 8 10 5 3 4 8 8 9 10 9 9 6 2 7 7 7 4 8 7 5 8 7 6 9 5 7 5 5 3 4 9 9 10 8 8 5 9 10 5 8 6 7 9 4 10 8 10 5 8 5 5 10 2 10 3 8 3 5 4 6 4 3 2 6 9 5 7 6 7 3 3 3 7 8 4 2 4 7 10 4 7 2 4 6 6
3 4 3 3 5 5 10 9 2 10 6 5 6 4 6 6 4 9 5 8 10 3 7 3 5 2 2 5 8 7 8 7 8 8 6 3 7 0 2 4 8 7 6 7 3 3 8 5 4 7 7 3 7 6 7 3 9 7 3 3 4 2 6 2 7 3 3 6 9 3 10 10 6 6 6 7 3 7 3 9 8 5 9 2 4 5 5 4 4 8 10 10 10 5 7 7 9 4 8 2 6 10 10 10 10 2 7 4 7 2 2 2 5 8 5 6 6 9 2 7 5 6 7 9 6 9 8 8 4 9 8 9 6 8 5 2 9 5 7 5 2 6 5 4 2 9 9 8 9 5 9 9 4 10 5 5 10 6 4 3 10 8 5 9 6 9 8 2 6 6 10 8 4 5 9 8 7 6 10 2 9 4 9 2 5 4 5 4 2 5 8 2 10 3 6 9 9 6 5 8
4 6 4 9 3 10 8 3 3 10 5 4 8 2 2 9 7 10 4 7 10 6 8 4 5 6 3 3 2 5 4 9 6 4 6 8 9 2 0 9 10 8 6 6 5 10 7 8 8 7 4 5 6 5 7 7 10 4 3 5 9 2 4 3 6 7 9 4 10 2 8 4 5 10 10 7 7 8 2 9 4 6 10 7 10 6 5 7 8 8 5 8 3 9 4 10 8 6 5 4 3 8 7 8 6 8 10 6 6 10 8 9 2 3 7 8 3 5 10 9 3 5 6 4 5 4 6 4 4 4 10 4 5 2 10 6 6 8 8 8 8 10 6 8 7 3 6 10 7 2 4 7 5 4 4 6 7 7 7 9 6 10 6 6 7 8 5 9 9 6 8 7 9 4 8 5 3 3 3 9 5 2 9 4 4 10 5 4 10 8 4 9 2 8 10 3 4 7 10 2
7 7 2 9 7 5 10 6 2 3 9 7 10 4 9 8 7 7 9 6 6 7 2 9 8 4 9 9 2 5 9 6 6 4 6 8 2 7 3 0 8 3 2 10 7 2 5 3 6 9 6 9 4 4 5 7 8 4 3 4 3 2 6 2 6 2 3 2 7 4 7 3 8 7 10 4 7 8 5 10 6 3 8 3 6 10 7 8 6 3 6 9 4 2 9 10 7 7 6 3 8 5 6 8 2 7 8 7 10 6 2 8 7 6 7 10 4 8 9 3 6 5 8 4 5 2 4 9 9 5 5 7 2 6 3 9 5 8 4 7 4 10 2 9 3 4 5 2 2 5 4 5 6 4 8 2 2 2 4 2 7 5 2 2 10 5 2 9 2 8 4 7 10 6 8 6 2 2 2 4 5 10 3 9 8 7 9 5 9 3 6 8 5 10 2 6 6 9 3 2
3 2 2 4 9 8 10 4 6 6 4 3 3 5 4 7 9 8 8 10 2 7 10 7 6 6 5 3 6 3 2 10 6 5 7 6 6 3 8 8 0 9 10 10 5 2 6 5 9 9 5 3 3 3 2 8 8 5 9 6 5 4 3 10 5 6 8 4 2 3 6 3 8 3 6 10 9 4 10 4 10 2 5 3 8 3 9 10 9 4 2 6 2 3 5 2 4 8 10 3 9 8 10 2 2 6 10 8 7 7 6 8 5 3 4 4 10 7 9 10 9 4 4 8 10 2 2 10 10 6 9 5 5 7 6 5 8 7 5 7 6 8 8 6 4 4 9 3 7 5 2 2 3 4 4 6 8 10 4 7 5 8 4 4 8 7 5 5 6 2 9 2 4 9 2 5 9 3 4 10 5 2 7 3 9 5 4 8 2 8 2 2 9 7 10 3 4 9 9 7
5 7 6 9 10 6 5 3 9 7 3 4 7 10 10 3 3 2 5 2 10 4 7 10 7 5 10 4 7 4 7 7 3 3 2 10 4 4 7 4 9 0 8 2 6 3 3 10 3 4 7 3 3 7 2 10 8 10 5 2 8 6 5 6 9 8 3 5 2 8 10 4 6 7 7 5 4 10 6 7 4 9 9 6 3 9 8 3 10 4 3 3 9 3 6 5 8 9 7 3 3 10 6 6 6 3 9 7 4 7 8 5 5 2 9 3 3 7 8 4 10 9 8 5 3 9 2 7 9 4 8 4 8 3 9 4 10 3 4 9 6 3 8 2 9 9 5 6 10 8 4 10 3 2 2 7 3 5 4 5 3 6 2 10 5 7 7 5 2 5 2 3 2 7 10 5 4 6 9 5 7 4 3 5 5 7 4 5 10 9 3 5 5 3 6 8 2 5 4 9
8 5 2 7 5 7 9 4 4 10 9 10 9 7 3 6 8 7 5 5 10 8 4 7 6 9 2 6 8 9 9 8 2 5 7 6 8 8 8 6 6 10 0 9 6 8 5 3 8 8 6 8 6 3 9 10 2 2 10 2 8 5 7 6 2 10 9 2 3 7 10 2 2 6 6 5 8 5 10 2 5 5 8 7 2 5 7 3 8 10 7 2 9 2 5 2 7 5 9 6 3 8 10 6 8 10 5 10 10 5 2 2 3 9 3 2 7 3 6 3 8 3 9 8 4 6 5 9 7 5 2 7 7 5 10 10 10 3 2 9 7 7 10 8 3 4 8 9 9 10 5 9 7 2 3 10 4 4 6 5 4 5 4 8 4 6 3 10 10 5 9 3 10 2 3 2 7 4 3 5 7 3 9 4 4 5 2 9 5 4 10 6 6 3 5 6 10 6 5 10
5 9 6 6 4 2 6 10 6 3 6 10 10 2 4 2 8 6 8 4 9 7 4 6 10 4 2 10 5 7 3 2 10 2 9 10 4 7 10 5 9 5 4 0 6 4 5 10 8 6 9 10 2 9 4 2 8 5 5 8 9 6 8 4 5 8 9 6 4 7 5 2 6 3 9 5 3 8 2 9 8 5 7 3 5 5 8 9 4 2 10 3 4 10 2 2 4 7 7 9 10 10 10 6 7 9 3 2 8 6 9 5 4 4 9 10 8 7 10 2 2 6 3 4 8 2 2 7 7 5 4 5 6 9 8 7 3 10 6 2 3 9 3 4 2 5 9 10 7 7 7 9 5 7 8 10 10 7 6 7 4 2 9 8 5 6 8 4 9 4 9 2 9 3 5 3 5 7 9 2 6 6 6 5 9 4 6 4 8 4 2 3 4 9 10 10 5 4 8 6
3 8 8 2 4 6 6 9 4 8 2 7 5 7 4 8 4 7 9 4 10 7 10 3 3 5 8 5 4 8 4 8 4 7 7 7 3 8 5 6 9 7 4 7 0 4 6 10 2 6 10 5 4 3 4 5 8 6 3 4 4 3 4 10 3 3 9 8 3 2 10 6 6 10 9 5 6 3 3 3 5 10 2 2 10 7 2 3 5 9 3 3 8 8 4 2 9 4 5 7 3 5 2 5 9 6 10 3 7 6 5 9 7 3 4 5 4 10 8 4 5 8 6 7 8 6 5 3 9 3 5 2 4 4 7 3 2 4 2 2 8 9 10 2 10 2 8 10 10 2 10 7 7 2 2 4 8 3 10 8 9 6 10 7 5 9 5 3 5 8 7 6 7 8 6 3 4 7 6 9 3 10 8 7 5 5 7 9 3 2 5 8 6 3 6 5 3 3 10 8
8 2 3 10 4 5 10 9 8 10 9 2 4 5 2 7 6 6 2 6 8 6 6 3 3 6 2 7 6 5 9 7 9 5 6 2 5 9 8 4 4 5 8 6 6 0 6 3 9 3 9 8 4 2 8 2 9 10 6 8 2 3 3 8 4 9 8 9 9 10 3 4 8 4 10 8 8 6 3 2 5 9 6 9 3 3 6 6 2 6 4 5 6 10 4 4 8 9 4 2 6 2 8 7 8 10 6 3 4 2 9 2 10 2 7 7 5 8 6 3 10 2 7 5 3 9 5 2 7 4 3 4 5 7 4 7 4 6 2 4 3 5 4 2 2 6 3 7 8 2 4 6 4 2 9 3 6 3 7 4 7 5 5 4 3 4 7 3 3 2 8 3 8 9 5 4 3 2 8 10 6 8 10 8 5 7 10 10 2 4 2 2 8 4 10 6 3 9 5 4
3 5 6 3 8 6 5 6 2 4 4 3 2 2 3 9 9 9 8 10 10 4 2 4 8 9 6 9 2 9 6 3 5 9 3 9 5 5 6 8 5 6 4 9 6 7 0 7 7 10 9 6 6 2 6 9 4 6 8 3 6 10 8 7 2 6 6 7 3 6 4 8 10 9 5 2 6 2 8 2 9 10 6 8 2 3 8 3 2 5 4 6 9 2 10 7 2 9 9 9 10 2 8 9 10 4 4 7 7 5 3 8 8 7 4 3 5 3 10 7 10 8 3 4 4 5 3 6 9 5 9 8 10 2 2 4 2 10 6 5 5 10 8 7 2 2 3 10 7 5 8 5 9 2 2 8 7 6 3 8 10 10 3 4 7 10 8 6 8 5 8 2 4 7 6 9 7 10 10 3 5 9 5 3 2 7 8 2 4 7 2 2 10 8 2 8 3 7 2 10
8 6 10 10 3 7 6 2 8 9 6 2 8 6 4 7 6 2 8 8 3 9 6 7 6 8 4 10 3 5 4 4 9 5 7 2 5 6 7 4 8 2 8 5 7 4 9 0 9 6 3 2 2 2 10 2 6 3 3 8 9 3 2 3 5 7 10 2 2 4 2 3 4 8 10 5 4 9 7 9 8 6 8 7 7 4 3 3 9 5 10 7 8 2 8 4 7 3 6 6 4 9 8 7 9 5 9 6 6 6 6 2 4 7 2 3 10 5 3 9 3 8 6 4 4 5 3 2 3 10 5 6 10 9 10 10 8 8 6 9 10 3 5 2 2 4 7 2 4 10 2 10 10 7 4 10 9 2 3 8 9 8 5 2 9 9 8 10 4 10 2 8 9 10 8 3 10 2 3 6 8 3 5 2 8 10 10 8 3 2 6 8 6 7 6 5 8 6 5 4
9 8 4 10 8 10 6 4 9 4 10 8 2 8 2 6 4 10 3 6 5 7 2 7 7 5 2 2 3 2 5 5 4 10 3 4 5 6 3 4 6 9 4 8 2 6 8 10 0 8 4 8 2 8 3 5 9 8 8 8 9 2 3 10 6 4 8 9 10 7 4 5 10 8 5 8 5 2 8 5 5 5 2 10 7 7 5 4 9 9 2 10 6 4 6 9 8 10 7 2 3 2 7 7 8 4 2 6 10 8 5 5 8 5 9 4 2 9 3 4 8 6 4 5 2 10 9 3 7 3 4 5 3 2 5 7 9 9 5 10 3 4 7 8 3 8 4 2 4 2 6 7 7 5 8 8 5 7 10 3 8 4 7 8 3 6 8 10 9 2 7 7 2 2 7 9 2 5 8 5 7 8 8 5 7 10 5 10 9 6 7 10 5 2 10 4 10 7 7 8
2 7 9 4 8 7 2 5 6 8 6 5 2 3 5 9 4 6 9 7 5 2 3 7 5 8 5 9 10 7 7 9 5 7 10 7 5 3 2 8 6 7 8 7 2 6 9 3 10 0 3 6 3 5 10 8 6 2 4 9 7 8 3 6 9 8 7 7 10 5 4 9 5 7 5 9 7 10 9 6 8 7 2 9 5 4 3 3 7 5 9 5 9 6 8 3 5 9 8 4 2 6 4 5 3 4 7 9 10 5 9 6 6 10 6 10 5 8 5 2 2 7 4 8 5 5 10 5 8 2 4 4 4 10 5 2 6 9 7 9 6 2 4 6 2 8 2 3 3 9 7 9 3 5 9 10 6 4 10 3 3 10 2 3 8 2 5 5 10 7 4 5 7 10 2 8 8 9 10 5 6 9 3 7 7 8 8 5 4 3 10 9 2 3 10 8 7 9 5 10
10 5 9 3 7 3 10 8 9 2 5 5 8 8 5 2 5 2 3 2 6 7 8 5 9 5 3 6 6 3 7 3 5 6 7 6 8 2 10 9 3 9 2 9 2 2 9 10 8 7 0 8 9 3 10 4 3 8 5 2 3 5 6 2 3 9 4 9 6 4 6 9 9 4 10 4 7 8 3 5 9 3 4 10 5 3 4 9 8 10 8 7 8 9 8 8 7 2 3 8 2 6 4 7 3 3 8 6 7 8 6 2 9 9 9 2 9 3 6 9 8 10 4 7 9 7 3 8 8 8 5 4 9 8 5 2 2 9 6 9 5 6 6 4 6 4 2 10 3 8 4 5 10 6 9 6 8 8 8 3 6 10 5 8 2 7 8 9 8 4 2 9 5 6 10 2 6 7 8 10 3 3 2 5 8 3 7 2 6 2 2 6 4 2 6 7 3 10 9 2
7 6 4 3 8 10 7 6 7 4 2 4 6 8 6 6 10 10 5 6 3 10 8 10 7 5 4 9 8 7 4 9 5 10 7 3 5 5 2 5 8 2 6 8 9 6 9 7 7 4 8 0 8 7 9 2 5 5 7 3 3 3 7 4 4 4 3 8 7 6 5 8 2 9 9 4 2 4 3 6 3 7 6 10 9 8 9 6 5 3 3 5 10 5 3 4 2 2 7 8 8 4 7 4 2 2 5 10 7 4 10 3 6 7 10 8 3 3 2 2 3 2 6 9 4 7 5 5 10 3 9 7 9 10 3 10 10 6 5 6 2 9 8 7 3 10 7 2 7 7 5 2 10 10 5 7 10 3 8 8 10 8 5 8 8 6 7 5 3 4 7 8 2 8 3 4 9 7 5 4 5 8 2 3 10 4 10 10 8 9 4 9 6 2 10 2 5 3 9 4
6 5 5 2 9 10 10 4 4 2 9 2 9 7 10 4 2 3 7 2 6 10 3 4 8 9 3 3 4 3 2 3 3 5 5 4 5 3 10 4 3 8 8 3 3 9 4 5 6 7 2 7 0 6 8 10 2 6 4 4 6 2 3 7 6 6 9 10 9 2 2 7 6 9 6 4 6 6 3 2 10 8 5 3 2 3 6 10 8 6 10 10 10 9 5 8 7 4 3 3 8 5 5 3 3 2 10 9 5 8 10 9 2 4 3 6 5 9 2 4 2 5 10 8 4 3 10 5 3 9 6 2 9 7 6 5 6 8 9 10 3 8 6 9 3 3 10 6 5 2 6 5 5 4 8 9 8 4 7 3 5 4 6 4 4 7 8 2 9 6 4 4 4 8 7 9 3 3 7 8 5 7 3 5 8 4 4 4 3 10 6 2 7 6 10 7 7 2 10 7
2 7 3 10 2 7 9 10 7 3 7 5 10 2 2 10 4 5 4 6 6 5 9 6 5 10 6 9 2 10 4 8 4 4 2 5 4 8 2 5 6 3 4 10 6 9 6 7 9 3 5 6 9 0 5 4 9 9 6 10 6 3 10 3 2 6 5 8 6 9 4 6 9 9 7 7 9 5 4 5 2 9 2 2 7 5 8 10 7 10 2 5 5 5 7 3 7 9 4 10 10 10 5 9 2 6 6 2 3 6 9 6 4 10 5 5 8 5 4 5 5 7 5 9 10 8 3 9 2 7 9 3 9 3 8 4 4 3 5 5 10 3 2 2 10 8 4 2 4 7 5 10 9 8 7 7 5 2 6 9 2 9 10 8 3 3 6 9 6 5 5 3 6 6 2 9 9 8 10 3 3 7 3 7 9 5 4 2 5 10 7 5 4 7 2 9 6 5 5 10
10 4 10 8 6 7 4 4 3 6 5 5 3 3 9 3 8 5 9 10 2 4 6 9 2 9 5 4 5 6 8 5 6 8 10 5 10 9 6 3 2 6 9 8 4 3 9 9 6 6 8 7 9 4 0 7 5 10 3 3 8 5 10 3 2 10 2 4 7 5 8 10 8 10 7 3 4 6 9 4 6 5 5 2 7 2 8 3 3 3 5 10 5 4 2 7 9 10 10 3 2 8 10 2 8 4 6 9 8 2 7 8 8 8 4 2 9 6 7 9 7 10 9 9 4 5 9 3 3 3 4 2 7 9 8 5 8 8 4 3 6 3 5 9 7 5 9 4 4 10 6 2 5 6 10 8 10 3 5 10 10 10 2 6 2 2 5 2 8 10 7 3 6 6 8 3 2 9 7 3 5 3 2 2 9 10 5 7 2 3 6 9 9 6 3 5 2 4 5 5
5 10 5 3 8 10 7 7 10 4 8 4 4 2 3 5 3 4 2 6 7 8 5 3 8 2 8 5 9 10 6 4 6 10 8 5 6 6 2 10 5 10 5 7 5 5 6 5 10 5 8 6 3 3 4 0 5 4 7 3 3 10 7 9 7 10 8 3 2 8 10 5 9 10 2 2 4 7 6 9 8 9 7 2 5 8 5 3 2 3 7 2 3 9 3 10 5 3 3 8 7 8 2 10 3 4 7 10 2 9 7 5 6 3 10 7 5 10 5 4 7 7 4 6 3 9 9 10 9 3 8 6 4 7 7 4 4 6 2 5 8 7 9 5 7 3 9 2 8 9 3 3 4 2 5 4 6 4 10 3 7 2 5 2 4 10 5 4 7 4 9 5 8 9 8 6 2 3 4 5 7 5 2 10 10 3 10 2 2 5 3 2 2 4 5 8 4 7 3 4
5 3 3 6 8 4 10 4 7 7 6 7 10 5 10 7 7 8 3 9 3 4 6 6 9 9 7 10 2 3 2 8 10 9 2 9 7 5 2 9 2 2 5 8 10 9 5 9 4 10 9 8 7 3 3 6 0 7 9 7 10 10 7 5 10 6 7 6 8 4 7 5 3 10 7 8 7 2 8 9 8 4 5 5 2 6 9 9 9 4 8 7 8 6 9 6 4 5 9 8 3 9 2 3 7 7 5 6 5 10 9 10 9 3 4 5 9 6 7 4 7 3 8 2 6 8 6 9 5 3 9 3 7 7 8 3 10 7 2 4 10 4 2 7 8 9 8 6 3 4 6 3 4 10 9 6 8 9 8 8 5 5 5 3 3 9 6 3 2 3 2 4 5 2 5 10 3 5 7 3 2 7 4 7 4 10 6 2 2 6 9 2 2 2 5 8 5 5 4 2
5 2 3 2 4 10 6 5 7 5 9 3 5 6 7 4 9 5 2 3 2 2 8 2 7 10 7 5 10 2 4 3 7 4 7 6 7 10 2 10 3 9 9 2 4 2 3 6 9 7 3 10 6 7 10 3 8 0 6 8 2 10 10 5 8 7 3 6 10 5 7 2 7 8 8 3 3 3 9 4 8 2 7 5 5 8 7 2 6 5 9 9 10 8 5 2 4 6 8 3 9 2 6 3 7 7 3 4 8 4 10 3 10 3 9 6 2 4 7 4 3 4 3 4 8 7 10 8 9 10 8 4 5 3 10 3 3 8 10 5 2 10 9 10 4 2 9 8 8 3 4 8 3 9 4 4 7 2 9 10 5 2 6 5 9 8 7 6 10 10 8 5 2 2 2 10 4 5 5 10 3 3 6 3 2 5 10 9 9 10 4 2 10 10 2 10 10 6 6 10
4 7 9 9 8 3 4 4 6 4 3 10 8 8 2 7 7 7 7 5 6 10 7 4 10 5 10 5 10 9 8 2 2 10 10 3 9 7 9 6 2 4 4 7 7 5 7 2 6 5 9 3 9 3 10 9 7 2 0 7 6 3 7 2 4 4 2 3 9 5 2 8 5 5 9 5 10 8 6 8 4 3 10 4 8 3 10 7 10 4 8 7 9 8 9 4 2 6 6 3 9 8 7 3 10 5 4 6 3 6 3 8 4 8 7 10 2 5 7 4 5 5 5 8 7 5 5 5 8 8 6 5 2 2 2 7 6 6 7 6 10 4 8 10 8 8 2 8 9 3 2 9 8 6 7 2 9 7 5 2 2 3 10 5 4 3 9 2 8 4 2 3 10 2 3 2 4 4 2 5 7 10 7 5 3 2 7 4 10 8 10 5 3 2 4 4 9 10 8 10
7 4 6 10 9 5 5 9 10 3 2 10 4 6 5 8 3 9 7 7 7 4 4 6 9 4 10 3 5 3 3 7 4 2 3 4 7 3 6 6 4 10 6 7 2 9 10 9 2 2 9 3 2 7 6 9 8 7 9 0 3 3 8 10 4 8 3 4 10 7 4 6 9 5 6 3 9 6 4 2 7 8 4 8 3 4 5 10 4 2 9 8 9 9 9 3 5 4 6 3 6 5 9 10 7 4 5 6 6 6 5 2 7 5 5 3 4 4 5 2 8 2 2 3 2 2 6 6 4 7 5 10 5 8 3 4 3 3 8 7 9 2 4 7 8 3 9 4 7 6 5 3 4 8 2 9 9 9 6 3 4 7 10 5 3 10 5 3 4 2 3 3 10 7 9 2 8 5 5 10 4 6 8 10 8 9 4 9 9 10 4 6 7 3 10 6 6 6 4 10
5 10 2 5 2 6 10 9 2 5 7 4 5 5 6 9 3 3 7 5 8 8 10 6 7 3 3 3 7 9 5 9 4 4 2 3 9 9 5 10 8 8 10 3 2 10 6 6 5 8 5 2 3 2 6 7 9 10 6 3 0 9 10 4 9 6 2 3 7 6 8 4 9 6 3 5 6 8 7 5 9 2 10 8 3 5 10 3 7 8 2 5 8 4 7 2 5 3 3 3 2 3 8 10 4 5 9 8 4 3 4 7 6 6 6 8 8 2 4 7 9 2 9 3 9 3 8 8 6 6 6 4 9 5 10 2 7 2 6 3 8 8 2 6 3 9 9 10 9 3 10 9 9 4 10 3 10 6 9 4 3 2 7 8 8 6 6 10 9 8 3 4 2 7 6 4 9 2 2 6 10 6 5 2 4 9 7 7 9 8 2 7 3 3 5 5 2 3 10 4
9 2 10 9 9 6 10 8 10 4 10 3 5 4 9 10 6 5 5 8 7 10 9 10 8 10 7 3 9 3 2 7 10 8 5 7 3 7 5 9 5 4 4 10 3 7 3 9 9 4 3 3 4 7 10 8 9 7 2 7 7 0 5 3 3 6 4 8 10 2 7 4 7 4 7 9 9 7 3 2 5 5 10 2 6 9 3 6 7 10 8 8 4 2 9 2 4 4 7 9 2 8 6 5 9 4 3 10 10 7 9 3 5 6 7 7 6 3 4 4 5 9 3 2 2 9 7 9 10 8 4 7 8 5 9 7 8 4 4 7 6 2 9 5 10 8 7 2 10 10 4 6 7 8 2 9 9 5 4 3 6 2 10 7 9 3 8 5 5 6 8 2 8 10 6 10 4 2 8 3 7 3 3 6 10 10 2 7 2 3 4 2 3 4 9 8 8 6 8 4
6 8 10 8 6 6 7 2 5 3 6 8 5 3 10 8 2 5 6 7 6 3 9 9 8 4 5 10 6 6 7 8 6 10 5 2 4 8 9 6 10 2 2 5 5 10 4 2 9 8 10 7 4 2 7 4 5 4 9 8 10 5 0 6 2 4 10 8 4 10 9 10 10 7 9 9 9 6 2 9 8 4 6 8 8 2 10 7 7 2 8 2 8 9 8 5 3 8 9 4 9 3 10 7 10 4 7 2 5 5 8 10 3 10 5 7 7 3 8 2 7 8 5 8 8 2 7 10 7 10 7 8 9 3 3 8 8 10 2 6 7 5 2 10 9 5 7 6 2 6 10 8 2 5 10 3 3 3 4 8 4 8 9 4 8 8 3 10 8 2 7 5 7 9 3 10 3 9 2 2 8 3 4 6 8 10 6 6 6 6 3 2 5 2 2 4 5 4 6 5
6 3 3 8 6 3 7 10 5 3 8 7 8 4 7 10 6 6 3 10 5 2 7 5 6 3 6 5 8 3 2 9 9 7 9 10 5 9 5 6 10 2 10 7 8 6 9 2 7 10 8 2 5 7 6 8 6 10 2 8 8 6 9 0 6 5 7 8 3 8 7 8 10 7 7 3 5 7 10 7 4 6 7 2 3 4 9 8 8 3 7 2 3 9 7 10 4 8 8 5 9 2 9 7 5 9 5 9 7 7 10 7 2 5 3 8 3 9 6 5 7 4 3 4 8 2 3 8 9 2 9 5 8 2 5 9 8 2 5 10 9 6 4 2 2 6 7 10 6 3 4 2 4 3 8 10 7 8 4 8 10 8 7 3 2 10 7 2 3 2 2 9 3 3 9 8 9 10 7 7 10 10 10 6 10 3 5 5 5 2 10 9 4 2 5 7 9 10 5 6
8 4 4 9 8 5 9 10 6 3 8 6 8 7 8 4 3 6 7 5 9 10 3 2 6 6 2 9 3 7 5 2 8 9 4 8 7 5 5 4 6 2 3 2 4 10 4 5 10 4 9 10 2 2 3 10 3 2 7 2 2 5 2 6 0 4 6 10 2 9 9 7 6 2 10 4 5 8 6 6 3 3 6 8 3 3 8 5 10 5 3 2 2 2 5 4 5 5 3 9 6 6 9 5 5 7 8 3 4 7 4 7 8 2 7 8 6 9 7 2 2 4 3 6 10 6 5 3 8 2 4 5 4 2 7 4 5 3 10 9 9 5 6 2 6 10 2 3 9 3 2 9 10 3 3 7 4 6 9 4 6 9 7 7 2 8 8 3 5 3 7 4 2 2 9 2 5 2 2 5 4 10 6 5 8 9 8 9 8 10 10 6 2 4 6 6 6 2 4 3
5 2 8 6 3 10 5 9 10 5 5 6 6 4 4 7 7 5 6 4 10 8 10 4 9 9 8 5 9 4 7 4 5 3 10 2 10 2 7 6 5 4 5 8 10 4 3 10 2 9 7 6 7 4 7 9 7 10 9 5 6 3 7 8 8 0 9 9 5 2 10 2 6 8 6 10 3 4 7 3 2 6 3 7 10 10 4 3 4 3 9 10 3 5 4 2 6 6 10 9 7 9 6 6 4 9 9 2 5 6 4 7 3 9 9 10 4 7 4 7 9 2 4 4 8 10 9 3 4 4 6 4 9 10 10 9 6 2 10 5 4 5 2 6 6 2 2 8 4 10 8 7 4 6 8 4 10 8 5 3 10 3 9 10 2 8 2 8 9 10 2 3 7 5 3 5 8 5 7 3 9 7 7 2 5 9 10 5 7 2 5 9 2 8 10 7 5 3 6 7
3 2 2 5 6 9 9 2 8 9 8 6 3 2 10 7 8 7 9 9 10 9 5 10 8 8 8 7 6 10 10 4 5 3 4 5 2 5 6 9 4 5 8 10 3 5 9 2 9 4 2 9 7 2 7 4 6 8 7 8 6 7 4 7 3 3 0 3 5 7 6 7 9 5 9 10 6 8 10 5 2 5 3 6 3 9 7 8 2 4 10 8 9 6 9 6 6 6 10 9 8 10 5 7 3 6 7 3 5 10 6 10 10 8 9 3 9 7 10 2 8 5 7 2 2 5 5 5 7 2 9 5 3 5 8 3 4 8 6 10 8 10 5 2 9 6 5 4 7 5 5 8 7 2 10 2 3 3 4 5 10 6 8 5 2 3 5 9 9 4 8 7 5 3 3 9 6 10 9 3 4 8 9 7 6 9 8 7 2 2 2 2 5 9 6 8 3 9 7 10
7 4 7 9 9 2 8 8 6 3 5 9 10 5 7 4 7 5 3 6 3 7 9 9 7 10 5 3 7 4 3 5 9 2 3 4 10 9 9 2 4 3 9 3 9 8 8 4 7 3 4 7 4 3 6 6 2 5 3 6 8 8 2 2 5 6 9 0 2 3 6 8 2 7 2 2 8 4 7 5 9 3 2 5 8 5 7 5 3 9 6 5 8 10 8 4 6 2 5 6 4 7 9 6 8 5 5 7 10 8 4 3 4 2 9 8 6 4 3 5 7 9 5 7 7 9 10 3 6 10 5 5 4 8 8 9 5 7 6 10 7 4 8 5 5 3 5 3 5 10 2 7 6 2 6 8 2 4 10 3 2 3 8 4 9 9 10 9 6 10 2 10 3 5 9 4 8 8 9 10 2 3 7 5 4 2 6 2 6 4 7 7 4 8 2 2 5 7 4 3
8 2 4 2 7 3 5 7 4 2 7 9 10 9 9 3 5 3 7 4 8 8 8 4 4 10 8 7 4 10 4 6 9 5 3 9 8 5 8 3 10 10 8 9 5 2 7 6 10 5 6 4 4 4 7 5 7 4 3 7 6 7 8 9 6 2 10 8 0 5 10 7 9 8 7 9 3 10 2 10 6 7 8 3 7 7 8 4 6 2 4 10 3 4 7 10 10 4 7 4 7 4 8 3 8 4 10 7 10 6 8 6 10 8 2 6 4 9 6 3 10 4 4 2 6 6 9 9 5 3 5 7 10 10 8 5 3 9 2 3 4 10 8 6 8 5 5 9 3 9 7 9 6 7 5 3 5 4 10 3 8 9 8 2 2 6 7 8 8 9 3 7 5 4 10 9 10 8 7 8 9 7 7 3 5 7 7 2 9 10 4 7 6 5 4 10 2 8 10 7
9 5 9 4 7 10 6 8 9 6 3 3 10 2 9 8 3 2 8 3 9 9 9 8 4 5 9 6 8 2 5 3 9 4 4 3 7 10 5 6 6 5 7 2 5 4 3 4 5 9 9 4 10 3 7 9 6 2 2 8 9 8 9 10 7 5 9 4 9 0 6 8 2 7 8 9 2 10 10 9 4 9 10 8 8 2 2 6 8 10 5 6 9 3 5 10 5 3 10 3 9 3 3 7 6 7 2 5 6 8 6 8 4 5 5 8 7 4 8 7 4 8 2 5 10 5 6 8 6 6 8 2 5 8 4 2 3 10 10 10 5 2 2 2 7 10 7 7 8 2 4 4 9 2 6 9 5 2 4 2 10 2 3 2 6 6 8 7 3 4 10 6 6 10 10 6 5 9 9 6 6 10 7 10 3 2 8 10 6 5 2 3 7 3 9 7 10 9 10 9
2 4 5 7 5 4 3 4 5 9 4 7 5 3 9 2 2 3 5 10 3 5 5 5 9 10 5 5 5 4 7 3 2 7 5 4 7 7 10 8 2 8 4 7 6 4 5 4 3 7 2 4 8 4 8 4 3 3 4 5 5 6 9 8 7 2 3 8 10 6 0 7 8 6 2 10 10 2 2 3 5 3 4 10 5 7 7 6 9 5 4 7 2 9 2 10 3 5 7 6 4 9 3 2 9 4 5 2 5 9 4 2 6 7 10 2 4 4 2 6 4 8 2 10 5 4 9 8 5 6 6 2 4 4 10 5 5 8 2 7 4 7 6 5 4 3 7 9 6 4 4 3 8 4 9 2 2 3 5 10 7 3 4 7 6 3 9 3 2 10 4 6 8 10 7 5 2 3 7 9 2 9 5 9 10 7 9 6 3 7 6 3 6 8 6 9 7 8 2 2
8 7 8 6 5 10 9 6 2 6 3 7 3 6 3 8 7 6 9 5 7 7 5 4 10 5 9 2 3 10 7 7 3 6 8 3 7 5 9 7 7 9 2 2 3 7 5 6 3 10 5 10 9 6 10 3 5 3 10 5 6 9 6 6 9 9 2 6 3 6 9 0 5 8 2 2 6 4 6 5 10 5 2 6 7 9 9 4 8 7 6 5 2 5 4 7 2 9 5 5 2 3 8 6 3 8 3 9 9 5 5 9 4 3 3 7 3 3 5 9 7 7 5 4 9 6 7 4 5 5 9 9 9 10 6 9 10 2 6 10 10 2 3 5 9 10 5 6 9 4 9 2 2 2 6 5 6 3 3 8 10 2 9 4 3 2 7 7 3 5 10 3 7 4 6 5 3 7 6 7 9 6 2 2 10 8 7 5 7 7 8 6 8 5 5 5 4 4 8 4
8 10 6 10 5 9 8 5 10 2 7 10 5 5 9 3 5 2 5 10 4 10 2 4 7 7 5 8 5 6 3 5 8 9 6 10 4 4 9 5 6 6 7 2 9 10 8 7 4 9 10 3 2 2 9 8 10 7 10 10 2 3 7 7 2 9 7 8 10 5 2 10 0 3 7 6 6 7 6 8 3 8 10 9 8 8 6 3 4 2 6 7 10 4 8 3 5 3 2 5 6 5 6 10 6 2 8 4 8 2 8 6 7 5 10 4 10 10 6 6 6 7 7 5 10 10 6 4 6 9 3 8 7 10 3 9 3 2 7 4 6 6 6 3 5 5 3 10 4 3 10 3 7 3 10 4 5 6 10 8 8 9 7 5 6 9 2 5 5 7 9 9 9 8 9 5 7 7 4 2 5 8 10 8 4 5 9 6 2 6 2 2 7 3 6 6 8 2 10 9
5 9 6 3 10 8 4 6 8 9 6 3 10 4 8 7 5 2 8 8 7 3 7 10 7 5 5 4 8 9 3 4 7 3 10 5 9 2 3 9 7 5 3 5 2 6 10 6 6 10 7 9 9 8 3 3 2 8 4 4 4 9 9 8 3 9 2 4 7 2 4 10 2 0 2 4 2 9 10 6 7 6 5 3 4 7 9 2 9 3 7 10 3 10 2 2 3 7 8 9 4 5 2 7 9 8 8 10 3 7 2 2 7 5 9 5 2 8 5 4 4 7 9 3 4 3 4 6 5 2 4 6 2 6 5 3 2 9 10 5 8 4 6 5 7 7 3 6 9 3 5 5 9 3 3 2 6 3 8 10 4 6 3 3 3 8 8 3 2 2 6 2 10 7 10 4 5 8 6 3 10 2 7 4 10 4 10 4 7 9 8 2 8 9 3 7 4 7 3 7
5 5 8 3 7 9 9 6 7 10 5 9 10 7 2 4 5 9 5 8 10 10 5 5 2 7 6 9 6 2 7 7 4 3 2 4 5 10 9 7 8 4 8 4 8 10 5 10 4 5 8 2 10 9 2 6 10 9 6 4 6 6 2 10 3 9 3 4 3 5 8 5 7 8 0 8 8 3 6 2 10 3 7 4 3 7 10 7 9 8 4 7 9 10 6 6 4 9 6 8 6 4 2 9 5 10 8 7 4 3 9 7 9 9 9 6 4 6 6 2 3 9 7 10 10 6 7 10 5 3 9 8 9 4 7 10 2 10 8 5 2 3 5 4 6 6 9 9 4 6 6 10 2 4 7 5 5 6 10 2 7 9 2 8 10 5 3 2 6 4 4 9 7 5 9 3 2 7 7 5 4 10 5 10 7 8 2 3 9 5 9 8 10 3 4 8 7 3 4 4
8 4 4 5 2 9 6 3 7 8 3 9 4 5 3 4 7 10 8 5 10 8 9 10 2 9 9 7 9 8 5 6 8 7 9 5 7 5 9 7 7 6 7 4 6 2 7 6 3 8 2 10 10 5 9 3 5 8 8 3 10 9 9 9 5 6 5 4 3 7 8 8 4 4 7 0 7 2 8 3 9 3 3 6 8 7 9 2 3 7 3 9 4 2 6 10 3 6 8 3 10 9 2 3 3 7 8 2 7 2 10 5 9 5 6 9 2 8 6 5 2 8 7 10 5 4 3 4 7 9 9 6 10 8 8 10 10 6 8 2 9 7 5 6 2 2 6 6 3 4 7 7 4 4 9 3 7 9 7 6 7 5 9 3 2 5 6 8 4 3 8 6 3 3 2 2 6 4 7 5 3 6 2 2 4 7 5 4 8 2 7 10 2 10 8 10 8 3 2 6
6 4 4 3 3 6 6 4 6 8 8 5 5 8 3 3 9 2 6 6 10 3 3 3 9 4 7 3 10 8 6 7 2 5 6 8 5 5 10 5 3 10 7 7 9 6 6 2 2 3 4 6 3 2 5 6 7 2 9 4 4 4 4 4 8 7 5 3 6 3 2 3 8 4 9 2 0 6 5 10 4 7 8 6 5 2 10 2 6 3 8 6 9 4 3 10 3 8 3 8 10 9 9 8 4 4 10 3 3 4 2 8 3 5 8 3 3 10 3 4 3 6 10 3 2 5 4 6 7 8 8 8 3 8 5 5 2 5 5 10 2 3 7 3 6 5 3 7 10 5 3 7 3 5 5 10 9 5 5 5 9 2 7 2 5 8 6 5 4 3 10 10 8 9 9 8 2 8 6 7 4 2 10 9 7 2 3 5 10 2 10 6 5 4 10 3 2 8 5 5
3 4 6 9 3 8 9 4 5 2 5 7 3 9 2 7 10 8 4 4 10 6 10 7 2 9 10 5 7 4 7 2 9 8 8 5 6 4 10 9 5 7 6 2 7 6 6 7 2 7 8 4 5 7 6 6 6 4 5 2 3 3 3 6 7 8 2 6 7 7 10 5 2 6 9 3 9 0 8 6 8 2 2 10 6 7 7 2 5 9 5 7 5 5 10 3 4 9 7 5 5 6 7 3 5 2 5 7 3 7 10 9 6 7 3 6 3 9 3 7 6 6 7 10 5 6 7 3 4 4 10 5 9 2 7 4 4 3 8 6 6 8 8 6 8 4 9 7 7 6 7 9 8 10 4 7 6 4 6 10 9 5 6 5 7 3 8 6 2 2 5 10 5 7 7 2 10 2 3 9 10 7 7 2 6 3 3 4 8 9 6 6 10 8 3 5 2 6 7 4
3 3 6 5 2 7 2 5 10 5 5 9 9 2 3 6 6 8 7 2 10 6 2 8 3 7 3 9 6 9 4 6 10 5 8 10 2 7 5 6 2 7 7 7 10 8 4 6 3 6 10 9 10 7 8 8 3 5 2 10 8 5 9 3 3 8 3 8 2 3 7 2 2 10 10 5 3 3 0 6 8 3 6 8 7 9 6 4 2 10 7 9 2 8 7 9 9 3 8 7 6 10 2 3 7 10 8 3 5 5 10 10 3 8 2 2 4 8 3 8 9 10 7 6 6 3 8 8 5 4 7 10 3 10 6 5 6 9 9 8 8 5 5 3 5 6 10 2 6 8 6 10 3 4 6 4 7 3 8 2 10 4 5 7 6 6 3 8 7 7 5 2 3 10 9 7 8 7 2 2 6 7 8 6 5 2 6 3 10 6 10 9 4 4 6 5 9 6 5 2
10 10 9 9 7 10 8 4 2 8 3 7 7 9 6 7 8 6 8 2 3 6 3 4 2 5 10 10 5 2 5 10 5 6 3 4 5 4 9 2 4 2 4 7 5 7 4 8 7 8 2 4 8 9 3 2 4 8 2 4 7 5 7 8 8 6 10 10 4 4 8 6 6 10 5 7 6 2 5 0 7 8 5 10 7 5 6 2 9 5 4 9 6 10 10 3 2 3 5 3 9 4 6 5 3 8 9 8 7 10 2 10 9 3 4 8 2 10 5 4 9 6 7 3 9 4 9 4 2 4 3 2 2 6 10 8 2 8 7 2 9 7 5 5 10 5 10 4 2 3 7 9 5 9 8 5 2 6 9 7 6 4 8 7 7 3 7 2 8 7 4 8 8 2 7 3 5 3 10 4 9 10 4 4 9 6 5 10 6 4 8 8 5 9 5 4 7 2 2 7
4 5 10 6 4 8 5 3 10 4 6 3 10 4 4 4 6 7 10 8 5 2 2 7 2 4 9 9 3 2 6 3 2 10 5 5 9 5 8 3 5 5 10 9 10 10 4 9 6 7 5 5 5 5 6 2 6 2 5 10 4 3 8 3 2 9 2 2 10 4 10 4 5 2 8 2 8 9 10 6 0 2 10 7 4 7 2 8 8 7 6 4 7 5 7 7 9 2 7 8 4 3 9 7 5 2 4 3 9 4 6 7 7 3 5 7 8 5 9 6 8 10 4 4 4 3 3 2 6 2 3 10 9 6 8 6 9 7 10 5 10 9 5 8 5 2 2 9 2 5 6 3 2 7 8 8 9 10 5 2 7 4 6 6 10 4 3 5 7 2 5 10 7 8 4 8 5 6 5 8 2 10 3 3 2 3 3 7 4 2 2 3 2 5 2 4 8 7 7 2
8 10 10 3 8 4 10 4 9 8 5 9 3 5 9 8 3 10 6 6 8 10 2 3 2 3 5 7 9 6 2 3 7 10 5 6 5 9 3 9 2 9 3 7 10 3 3 5 8 2 5 10 6 2 10 9 2 7 10 8 10 2 6 10 2 3 9 4 8 10 4 3 10 10 9 4 3 7 10 4 6 0 5 8 7 5 6 2 7 7 4 7 2 6 9 3 10 9 4 5 10 5 5 10 10 10 2 3 6 8 4 5 2 6 2 7 7 3 4 5 3 9 3 4 8 9 9 9 9 5 3 3 7 3 8 5 2 5 2 6 4 7 4 4 5 5 10 5 9 2 9 6 5 4 4 6 5 10 3 4 5 8 3 2 10 3 4 8 10 5 8 5 10 2 8 2 6 9 10 7 8 7 9 5 10 9 3 8 4 6 9 5 9 2 4 3 4 7 4 10
4 9 2 4 2 2 3 4 2 3 9 8 10 4 8 8 5 8 5 7 6 5 7 6 2 5 7 6 3 5 5 5 7 7 5 2 8 3 4 7 4 10 5 10 7 2 3 6 3 7 7 5 2 10 6 2 10 5 4 8 9 6 5 6 3 6 7 6 6 9 2 10 4 6 4 3 2 6 4 4 2 3 0 8 5 9 7 8 4 10 8 10 3 2 4 10 10 3 6 5 3 6 3 5 8 3 9 3 9 3 2 9 5 6 3 8 4 7 5 5 10 6 10 10 7 3 7 10 7 3 9 6 2 3 4 4 10 10 5 8 6 7 2 5 6 9 4 6 5 5 3 2 9 6 8 4 6 10 8 6 9 9 6 8 5 4 5 9 6 2 10 9 7 6 8 6 2 7 4 3 5 9 5 9 3 10 8 6 5 6 2 10 7 10 10 2 9 8 5 2
3 3 10 10 5 6 5 3 7 9 7 3 3 6 7 2 3 7 2 9 8 2 9 8 3 8 3 9 7 2 4 4 7 3 2 6 5 3 6 9 2 8 6 3 10 9 4 6 3 6 7 2 3 7 7 9 6 7 8 10 8 9 10 9 5 10 6 2 4 6 7 2 2 7 7 10 6 5 5 4 5 9 7 0 4 3 9 8 2 3 9 6 3 2 6 4 10 4 5 2 5 9 8 5 8 3 5 7 5 6 6 3 7 8 2 2 9 5 4 2 4 7 2 7 10 6 9 4 10 5 4 9 4 8 3 4 10 5 6 10 9 10 5 9 10 9 9 3 8 3 8 4 3 3 10 8 4 9 7 3 7 9 2 3 3 8 3 9 10 10 2 3 8 7 2 8 6 6 9 4 8 7 7 6 9 4 10 2 6 7 6 6 2 10 2 8 10 4 2 8
4 7 2 3 4 8 4 6 10 6 6 4 10 8 6 3 2 5 8 3 10 8 10 9 2 6 6 6 4 9 6 9 7 4 8 9 7 4 7 3 4 10 9 3 5 8 9 8 3 7 7 3 8 4 10 8 5 10 6 2 10 10 5 7 2 4 8 5 5 8 9 5 8 4 7 7 5 8 7 8 8 4 10 5 0 9 3 6 3 3 9 9 8 5 8 3 9 6 8 4 6 7 7 9 2 5 6 7 3 9 2 6 2 5 8 4 9 7 9 4 2 9 6 9 2 4 9 9 10 4 5 6 2 4 6 2 3 9 3 10 9 10 2 5 3 2 8 10 10 3 2 7 3 2 9 7 2 6 3 7 8 2 7 7 3 2 4 9 5 7 2 7 10 7 10 5 6 3 7 2 4 2 8 7 5 8 6 2 9 3 6 10 8 5 4 6 8 5 5 10
6 9 2 7 5 5 6 5 4 8 6 10 6 7 2 5 2 10 2 9 6 8 4 8 4 2 9 2 5 3 2 5 10 8 7 3 10 4 5 4 4 5 3 6 6 8 6 8 10 10 2 7 8 3 6 5 3 10 2 3 2 7 5 9 9 10 9 9 10 5 8 2 2 7 7 7 8 5 8 4 7 9 6 2 9 0 6 3 10 4 9 8 6 5 3 9 4 5 2 3 5 10 10 7 5 7 6 8 3 8 3 5 4 5 6 5 8 5 4 5 4 3 9 10 2 4 2 4 5 6 5 5 9 4 2 7 9 3 4 4 5 7 7 3 4 2 4 5 9 7 2 10 8 10 3 9 2 5 9 5 10 8 10 7 2 8 10 9 4 2 5 9 2 2 4 10 8 4 6 5 8 6 10 6 8 2 5 7 8 6 5 2 4 2 3 5 5 7 5 7
8 10 7 5 2 3 3 9 4 5 9 10 2 7 2 5 10 4 8 7 4 8 6 3 10 6 4 7 4 3 5 5 5 6 5 9 2 5 7 2 3 6 8 2 2 4 3 5 9 10 5 3 4 7 3 9 10 8 2 3 8 5 6 10 7 7 7 6 10 3 5 2 8 2 5 8 5 4 7 7 2 2 10 3 2 10 0 10 2 7 10 4 5 8 2 7 5 9 4 7 4 3 8 10 6 4 5 7 6 6 4 10 7 3 10 9 4 8 4 5 5 5 2 10 4 5 9 7 5 5 6 8 3 6 5 8 8 6 3 6 5 5 5 3 9 7 9 6 4 10 3 7 5 3 6 8 3 7 3 9 7 8 4 6 9 2 8 8 8 5 7 2 4 6 4 5 7 4 8 4 5 9 2 6 6 8 8 8 6 6 9 3 8 7 7 8 4 3 8 8
7 10 5 2 4 10 8 4 8 4 7 6 7 5 7 2 7 7 8 4 2 5 2 3 4 10 9 3 3 4 5 9 9 7 10 2 4 10 9 6 4 8 2 4 4 3 9 5 2 8 9 8 3 8 5 4 7 4 10 3 5 8 8 5 9 2 8 9 2 10 3 7 4 4 5 2 10 2 6 10 8 7 4 2 8 3 4 0 8 10 8 4 10 8 6 7 2 7 8 6 9 3 2 7 9 8 4 6 4 6 10 10 2 9 2 5 2 6 10 3 4 6 5 8 3 4 6 7 10 10 9 3 3 10 7 5 10 3 9 7 5 5 10 3 8 6 5 3 7 5 5 9 3 4 6 3 9 3 6 8 10 8 2 7 2 8 4 8 3 7 5 5 5 10 4 8 4 2 6 10 2 3 5 8 8 5 4 9 10 10 6 7 5 4 6 7 5 4 6 2
4 5 6 3 8 10 8 4 6 3 4 3 10 2 4 7 7 2 6 7 10 7 3 4 3 2 6 3 5 9 2 4 9 4 3 2 9 6 6 2 5 2 8 4 10 5 8 8 8 2 2 4 7 5 4 3 10 5 7 2 10 5 3 8 2 9 8 10 5 2 10 5 5 5 10 10 8 8 5 5 3 2 8 10 6 9 3 2 0 6 9 5 3 10 9 4 2 5 2 10 7 3 8 7 9 10 6 6 8 4 10 2 4 10 5 4 6 7 4 2 5 7 5 9 6 5 6 7 2 6 3 4 3 10 7 9 5 9 5 9 6 4 3 3 6 4 9 5 6 5 9 4 7 5 3 3 5 6 8 5 9 10 10 5 6 2 6 5 6 10 5 2 2 7 5 4 8 7 2 9 5 5 2 5 3 8 5 10 4 5 3 9 8 2 3 2 7 10 2 4
4 2 9 5 8 3 5 3 10 4 8 4 9 7 5 4 6 7 7 5 9 8 3 3 6 9 9 5 8 6 10 7 10 5 4 10 2 6 6 2 9 4 2 2 9 2 3 9 6 7 10 4 4 10 3 6 5 2 2 2 7 3 7 9 2 3 8 10 2 4 9 6 7 2 10 5 4 8 2 4 3 10 5 6 3 2 9 3 7 0 5 10 4 4 7 8 10 9 7 6 7 7 9 7 9 5 7 3 7 7 4 3 2 8 2 3 5 5 10 6 2 5 6 10 10 10 4 7 7 4 5 8 2 5 10 9 9 10 6 8 7 2 2 7 10 2 2 4 3 4 6 4 7 7 6 8 9 3 3 3 4 2 4 2 10 8 8 6 2 2 10 8 9 10 8 7 10 6 6 2 5 8 5 6 2 4 2 6 3 2 7 3 2 7 5 6 9 7 3 7
2 8 4 6 7 7 8 9 9 8 10 3 5 2 8 2 8 5 4 5 7 2 6 8 2 9 8 2 7 5 3 4 8 4 4 2 10 9 7 2 3 2 4 2 7 5 4 8 7 10 9 10 2 6 10 8 9 4 4 6 5 5 6 8 3 5 8 8 9 3 8 3 10 3 3 4 10 3 9 2 6 8 8 8 2 2 7 5 3 4 0 10 3 4 9 6 8 6 4 3 5 9 4 5 2 7 4 5 9 4 2 10 4 2 3 2 5 3 8 10 2 6 9 9 6 10 6 6 8 3 6 4 8 7 3 3 8 9 4 2 9 4 6 3 4 7 8 8 5 9 5 9 2 5 7 2 3 4 7 5 4 7 4 8 9 8 6 4 2 3 4 10 7 5 6 2 7 4 7 8 10 6 2 8 4 4 4 8 9 7 4 10 9 5 5 5 4 2 10 3
5 10 10 3 2 8 6 7 7 4 5 5 6 5 3 10 2 10 4 8 10 9 6 3 7 8 9 8 5 10 5 2 2 10 10 8 10 3 3 3 3 7 10 6 2 2 10 4 3 7 10 2 5 7 6 5 9 5 2 9 8 9 6 3 7 3 10 4 8 8 4 2 8 6 4 9 3 5 2 8 7 4 7 2 5 3 4 5 5 7 3 0 8 4 6 7 3 7 8 3 3 3 9 2 7 7 10 9 2 2 5 10 10 10 2 4 3 4 8 2 3 2 3 2 10 3 7 6 4 9 5 8 10 9 2 3 4 2 10 3 2 10 9 9 5 10 7 4 5 2 4 8 7 4 9 5 5 7 7 3 10 8 3 4 9 6 5 8 10 9 10 10 8 8 9 3 2 4 6 10 10 9 8 2 3 3 10 5 10 8 4 2 7 10 7 10 8 4 9 2
9 8 5 5 9 10 6 4 2 9 5 3 9 2 6 5 4 7 5 2 2 5 10 6 3 3 7 9 8 10 9 10 5 5 6 3 8 6 2 5 2 7 10 7 8 3 3 7 3 5 8 7 10 2 5 2 9 4 2 8 2 9 3 8 5 7 10 7 8 10 6 5 10 7 9 5 2 9 4 2 8 2 6 10 3 4 3 9 8 4 5 9 0 4 5 6 7 4 10 3 3 6 2 3 2 8 4 4 6 3 4 2 10 3 2 4 5 6 9 6 4 2 8 2 8 8 10 8 6 3 7 8 5 4 2 2 2 6 10 5 10 10 2 4 4 9 10 2 5 7 6 10 7 3 2 2 2 6 5 2 3 9 9 7 10 8 5 7 10 7 10 2 7 9 5 10 2 7 2 7 2 9 3 2 5 8 4 6 3 4 5 3 5 6 4 7 2 3 4 4
3 2 8 10 4 9 8 5 7 4 5 5 7 7 8 3 2 10 8 8 8 10 5 2 3 2 8 6 9 7 6 2 6 8 2 5 5 9 3 5 7 6 10 6 4 6 4 10 8 10 4 6 8 8 5 6 7 10 8 10 10 4 8 4 3 7 6 6 10 10 4 2 8 4 2 8 9 9 2 8 9 9 2 6 4 8 9 3 9 6 6 3 10 0 2 8 5 10 6 4 5 4 4 6 2 3 9 2 4 8 6 10 6 8 6 7 5 6 7 9 8 2 3 9 3 6 10 9 5 7 6 8 10 5 8 10 9 4 4 7 2 6 3 10 3 5 8 3 2 5 3 6 7 10 8 9 4 5 7 6 9 9 7 3 3 7 4 4 5 6 3 3 2 2 7 5 3 3 9 10 9 9 6 9 4 5 9 7 2 2 4 9 4 3 10 4 6 8 5 10
8 6 7 2 5 4 9 3 2 2 5 7 7 7 6 5 6 2 2 3 9 10 3 9 2 7 6 2 10 2 4 9 10 5 3 3 2 5 9 9 7 9 5 3 4 2 2 7 8 5 3 5 8 5 7 9 7 4 5 6 3 5 10 2 8 9 5 5 9 2 2 6 10 7 8 9 4 4 7 7 10 9 10 9 9 2 6 3 8 9 5 6 2 10 0 10 2 6 9 2 9 4 4 2 3 8 2 2 3 5 9 6 2 10 5 3 4 10 9 6 6 5 9 9 7 2 6 3 9 4 5 8 2 4 9 4 5 6 2 7 5 3 10 10 7 5 5 4 4 7 7 9 8 7 2 3 9 3 7 2 10 7 8 7 10 10 3 7 2 9 8 7 9 3 6 2 5 2 2 5 9 9 4 8 4 3 10 6 4 9 2 4 5 2 9 9 3 7 9 2
8 8 8 10 5 5 6 10 10 4 5 6 3 3 8 5 7 2 10 8 6 7 6 3 8 7 10 5 6 8 8 4 7 10 8 9 6 9 3 5 9 6 6 4 3 10 3 9 7 9 7 10 3 10 2 4 2 9 7 4 9 5 10 2 7 9 4 10 6 3 5 5 5 2 4 8 4 7 10 9 5 4 3 3 4 2 5 9 10 7 9 4 6 2 9 0 3 4 9 5 8 4 2 6 8 5 4 2 10 2 3 10 3 9 8 9 9 9 7 7 6 10 3 5 5 10 8 5 3 9 9 3 6 9 4 5 7 2 3 9 7 3 8 2 5 2 10 4 9 8 6 6 8 3 8 10 9 4 4 9 6 7 8 4 2 4 9 9 8 6 3 5 9 7 6 6 9 9 8 9 9 2 7 8 2 6 10 7 3 10 4 2 3 3 8 9 2 2 6 6
8 3 8 9 9 8 4 8 2 5 7 6 7 7 8 5 5 8 3 4 10 7 4 3 8 4 7 4 8 9 8 6 3 9 7 6 8 9 3 7 2 5 3 6 2 4 9 7 10 4 8 2 10 6 4 6 10 6 10 6 3 3 7 5 3 2 6 3 3 9 5 2 3 9 9 5 5 4 6 10 9 10 6 10 5 2 8 9 7 6 10 6 8 2 4 10 0 4 2 5 5 10 3 6 2 2 8 6 3 9 5 2 7 2 7 10 2 6 6 9 5 2 3 2 6 5 4 5 8 10 8 4 3 9 5 8 10 2 8 8 2 5 5 3 10 2 2 8 5 5 9 7 8 9 4 8 10 7 5 6 2 8 6 8 8 6 4 7 9 9 7 10 10 7 10 10 5 4 5 4 3 3 8 9 2 10 8 8 6 5 9 2 5 5 5 2 5 5 10 3
6 7 4 10 9 3 10 5 7 8 7 6 3 3 4 5 2 4 9 3 2 6 6 2 7 8 3 3 10 6 3 10 5 2 9 4 4 9 6 2 9 5 7 4 5 4 5 8 9 6 9 8 5 4 6 8 2 10 7 7 2 8 3 10 7 4 10 10 7 5 10 9 4 4 3 7 5 3 2 2 5 3 6 10 3 6 2 5 8 3 2 10 7 4 8 5 3 0 8 8 7 8 7 8 8 10 8 5 7 8 7 4 3 6 5 8 4 2 8 10 8 10 6 5 10 2 8 8 10 2 5 3 10 2 10 5 10 5 10 5 8 4 9 10 4 6 4 5 6 8 10 6 9 9 7 5 6 8 6 5 10 6 9 8 7 10 3 2 7 3 6 5 7 2 10 5 8 10 10 2 8 2 10 10 4 8 2 5 2 7 8 3 4 3 7 7 5 8 3 5
6 9 9 7 6 7 5 9 7 5 7 9 7 3 6 8 3 10 9 4 2 4 3 5 4 3 8 5 5 5 2 5 3 2 8 6 9 6 5 10 2 2 4 7 3 4 2 6 6 9 3 6 10 9 2 8 6 5 3 5 7 9 4 3 7 10 2 10 6 10 9 7 9 3 4 4 9 2 10 6 8 8 7 4 8 7 4 7 3 4 7 10 4 3 5 4 6 2 0 2 9 8 4 9 10 5 9 7 7 2 2 8 8 7 2 10 5 3 6 6 9 5 6 7 8 6 3 4 7 6 8 3 2 9 6 7 3 10 9 9 4 5 8 3 6 8 9 8 8 3 10 10 4 7 8 5 7 2 7 2 7 7 5 10 5 10 6 2 3 2 3 5 6 10 9 3 10 8 6 3 5 7 6 5 3 3 6 7 7 8 4 10 10 4 5 8 7 9 6 4
6 10 10 3 3 9 3 10 6 4 7 7 7 6 3 6 2 3 8 10 6 8 9 2 6 7 10 6 5 9 8 8 2 8 7 8 7 7 2 7 3 2 3 9 4 4 2 6 2 5 2 9 9 3 2 6 8 6 9 2 7 7 2 6 8 7 9 3 8 7 7 4 9 6 6 9 10 2 9 8 7 6 7 5 10 9 9 5 8 2 10 4 3 8 3 5 2 8 2 0 7 3 4 6 3 4 6 10 4 4 10 4 10 4 6 5 5 4 10 7 7 9 7 10 2 5 4 7 5 7 8 5 2 3 10 5 8 2 6 4 6 8 8 8 2 2 2 5 10 5 4 8 5 8 10 7 9 6 10 10 9 3 4 9 6 8 2 5 6 7 7 7 5 6 5 7 10 2 2 4 6 7 2 3 6 3 10 7 8 10 4 4 3 3 6 2 9 5 10 3
7 3 2 6 6 6 4 2 10 2 7 6 8 7 8 3 8 5 8 8 9 5 8 4 10 6 9 7 2 2 2 10 9 5 2 8 2 3 2 9 5 8 10 8 9 4 4 7 3 3 10 2 8 9 3 9 8 7 8 4 8 2 4 9 3 7 3 7 10 10 3 5 4 3 7 8 8 8 5 3 6 3 6 2 2 8 7 8 7 10 2 3 6 10 7 5 8 3 4 6 0 10 9 4 2 6 9 8 4 2 2 8 4 7 3 10 7 9 9 2 9 4 10 6 10 6 10 2 4 2 10 10 4 7 10 10 9 7 10 10 5 8 9 6 3 5 9 2 5 10 8 8 7 7 9 6 7 4 6 2 3 2 2 9 2 8 10 4 8 4 4 4 2 9 4 2 2 2 9 10 2 8 5 7 8 6 7 5 2 7 5 2 7 8 4 4 7 2 6 4
9 8 7 9 8 4 5 7 10 9 4 10 8 8 7 10 4 4 3 6 2 4 7 7 8 5 9 7 7 7 8 2 2 6 10 10 6 2 8 6 5 10 5 7 5 3 4 4 5 9 2 2 4 8 5 5 3 8 6 2 10 8 2 2 4 4 7 4 9 4 7 3 3 8 4 10 8 8 5 6 5 10 9 8 9 7 6 6 6 6 3 3 3 7 10 8 8 6 4 4 6 0 8 6 7 3 2 4 6 4 9 9 4 5 5 7 3 6 10 4 5 3 10 3 7 6 9 3 10 2 9 6 8 3 7 10 4 6 5 2 3 3 3 5 4 4 9 10 6 9 7 6 7 3 9 4 5 3 8 10 3 4 9 2 10 9 10 9 3 4 6 5 4 5 9 4 5 8 4 10 6 4 8 2 2 2 5 9 2 9 8 2 7 4 3 2 2 3 10 7
2 2 9 5 4 10 5 10 7 3 2 2 2 2 6 4 2 10 5 10 8 9 10 10 9 2 4 5 9 7 3 3 9 8 4 5 10 10 4 9 3 9 3 10 8 8 5 4 4 3 4 3 5 4 10 10 3 6 6 7 10 5 4 2 3 2 3 7 3 4 7 2 4 9 8 9 2 5 4 5 2 4 6 5 4 4 6 8 3 3 4 4 4 9 9 6 8 7 2 3 9 5 0 8 9 10 4 3 7 5 4 8 10 9 9 10 6 4 3 7 9 4 8 7 2 5 2 5 10 9 4 2 3 9 8 5 4 6 9 6 7 6 5 3 5 5 6 4 9 4 3 4 9 6 6 9 7 8 10 2 2 7 9 8 4 10 8 4 3 8 10 6 4 10 2 6 7 6 5 9 9 3 2 4 9 6 7 2 2 10 3 8 4 3 6 5 5 5 3 7
10 8 4 6 3 4 8 8 7 4 8 4 9 5 8 6 5 5 9 8 9 4 8 7 6 10 5 7 10 9 7 2 4 5 6 8 5 10 7 7 8 10 3 4 8 5 10 2 7 7 4 10 2 8 3 8 2 2 4 10 5 8 8 9 7 4 8 4 10 6 10 5 9 2 6 6 6 3 8 7 8 8 8 6 5 8 3 7 5 8 9 3 6 6 5 10 3 9 3 7 3 10 3 0 10 7 6 10 2 5 5 10 6 8 10 8 7 5 9 5 8 5 3 3 10 2 7 7 2 7 5 7 3 8 7 9 8 2 7 2 6 7 4 2 4 5 10 8 2 9 7 5 8 4 3 3 5 10 3 6 3 9 8 9 7 4 4 9 5 9 4 7 2 3 5 9 10 8 2 8 7 9 10 10 4 6 9 4 7 9 10 5 2 5 7 2 7 2 7 6
3 10 9 6 8 4 5 8 3 6 8 10 2 2 8 6 5 2 4 10 3 3 5 10 7 5 2 4 10 5 5 9 10 4 9 4 6 9 6 4 2 9 8 5 7 9 2 7 8 6 9 3 6 6 8 9 8 3 2 8 5 3 4 9 3 4 3 4 4 9 7 2 10 9 2 8 10 8 5 4 9 5 5 9 4 8 7 2 4 3 4 5 6 5 3 2 10 2 7 6 7 6 8 3 0 10 3 8 6 2 6 8 2 10 9 6 5 8 7 6 8 10 10 9 3 9 2 9 5 8 7 6 8 8 9 3 5 2 2 7 4 5 5 4 3 8 8 6 5 5 9 5 4 10 5 2 4 4 5 4 7 2 3 4 7 7 6 3 6 5 9 2 6 2 3 7 7 8 6 8 8 6 10 2 3 10 7 2 9 3 3 10 3 9 2 10 5 4 3 8
9 9 5 9 7 6 8 3 6 9 4 3 2 3 3 7 8 7 8 2 2 7 4 9 3 8 7 7 5 9 7 2 2 2 10 6 7 6 10 10 8 5 4 9 8 4 6 7 5 9 2 6 8 6 3 8 5 10 4 3 10 8 7 2 6 6 9 3 8 8 6 5 5 4 3 3 3 9 10 9 8 9 9 3 2 9 2 3 4 8 10 3 4 7 9 8 10 10 6 9 8 3 6 7 6 0 10 7 3 6 2 4 2 10 7 7 2 10 3 6 9 10 8 5 6 3 5 2 5 3 8 8 6 9 6 2 10 2 9 5 6 3 4 6 2 9 2 5 2 7 5 3 9 3 3 8 7 4 3 3 8 5 2 6 9 2 5 8 7 7 4 5 5 10 7 2 9 7 7 9 8 3 3 4 6 4 6 3 3 10 10 6 4 7 2 8 10 3 2 4
6 5 8 9 2 9 4 9 3 3 10 5 2 3 4 3 3 5 10 4 5 7 8 9 6 10 10 4 9 7 8 3 9 10 9 9 8 9 9 8 9 3 3 2 6 8 4 8 5 4 9 6 5 10 5 2 9 8 5 3 9 2 9 2 8 5 7 4 2 3 3 10 6 5 3 10 2 3 6 4 2 3 6 3 7 8 8 5 7 2 10 6 4 10 6 4 2 4 3 3 8 10 3 9 2 3 0 2 10 4 10 4 10 5 2 6 9 10 5 3 10 5 9 10 4 7 3 8 5 5 4 3 3 2 7 6 10 3 10 7 5 8 10 4 8 6 5 2 8 8 2 2 8 10 10 10 10 8 10 10 5 5 7 4 8 9 6 9 8 4 3 5 6 7 6 9 5 2 8 2 7 8 9 10 10 4 2 8 7 9 10 8 8 4 10 3 3 8 4 5
9 3 9 5 2 7 7 4 5 10 3 8 9 3 10 2 4 3 10 6 7 9 4 10 6 3 4 2 8 9 7 4 9 7 4 4 5 7 3 4 6 10 6 7 6 5 6 9 8 6 8 7 7 8 2 8 9 2 7 5 8 8 9 9 6 4 7 7 5 10 5 9 7 7 10 9 5 3 7 10 2 9 10 3 10 7 4 8 8 4 4 9 3 10 6 8 10 7 7 5 3 3 2 6 7 9 9 0 10 6 8 10 10 5 5 8 5 10 3 9 3 7 3 2 3 8 2 6 8 10 2 8 5 4 9 2 10 6 2 9 6 4 2 3 7 6 3 7 8 10 9 2 7 6 9 9 3 5 2 3 9 3 7 7 4 6 3 9 6 2 10 8 7 5 10 5 10 8 7 5 3 4 9 4 9 2 7 7 5 9 3 8 8 6 5 7 3 2 5 8
8 9 2 6 7 3 8 10 5 5 2 10 7 2 7 6 2 9 2 5 3 7 10 9 10 9 10 5 9 8 4 3 8 10 9 10 8 9 8 5 10 9 6 4 2 4 7 5 2 8 2 4 4 3 10 2 10 3 3 4 2 8 8 2 3 8 8 3 3 6 7 7 3 4 2 4 4 4 10 2 3 8 5 6 8 8 5 6 7 2 7 9 6 7 4 7 2 9 2 9 3 5 4 7 7 8 2 8 0 4 5 9 6 5 4 5 9 8 4 9 2 5 4 6 4 10 5 4 5 5 4 2 3 5 2 8 6 3 7 4 3 2 5 6 8 10 8 2 8 8 3 2 6 7 9 9 5 7 3 5 10 8 8 4 6 6 6 10 4 2 7 10 8 3 8 5 10 4 4 8 4 9 4 7 5 8 5 6 3 7 5 10 10 9 9 4 6 7 3 3
3 6 9 2 3 5 6 3 6 9 8 6 10 7 3 7 2 8 5 3 3 3 5 3 8 5 3 10 4 8 10 4 4 5 6 6 6 2 7 3 5 7 2 3 4 6 7 6 10 5 4 3 3 4 6 5 6 2 8 4 2 7 7 6 5 7 4 3 2 9 6 2 10 3 10 9 3 2 7 5 3 5 6 3 2 9 9 10 10 10 7 6 5 3 7 7 6 4 9 5 2 4 7 10 9 2 7 8 7 0 2 8 3 9 3 9 8 6 3 7 5 5 2 7 8 6 10 4 2 5 10 5 9 10 4 2 6 7 2 8 8 3 10 4 10 10 3 6 7 6 6 9 5 9 7 3 3 5 3 10 6 4 5 8 8 8 9 5 8 2 6 6 2 4 3 10 9 2 5 2 8 10 6 3 3 3 10 3 4 4 4 6 3 4 7 5 6 4 6 10
9 2 8 4 7 5 8 3 8 10 9 6 9 10 7 6 4 3 2 6 5 7 10 3 6 4 5 8 7 2 2 7 9 5 9 5 5 9 6 9 2 3 6 8 8 4 10 6 8 10 10 10 2 4 6 5 9 2 7 2 7 6 9 4 3 10 6 8 4 6 9 6 7 7 10 7 2 5 5 2 3 10 5 9 4 7 2 9 5 6 9 6 2 2 2 3 7 6 3 7 7 6 2 2 3 4 5 4 10 4 0 6 8 9 9 6 9 5 2 9 3 3 7 9 9 3 5 8 8 8 8 10 9 4 5 2 7 3 2 4 7 6 4 8 2 10 8 10 9 3 4 10 7 7 10 7 8 6 7 4 9 5 6 4 3 7 3 10 6 2 10 2 5 6 7 5 4 4 9 2 8 8 5 2 7 3 2 7 4 5 3 5 7 3 9 9 2 4 8 4
5 2 8 5 3 5 8 10 7 7 4 2 9 2 5 2 8 8 4 2 2 9 9 8 7 9 9 10 3 10 7 7 10 3 2 4 9 5 9 7 5 10 7 8 3 4 9 8 3 3 5 2 7 9 2 3 6 2 4 6 6 4 3 7 8 6 5 2 6 2 2 2 3 4 10 9 9 7 2 2 10 10 4 5 8 3 2 10 7 10 7 8 5 8 7 8 4 9 6 2 5 3 4 9 10 4 7 10 2 7 5 0 8 9 2 6 3 9 7 4 9 7 9 4 2 10 4 8 10 9 8 5 10 3 3 8 8 5 4 8 3 2 4 5 4 9 5 2 5 6 8 5 3 10 9 2 7 7 4 6 5 2 2 6 5 10 10 4 6 3 4 7 3 6 7 3 3 5 7 2 6 7 8 2 6 8 9 2 7 10 9 7 4 7 7 4 5 10 6 3
5 7 3 8 8 5 7 10 8 8 4 5 4 7 7 6 7 10 8 2 7 6 8 6 5 5 4 2 5 7 2 8 5 2 2 8 4 7 9 5 3 9 8 7 10 7 7 7 10 8 4 3 3 10 5 2 9 3 2 2 10 8 7 4 2 10 10 10 7 10 4 10 4 4 9 5 3 8 6 7 7 8 3 7 4 3 8 9 10 2 7 9 3 4 9 3 8 6 6 8 4 7 9 8 6 4 3 9 7 6 3 9 0 9 5 5 4 6 10 2 7 8 10 3 10 2 8 7 5 3 2 10 2 6 7 10 4 4 2 10 10 5 7 6 7 2 6 7 8 3 8 10 10 10 2 3 2 3 3 9 2 6 8 5 3 6 8 10 3 2 9 9 9 9 10 8 10 10 5 3 9 3 5 9 6 10 9 9 5 6 2 2 9 5 5 8 3 10 2 4
7 5 2 10 9 8 2 2 5 5 3 8 8 3 2 3 9 10 8 6 7 10 6 3 5 6 10 10 4 9 4 5 8 7 6 8 8 7 5 10 9 6 4 2 2 8 9 9 8 10 3 5 3 2 4 8 6 2 9 3 10 5 7 6 6 9 6 8 4 4 8 10 3 4 4 6 5 4 10 4 3 6 7 5 4 5 4 3 7 9 6 5 3 3 3 4 6 5 7 8 7 3 6 2 3 3 6 2 9 9 2 6 6 0 6 2 9 7 5 2 3 10 3 3 10 3 4 4 9 8 3 8 3 3 5 10 2 10 4 3 7 2 4 8 7 2 7 10 8 8 2 8 8 4 3 9 9 5 9 9 8 8 5 10 5 8 7 3 9 5 10 6 7 8 10 8 7 6 4 4 5 7 6 4 7 8 8 8 7 10 8 8 7 9 3 2 5 9 4 7
7 8 6 8 8 8 7 3 6 8 4 3 4 10 7 3 6 7 9 5 2 9 5 3 8 9 5 9 6 4 2 7 10 2 2 3 6 6 6 8 10 6 10 3 8 2 7 5 3 3 8 4 9 6 3 2 6 8 9 10 6 3 9 2 8 10 3 6 2 2 7 6 4 4 8 2 7 9 5 6 4 7 9 6 6 6 2 2 5 3 6 5 3 4 4 9 5 4 3 5 6 5 7 8 10 3 6 7 9 2 10 10 4 9 0 6 7 8 8 10 4 9 6 7 5 4 7 8 10 6 2 9 6 4 5 2 6 9 7 10 2 3 6 7 8 6 8 3 4 3 9 5 9 6 9 7 6 8 6 4 9 8 8 7 10 2 10 8 4 5 8 2 3 8 5 3 5 8 8 5 2 10 9 10 7 9 8 9 2 2 5 3 8 8 3 2 6 9 8 3
10 7 9 5 7 9 2 4 9 8 7 5 8 6 8 4 9 2 6 9 10 5 5 8 8 4 10 2 3 2 6 8 4 5 4 2 2 4 4 4 6 9 5 5 2 6 7 7 7 9 9 3 8 10 10 5 3 7 5 4 9 3 3 8 2 6 5 4 5 10 8 8 8 4 9 4 2 5 4 2 7 10 2 9 5 5 9 8 5 4 9 7 3 7 4 9 5 3 8 7 7 7 6 8 3 9 8 2 8 8 6 2 4 5 4 0 5 5 7 5 9 6 2 6 6 4 5 8 9 3 3 10 6 5 4 7 8 4 10 4 5 8 6 5 10 9 5 10 10 8 7 5 10 10 3 4 8 7 7 2 8 10 3 10 2 5 3 5 3 10 6 7 4 4 5 4 2 3 2 4 8 4 8 4 7 7 7 2 8 4 5 6 3 9 5 4 5 6 5 6
10 8 2 7 5 3 10 2 8 5 9 8 3 3 7 4 5 10 5 9 3 9 5 6 9 4 6 7 2 4 5 2 6 6 4 7 9 6 2 4 7 3 10 6 4 10 10 6 6 7 9 2 9 4 10 4 4 4 8 3 4 7 7 10 9 2 4 7 2 4 7 2 8 8 9 5 8 3 8 9 7 7 7 7 9 3 2 5 5 5 2 10 10 8 10 3 8 8 7 7 10 10 4 8 10 8 8 3 8 2 9 10 8 2 6 6 0 7 7 6 3 4 7 5 10 2 7 5 4 4 4 4 9 5 7 7 8 4 3 2 2 10 10 8 5 4 9 10 10 10 9 8 3 9 2 6 9 7 2 8 2 6 3 5 9 4 4 9 8 7 4 6 9 2 9 3 8 2 5 10 8 5 5 10 5 4 9 10 3 3 7 5 9 5 3 7 2 2 9 10
2 3 3 10 3 10 4 9 4 9 7 8 4 9 2 7 5 5 10 8 5 7 4 8 9 7 6 6 3 7 3 3 4 4 6 10 2 9 5 9 7 4 7 2 2 2 6 3 9 5 9 6 10 3 9 8 3 5 2 5 10 10 10 7 6 10 10 10 5 2 4 9 3 8 9 4 5 4 8 9 6 9 5 6 2 4 6 3 4 8 7 9 7 8 9 10 10 8 10 2 3 8 9 10 4 7 2 10 6 10 7 10 8 8 2 3 4 0 4 6 9 4 10 6 4 9 6 5 10 6 2 3 10 10 5 2 2 7 7 10 6 6 8 5 10 9 2 4 9 5 10 4 7 10 8 5 5 2 8 2 7 3 7 10 4 5 2 8 7 4 10 4 2 4 4 9 9 9 7 8 9 3 6 7 9 4 2 2 4 2 10 4 3 4 4 2 10 5 8 4
9 7 9 6 8 5 7 8 3 5 10 8 3 2 3 9 5 2 2 3 2 8 5 9 3 7 7 5 7 2 6 2 6 6 9 3 4 10 4 7 3 7 7 9 7 4 9 10 8 7 10 5 4 8 8 7 5 5 7 3 5 2 4 8 7 10 3 5 2 10 8 9 7 10 10 10 2 10 3 2 7 7 8 7 6 9 2 7 5 7 6 9 6 6 2 8 3 10 9 5 6 5 10 5 6 9 4 9 4 7 8 2 2 4 8 9 5 6 0 2 4 2 9 3 7 7 2 6 5 10 7 2 5 9 4 10 5 8 10 8 6 10 5 2 8 5 10 5 7 2 10 7 10 7 2 8 4 4 4 8 4 7 8 9 7 9 6 6 5 7 6 7 10 5 3 2 9 10 8 4 7 5 8 8 2 9 3 7 2 7 9 4 4 8 3 3 4 5 3 6
10 3 5 5 5 3 8 10 3 3 3 6 9 4 7 7 5 7 3 6 2 2 10 3 5 6 10 5 4 7 4 5 3 2 6 10 9 2 9 7 6 6 5 8 9 7 9 4 7 4 9 3 4 8 7 6 8 5 4 5 2 4 3 5 6 7 6 10 4 5 7 8 10 4 9 6 2 6 9 4 4 10 7 4 4 7 10 7 5 4 7 3 8 9 6 10 10 6 2 3 10 10 7 3 10 8 7 9 6 9 6 7 4 7 7 4 4 7 9 0 2 4 2 2 7 9 3 10 9 3 10 5 9 8 6 4 5 7 3 10 9 5 8 6 8 7 3 10 3 9 7 10 7 4 3 3 6 3 7 6 6 5 7 8 4 10 7 10 3 7 9 4 6 6 6 4 6 5 5 6 9 4 8 5 4 2 2 8 3 4 7 9 2 2 2 3 5 5 9 5
7 6 6 6 3 7 3 2 10 2 7 8 9 6 5 10 10 5 3 6 9 4 10 7 8 3 7 6 9 5 10 10 3 2 9 10 3 9 5 3 2 7 5 3 2 8 10 5 7 5 5 10 4 7 6 5 2 10 2 7 8 10 7 3 7 2 5 6 7 6 3 8 8 8 5 2 10 5 3 7 3 4 3 9 5 8 5 2 6 3 2 8 7 2 8 10 10 4 6 5 5 3 5 3 9 5 3 7 3 4 2 7 10 2 9 4 2 10 10 3 0 2 9 9 10 4 3 4 6 4 7 4 9 9 8 8 9 8 7 9 7 9 10 9 9 3 4 7 10 7 7 4 6 10 2 10 3 7 4 8 4 2 5 3 10 2 6 9 4 7 4 2 9 4 7 5 2 7 4 9 9 10 6 4 9 6 8 2 3 9 3 10 4 2 5 2 5 3 3 2
4 7 5 7 2 10 2 5 2 6 10 8 9 10 2 6 7 2 2 9 8 4 10 9 10 8 10 5 3 8 3 8 4 4 3 5 2 2 3 3 10 8 2 2 9 9 4 10 9 7 3 10 3 9 7 5 7 3 6 8 6 8 7 8 9 4 7 2 2 8 9 10 10 7 2 4 10 4 8 10 10 3 9 8 9 7 5 3 7 10 8 8 8 6 9 5 2 7 2 2 4 2 7 3 6 10 9 9 5 2 7 4 7 8 9 4 10 8 3 7 6 0 10 4 6 3 5 5 6 9 7 5 10 9 8 7 7 3 10 3 8 2 9 10 4 6 5 4 2 8 10 10 8 10 6 6 3 3 8 9 6 8 9 3 6 3 10 5 2 2 5 9 3 3 6 9 5 7 2 10 2 9 10 9 5 5 4 3 9 4 6 9 7 5 5 4 5 9 4 9
7 10 9 10 6 3 10 7 2 5 9 10 9 2 9 3 4 7 10 7 9 9 5 6 9 6 6 8 3 7 2 9 2 10 8 9 10 3 5 3 2 6 7 6 10 6 7 10 8 8 4 5 2 4 2 7 3 6 4 6 7 6 2 9 8 4 6 7 2 4 6 8 8 9 8 9 10 9 7 4 2 10 8 4 8 3 2 3 4 3 10 9 7 2 9 7 9 2 3 5 8 10 2 3 4 5 10 5 5 3 9 6 3 2 6 8 3 6 10 4 6 5 0 3 5 4 10 7 2 8 8 8 4 7 5 8 5 5 8 7 8 10 6 2 9 7 5 2 10 8 10 8 5 5 9 3 2 6 6 4 6 9 5 10 4 6 2 9 10 6 3 8 8 4 2 8 8 7 10 5 4 6 5 4 2 4 6 2 4 6 10 5 4 4 5 6 5 9 2 7
6 9 10 4 6 8 9 9 10 7 5 2 6 8 8 3 10 5 8 4 5 3 8 2 3 2 2 8 6 7 7 10 7 7 5 6 4 7 10 8 9 8 6 5 7 8 5 7 6 10 7 5 3 2 7 8 8 5 8 6 8 3 7 8 2 4 5 5 2 10 6 2 4 9 6 7 4 5 4 2 9 4 2 9 2 3 10 4 6 7 4 4 2 4 2 5 5 8 8 5 8 7 2 3 3 3 4 7 4 2 8 8 5 2 6 7 6 10 9 7 6 10 6 0 8 8 4 3 8 9 6 9 3 8 2 10 8 7 9 6 4 6 2 2 10 9 4 3 9 9 10 6 5 7 3 9 7 8 4 4 10 4 2 6 6 5 8 9 7 8 6 2 9 8 7 8 9 6 10 3 7 3 10 5 2 7 5 10 9 7 8 8 7 7 2 7 9 6 9 4
8 8 2 3 4 8 8 9 9 8 6 3 4 7 3 10 10 6 7 3 10 7 10 3 10 10 9 3 4 6 6 7 4 2 4 2 4 5 4 6 6 9 5 7 6 8 9 7 7 10 3 8 5 4 7 3 2 2 9 9 8 2 9 5 6 3 10 7 4 10 4 2 9 10 6 7 7 9 9 6 7 7 7 10 7 3 2 8 2 4 6 9 5 10 7 3 10 4 2 6 3 3 8 8 6 10 4 2 4 8 8 5 9 7 9 9 2 4 2 9 7 8 5 2 0 9 2 2 3 2 7 9 10 7 4 4 8 6 5 9 4 10 5 3 2 5 2 8 10 6 9 3 3 4 10 3 10 5 2 6 10 10 2 7 5 8 8 6 10 9 5 9 6 3 2 9 4 5 5 7 10 7 3 5 9 6 5 10 5 9 9 10 9 3 8 8 3 3 5 4
5 3 9 8 3 8 7 10 5 5 6 4 4 8 8 4 9 8 3 8 2 2 10 3 6 10 10 2 8 5 2 8 9 3 6 10 9 9 2 2 8 5 3 4 2 4 4 9 8 3 10 2 3 4 9 9 7 10 9 10 7 3 2 6 10 9 9 5 9 3 9 3 7 8 6 2 9 9 8 5 2 4 6 3 7 8 6 7 2 4 10 2 4 8 3 2 3 4 9 10 4 2 8 4 6 8 10 5 4 6 2 5 2 10 7 3 4 6 6 4 2 4 10 8 3 0 5 10 4 5 9 9 6 8 5 10 3 6 2 10 7 9 2 9 4 2 8 9 9 3 6 7 7 4 4 4 5 7 9 9 9 8 10 7 5 9 10 4 7 4 6 3 3 3 4 8 2 2 3 5 8 4 4 9 6 6 6 6 5 6 6 4 8 3 2 5 8 8 3 10
5 9 9 2 2 10 9 9 3 3 5 7 6 2 5 9 10 4 3 2 2 9 7 3 7 8 6 3 9 4 2 3 3 8 2 4 5 2 9 4 2 2 3 8 5 3 8 4 7 9 10 5 5 9 2 6 10 5 9 5 9 4 6 8 8 3 6 5 2 6 2 3 8 8 4 2 6 7 10 5 4 5 4 9 3 8 3 6 9 8 8 4 4 7 5 5 3 10 6 8 2 2 8 8 3 10 9 2 8 4 8 9 5 10 8 7 9 5 3 9 10 5 3 6 6 2 0 5 5 7 8 6 5 3 4 6 7 10 3 7 4 2 8 5 8 8 8 3 8 5 10 8 4 3 10 8 6 7 10 7 10 5 6 3 4 9 9 9 8 7 6 10 2 8 3 3 5 3 5 3 2 9 5 2 10 8 9 3 4 5 4 7 3 4 8 2 5 9 5 5
4 4 3 4 8 3 2 9 5 8 10 3 6 6 4 10 9 9 7 5 4 2 10 8 7 3 5 3 4 5 6 10 10 3 7 9 9 9 5 7 4 10 5 6 8 10 4 9 2 9 2 3 7 2 9 10 9 2 5 4 4 7 8 5 5 9 5 6 3 2 10 8 10 6 9 3 10 10 7 4 4 4 9 10 3 8 10 7 7 9 2 9 9 2 9 6 5 3 9 2 7 4 9 4 2 3 10 8 9 9 3 7 8 6 9 10 2 9 5 3 10 8 3 4 6 10 5 0 9 3 5 10 3 10 8 5 4 2 3 4 5 4 6 6 8 7 8 10 6 8 7 2 4 8 8 3 3 4 8 8 9 3 4 6 2 3 5 4 9 7 4 10 9 6 9 10 9 5 10 2 9 4 4 7 6 2 5 4 9 2 4 4 4 2 7 2 5 5 2 8
5 8 8 4 5 8 7 9 3 2 2 3 5 4 7 10 3 2 10 7 7 9 8 7 10 6 10 6 6 3 5 7 4 5 4 4 3 8 5 9 7 2 4 8 8 5 10 6 3 9 6 7 2 3 9 5 3 5 9 9 5 8 10 5 8 9 7 4 5 8 10 3 7 3 5 4 4 10 6 7 5 6 4 3 9 9 10 5 6 2 7 4 7 2 5 8 10 3 4 8 10 5 9 6 9 8 8 3 10 2 8 10 3 9 4 7 10 3 4 8 7 7 9 10 3 9 2 4 0 3 6 7 8 9 10 8 4 10 7 8 4 8 5 3 2 6 4 8 7 2 3 9 2 6 10 5 3 4 4 10 9 8 7 10 2 8 6 5 2 9 8 8 7 7 5 3 3 6 7 2 10 9 9 8 2 6 3 9 3 6 5 8 2 10 9 9 2 9 10 3
7 8 4 3 9 10 5 3 7 4 2 8 7 7 5 4 4 8 3 6 3 2 9 4 10 3 7 10 10 5 10 10 4 7 3 3 6 5 5 2 5 6 2 7 8 5 6 7 7 7 7 5 3 2 5 9 7 3 2 5 2 3 4 7 4 8 4 8 2 4 7 6 4 7 10 9 2 5 5 8 4 5 4 7 4 10 3 6 2 6 8 4 7 3 7 7 9 7 6 10 6 6 7 2 3 7 6 4 9 6 10 7 3 6 10 4 8 10 4 5 7 2 9 10 4 2 2 5 9 0 4 2 8 10 2 4 8 3 7 7 7 8 9 9 10 5 3 9 3 7 4 4 6 8 5 2 5 4 3 2 7 10 8 6 2 6 3 8 5 9 9 4 9 2 2 6 10 9 7 6 3 10 6 2 5 9 4 2 5 2 5 5 8 3 3 7 7 7 9 2
3 2 2 6 8 8 7 2 6 7 8 8 4 6 9 4 5 4 10 10 3 6 3 5 6 9 7 6 7 2 10 8 6 8 2 3 3 9 9 10 2 5 3 4 2 9 6 5 2 3 8 5 4 3 5 4 8 9 10 8 10 7 9 4 10 6 7 8 7 7 4 8 8 6 4 9 5 4 8 6 5 6 3 6 3 9 10 10 5 8 7 9 6 8 3 5 8 7 6 6 7 7 8 6 7 10 2 7 6 9 2 3 4 6 5 4 8 5 9 9 9 4 4 7 8 5 2 4 4 3 0 7 8 3 3 2 6 5 6 3 8 10 7 6 10 3 8 3 2 3 6 3 10 5 4 10 3 7 10 5 8 6 4 9 7 6 9 10 6 6 5 10 4 9 6 4 6 4 6 6 5 6 2 6 9 3 9 4 4 3 9 5 8 2 10 10 5 4 10 10
5 8 6 3 5 5 5 3 9 7 2 4 7 6 8 3 6 9 9 8 9 2 7 4 9 8 3 4 6 3 3 8 6 7 6 9 6 6 7 10 5 2 4 4 6 4 7 5 7 5 8 9 3 2 6 5 10 10 7 9 6 2 5 8 4 7 4 8 10 9 10 7 9 9 4 7 9 6 2 3 8 2 2 7 3 10 3 5 3 6 9 2 10 9 5 10 8 4 5 9 5 9 2 5 9 6 5 9 5 10 10 10 7 3 3 5 10 10 5 2 7 7 4 5 3 4 6 2 8 7 5 0 2 7 4 4 4 3 7 7 10 9 5 10 6 10 8 10 10 5 9 9 8 3 3 3 6 10 6 8 2 4 8 2 7 7 9 3 3 8 7 2 9 10 6 3 7 10 10 7 6 7 3 8 7 6 8 3 8 9 8 3 2 7 5 9 3 6 5 10
6 5 6 2 7 5 4 5 2 3 8 5 7 5 2 9 9 9 6 9 3 4 3 6 2 5 5 7 7 9 9 4 5 4 9 9 10 10 3 2 4 10 3 4 6 10 6 10 6 10 8 8 9 3 7 8 9 4 2 9 7 6 8 10 5 9 7 2 7 3 3 8 2 8 6 4 3 3 4 10 6 9 7 10 2 7 9 3 9 4 7 10 2 8 2 5 7 10 8 3 9 8 7 10 6 4 4 5 10 6 3 3 4 2 10 10 4 3 2 8 4 7 5 10 9 10 9 8 6 2 6 7 0 9 2 10 3 8 9 2 4 4 6 7 6 5 3 6 4 7 10 6 10 9 8 6 4 3 6 2 6 5 8 2 2 6 3 4 10 5 7 10 6 7 10 8 9 7 10 10 9 2 6 6 5 5 8 8 8 6 10 4 5 6 9 9 3 9 7 7
10 8 8 3 4 3 8 4 2 8 8 4 6 3 2 7 6 4 10 5 8 7 9 5 3 3 8 4 10 6 4 7 9 10 5 6 10 3 6 7 2 10 7 4 4 4 6 4 7 10 10 4 7 6 5 10 3 10 7 4 8 10 8 8 9 5 2 8 8 9 10 8 3 10 10 5 3 4 6 10 7 9 4 5 8 4 8 4 6 9 6 7 4 5 2 7 4 7 8 3 4 10 10 8 4 2 8 9 9 7 4 8 8 5 7 7 10 7 4 6 2 9 8 6 8 5 3 7 8 4 2 2 4 0 2 8 10 4 10 2 5 10 8 8 3 2 9 4 3 10 2 7 4 10 5 8 2 7 3 2 3 5 5 5 6 5 6 2 2 8 2 3 10 4 7 8 9 2 8 4 3 4 4 9 7 6 2 2 5 2 3 5 5 10 6 3 7 4 3 9
10 3 2 9 9 2 2 9 5 6 7 9 7 3 9 4 9 10 2 8 6 7 3 9 7 6 7 10 7 2 4 2 10 4 5 8 10 10 9 7 7 2 2 10 6 3 5 4 5 3 2 5 8 5 7 6 6 7 10 3 6 10 9 9 10 4 9 10 2 3 7 3 2 6 10 6 10 4 5 9 7 8 9 6 5 10 8 8 3 10 10 7 10 3 3 9 4 4 3 7 5 9 5 9 3 8 7 6 3 4 3 6 10 10 6 7 5 5 2 4 5 7 6 9 9 3 10 9 6 9 3 10 4 9 0 8 10 4 10 7 5 6 4 8 9 10 6 4 4 7 4 5 8 9 3 7 8 9 4 3 10 6 9 4 9 7 10 3 5 4 9 8 3 10 9 2 7 7 3 4 4 3 8 7 10 7 5 6 8 3 8 3 3 4 9 8 5 2 3 2
7 10 7 6 7 9 8 10 10 2 7 9 8 10 9 3 10 2 4 9 7 5 3 3 4 2 4 5 5 6 2 8 3 10 3 10 8 10 2 2 3 10 3 2 7 9 10 5 4 10 2 10 2 8 10 9 3 10 2 8 3 9 9 4 10 6 3 2 7 2 10 9 10 6 8 4 9 5 10 10 5 7 10 4 4 4 9 2 10 8 2 3 4 4 2 3 9 7 4 5 10 9 7 10 2 4 8 6 5 7 10 8 9 4 4 9 7 4 9 6 7 4 3 7 10 4 8 3 9 3 3 2 8 5 6 0 9 5 6 6 10 8 5 8 5 10 3 7 3 2 7 4 4 8 8 9 6 9 8 9 7 9 3 6 4 10 3 3 10 10 6 6 10 9 6 6 8 10 7 7 2 2 2 10 3 3 8 10 8 10 8 6 7 6 7 9 6 2 4 4
5 5 8 9 4 6 2 2 3 2 3 2 8 6 2 6 5 8 7 9 10 10 2 2 5 5 2 8 2 2 3 2 7 10 5 5 10 3 10 7 8 5 10 10 3 8 5 4 10 7 8 4 3 5 6 10 10 6 7 3 3 4 5 3 3 9 7 7 5 8 10 7 2 4 4 3 4 3 9 5 7 10 9 5 7 6 8 10 6 4 4 4 5 7 10 3 6 5 9 2 4 2 9 9 8 4 10 7 4 5 9 9 5 5 9 8 8 6 2 7 6 6 7 5 8 3 2 10 10 10 10 4 5 5 6 8 0 9 10 6 6 7 6 7 5 8 2 7 5 2 3 3 2 8 2 2 2 5 4 10 9 9 2 10 3 4 10 9 3 2 7 6 9 7 8 10 9 3 6 4 2 10 7 2 10 8 2 5 8 3 2 2 8 8 6 7 2 10 8 8
9 5 3 4 10 10 10 3 4 8 9 4 6 7 2 6 6 9 2 5 3 10 9 2 2 9 10 3 10 7 7 4 4 6 2 3 5 5 7 9 5 9 5 10 8 6 2 10 10 5 7 10 9 10 2 2 6 10 3 4 10 2 9 4 7 10 8 2 5 8 9 5 4 5 3 2 3 3 4 4 3 9 2 4 7 8 5 9 8 4 9 4 4 9 5 5 10 9 9 10 6 7 3 5 8 6 3 9 7 5 3 2 2 5 4 9 7 2 3 6 2 7 3 10 6 5 6 6 10 2 4 9 4 10 3 10 10 0 4 7 5 10 4 2 7 3 3 2 7 6 10 9 2 10 3 2 2 4 9 7 3 3 10 2 9 3 9 4 8 5 2 4 3 3 8 9 4 7 10 2 6 7 5 6 8 8 8 4 2 10 4 2 3 6 3 3 4 10 2 10
4 9 7 3 3 2 2 7 10 5 7 7 2 8 8 3 3 3 2 7 6 9 5 5 5 3 8 2 5 3 10 4 10 9 5 7 6 10 6 7 9 3 8 10 5 7 6 3 2 9 10 8 9 3 6 4 8 4 2 7 6 8 5 3 7 7 6 3 9 9 8 8 4 4 3 2 10 3 6 8 9 4 10 8 5 5 2 9 4 4 9 6 7 5 7 10 8 9 7 4 10 9 8 2 10 6 3 4 2 2 9 8 8 5 5 7 5 6 5 9 6 5 9 2 10 9 3 8 6 2 10 6 3 10 5 8 3 2 0 10 7 7 10 10 3 2 6 2 10 7 8 3 4 5 8 6 5 10 8 5 7 5 4 6 8 5 4 7 5 9 9 2 2 3 3 9 10 8 3 4 3 2 8 2 8 9 5 5 2 8 4 3 9 9 8 2 2 9 7 2
9 10 10 5 4 9 10 4 8 2 8 8 3 6 9 3 3 7 6 6 3 10 6 5 6 7 2 10 7 4 2 8 8 8 4 4 6 10 8 5 2 4 5 2 4 10 5 5 6 10 9 10 5 8 8 10 9 6 8 9 4 3 3 7 4 9 9 10 4 2 4 3 2 10 7 8 7 2 8 2 9 5 7 5 2 7 9 8 5 2 6 7 9 5 3 5 5 4 3 3 5 8 6 7 7 4 8 8 6 9 8 3 5 8 9 8 2 7 7 8 4 8 9 8 4 6 2 7 4 4 8 2 9 5 8 3 7 7 5 0 3 6 7 6 10 3 8 5 8 3 6 7 5 9 8 5 5 4 10 9 9 4 6 3 5 5 9 8 8 8 4 6 6 4 3 3 9 5 7 4 7 5 5 10 6 9 2 3 9 7 9 5 8 10 8 3 9 4 9 2
4 6 9 6 2 5 7 2 6 9 5 8 8 8 4 2 3 8 6 8 3 9 8 6 9 7 3 7 6 9 5 7 2 7 2 8 3 2 2 4 5 10 2 2 7 5 9 9 6 3 10 8 7 3 3 10 5 2 10 7 9 9 6 7 2 3 2 8 3 7 7 4 2 10 6 7 7 7 2 3 7 10 7 2 5 7 10 8 3 2 3 6 5 9 9 5 10 3 4 2 7 2 7 2 10 2 7 2 8 10 10 2 7 8 7 8 2 8 10 4 4 10 4 7 4 2 5 9 6 7 8 10 2 7 6 5 9 9 9 4 0 5 4 3 4 3 3 3 3 10 9 2 7 5 2 4 9 6 4 7 9 4 5 8 2 2 10 7 5 3 6 3 8 3 10 8 4 9 2 6 9 3 10 3 5 4 8 6 9 7 4 8 4 10 9 4 9 7 2 7
5 10 6 5 3 6 3 2 6 3 8 7 7 3 8 7 7 3 2 5 9 2 7 8 4 6 8 9 6 8 10 9 10 8 3 4 2 9 3 7 7 9 5 4 10 2 5 10 10 6 5 8 8 9 6 4 3 4 7 9 8 2 2 2 7 5 3 7 9 3 9 8 5 10 7 10 2 9 10 7 5 6 9 5 6 5 6 9 3 3 9 5 7 8 3 6 6 3 4 6 10 2 4 7 4 4 6 5 7 6 6 2 7 4 9 10 4 4 8 5 8 10 9 6 7 4 6 6 3 2 2 3 9 8 3 4 3 3 4 6 6 0 10 6 6 5 7 3 5 9 2 6 5 6 5 7 8 6 10 10 4 2 8 7 9 8 2 2 3 5 7 9 8 9 10 10 6 9 4 2 10 4 7 7 2 9 9 7 5 5 10 6 10 3 8 6 5 6 9 3
2 10 10 10 4 8 3 3 6 4 3 7 2 4 4 10 5 4 2 8 4 10 6 2 6 2 7 3 4 3 3 6 4 4 2 9 10 10 10 7 2 9 3 3 6 3 7 7 8 6 8 10 2 9 9 3 5 3 4 7 5 10 6 3 7 5 6 4 6 7 10 2 5 5 6 6 2 5 4 8 6 3 9 7 8 2 10 5 6 4 2 2 7 2 2 2 9 5 5 4 5 7 3 4 10 7 6 7 4 9 6 8 8 9 8 7 4 10 9 8 5 2 10 10 3 7 7 5 3 9 4 10 2 2 8 4 4 2 2 7 5 9 0 10 8 5 9 7 10 7 10 4 3 10 8 7 10 5 2 3 10 10 2 9 6 6 10 9 3 4 8 7 4 5 3 6 6 4 3 9 4 9 2 6 7 7 9 6 6 6 3 6 2 3 4 6 9 3 10 2
4 10 3 6 5 6 2 8 4 10 9 9 7 6 2 5 4 10 4 4 2 5 2 8 9 4 2 9 2 9 3 5 2 3 6 9 4 10 3 6 3 4 6 8 5 10 7 8 5 4 2 8 5 5 8 10 4 10 9 8 4 6 8 6 2 5 10 9 6 5 6 2 8 5 2 4 2 7 10 9 4 6 9 4 9 4 7 7 9 5 9 6 5 9 7 5 3 2 8 7 9 3 3 4 6 6 9 8 4 2 7 4 8 4 9 5 8 4 6 5 4 3 10 5 9 8 3 6 9 3 2 8 6 6 5 9 2 10 5 10 3 7 8 0 10 8 7 9 5 6 7 8 8 3 8 7 8 6 4 2 10 2 5 9 5 3 2 2 6 8 3 10 6 2 3 4 8 4 4 3 8 3 10 9 9 9 3 10 6 2 4 10 2 5 9 8 9 5 9 8
5 8 10 4 9 5 3 3 4 7 8 8 8 4 3 5 7 5 4 5 2 2 4 9 6 6 2 3 3 7 9 2 8 7 9 8 9 8 10 6 2 7 5 2 6 4 4 6 8 4 5 3 8 5 5 4 5 7 5 7 6 9 4 8 2 3 3 8 9 7 5 8 10 6 3 10 5 4 3 8 10 3 9 5 6 10 5 8 9 4 2 6 2 8 9 9 4 5 3 6 6 9 7 10 6 2 10 9 7 3 2 6 6 5 4 7 6 5 8 10 6 6 10 7 4 10 6 9 2 7 7 4 9 4 7 5 8 3 9 10 10 5 2 6 0 10 8 7 4 3 4 4 2 10 9 2 2 5 8 8 5 7 3 2 3 5 3 7 5 4 9 3 2 8 4 9 7 7 10 10 8 2 2 7 2 8 2 7 8 4 10 10 5 5 5 8 7 9 9 9
5 3 3 7 9 3 5 10 3 6 8 5 8 2 4 2 5 5 5 10 4 4 3 7 8 8 9 8 7 10 9 7 8 6 5 8 9 10 5 10 10 6 2 7 5 3 6 8 7 6 10 10 3 3 5 2 8 6 6 8 7 5 9 10 4 3 4 5 10 9 4 8 7 9 3 6 3 5 3 3 9 4 9 4 9 2 3 7 4 5 6 6 7 4 5 8 2 9 3 2 3 7 3 7 3 10 7 7 3 7 2 4 5 7 3 10 2 9 5 9 5 5 3 9 4 2 9 8 3 2 7 3 2 4 3 6 7 3 3 6 5 7 7 10 8 0 7 3 7 5 4 5 7 3 10 2 4 3 5 9 3 4 6 6 5 6 8 7 4 6 10 8 5 6 2 3 4 2 4 7 6 6 3 7 9 9 3 4 9 10 4 9 8 3 9 8 4 5 6 7
6 10 10 10 4 6 7 10 10 5 8 2 8 3 6 8 10 2 3 10 3 10 10 10 4 2 9 2 8 7 2 6 7 5 10 4 7 10 3 10 6 5 7 10 7 10 6 9 10 6 5 5 9 10 10 8 10 10 2 9 4 6 2 3 8 10 8 7 8 5 4 6 9 3 8 3 5 3 4 10 6 9 3 5 6 6 7 3 8 2 2 2 4 7 2 10 6 8 3 4 3 2 4 7 6 6 8 8 10 9 3 10 4 3 9 9 5 9 4 6 10 9 4 3 3 9 3 7 5 9 4 8 8 10 8 6 5 5 9 10 8 9 7 5 2 9 0 8 5 5 10 10 5 2 5 9 6 5 9 4 5 9 9 9 9 7 9 3 8 4 2 5 6 3 3 4 9 10 3 5 10 4 6 7 9 5 5 4 4 5 6 7 2 10 3 4 8 8 10 5
9 4 9 4 10 4 8 3 10 7 4 10 10 10 9 7 10 5 4 3 9 6 5 3 10 3 6 3 5 7 4 3 7 5 6 10 6 8 8 6 10 10 9 3 5 3 10 7 5 3 4 8 6 5 4 10 9 10 10 10 2 10 4 9 10 6 2 3 2 7 4 8 6 5 9 4 3 3 10 5 6 5 5 3 6 3 9 7 2 2 3 4 5 10 10 3 6 4 6 8 8 3 2 9 10 9 5 7 8 9 2 6 7 5 10 3 2 10 9 6 6 10 7 5 7 2 2 10 10 9 2 9 8 2 7 6 6 3 3 7 9 2 5 3 8 10 8 0 8 4 2 2 8 8 3 5 2 5 5 10 2 8 8 2 5 2 4 7 7 5 2 6 3 10 4 7 9 9 6 10 5 9 2 4 10 5 10 9 6 4 7 2 3 8 6 8 6 7 9 5
5 2 7 2 7 10 3 3 5 3 2 7 8 8 10 7 6 4 2 6 6 2 6 10 3 7 5 9 10 10 3 3 4 4 2 2 5 6 6 5 8 9 5 8 2 4 5 3 7 6 10 6 10 6 8 5 5 8 2 9 8 10 2 5 9 2 4 5 2 8 8 9 3 4 7 10 2 4 8 6 2 6 3 9 9 2 6 3 6 10 10 3 2 10 10 9 5 7 8 4 4 3 10 7 8 2 3 6 2 5 5 6 5 9 7 6 8 9 7 3 6 2 2 8 8 9 4 10 8 7 3 6 3 2 9 5 5 4 8 7 5 6 7 2 7 2 7 2 0 2 4 9 3 9 7 7 5 7 6 2 5 3 7 5 3 2 9 7 9 3 8 4 6 3 10 8 2 10 5 7 10 4 10 4 3 6 8 2 7 10 9 9 7 3 2 8 5 3 3 8
5 8 6 2 3 8 6 2 10 9 5 4 4 6 10 5 5 3 9 2 6 8 10 2 10 9 5 6 9 8 2 8 3 3 5 3 3 7 2 6 4 7 10 8 6 3 6 7 2 8 7 3 10 3 5 2 7 10 3 6 2 8 3 5 10 10 5 5 3 4 10 2 9 5 8 5 8 6 8 2 5 5 10 5 6 3 9 7 7 4 8 10 2 9 5 2 9 5 8 5 8 9 5 8 3 10 7 3 10 3 9 3 6 9 9 8 5 8 3 6 5 6 6 2 3 10 9 7 8 3 5 2 4 6 8 7 9 5 10 6 6 3 7 6 3 8 4 7 9 0 6 7 9 9 7 4 4 4 2 3 3 3 10 9 3 10 8 5 2 4 10 10 2 7 9 5 7 8 4 5 4 6 8 9 8 7 9 9 3 3 3 3 3 6 2 9 6 8 3 4
2 4 10 7 6 8 8 10 4 5 7 10 4 9 6 4 2 10 6 2 10 2 2 3 5 3 9 4 2 7 3 6 10 5 10 5 10 9 10 7 9 9 8 10 6 2 4 5 10 2 8 7 5 7 5 6 10 2 10 5 9 4 5 7 10 5 8 7 6 8 9 8 8 10 7 8 9 3 3 6 5 4 4 7 8 7 6 5 2 7 8 4 9 7 5 3 8 7 7 6 4 5 4 4 3 7 3 4 7 8 7 3 5 7 6 7 7 2 7 7 5 5 3 5 7 3 2 8 7 9 5 10 8 9 8 4 3 10 5 10 9 7 8 6 5 3 8 2 6 5 0 7 6 7 9 2 4 2 3 3 9 7 8 8 9 9 6 10 9 9 9 4 8 6 2 2 8 9 7 3 3 8 10 10 7 6 5 5 7 8 6 4 6 7 8 2 8 6 7 7
10 4 2 6 4 9 2 10 7 6 8 2 7 7 7 10 8 3 6 5 8 8 10 9 6 9 6 6 6 7 8 2 8 5 9 4 7 9 2 2 7 4 9 8 9 4 10 6 4 2 8 4 9 9 4 5 2 8 2 2 5 5 3 9 2 6 6 6 8 3 5 3 7 7 9 10 3 5 3 3 10 7 7 3 8 5 3 6 5 4 9 9 8 4 4 4 2 5 5 4 4 7 8 2 5 4 10 5 2 8 2 7 7 3 10 5 2 6 3 7 9 7 8 9 6 3 5 8 9 4 2 5 3 5 2 6 7 2 6 5 3 9 5 9 10 7 5 4 10 6 7 0 10 2 7 10 3 7 2 6 6 9 7 7 2 8 2 10 9 9 8 6 10 8 10 9 9 8 2 4 5 9 8 6 5 3 4 3 2 8 7 3 9 5 6 7 4 3 10 6
10 7 3 10 6 4 5 9 6 2 8 3 5 6 6 5 7 8 9 4 9 4 2 10 6 4 5 5 9 4 3 7 5 3 10 10 10 3 6 2 2 4 3 2 10 3 4 7 3 2 2 8 9 8 4 10 8 3 8 8 8 8 9 10 9 7 7 6 2 8 6 8 7 10 4 9 4 3 2 5 3 5 5 3 4 9 7 3 9 3 8 6 5 8 7 7 2 6 5 2 8 10 6 10 3 2 3 9 3 6 6 10 9 9 9 4 8 3 2 4 7 4 9 7 9 3 7 10 6 8 4 8 7 10 7 8 9 6 3 5 6 7 6 2 8 5 5 4 4 2 6 6 0 5 5 4 7 4 4 8 3 7 10 4 9 2 6 3 4 10 6 9 2 5 2 10 5 10 2 5 8 4 9 10 10 8 7 10 10 4 8 8 9 5 6 6 10 2 10 8
2 7 6 3 7 7 3 8 8 10 4 10 8 3 7 10 4 4 6 4 3 5 3 10 3 6 4 9 4 2 8 2 10 4 6 3 4 2 8 5 10 9 9 3 8 5 2 5 4 5 2 5 10 6 6 7 2 7 3 4 2 8 9 9 8 7 5 5 8 7 4 5 5 8 6 5 8 8 3 4 5 4 7 4 3 9 3 6 10 9 6 2 8 5 3 3 2 4 7 2 2 3 8 9 10 7 6 4 7 10 8 5 9 4 9 8 5 2 4 8 6 10 8 8 7 10 4 10 3 5 9 5 4 2 3 6 9 6 6 8 5 9 8 8 10 2 10 4 8 7 10 5 4 0 9 2 8 10 3 8 8 8 7 7 10 2 4 3 4 3 8 4 4 7 5 3 10 8 6 8 8 3 4 4 7 5 3 7 7 10 8 9 3 4 5 3 5 5 2 4
10 6 9 3 3 9 10 8 8 2 8 6 10 6 10 8 9 4 5 8 5 7 7 10 3 9 4 8 5 10 7 6 4 7 4 3 6 5 9 10 5 2 8 4 2 2 7 10 2 9 7 9 7 5 5 7 7 4 10 7 5 5 10 9 3 10 6 3 6 4 6 7 3 3 4 7 2 5 10 3 7 3 5 10 3 9 4 3 5 9 4 6 3 3 3 3 8 7 6 5 6 4 6 6 8 10 2 9 4 6 4 4 8 7 7 6 10 6 4 5 5 2 9 7 10 9 4 2 2 8 9 7 2 2 4 2 7 7 4 9 6 8 6 10 4 10 7 4 6 4 9 4 4 10 0 9 10 10 5 3 6 4 3 10 9 9 3 9 10 10 3 2 3 3 8 4 10 5 8 8 9 3 4 3 5 6 3 9 5 8 7 4 6 2 4 6 7 8 2 4
9 2 6 3 3 6 9 8 4 5 9 10 9 2 4 5 4 5 9 8 5 8 3 2 7 5 3 4 9 8 10 5 2 7 6 4 2 7 7 2 8 10 10 6 5 9 8 6 5 7 6 4 8 10 9 7 3 10 5 10 8 7 5 9 4 9 6 9 9 5 5 5 4 6 7 8 8 5 6 9 8 10 6 6 8 8 4 2 8 7 9 7 5 7 8 2 10 3 3 7 8 9 3 9 3 3 8 2 8 4 6 2 8 9 7 3 2 8 6 10 9 4 2 10 5 5 6 5 4 4 7 4 4 7 4 4 5 2 9 7 6 3 10 2 6 10 5 8 7 6 9 5 3 3 8 0 3 10 3 2 10 2 4 6 6 8 8 3 2 10 10 7 3 4 2 10 5 5 5 3 9 4 8 7 9 3 9 5 10 3 9 5 7 5 4 7 5 6 3 10
9 2 3 10 7 3 5 2 6 7 9 7 7 3 2 6 7 9 8 8 5 9 5 5 9 8 5 9 5 7 5 8 3 3 2 5 5 5 7 6 9 7 7 5 2 10 10 10 5 2 8 4 4 10 4 10 5 3 8 2 2 5 10 5 4 7 4 3 7 6 2 7 9 9 5 2 9 7 3 3 7 9 10 4 8 5 10 4 3 9 6 2 2 6 8 6 8 10 8 8 4 5 5 9 6 4 9 5 10 10 6 2 9 8 7 3 6 8 7 9 8 6 8 8 7 8 8 4 3 4 2 6 4 10 4 9 3 4 2 7 10 8 7 10 3 9 8 10 4 10 5 10 4 8 3 4 0 6 2 10 5 6 8 10 8 7 9 5 3 7 8 7 5 3 5 4 9 2 3 7 10 4 10 9 2 5 7 5 5 5 9 7 4 2 10 6 8 3 7 9
3 10 3 3 10 7 7 6 6 6 3 9 9 7 10 5 8 6 3 10 5 9 2 8 10 3 5 9 10 2 5 7 8 7 4 7 8 4 5 5 2 4 6 6 10 8 5 4 6 9 10 7 9 7 3 7 4 8 5 3 8 3 8 10 7 5 4 5 7 6 10 4 2 5 6 5 4 4 5 9 7 10 2 6 6 5 5 3 9 9 5 10 10 6 5 6 3 2 9 5 5 9 10 2 10 7 3 2 10 6 6 3 9 3 10 5 5 4 10 8 6 5 9 3 2 2 6 7 3 6 8 9 10 3 2 2 9 7 9 10 5 5 3 9 3 6 3 3 8 2 10 9 6 10 10 2 9 0 4 10 10 7 5 2 7 4 3 7 4 10 6 6 7 4 2 2 5 9 3 7 2 6 9 3 8 5 4 9 4 5 2 10 6 8 7 5 4 3 6 6
4 9 3 10 10 7 9 5 8 9 9 3 10 4 2 5 3 5 6 4 3 9 5 2 10 7 7 9 8 10 10 5 2 9 6 8 9 3 8 7 9 8 8 9 8 9 8 7 2 7 6 3 10 3 10 6 3 3 2 6 5 10 7 10 5 4 5 10 8 6 4 4 8 2 8 9 6 2 3 5 6 9 7 7 6 8 7 6 9 8 4 9 4 7 3 2 5 6 5 4 10 4 2 2 10 2 5 9 8 6 2 2 2 10 5 7 7 7 5 2 4 2 10 10 4 2 6 6 5 5 2 9 3 10 4 5 8 5 4 2 8 3 9 7 8 5 8 3 10 2 9 10 3 7 4 7 8 5 0 3 4 7 9 5 4 7 6 8 5 8 6 10 9 8 7 10 4 9 8 5 10 7 6 7 2 10 4 10 5 8 2 10 9 2 8 3 3 4 8 8
9 5 7 9 4 10 3 5 4 4 4 8 6 2 6 4 4 6 9 7 3 7 8 2 10 2 5 5 9 7 8 9 8 4 5 3 4 3 3 4 8 3 2 7 3 8 7 10 2 8 10 7 3 9 2 2 9 6 3 5 9 6 6 8 9 6 9 6 5 4 3 3 2 3 10 7 2 4 8 3 4 8 5 4 5 3 4 10 2 7 4 9 7 3 5 5 10 10 7 9 8 3 8 3 6 8 5 8 7 4 4 3 6 2 4 9 6 10 3 9 6 8 2 10 7 8 8 3 5 8 10 5 9 10 2 3 8 7 5 3 10 4 7 3 7 5 5 5 5 7 10 10 4 9 3 6 5 2 3 0 10 9 3 6 3 3 5 9 4 4 5 4 7 7 9 9 9 4 4 5 2 4 6 4 5 8 6 6 8 6 9 5 9 8 4 5 5 9 10 9
6 4 4 10 4 7 5 6 8 10 4 4 5 3 5 3 7 5 5 10 9 3 6 7 5 5 4 10 6 10 5 7 7 6 7 6 2 6 8 7 9 8 2 9 3 6 3 4 8 6 2 4 7 8 4 5 10 8 9 10 7 2 2 9 6 7 10 7 9 3 2 3 3 5 7 3 3 9 7 10 2 4 7 8 4 10 6 3 4 10 6 2 9 8 4 5 3 7 5 10 4 2 6 3 4 8 8 5 9 3 4 10 6 3 4 7 3 3 9 4 3 4 2 8 6 3 7 4 3 10 5 5 6 7 7 4 8 9 8 3 6 2 8 3 6 3 10 7 8 6 2 9 5 3 3 7 8 7 3 4 0 2 6 7 2 3 5 9 7 4 9 10 10 4 9 9 5 9 2 10 3 7 6 8 8 8 6 10 6 3 3 6 6 10 7 7 9 3 8 2
9 6 10 2 7 7 10 8 3 6 4 10 9 9 7 2 6 10 4 4 3 8 10 8 7 2 7 8 4 4 6 2 5 10 2 3 5 8 9 4 5 8 10 4 2 5 3 9 5 5 2 2 10 8 4 4 9 4 4 10 9 3 9 5 9 9 8 8 3 5 3 2 7 5 6 8 3 2 4 4 8 10 3 9 9 6 3 10 8 3 7 9 3 3 6 5 8 5 7 3 10 6 7 7 8 7 5 4 2 9 7 3 6 2 6 6 4 7 8 7 2 9 4 7 10 7 9 7 10 5 5 7 2 4 3 3 4 2 10 7 7 8 6 10 4 7 5 8 8 10 8 9 3 6 6 9 8 5 3 9 2 0 10 10 3 9 7 2 7 10 4 8 10 7 9 9 9 4 6 2 4 7 5 8 3 6 6 8 9 7 8 5 4 6 2 10 5 2 3 7
6 2 6 8 10 4 4 9 5 2 3 7 5 4 2 2 8 7 10 4 5 7 3 2 5 3 10 2 10 7 7 6 8 7 2 2 2 5 3 2 3 8 8 5 9 7 10 5 2 9 2 10 9 2 6 8 3 8 9 10 6 9 5 2 6 9 8 8 9 5 7 4 3 9 4 2 8 3 2 2 10 7 5 9 10 5 5 5 7 7 9 5 7 10 6 5 10 2 9 7 6 9 7 7 7 5 6 4 10 3 9 6 4 7 4 7 3 5 4 5 10 6 3 8 4 6 9 3 3 6 4 5 9 3 4 4 3 10 8 5 10 4 2 9 5 7 6 7 10 2 9 10 9 3 7 2 6 5 8 9 10 2 0 7 10 10 9 7 6 10 6 9 4 9 2 2 2 6 3 5 3 3 8 10 9 5 3 8 6 7 5 7 10 5 3 9 7 7 3 6
9 2 6 6 8 5 6 9 8 8 10 7 3 4 4 3 9 7 2 9 4 9 2 7 10 10 5 3 6 10 9 6 3 8 6 6 7 10 2 6 10 8 6 10 6 4 10 5 4 7 7 4 7 9 3 5 4 7 8 5 9 6 4 9 2 10 3 9 9 10 9 7 8 7 4 9 2 8 10 4 4 3 2 3 8 6 7 5 6 8 2 3 5 3 3 5 4 10 8 7 7 2 7 10 9 7 3 8 10 10 7 10 4 4 8 6 10 3 10 3 6 6 3 5 10 8 4 9 2 9 3 8 6 5 8 3 6 3 9 7 4 5 3 9 9 10 2 9 8 10 4 9 9 3 7 2 4 8 5 3 3 9 3 0 2 8 10 5 6 7 9 2 9 5 6 9 9 3 10 4 10 4 4 6 3 9 8 9 6 7 2 9 8 8 7 10 3 9 8 3
10 10 8 3 6 5 7 8 3 10 9 4 4 7 6 7 2 10 2 6 6 4 4 9 8 9 9 9 4 10 10 3 7 3 9 7 4 8 4 5 2 2 9 9 5 5 9 5 4 8 2 7 3 2 4 8 8 6 3 7 9 7 2 2 3 8 9 9 2 7 9 8 4 10 8 5 9 3 2 6 7 8 7 4 3 7 9 3 6 6 2 3 6 8 2 7 5 7 5 9 2 5 9 3 6 2 4 8 5 9 6 9 4 2 9 2 7 6 7 9 9 3 3 9 6 2 6 6 5 7 3 10 4 8 7 10 4 6 5 9 5 10 5 10 9 10 3 5 4 4 9 3 6 9 3 7 5 5 7 9 6 6 4 9 0 5 5 2 6 9 7 7 3 10 5 8 2 10 2 5 7 2 6 8 6 3 2 10 5 6 9 5 8 9 7 8 8 2 7 9
10 9 2 4 6 10 3 5 4 2 3 6 2 5 4 5 3 6 8 8 3 6 10 4 9 10 6 9 2 5 8 3 4 4 8 3 9 7 6 7 7 8 6 10 3 8 3 6 3 7 2 5 5 5 5 8 7 6 4 6 3 6 7 4 5 7 5 2 3 2 5 9 3 10 9 3 9 10 7 3 6 2 9 8 3 3 8 5 2 7 8 5 2 6 5 2 10 5 5 10 3 5 6 6 6 10 10 2 7 9 5 3 2 7 8 9 6 8 9 4 9 3 2 4 4 5 2 10 4 3 10 4 5 10 6 3 2 4 7 2 10 4 9 4 6 10 4 7 10 10 8 7 3 6 2 6 3 8 3 5 7 10 6 4 7 0 3 3 6 9 7 5 6 7 5 10 4 7 6 3 6 7 7 5 8 2 2 2 2 10 5 6 6 10 6 5 3 10 9 4
7 7 6 2 6 3 9 8 10 7 2 8 7 3 5 8 2 9 8 3 7 9 7 8 2 2 9 8 5 8 10 7 4 5 6 5 4 9 8 7 9 3 7 9 3 2 10 9 9 6 10 2 6 9 5 6 5 4 9 5 9 10 10 9 2 9 7 2 2 10 4 7 6 4 3 7 7 4 7 10 10 7 5 10 3 4 3 3 3 10 2 10 4 9 7 2 6 10 7 6 8 10 6 8 7 5 8 8 10 2 8 8 4 10 5 9 7 4 9 4 10 8 3 9 4 10 9 10 8 10 9 4 3 2 10 3 8 3 9 7 6 3 7 6 7 8 3 5 5 8 8 10 9 6 3 4 10 5 5 4 6 4 8 4 6 7 0 5 7 7 3 8 3 8 3 9 8 8 10 5 3 6 10 3 7 5 8 7 8 10 4 4 10 10 2 2 6 8 4 3
9 4 3 5 4 7 9 10 10 3 7 2 7 2 10 6 5 8 10 3 8 6 3 3 7 5 6 7 10 7 10 6 10 7 8 10 5 7 5 4 7 6 7 7 2 9 7 6 4 2 6 6 8 5 7 3 3 9 3 5 5 2 6 8 4 3 10 3 2 2 10 6 4 2 4 6 6 6 5 9 6 7 3 8 2 8 5 6 2 5 5 4 6 4 9 5 6 4 5 3 2 6 7 2 9 7 2 10 7 2 2 3 4 8 6 9 3 5 2 9 3 10 3 6 3 5 4 4 7 8 6 6 3 2 2 8 4 3 4 7 2 3 6 9 5 9 4 9 6 4 6 9 9 2 5 2 2 9 5 10 5 10 9 4 3 4 6 0 4 10 7 6 10 7 7 4 6 2 5 2 10 6 5 3 2 10 8 6 10 5 8 6 8 7 10 6 10 5 5 7
10 9 3 10 6 9 2 9 8 5 9 7 9 3 3 3 2 2 8 9 7 4 7 4 9 7 5 6 9 9 8 2 6 7 5 8 9 4 8 9 6 4 10 8 5 4 10 5 10 3 10 5 7 7 4 5 5 2 7 3 8 7 10 7 8 5 9 9 10 8 4 6 5 9 8 8 4 4 5 4 3 5 7 10 6 8 2 4 4 4 6 2 6 5 8 10 5 6 8 4 4 4 4 4 2 7 6 6 10 2 10 2 6 10 2 3 6 5 6 7 10 7 2 9 7 2 8 8 4 6 6 8 10 5 5 2 7 2 7 7 10 8 4 8 7 10 10 2 7 7 8 7 8 4 9 4 5 2 6 6 4 5 4 3 4 5 5 10 0 2 10 9 7 10 8 5 7 6 8 7 2 3 2 8 6 10 5 2 8 4 10 6 10 6 2 9 3 7 6 5
9 4 9 2 3 6 2 8 8 5 2 4 5 5 4 9 8 4 2 5 6 4 7 10 10 10 3 6 7 7 8 5 8 4 9 3 8 2 6 5 3 5 3 8 4 5 7 9 4 7 8 8 4 5 2 3 5 10 10 7 2 4 7 3 7 9 9 6 3 4 7 7 6 10 9 8 5 6 6 3 5 6 3 3 10 7 9 7 3 10 5 5 9 5 9 3 6 4 2 7 8 6 9 3 5 9 9 3 6 2 5 2 9 3 3 5 6 10 4 9 4 9 8 4 6 5 8 5 8 5 8 5 5 8 8 5 7 7 2 3 2 6 4 3 2 7 3 5 3 8 8 6 4 2 6 5 2 2 8 10 10 5 2 10 4 5 9 3 2 0 7 6 6 5 8 2 8 6 9 5 10 8 4 6 8 10 7 6 3 5 2 2 5 9 4 9 4 3 8 6
2 8 5 4 8 7 4 8 6 5 3 5 7 2 4 8 9 9 2 2 9 2 4 7 8 7 6 5 4 2 4 2 10 9 6 8 10 6 6 10 8 8 7 5 5 6 3 8 9 9 3 3 6 3 2 8 2 2 5 7 9 7 2 5 7 4 10 7 8 3 6 2 8 2 6 9 8 6 10 5 9 8 9 4 6 3 5 9 6 8 8 3 10 9 9 4 7 10 10 3 9 4 2 8 9 5 6 10 8 10 10 8 8 6 6 4 7 4 4 10 9 8 5 8 4 2 5 6 4 6 10 6 7 7 6 10 10 6 6 6 2 5 3 7 7 2 2 2 2 7 4 6 9 8 9 9 9 6 9 6 5 6 8 2 3 5 10 2 8 4 0 6 5 3 4 2 2 8 5 5 3 2 4 5 3 5 4 10 4 10 6 5 8 7 7 4 10 5 4 3
10 8 4 5 6 10 3 7 9 2 2 7 5 4 5 9 7 2 7 8 3 6 4 9 7 9 5 4 6 4 9 5 10 8 6 6 5 7 10 4 3 5 3 6 5 4 5 4 9 7 2 2 2 9 9 4 6 9 6 4 6 2 5 9 2 8 8 6 5 10 8 10 5 9 10 9 7 6 3 6 9 7 10 4 7 5 5 5 9 10 9 7 2 8 8 2 8 6 5 4 4 4 7 8 2 4 6 5 8 7 3 5 7 9 6 7 3 7 2 5 8 10 4 9 2 2 6 5 2 3 2 4 5 5 7 3 9 4 9 10 10 7 2 2 9 4 4 7 2 4 4 9 4 7 8 3 3 9 3 4 8 9 7 8 3 2 10 10 8 5 3 0 2 2 2 6 3 3 6 6 7 4 4 10 10 5 10 9 6 8 4 3 10 5 8 2 6 7 9 8
7 3 5 2 7 9 10 10 3 4 6 5 9 7 9 8 5 7 6 10 8 10 6 7 4 4 7 2 8 4 2 5 3 4 6 9 2 3 8 6 4 7 3 8 4 8 10 2 7 7 7 10 8 4 7 7 5 5 5 2 7 10 8 9 5 3 3 8 4 6 4 5 4 9 10 4 3 2 5 4 10 6 5 9 5 4 3 9 5 3 3 4 7 5 8 4 2 10 5 8 2 5 3 8 8 5 7 10 6 10 6 2 10 9 8 5 6 4 8 7 4 5 2 7 4 5 7 2 10 3 7 3 8 8 6 6 5 8 10 6 3 7 8 5 8 4 3 2 6 8 7 6 3 2 6 7 5 10 4 6 5 6 10 2 5 10 7 8 2 9 9 6 0 3 4 3 4 2 5 7 4 5 4 9 2 3 7 10 5 2 9 7 7 2 9 7 4 2 2 5
8 8 7 6 4 9 6 2 2 2 2 3 5 7 7 7 5 9 5 10 3 5 3 10 3 2 7 4 9 4 3 10 7 2 4 4 9 5 2 3 3 7 7 7 3 6 4 5 4 5 4 6 5 10 10 7 7 6 3 7 8 10 5 2 8 6 2 3 7 10 4 3 3 5 2 6 7 2 8 6 4 8 7 9 10 8 9 3 5 4 7 3 8 6 6 6 8 5 2 6 4 2 9 8 2 5 4 4 7 7 8 2 7 6 9 5 6 5 10 8 5 10 2 8 9 7 2 6 5 3 7 5 10 6 4 9 8 7 2 2 5 10 3 10 10 7 6 6 8 7 10 3 9 4 7 4 2 8 2 4 10 2 9 9 7 5 3 3 10 9 4 5 5 0 8 9 10 3 5 7 2 5 7 8 10 8 5 8 7 10 8 10 3 2 8 9 10 8 9 4
9 4 6 5 9 10 6 9 4 6 6 6 10 5 2 5 8 2 6 8 3 6 8 5 10 2 10 9 6 10 2 10 8 4 10 6 9 7 9 4 3 8 6 10 10 8 5 5 9 9 10 3 10 9 5 4 5 3 3 2 2 4 8 2 5 2 3 3 2 8 4 6 3 4 8 3 10 5 7 2 6 6 7 5 4 7 4 6 7 6 9 8 7 8 8 10 8 6 3 5 7 6 7 8 4 3 2 5 8 8 7 2 5 9 2 3 10 10 7 10 4 9 6 10 7 2 3 8 5 2 9 4 9 7 4 10 2 3 8 7 6 8 9 4 5 9 7 4 4 3 10 4 10 6 5 10 9 7 5 7 3 9 6 3 2 10 2 7 5 3 2 6 4 5 0 2 3 6 4 2 4 10 7 6 2 6 6 10 4 9 3 9 8 9 9 2 8 8 5 7
6 3 7 6 7 2 7 10 5 8 3 6 9 6 5 10 3 3 7 8 2 4 8 8 10 8 4 10 9 9 2 9 7 3 2 5 8 7 8 5 10 2 9 7 4 10 2 3 7 5 8 4 7 10 7 7 3 9 7 6 5 9 5 8 6 2 10 5 4 9 8 7 5 3 5 3 4 4 6 2 7 7 6 7 2 5 4 7 2 5 8 5 6 4 6 6 5 3 8 8 10 7 9 5 9 7 7 2 3 7 5 4 6 3 9 5 8 3 8 2 5 8 3 10 2 3 4 2 3 10 2 4 3 2 8 3 5 8 5 10 3 6 8 4 2 9 5 6 10 9 7 7 3 6 10 9 10 7 9 10 5 2 9 3 5 9 6 3 6 6 8 3 8 9 7 0 9 4 2 4 4 4 2 8 10 4 4 2 6 10 9 7 4 3 8 8 3 7 5 9
7 8 10 5 9 4 9 3 8 7 8 7 7 7 4 8 8 7 8 9 2 7 3 10 2 10 5 5 2 3 5 8 10 7 5 9 2 3 6 9 6 9 6 4 5 9 3 7 6 4 4 5 8 4 5 8 5 10 6 9 4 5 4 5 9 10 4 2 6 7 7 8 10 8 7 6 4 5 9 2 10 4 5 2 10 3 10 4 2 4 8 7 7 7 2 10 5 2 3 3 10 6 10 9 4 6 8 10 4 6 4 3 9 10 2 6 7 8 4 9 6 5 9 5 10 2 9 8 8 8 3 8 4 5 2 10 9 4 7 3 4 2 3 6 3 7 4 4 4 5 7 7 9 7 5 10 7 2 6 9 3 9 5 2 2 2 5 9 5 9 5 8 8 9 10 8 0 2 5 8 7 10 7 6 9 5 10 6 8 10 6 2 5 10 8 6 9 8 5 8
8 7 9 7 2 4 8 8 10 9 6 8 3 2 2 6 4 8 10 7 2 5 7 4 3 4 2 3 8 2 8 7 2 7 9 2 3 3 10 7 3 9 5 9 2 4 5 8 9 3 4 2 3 7 5 4 5 3 6 8 2 7 10 5 9 2 8 8 4 3 10 3 9 6 8 7 2 8 5 7 4 10 6 2 4 5 2 3 6 3 7 8 8 8 5 9 4 8 8 10 5 8 3 10 10 9 3 10 8 2 9 4 3 6 5 10 3 10 10 5 8 5 2 5 2 4 8 9 3 9 2 7 7 4 3 9 10 7 2 2 9 7 2 9 5 7 5 6 6 6 7 7 2 2 3 5 7 8 9 4 7 2 10 3 3 7 8 3 3 9 2 3 6 10 5 10 2 0 4 3 4 4 3 5 9 5 3 9 2 3 5 8 8 4 2 4 10 5 2 5
4 4 2 2 7 10 10 2 5 7 10 2 7 7 9 4 5 6 3 10 5 2 9 9 10 7 4 5 6 7 8 8 7 10 7 6 5 5 10 7 5 10 2 5 10 6 7 2 2 8 9 4 10 7 6 5 2 8 3 2 2 10 3 4 4 5 10 9 4 5 9 6 8 8 6 2 4 8 7 9 7 9 5 3 9 2 6 2 4 9 3 10 6 8 6 8 9 3 4 8 4 5 2 7 9 3 7 8 8 5 9 6 5 3 7 4 6 9 8 4 8 6 9 3 10 3 7 8 4 9 7 5 8 2 4 7 2 2 4 3 3 7 2 2 5 9 9 9 3 6 3 7 7 3 2 5 7 5 2 8 2 5 6 6 4 10 5 2 4 10 2 8 7 9 10 3 3 10 0 8 5 6 10 5 4 2 8 4 2 2 2 4 6 8 8 3 10 9 2 8
10 4 9 9 4 10 4 9 4 2 6 4 2 9 2 10 3 7 2 4 8 4 3 10 7 5 8 3 2 2 2 10 7 6 9 10 2 7 10 6 6 7 3 9 6 2 8 6 2 7 7 4 10 6 7 2 5 3 7 5 3 4 6 7 3 3 3 3 4 7 4 10 4 7 9 9 2 8 8 8 4 10 4 6 3 10 3 10 10 6 5 2 4 5 6 10 4 5 5 8 10 2 10 8 10 6 6 3 2 10 9 4 10 10 2 10 10 2 3 7 5 3 9 10 9 10 6 9 4 5 10 9 5 9 9 4 3 3 2 10 3 2 10 9 4 5 8 2 6 10 2 2 4 4 2 10 8 2 3 2 7 7 5 9 10 8 5 2 9 9 10 10 2 3 2 4 3 9 7 0 10 6 2 6 3 6 8 10 6 8 3 6 4 9 8 3 6 3 3 9
6 6 6 5 2 5 2 8 4 2 4 3 2 4 7 2 7 7 6 9 3 9 5 10 6 3 7 10 6 10 2 8 2 7 6 5 3 5 2 9 3 4 3 2 4 9 6 8 3 8 7 10 4 6 5 5 7 9 6 4 4 6 5 9 4 6 4 7 10 8 5 5 6 8 10 6 7 2 10 2 7 9 10 10 9 9 2 6 8 7 4 9 3 7 3 6 6 3 9 8 8 5 8 10 10 9 7 9 9 6 5 10 8 10 2 4 9 5 2 8 7 7 3 4 4 4 4 10 4 6 8 10 5 5 8 4 5 10 5 2 2 9 9 10 10 3 6 6 4 2 6 10 8 7 8 5 5 5 10 5 5 6 6 3 3 9 7 2 8 6 8 2 9 6 7 5 7 4 4 10 0 7 5 2 6 5 3 6 10 6 9 9 4 6 9 4 8 3 4 8
7 9 4 7 10 9 10 6 4 9 10 8 8 7 10 3 2 7 2 5 8 10 3 5 9 2 4 7 8 10 8 4 8 5 9 10 6 3 9 4 6 2 2 2 7 2 10 10 2 3 3 6 2 10 7 2 3 10 5 5 4 5 7 4 6 9 7 4 8 7 7 5 6 10 6 10 9 6 9 3 10 2 4 9 9 4 10 3 10 6 3 7 3 2 10 4 5 6 10 4 4 10 4 4 10 3 9 6 5 3 2 2 9 2 3 9 7 5 4 6 5 10 4 6 2 8 9 6 7 4 9 8 2 3 6 6 4 4 4 7 7 3 7 8 8 8 6 2 2 5 6 6 9 8 5 6 5 7 9 6 5 8 10 6 4 7 2 10 2 2 6 8 5 5 7 4 3 3 9 5 8 0 3 10 4 10 5 3 10 5 9 2 10 9 8 7 9 2 8 2
8 9 3 6 4 4 5 7 3 6 2 2 6 5 10 9 7 5 5 5 4 3 6 7 3 9 4 4 2 3 9 8 7 6 3 9 2 5 3 5 4 5 10 10 10 2 6 7 4 8 4 5 9 10 4 2 2 7 8 2 4 7 6 5 10 5 10 10 7 3 6 10 5 10 9 9 3 2 8 4 10 3 8 5 10 6 6 7 10 6 5 6 7 5 10 9 10 4 7 3 2 8 7 5 9 10 5 3 4 3 5 9 10 5 5 7 5 7 3 5 2 5 2 6 10 6 8 3 9 4 7 6 10 8 7 9 6 2 3 8 7 10 10 6 8 7 10 10 3 7 7 6 6 9 7 5 8 3 7 4 3 5 4 8 2 8 8 6 2 9 10 4 4 6 9 9 10 7 9 2 4 4 0 2 9 6 7 4 9 4 8 3 5 6 3 7 7 3 4 5
10 4 4 7 6 6 10 8 6 6 9 5 8 7 6 9 10 4 5 9 5 3 9 3 6 2 10 5 3 4 6 7 5 7 3 7 10 6 9 5 6 6 7 7 2 5 6 3 9 3 2 9 6 6 9 10 5 7 2 5 6 2 7 7 4 5 2 8 3 6 3 2 5 8 2 9 7 2 5 8 10 9 5 10 4 6 8 4 5 3 8 4 9 8 6 6 8 8 10 10 2 3 5 6 5 4 6 3 4 2 5 6 8 10 5 7 3 9 8 9 6 4 7 8 7 9 3 6 4 10 5 5 4 7 6 8 9 7 10 2 8 9 2 9 6 7 10 7 3 2 4 3 10 9 2 4 3 3 2 10 2 2 4 7 7 4 2 4 10 9 3 8 3 6 10 3 8 8 3 9 2 10 7 0 10 6 10 10 6 4 7 10 2 8 4 6 3 9 7 3
4 5 9 8 7 7 6 9 5 10 2 4 6 7 6 10 9 4 5 9 2 5 2 3 10 9 8 9 2 2 8 10 8 2 2 7 6 9 6 8 8 9 8 9 9 5 10 9 9 7 10 10 4 3 10 9 3 5 10 10 8 9 9 10 9 7 2 4 9 6 7 9 6 3 7 6 2 7 9 10 6 7 7 3 2 9 6 4 4 5 10 10 7 8 9 2 2 2 9 6 3 3 5 2 7 2 7 5 5 10 9 7 4 2 2 2 3 4 4 3 4 4 4 7 5 7 2 7 6 10 9 7 5 9 6 7 9 3 9 10 9 6 4 10 2 2 5 10 9 5 5 9 9 10 4 5 2 9 5 6 9 8 3 4 9 8 6 8 4 10 7 10 5 7 6 5 9 3 7 7 3 7 4 6 0 7 4 8 3 4 3 4 8 2 10 9 2 5 3 3
6 7 4 2 3 5 8 8 3 2 7 2 2 10 8 10 6 2 4 8 9 7 10 3 5 4 2 10 9 8 5 6 10 3 9 4 5 5 8 5 2 10 9 6 3 3 10 6 2 5 8 6 6 7 5 7 7 8 9 8 8 7 4 5 6 3 3 5 4 9 6 8 4 5 8 7 5 7 4 10 4 9 10 6 3 8 8 5 6 5 7 9 2 10 8 10 8 7 2 3 7 2 7 6 7 2 6 7 4 8 2 4 7 8 8 9 3 5 6 4 6 6 7 3 7 5 3 6 7 6 4 4 5 3 2 2 8 9 5 7 4 2 10 7 3 10 2 7 5 6 6 4 3 4 3 4 9 4 2 7 4 5 3 9 5 10 8 7 3 10 8 2 9 6 9 4 5 10 8 6 10 10 7 8 2 0 4 3 3 4 5 3 9 7 4 3 8 8 9 9
2 7 4 8 8 8 7 9 10 9 4 2 10 5 2 2 10 7 4 8 8 2 2 4 2 9 9 2 8 3 9 2 10 2 5 9 6 7 3 10 7 8 5 5 2 9 10 4 9 9 7 5 3 4 4 4 4 5 4 3 9 3 6 4 10 10 5 10 3 7 4 5 6 5 9 2 9 4 4 3 10 7 6 3 8 3 5 5 7 7 6 2 8 9 3 2 5 8 3 2 5 6 5 7 6 9 7 6 10 4 2 6 2 7 10 4 2 7 8 7 9 3 3 5 4 6 6 10 3 8 9 3 7 8 3 4 4 5 6 3 9 6 3 7 7 4 2 10 7 4 9 8 8 7 8 4 7 6 3 10 2 5 7 8 3 10 5 2 2 4 2 3 10 8 2 10 6 10 3 8 6 2 5 9 7 4 0 10 8 6 9 9 4 5 8 6 2 7 8 4
8 5 7 7 9 5 7 3 6 5 4 5 2 6 4 6 6 3 4 7 8 3 10 9 9 9 10 7 2 8 4 9 10 4 10 7 10 4 10 10 6 7 10 2 9 8 8 8 10 2 3 9 8 10 5 8 2 10 8 8 8 10 7 2 10 3 8 8 8 2 7 8 4 6 9 6 5 10 7 5 2 2 6 8 9 6 10 4 9 6 10 6 9 7 10 3 4 4 2 4 4 4 8 7 9 4 7 8 5 8 10 6 2 4 5 3 6 4 9 6 2 4 4 6 9 8 2 8 8 2 9 8 2 6 5 7 6 4 9 9 7 6 5 6 5 4 2 8 8 3 9 9 6 4 10 8 4 2 5 2 7 10 7 10 6 3 10 6 8 4 5 8 8 9 8 10 9 10 10 3 2 7 9 7 8 2 4 0 10 10 6 10 6 10 5 10 8 2 10 6
4 10 9 6 7 7 8 4 3 6 7 2 8 3 7 5 6 8 3 2 2 3 3 4 9 10 3 8 3 3 10 9 8 2 6 6 7 9 8 4 2 9 5 4 2 4 3 5 10 2 8 5 10 10 7 4 8 7 9 2 5 6 4 6 9 10 10 8 6 6 2 10 4 10 10 10 4 8 3 8 4 10 4 7 7 8 3 5 7 9 3 4 10 8 6 7 3 9 5 3 8 9 9 7 9 9 8 8 8 5 5 4 9 3 9 7 4 5 2 5 5 3 9 5 8 2 6 2 3 9 4 3 10 10 5 2 9 8 5 9 10 9 4 9 10 10 4 7 6 4 3 10 10 10 5 7 2 5 9 8 6 10 8 5 7 6 8 7 10 9 6 2 9 8 8 6 5 3 8 5 9 4 6 6 5 6 4 3 0 6 8 5 8 2 10 7 2 9 2 8
9 2 4 4 7 3 8 3 6 2 3 9 3 8 5 9 10 5 8 9 5 10 3 4 4 6 10 3 9 8 10 10 9 7 2 3 7 8 10 6 3 10 4 5 8 6 10 6 5 4 9 7 10 4 4 10 8 3 8 3 9 9 7 5 6 10 5 6 9 3 3 6 4 5 6 7 9 3 8 8 9 4 3 6 9 9 8 2 3 5 7 7 10 7 6 9 4 9 9 3 9 5 5 2 9 7 2 6 7 9 4 3 3 6 4 3 3 9 10 6 4 10 5 5 9 4 10 9 7 7 4 4 4 10 4 6 7 9 10 9 5 5 5 4 6 7 10 8 4 5 9 4 9 8 5 2 4 2 4 2 6 7 10 8 2 8 9 5 4 7 7 7 6 7 10 3 2 9 8 6 6 10 6 9 3 10 3 3 3 0 10 6 3 4 4 10 10 9 8 5
7 7 10 9 9 10 6 5 2 3 7 3 5 3 7 4 5 10 2 2 5 7 7 9 9 3 4 2 8 8 6 8 9 2 3 2 8 6 8 8 5 2 5 8 8 5 10 9 3 2 3 8 9 5 6 3 6 9 3 2 9 6 6 8 10 8 10 7 2 3 10 10 6 8 10 10 8 6 7 5 7 10 7 8 6 2 4 3 8 2 4 6 8 4 3 8 5 6 3 5 6 4 4 3 9 6 4 3 10 5 5 6 6 3 8 5 9 5 3 5 3 4 3 3 5 9 5 9 5 3 4 8 8 10 2 9 10 2 8 9 2 4 5 5 8 10 4 3 6 5 5 8 2 2 3 3 9 9 10 7 6 4 4 4 7 7 9 10 2 8 10 6 10 3 7 10 2 7 7 2 10 7 4 7 6 7 4 9 5 5 0 6 6 4 10 10 10 4 5 4
2 5 6 10 5 10 4 4 4 8 10 4 3 3 4 2 3 5 9 2 5 4 4 6 8 10 6 3 5 9 4 6 7 4 4 4 4 5 5 8 2 7 2 7 7 3 3 4 4 9 5 5 6 7 9 8 9 9 10 3 5 5 3 6 3 4 8 9 10 7 8 9 7 7 6 5 2 3 4 5 2 6 2 9 10 8 6 2 10 5 2 9 8 8 7 5 6 4 6 2 6 2 7 8 9 7 7 8 2 6 2 3 4 9 8 2 9 4 8 7 9 3 9 6 2 10 2 2 4 9 8 7 8 10 9 4 10 4 5 10 7 9 5 5 6 6 6 6 6 7 5 7 8 8 4 4 2 2 8 3 7 5 9 7 10 7 5 10 7 4 7 8 7 10 8 4 4 6 6 9 5 3 8 6 8 6 3 8 9 5 7 0 4 8 9 2 2 9 2 8
2 4 5 9 4 2 2 5 9 9 9 10 6 8 9 2 2 9 9 9 10 8 8 10 4 8 7 7 9 6 10 4 5 2 8 2 10 5 7 9 7 4 4 3 9 5 4 9 2 7 6 7 6 3 4 6 5 6 2 8 10 5 8 7 3 8 9 8 6 9 4 2 10 4 3 2 5 9 3 7 4 6 4 8 3 3 6 3 8 8 5 10 8 6 5 8 4 3 6 3 10 9 4 10 3 7 9 4 5 7 9 8 4 3 4 10 10 7 10 9 9 3 8 2 2 8 3 9 7 6 8 7 9 3 10 2 5 6 4 4 3 9 4 8 9 3 7 2 3 10 2 4 2 9 8 3 6 7 4 9 7 9 9 4 2 3 9 4 2 6 6 9 3 10 2 4 5 3 7 7 6 5 3 6 2 7 8 3 7 9 6 3 0 5 6 10 8 4 3 2
3 2 2 4 10 3 10 10 2 9 4 8 8 7 9 2 8 9 6 5 3 6 10 5 6 10 3 7 7 9 8 3 10 5 10 3 9 10 8 6 7 9 5 7 6 6 2 2 2 10 9 10 3 2 3 7 9 7 7 7 6 6 10 9 5 5 9 3 7 10 6 3 5 6 10 6 5 9 4 3 6 3 3 6 5 10 10 4 4 4 8 3 4 6 3 7 2 3 2 6 4 3 7 10 8 3 6 9 10 6 3 6 2 2 5 9 5 3 6 10 8 7 5 7 2 10 4 3 6 2 10 2 8 9 4 3 2 5 2 10 7 4 3 4 4 7 9 4 9 3 6 2 10 5 10 8 10 4 3 5 7 6 6 2 5 6 8 2 3 9 2 10 3 10 4 7 4 10 8 6 5 8 3 3 7 6 10 5 3 10 7 9 2 0 7 3 5 9 5 6
10 9 6 7 5 9 4 4 5 10 3 10 9 5 5 2 7 10 4 2 9 6 3 3 4 4 10 8 9 9 4 2 9 7 10 3 5 3 8 5 2 4 6 7 10 8 6 8 8 10 7 2 10 10 3 8 6 7 2 10 3 4 7 5 2 10 6 2 7 7 10 6 2 9 2 5 4 10 2 9 4 6 10 5 7 6 7 3 3 4 7 8 5 7 4 7 7 7 2 2 2 6 10 2 9 9 10 3 8 6 7 2 8 3 5 8 6 4 10 6 10 8 7 6 9 2 3 6 3 8 4 2 8 3 8 5 4 4 7 4 7 4 9 9 8 9 4 8 8 9 2 7 10 4 4 8 10 5 2 3 10 5 5 7 3 4 9 3 8 8 6 10 7 8 10 3 9 5 5 2 5 9 8 4 3 10 5 5 8 7 10 8 9 3 0 10 8 4 2 9
9 7 6 5 6 5 6 2 4 9 9 5 7 9 4 2 6 7 8 5 4 2 7 7 7 4 5 6 2 2 3 5 8 6 10 2 3 9 10 6 3 3 4 10 6 3 5 8 3 6 2 8 6 10 2 6 10 7 10 2 2 7 3 5 3 3 7 4 9 3 9 8 8 2 9 2 2 6 5 9 8 5 5 5 3 4 5 5 8 10 2 5 6 10 10 8 5 8 9 8 8 8 6 4 10 3 8 2 8 6 5 5 5 10 9 8 3 2 3 8 4 7 6 6 9 10 6 6 7 3 2 2 2 5 5 6 10 9 9 3 7 4 5 10 9 9 7 10 3 5 8 4 8 5 9 3 5 9 6 2 3 5 9 2 2 3 10 5 8 9 10 9 2 10 8 6 3 4 6 2 6 3 7 8 2 4 3 9 10 3 3 9 6 9 6 0 7 4 5 8
6 5 9 4 10 9 3 4 5 3 3 7 8 6 7 4 9 2 9 9 4 7 9 3 8 7 8 2 6 3 8 3 5 10 10 7 7 9 5 9 3 6 6 8 4 8 10 2 3 8 3 8 10 7 10 4 2 9 6 8 3 3 8 4 8 7 9 3 7 5 7 3 9 8 10 9 3 7 4 7 6 10 9 9 3 6 4 9 5 7 9 6 3 9 9 7 7 4 7 9 6 6 6 6 3 6 9 6 4 5 2 8 6 10 3 6 7 9 3 10 2 8 2 4 3 7 10 3 7 7 8 7 5 9 3 3 3 10 10 9 5 3 3 5 2 4 4 3 2 7 6 8 8 3 4 7 9 3 2 2 4 3 6 9 7 4 10 6 9 4 4 6 9 6 6 5 7 10 9 4 10 7 3 7 5 10 6 8 5 4 3 9 2 8 9 8 0 2 6 3
6 8 10 5 7 10 10 4 2 5 7 4 2 6 3 2 2 9 6 2 6 5 9 8 3 6 10 9 2 7 9 4 9 6 10 8 6 6 5 2 3 8 7 10 7 4 9 4 5 7 2 2 3 7 3 10 9 4 3 5 6 2 3 8 7 2 9 2 3 8 8 5 4 3 6 4 8 5 7 4 3 10 10 3 6 10 9 10 4 5 2 10 10 7 6 4 2 3 4 4 10 8 5 7 9 4 2 4 8 2 2 2 2 7 7 6 10 7 6 6 8 5 4 4 5 5 4 7 7 10 10 2 4 2 8 5 3 3 7 3 2 8 3 8 9 6 6 3 3 4 5 3 4 5 3 5 5 9 6 7 6 3 3 9 9 7 3 5 3 7 4 2 4 7 4 3 2 8 6 6 10 5 9 6 9 10 10 10 2 8 8 2 9 5 2 4 10 0 8 9
4 6 7 10 2 7 4 3 8 9 9 6 5 3 8 3 2 8 7 5 6 9 9 2 2 6 5 5 3 8 3 8 5 5 6 7 2 4 3 2 5 9 6 8 9 4 4 4 2 2 10 9 3 6 3 6 2 2 10 8 10 4 2 8 4 6 4 9 3 5 3 10 5 5 10 9 10 4 6 7 5 5 3 10 10 6 8 6 9 5 6 10 6 5 2 2 7 4 7 10 4 2 10 3 8 6 5 5 4 5 3 5 4 9 5 7 7 3 5 2 3 5 5 5 3 10 4 7 9 5 4 2 6 3 5 9 2 10 7 8 5 7 8 8 8 10 4 10 5 9 9 7 4 2 4 8 7 5 5 8 6 7 7 5 7 2 5 10 5 10 3 6 2 9 9 4 9 6 2 2 10 9 2 8 8 9 5 8 4 8 10 6 4 2 3 8 6 9 0 9
7 2 9 10 8 8 8 3 4 4 7 9 3 6 2 6 8 4 9 4 8 9 6 5 7 5 7 9 8 2 5 5 4 3 4 10 5 2 5 5 6 5 6 6 5 6 6 5 5 6 5 5 4 2 6 10 9 3 7 2 4 10 4 10 2 9 8 2 3 10 5 8 2 9 8 3 2 5 9 8 2 5 6 3 10 6 6 6 5 5 9 8 4 7 10 5 7 9 8 9 4 3 4 3 8 3 3 4 6 7 5 2 9 3 7 9 4 4 4 2 3 5 6 10 7 8 4 6 6 7 7 10 2 5 4 3 4 8 10 7 2 10 2 4 7 3 2 6 9 2 5 6 6 7 3 6 7 6 2 10 3 9 9 9 4 10 3 5 2 6 7 3 5 6 2 6 8 10 9 9 9 3 4 2 8 7 3 6 10 10 3 6 5 3 3 4 2 7 2 0
