150
16 11 3 10 14 773
17 20 15 7 19 194
11 4 10 19 10 879
2 2 9 5 8 923
9 13 15 18 7 559
6 4 5 11 17 908
15 5 4 7 4 275
9 16 8 8 2 949
8 19 18 9 15 834
4 2 2 8 10 116
1 6 19 16 3 585
17 17 16 11 3 841
15 4 2 9 19 644
9 20 1 9 18 187
16 11 6 2 19 567
20 2 2 9 14 560
10 9 16 7 17 429
7 15 7 15 2 356
19 11 5 19 18 410
5 17 3 6 7 263
13 3 1 14 18 98
6 20 1 15 1 794
18 8 5 20 15 451
6 11 11 16 13 552
19 12 5 2 3 194
2 4 12 17 15 520
4 5 19 19 9 441
20 18 10 16 3 176
13 11 3 14 8 484
1 14 7 17 17 189
14 14 13 7 3 394
20 2 15 7 12 59
19 20 16 1 8 320
4 7 3 4 16 761
12 7 17 13 2 939
4 19 15 10 2 854
8 2 1 13 19 602
9 12 14 17 1 671
15 9 14 11 4 212
2 3 5 17 11 562
20 2 18 4 1 59
18 17 15 2 11 847
16 17 11 14 19 290
13 11 19 4 11 754
20 17 16 6 6 106
17 20 7 14 3 639
17 10 1 1 18 578
1 8 14 12 1 460
7 7 7 20 8 462
10 16 12 5 3 354
9 13 8 4 9 631
10 15 4 8 12 573
5 17 12 14 8 483
8 7 1 8 10 675
2 17 9 3 9 867
3 8 5 19 12 764
8 19 8 19 13 940
3 2 11 13 4 584
8 4 12 18 14 491
4 4 5 3 7 804
6 1 13 5 4 861
20 11 1 7 4 466
20 18 7 14 11 563
19 16 12 12 20 372
5 10 7 8 10 157
2 5 1 10 18 830
16 9 14 20 2 1012
15 11 17 10 12 896
5 15 7 19 4 739
7 18 20 2 19 890
16 11 20 4 4 356
19 2 3 10 13 178
14 18 15 15 5 889
1 5 10 18 4 272
9 13 17 9 13 355
11 6 16 7 16 705
6 6 14 9 16 383
18 15 20 4 7 277
7 5 9 18 2 687
8 6 14 9 8 712
10 9 13 12 8 427
5 6 12 4 14 508
12 13 8 19 20 809
18 17 19 20 2 392
16 8 4 5 10 763
10 17 15 3 3 822
3 19 8 16 5 846
2 14 14 16 12 651
5 3 16 18 14 412
10 14 1 12 10 236
19 20 5 17 14 532
11 14 17 17 9 686
12 8 12 16 20 913
17 20 6 12 16 785
5 14 11 11 2 635
17 1 3 5 12 522
3 14 15 10 2 765
20 16 17 3 15 86
9 19 18 20 20 414
4 13 1 12 16 479
9 3 6 3 15 264
1 15 8 11 12 919
20 16 20 4 19 370
5 1 5 20 6 267
11 7 16 8 11 224
1 7 20 19 1 396
17 14 1 15 13 726
17 14 10 19 4 902
19 17 15 16 19 951
12 2 19 5 17 841
10 16 14 4 15 146
9 8 2 4 7 602
5 14 16 4 8 740
6 13 13 11 17 1005
19 2 18 6 16 468
10 16 5 8 2 262
20 12 3 1 15 713
3 8 9 2 15 430
3 18 8 9 19 85
6 3 6 5 2 612
8 12 12 17 14 386
9 11 9 7 16 677
7 5 9 16 12 898
11 14 15 18 8 110
13 14 17 2 17 860
6 20 9 11 11 191
6 1 18 15 19 879
19 7 3 17 19 224
7 5 2 8 11 304
17 20 7 1 3 728
20 8 6 1 2 689
10 15 10 7 8 865
2 13 19 6 11 526
14 13 6 14 11 601
6 4 3 14 16 193
14 8 19 19 3 578
20 2 10 11 17 783
5 16 5 18 9 127
17 19 5 2 18 706
13 4 5 5 12 795
12 13 15 12 6 812
14 18 12 14 8 443
19 15 4 10 6 265
6 6 8 3 12 565
6 2 1 3 8 35
9 17 14 5 1 972
15 6 10 7 10 133
15 9 15 3 19 438
16 3 1 12 17 392
20 14 15 2 6 511
0 5 9 5 7 4 1 8 7 8 7 2 3 4 7 9 9 5 6 3 1 4 9 2 5 9 2 10 2 1 9 5 9 2 8 8 4 2 7 1 1 3 7 4 8 7 7 8 8 3 1 10 6 2 7 6 10 2 7 1 10 6 10 6 5 7 8 5 8 2 5 4 2 2 5 5 2 7 2 6 9 8 1 10 7 3 6 5 10 6 5 5 9 2 8 8 6 2 10 6 4 5 5 6 5 6 7 1 10 3 5 9 2 5 7 9 7 2 7 8 8 9 7 2 8 1 9 1 10 10 7 10 1 8 1 4 4 4 6 3 9 9 3 10 4 4 6 1 10 5
8 0 9 1 5 6 6 5 9 3 9 8 2 5 6 6 1 2 3 3 1 7 5 2 3 5 2 1 7 8 1 2 10 3 5 2 7 8 4 7 3 1 8 1 9 10 5 2 7 3 5 10 6 8 4 6 8 10 4 4 8 8 7 6 7 1 8 2 10 4 3 1 9 6 1 1 6 7 1 4 1 5 3 3 2 7 5 7 10 1 2 4 1 3 5 8 4 5 10 6 3 8 9 9 1 6 2 3 7 10 2 2 1 3 7 5 5 2 4 3 9 4 5 8 7 9 9 8 3 9 10 7 7 10 6 7 9 1 8 4 4 4 5 1 5 5 2 1 9 9
3 9 0 9 1 4 3 5 4 5 6 8 10 9 8 3 10 4 4 5 2 2 3 4 6 5 1 4 2 6 3 8 7 6 10 9 2 10 5 8 10 6 4 5 8 7 9 10 10 9 4 4 10 2 2 8 9 9 8 9 7 4 4 8 2 8 4 6 6 2 4 2 6 6 9 4 5 7 1 1 6 7 4 5 2 3 5 6 6 5 9 1 1 3 5 4 2 8 3 6 8 7 3 5 8 6 6 4 1 10 5 6 1 2 4 6 6 1 6 6 10 8 2 2 4 8 7 4 6 5 10 7 6 1 3 3 8 3 1 9 8 2 5 3 4 7 8 2 9 7
8 5 10 0 8 10 3 5 4 1 1 6 2 1 10 7 5 4 6 7 2 9 10 8 5 3 3 9 1 9 10 6 4 9 3 10 2 6 10 10 9 6 9 2 5 5 6 3 9 8 2 5 4 2 7 1 9 5 8 4 7 8 6 4 5 6 4 6 6 1 5 3 6 1 4 9 3 8 6 3 2 9 2 8 10 1 3 10 8 7 4 6 10 5 9 3 4 6 7 1 3 2 5 8 1 9 6 8 2 1 8 5 6 2 3 1 7 6 8 3 8 3 6 6 4 5 5 7 1 9 6 3 4 1 7 7 1 6 6 8 3 3 4 3 3 3 2 1 3 4
10 9 7 3 0 1 5 9 9 7 1 3 10 2 2 3 4 10 5 9 4 9 4 4 5 7 1 4 5 8 10 4 2 4 6 7 4 9 2 3 8 10 4 4 6 9 3 3 1 6 4 4 5 1 4 10 1 10 9 8 9 5 8 5 3 7 4 4 5 10 3 9 6 10 1 1 10 5 7 10 4 8 9 6 2 3 1 9 2 7 4 3 6 3 8 7 2 7 5 8 5 6 1 3 2 8 7 3 2 4 5 5 5 4 8 3 3 5 2 5 3 5 5 7 9 3 1 7 2 6 7 6 5 10 3 6 1 4 7 5 10 3 3 7 3 8 4 8 6 7
10 6 2 6 8 0 2 10 5 5 8 6 3 9 6 9 1 10 3 8 7 2 4 10 7 1 1 2 1 6 8 1 1 7 9 1 3 8 2 8 9 6 3 2 8 10 3 7 4 7 2 7 7 4 8 2 6 10 8 6 9 2 1 8 10 9 2 1 2 8 6 5 8 3 4 9 7 4 10 10 5 5 8 4 4 9 9 7 10 3 1 6 3 1 10 3 5 5 7 6 10 5 5 6 1 2 1 6 9 6 9 3 8 4 1 7 8 5 2 2 3 5 10 2 8 10 5 2 9 7 4 4 4 8 8 5 5 3 2 10 7 4 6 4 4 5 4 5 1 9
6 7 2 2 4 5 0 3 4 4 3 3 9 5 8 9 7 4 5 8 3 4 2 9 4 10 8 4 2 8 6 2 9 9 9 9 8 2 5 3 10 5 9 7 9 8 5 4 9 1 8 8 6 2 9 1 3 5 8 2 8 4 2 2 5 9 5 7 2 2 6 6 7 5 10 7 2 1 5 3 6 8 3 1 8 4 2 2 6 2 4 8 4 8 7 8 6 4 1 2 10 1 6 10 7 9 1 9 10 2 8 10 7 6 10 9 4 6 5 2 10 7 10 3 10 10 2 10 1 4 5 5 6 7 7 9 10 6 5 7 3 9 3 1 10 10 2 5 2 7
8 5 7 10 3 8 1 0 4 2 9 7 2 4 8 3 2 3 10 10 7 3 8 6 10 4 5 1 3 9 5 3 3 8 9 9 4 7 10 4 1 1 7 2 7 5 7 10 10 6 10 9 5 6 5 7 10 7 9 1 9 5 5 3 8 8 6 6 5 6 4 2 9 7 4 6 1 5 7 3 10 6 7 5 10 7 9 1 7 6 3 3 9 6 10 5 2 1 7 9 2 2 8 2 2 7 2 9 5 5 3 4 8 7 5 1 6 4 10 10 6 5 2 10 2 5 7 3 6 5 9 2 3 3 9 7 2 8 9 6 4 3 6 6 8 10 8 3 10 4
1 4 9 6 5 1 2 10 0 6 10 9 10 8 9 8 5 8 3 2 2 4 10 4 6 9 1 5 8 4 6 2 5 10 9 10 5 6 7 9 2 7 1 1 8 10 5 2 5 10 7 1 4 7 5 4 3 5 6 4 7 3 5 3 7 9 8 5 5 3 7 4 1 8 7 9 7 4 1 3 4 2 4 3 3 1 5 2 9 3 10 2 1 6 2 1 6 3 2 5 8 5 7 8 2 5 6 7 4 1 6 2 4 3 1 9 8 7 10 2 7 10 6 5 9 9 4 8 1 7 4 10 9 5 7 7 9 3 1 1 7 4 8 3 10 5 5 7 5 3
6 9 1 8 4 7 7 7 9 0 6 9 7 10 1 8 6 9 8 1 5 9 9 10 10 6 6 4 2 9 8 8 10 3 10 2 10 4 8 7 5 7 5 2 10 9 7 7 7 2 5 8 10 5 5 8 5 9 6 10 9 8 9 3 9 1 6 2 6 5 8 1 3 4 9 3 1 7 7 5 9 9 3 4 7 8 2 6 9 7 4 9 3 1 9 1 3 9 6 7 10 1 2 7 2 2 6 3 6 3 10 5 8 8 3 3 6 10 9 10 8 8 3 3 9 2 6 3 4 10 7 6 8 2 7 3 9 9 10 6 5 10 4 8 6 2 1 6 10 10
10 10 10 8 7 8 5 8 3 6 0 5 7 7 6 1 2 6 3 2 3 4 10 4 9 9 7 6 9 5 2 4 7 1 3 5 4 5 1 8 2 4 8 5 8 1 10 2 4 10 2 3 10 5 2 4 1 1 9 9 6 4 7 10 7 3 1 1 4 1 4 3 5 7 3 6 6 9 10 7 3 10 3 2 9 4 2 6 3 4 8 2 9 4 2 10 1 6 8 10 8 1 1 7 5 9 3 4 3 5 5 9 4 1 7 5 7 3 6 4 3 2 9 10 2 2 7 8 4 2 5 4 4 1 6 5 5 8 6 7 9 8 8 10 2 9 7 4 10 5
2 1 8 8 7 8 7 2 5 6 5 0 2 1 7 3 3 4 3 3 10 9 6 5 3 5 10 7 10 1 4 9 7 5 10 5 4 3 3 10 9 1 5 7 2 1 4 1 2 8 3 3 8 2 4 5 4 2 6 1 2 10 7 5 7 8 4 5 1 7 5 8 6 4 2 4 8 5 5 6 9 1 7 5 4 7 1 2 2 4 2 1 3 8 7 9 2 9 3 6 5 5 9 6 9 7 9 2 5 5 9 4 9 6 4 1 8 2 7 4 1 10 1 8 9 9 10 9 10 3 8 1 4 2 3 1 3 4 6 7 10 8 4 3 3 4 9 4 1 1
1 8 6 3 6 2 3 10 2 3 10 1 0 3 7 9 4 9 3 3 10 5 4 10 10 9 2 8 2 10 9 3 9 9 9 3 3 7 3 1 2 6 2 10 6 8 2 9 2 9 4 2 1 2 6 10 9 6 10 9 5 9 9 8 7 10 10 9 8 2 7 6 8 5 3 8 6 7 8 9 8 1 3 5 6 7 8 9 9 7 9 5 8 10 1 3 9 1 1 1 5 4 9 7 1 4 8 3 5 8 7 3 2 3 6 8 8 5 5 3 10 10 6 2 8 4 7 6 8 5 6 3 4 1 2 9 7 9 7 6 6 4 6 1 5 1 10 5 1 10
7 3 10 4 2 10 5 5 10 6 4 6 4 0 5 7 5 4 8 10 6 5 2 8 10 1 3 8 2 8 9 1 8 3 2 9 9 4 6 7 5 7 2 4 1 7 2 2 1 10 4 6 8 10 9 10 1 6 8 3 5 4 9 4 10 8 3 2 5 5 4 10 4 9 4 4 3 10 4 1 2 2 8 4 3 10 5 8 2 2 10 7 1 8 5 10 10 5 10 4 6 9 7 4 9 4 9 4 8 3 5 10 8 6 8 3 2 4 1 10 8 3 10 2 4 4 2 8 1 2 2 2 5 2 1 4 8 7 1 8 6 5 6 1 1 8 4 9 3 2
6 7 4 9 9 4 8 6 7 8 7 3 10 8 0 8 8 6 8 5 10 4 1 1 9 1 4 5 9 7 6 10 4 9 3 8 3 8 8 3 3 3 1 7 6 3 6 8 8 6 1 2 2 6 3 3 5 4 5 3 7 10 7 7 7 10 4 1 6 2 10 3 1 6 7 5 9 2 2 4 9 8 2 1 4 5 10 3 2 6 9 9 3 6 9 7 10 9 10 6 9 7 6 10 5 7 2 7 4 8 10 8 7 5 6 3 1 9 9 7 8 1 5 1 5 2 6 10 5 1 2 8 8 7 10 8 2 9 8 6 8 10 3 4 7 3 1 10 8 4
2 9 7 9 8 8 5 5 6 2 10 5 3 7 7 0 2 3 5 5 2 3 5 7 5 3 2 9 10 6 4 2 6 1 2 7 9 1 7 3 7 3 3 4 10 9 7 6 4 4 3 5 7 3 8 8 7 7 5 6 7 2 1 9 1 3 5 10 9 4 7 9 10 4 3 10 3 2 2 8 3 4 5 1 10 10 3 3 9 6 7 8 7 9 7 1 3 3 2 8 5 1 1 2 10 9 2 10 1 4 10 8 1 1 1 7 6 3 2 10 8 4 8 3 6 5 2 10 8 7 8 6 4 4 1 8 5 8 2 6 1 10 4 2 1 8 9 8 2 7
10 1 5 5 8 3 5 9 8 6 8 2 9 10 2 7 0 2 6 2 8 8 10 1 4 2 1 1 1 2 9 10 8 1 3 4 2 4 8 3 7 2 4 3 1 3 7 9 9 2 6 2 10 2 10 9 5 5 6 5 4 4 6 8 10 4 4 8 3 6 8 1 7 4 2 9 6 9 3 6 3 8 6 6 3 1 3 9 9 3 9 10 2 7 1 9 10 9 5 2 8 5 7 9 7 6 3 5 4 8 3 7 1 1 3 3 7 8 3 9 3 3 3 5 7 10 5 2 3 9 5 7 3 5 6 8 10 9 8 10 7 10 9 3 8 8 5 6 7 10
2 6 3 8 8 9 3 3 1 10 6 7 8 3 6 1 2 0 5 10 6 5 9 7 7 2 3 5 10 10 5 4 7 1 1 8 9 10 7 1 6 1 5 1 2 7 4 9 1 4 10 7 8 2 5 1 2 2 3 2 3 2 4 10 4 5 4 2 3 1 3 9 4 9 7 3 9 7 1 2 3 1 2 10 5 8 4 6 9 2 10 4 5 4 1 2 4 6 2 1 8 10 2 9 9 7 3 4 5 2 9 4 8 9 2 8 1 8 7 6 7 5 2 8 5 7 10 1 3 10 7 9 3 8 1 2 3 10 10 8 7 7 3 2 4 3 1 9 9 9
4 5 3 3 7 8 6 9 8 2 3 8 8 6 4 10 1 5 0 1 9 6 8 10 7 8 2 3 9 9 6 6 7 9 3 9 3 5 10 8 1 9 3 1 2 5 3 7 1 8 9 4 3 8 7 6 7 1 3 4 7 10 5 1 1 1 9 2 10 9 3 3 10 8 10 3 1 4 6 2 2 1 5 10 4 10 1 6 3 4 9 3 10 7 9 7 1 4 7 7 9 4 5 4 7 6 9 2 6 10 10 4 9 9 2 10 3 5 6 2 4 9 2 2 6 1 10 4 9 1 2 5 8 10 7 10 2 3 6 10 2 7 4 10 8 2 6 3 6 8
3 8 2 1 1 9 4 7 5 1 10 5 3 9 9 2 4 2 10 0 5 7 5 8 2 2 1 1 7 4 1 2 3 1 7 2 6 8 10 2 5 9 10 4 2 5 3 2 8 3 3 7 9 1 8 10 10 5 7 4 3 3 5 4 2 5 9 10 2 5 7 4 10 8 5 2 5 9 8 1 2 8 6 3 7 1 1 2 8 8 8 2 5 6 1 6 8 3 2 4 8 8 7 2 6 10 1 3 4 4 1 10 5 10 6 7 2 1 2 5 8 1 4 6 3 9 4 7 5 7 3 9 8 10 4 10 7 6 3 5 7 1 4 2 3 7 10 6 9 6
10 8 2 1 3 9 7 7 5 2 7 2 6 8 4 3 10 5 7 2 0 5 8 8 6 9 4 2 9 2 3 1 7 8 3 4 5 10 4 5 10 5 2 9 9 5 9 4 1 5 10 9 6 8 1 4 7 8 1 10 4 1 9 6 4 5 9 3 1 4 5 7 5 7 5 2 3 10 8 10 5 5 6 9 2 4 1 8 8 5 9 9 4 10 4 5 5 3 10 2 10 6 10 10 4 8 10 1 7 7 10 1 5 4 2 5 8 8 7 3 10 6 4 5 2 2 4 2 10 3 3 6 6 10 7 7 10 3 10 2 1 2 4 10 9 3 2 7 9 4
10 9 10 1 1 7 5 8 4 1 3 4 10 1 2 2 7 7 5 9 4 0 8 6 4 1 5 5 5 3 4 1 9 9 5 4 10 6 6 8 6 10 7 3 2 6 9 2 10 10 9 5 1 2 8 6 4 10 4 9 3 6 10 3 8 6 2 3 5 1 1 9 7 4 4 5 8 9 8 1 8 8 10 6 2 8 4 9 7 3 2 7 10 4 3 4 10 9 1 7 5 5 2 8 3 2 1 3 9 5 4 7 8 1 9 2 7 3 2 5 10 10 1 7 9 6 1 5 4 6 9 9 8 2 2 5 9 3 6 4 5 6 3 4 5 8 8 5 3 4
6 2 8 1 9 2 2 9 9 1 10 5 4 10 7 6 8 10 2 9 8 1 0 6 6 8 10 10 6 7 7 9 3 4 5 10 6 7 7 3 4 8 9 9 4 10 7 1 9 3 7 9 1 8 1 5 6 8 9 2 6 4 6 9 9 6 5 5 9 6 8 5 1 8 3 10 1 10 1 7 6 5 6 7 9 7 9 9 2 5 2 1 4 2 9 10 1 5 10 10 5 10 5 10 3 6 1 4 5 6 9 4 9 10 8 10 9 5 6 2 8 7 5 2 1 1 10 5 4 4 10 2 10 10 5 8 2 5 3 9 1 8 8 9 6 6 3 6 7 10
3 9 9 4 10 6 1 7 10 7 5 4 4 5 1 10 5 7 2 9 8 6 9 0 2 6 4 5 8 8 6 6 4 10 4 5 9 7 5 5 6 6 8 9 4 4 5 1 3 10 4 3 1 3 8 1 10 1 10 9 3 7 5 10 10 2 9 8 3 9 1 4 8 3 7 1 9 8 2 1 6 4 2 3 3 10 9 9 9 5 4 5 8 2 6 2 4 1 6 4 6 8 6 2 4 4 2 9 1 2 4 4 4 6 10 2 3 4 7 4 9 4 2 7 4 4 7 5 1 2 8 6 3 5 3 6 9 5 1 10 2 4 1 1 3 9 1 5 7 6
3 10 3 1 5 5 7 8 9 9 7 6 8 6 10 7 10 10 2 9 8 6 8 9 0 5 7 4 7 4 6 5 6 9 4 1 1 7 1 9 2 5 9 4 5 5 3 7 4 2 9 4 5 5 10 8 4 7 2 5 3 5 2 9 6 10 6 2 3 6 2 4 8 3 10 7 10 2 1 9 10 5 2 6 1 1 5 5 8 7 8 5 7 2 7 3 10 9 5 1 2 4 10 1 2 10 6 2 4 3 6 10 6 6 4 8 1 1 10 10 3 2 8 4 10 7 4 3 4 3 1 7 10 10 7 1 6 2 7 7 6 7 8 9 1 1 7 4 6 1
3 10 10 5 3 8 8 2 9 3 6 10 10 7 10 10 8 1 9 2 3 7 6 8 8 0 1 8 5 6 5 2 6 6 5 4 6 3 2 3 4 10 6 9 6 6 2 6 9 4 1 2 9 4 10 4 7 3 4 10 1 4 8 8 9 2 6 9 1 8 2 9 6 9 2 1 4 7 5 6 5 7 2 10 2 8 1 6 7 8 9 3 1 10 1 8 4 9 9 5 9 4 7 3 5 5 6 4 7 10 10 8 4 3 7 4 4 10 9 6 2 8 5 4 4 1 8 7 1 1 4 6 9 5 7 2 6 1 7 5 9 4 7 7 4 9 8 5 2 5
10 2 6 9 2 3 3 1 1 8 5 7 2 2 6 4 4 8 4 9 1 7 4 5 5 2 0 1 6 8 2 2 10 6 10 6 1 4 5 6 9 4 3 9 2 1 4 8 9 3 7 5 1 7 6 5 5 1 6 9 10 7 6 7 2 8 1 4 2 9 2 1 2 7 7 7 5 2 5 3 5 2 9 10 3 5 9 6 8 2 3 1 5 3 8 9 10 4 1 2 1 1 2 8 2 6 1 7 6 4 2 1 8 8 2 4 1 6 5 3 7 5 5 2 6 5 1 6 7 8 10 8 5 1 6 9 9 10 5 10 1 4 9 5 5 3 7 7 3 10
5 5 5 1 1 1 3 9 2 5 1 1 3 4 2 10 2 5 4 2 4 7 9 10 10 5 1 0 1 5 8 3 6 8 4 7 9 1 2 7 9 5 5 2 9 7 2 6 9 4 6 4 5 3 7 5 1 5 8 4 9 10 5 3 1 4 7 4 4 1 3 8 4 6 8 10 10 4 6 10 3 5 10 10 2 4 4 8 3 9 1 6 6 5 6 5 4 3 10 3 10 5 8 5 5 8 7 5 5 8 3 2 8 10 4 8 2 6 6 3 1 10 6 9 10 10 3 5 4 9 7 9 5 8 5 2 5 7 5 2 5 2 4 9 4 7 7 1 7 4
4 6 10 4 8 1 9 1 6 4 8 7 9 6 8 4 7 5 8 8 3 1 10 2 4 6 7 2 0 5 2 10 5 6 4 2 6 8 1 6 8 9 3 3 4 10 9 1 2 2 9 2 3 5 4 3 2 6 5 3 1 3 1 4 3 2 6 10 8 10 4 8 1 9 6 2 3 3 5 9 9 5 8 8 8 10 9 5 2 8 7 8 9 1 4 2 10 5 5 10 6 9 7 8 3 4 5 9 10 8 2 9 4 6 6 7 4 5 6 6 10 10 7 2 1 2 4 3 2 2 4 4 8 2 1 9 10 7 8 7 1 6 1 10 8 7 7 4 6 3
4 8 5 8 10 9 5 9 6 8 4 5 6 3 5 9 10 3 4 4 10 4 1 3 4 4 7 6 6 0 5 3 2 7 2 1 7 8 7 8 1 1 4 4 10 8 8 5 6 4 9 8 2 2 6 10 8 10 4 1 5 2 1 9 1 10 9 1 1 10 2 3 7 3 7 10 3 6 2 9 2 1 7 1 8 2 8 2 10 9 4 6 2 4 6 10 3 9 7 2 10 3 5 3 8 5 10 3 2 6 6 2 1 10 6 10 8 1 5 1 4 1 3 3 5 7 3 7 7 9 5 1 10 8 6 6 1 5 9 10 8 1 4 10 1 8 8 3 4 4
2 1 7 3 4 9 6 6 6 6 10 4 3 3 2 1 5 9 10 3 8 5 3 7 9 7 1 2 7 6 0 8 10 10 1 2 10 8 2 4 3 9 1 2 8 3 10 1 7 8 4 5 5 5 5 10 4 4 1 8 4 4 9 10 6 3 5 1 6 6 6 9 8 8 3 7 2 9 8 6 1 3 6 10 8 6 9 1 7 4 4 6 6 7 5 6 9 4 9 5 7 6 9 8 7 6 6 6 1 2 7 3 7 5 5 4 8 9 10 5 1 5 2 10 5 2 5 7 5 2 10 2 4 2 5 9 3 1 5 7 5 4 5 8 8 1 5 8 6 9
5 2 5 9 1 9 8 4 8 7 5 6 4 7 6 5 3 10 4 8 10 9 8 2 10 6 8 1 10 10 4 0 1 9 8 4 1 4 7 10 6 1 10 9 4 2 2 6 10 9 10 10 5 4 3 5 1 10 8 5 1 6 5 6 9 1 6 5 2 10 2 2 4 8 2 9 5 8 6 1 1 2 10 10 7 2 1 10 8 7 9 4 10 6 8 10 2 1 8 2 8 3 10 10 9 6 6 4 7 9 5 2 6 2 3 6 5 4 8 2 5 10 4 6 7 1 3 4 5 3 2 8 3 4 1 1 8 10 6 5 6 1 3 3 9 1 10 8 8 6
8 10 4 3 2 2 9 4 8 2 8 6 3 7 2 7 9 3 8 3 2 8 7 2 9 2 6 2 9 1 4 5 0 3 9 9 7 5 5 8 4 7 2 6 7 2 6 9 9 10 1 1 4 7 9 3 8 8 8 2 2 5 7 5 10 1 9 5 1 4 10 10 7 10 1 7 2 3 5 5 8 7 7 9 10 8 9 9 3 7 2 3 9 6 7 9 10 5 7 3 5 2 3 7 4 1 4 2 10 9 2 5 9 6 10 6 2 8 10 6 6 1 4 7 3 3 2 7 1 3 5 5 7 4 1 10 7 2 8 9 1 10 8 9 5 6 5 9 1 3
5 7 1 10 8 6 2 1 6 6 10 4 9 6 8 8 8 1 7 9 3 9 4 6 9 9 5 1 4 9 1 6 4 0 7 8 5 6 6 1 3 8 3 3 2 9 4 4 6 10 10 4 9 10 6 1 8 10 3 5 10 5 10 3 5 10 1 1 1 4 4 10 4 5 5 4 5 7 10 5 4 7 6 8 7 8 5 10 5 5 4 4 10 1 7 10 10 8 6 10 8 6 1 7 2 10 2 9 1 8 8 1 10 1 3 10 9 6 8 2 6 8 10 7 7 7 9 9 10 9 7 8 2 9 1 6 3 10 7 1 4 4 5 3 2 2 5 1 2 8
9 1 5 3 10 5 7 1 5 3 4 7 4 2 8 6 6 5 7 6 1 9 8 9 10 9 8 9 8 8 10 8 6 1 0 3 1 7 5 10 5 5 10 8 7 2 5 3 2 3 5 4 3 6 4 9 2 6 3 6 5 5 1 4 10 8 1 6 7 4 1 2 3 2 7 2 10 2 7 10 2 5 4 4 10 9 2 7 7 8 9 2 1 3 4 9 3 2 1 10 4 8 4 3 10 10 3 4 3 7 2 9 5 2 5 6 6 7 6 2 8 3 5 8 8 3 1 2 6 9 6 1 8 2 1 6 10 8 5 8 6 4 8 6 4 4 7 4 3 1
5 2 5 10 6 3 9 2 1 4 7 9 10 10 3 3 2 4 10 10 2 1 4 4 6 10 3 2 6 8 4 2 8 7 10 0 8 7 8 4 7 3 1 7 3 5 2 1 5 6 10 9 2 6 6 8 4 2 4 3 9 1 9 1 2 1 8 7 10 7 5 1 9 4 1 2 5 1 2 4 4 6 8 5 7 5 1 2 9 2 6 9 8 8 7 2 8 4 10 8 8 2 8 5 1 2 1 6 1 9 3 5 8 3 9 9 3 4 2 4 10 10 5 3 4 1 1 6 8 3 5 8 5 4 4 9 9 5 10 3 5 4 7 4 2 1 10 6 8 2
1 5 10 1 5 8 9 4 8 10 9 5 8 5 5 8 5 4 3 10 9 9 5 10 1 3 3 6 7 2 5 4 1 5 7 10 0 9 1 5 9 2 9 2 4 7 2 5 1 10 6 6 6 3 3 4 9 4 8 6 10 6 8 6 8 4 8 6 9 1 9 10 9 10 10 1 10 7 5 3 2 4 9 3 9 3 7 1 5 3 8 2 1 8 3 7 1 8 9 9 8 5 2 2 6 9 1 10 7 5 6 1 7 3 5 10 10 5 9 2 2 5 4 10 3 5 1 2 5 1 3 10 5 3 4 1 1 10 5 5 6 5 4 10 5 10 6 8 4 2
6 3 10 7 4 5 10 10 3 3 1 9 4 1 9 2 9 2 10 1 2 3 5 4 9 5 3 9 10 1 5 1 8 3 6 6 7 0 10 7 2 2 1 8 5 2 3 4 10 10 6 8 5 9 3 8 7 6 1 9 8 4 8 6 9 3 4 9 5 9 2 6 2 7 8 9 5 9 2 9 5 9 5 2 9 1 7 2 6 4 7 10 2 10 7 5 6 1 1 5 9 1 8 2 9 6 4 6 9 5 1 4 1 2 5 9 3 1 6 7 6 4 1 9 3 4 5 3 8 6 7 10 5 3 7 7 1 6 8 3 1 3 9 4 2 9 5 10 4 8
10 5 1 4 7 1 4 8 3 9 2 10 4 8 10 3 1 3 8 8 7 5 9 4 5 8 7 10 7 7 5 3 4 10 5 7 9 9 0 6 8 7 5 10 3 8 1 10 6 10 3 7 9 10 4 2 9 10 6 5 9 3 4 8 4 3 4 4 6 10 1 1 6 6 7 6 6 9 9 6 10 3 1 4 6 7 8 3 4 1 3 2 6 2 7 7 6 8 7 2 9 1 2 2 7 7 1 5 2 9 5 4 3 3 1 6 3 4 8 6 5 5 6 2 6 3 9 4 8 1 6 10 1 3 4 8 7 3 9 7 1 7 8 8 7 5 2 1 4 1
2 8 8 8 4 3 5 1 7 6 7 1 6 8 2 9 4 8 7 4 10 1 3 10 6 7 8 1 4 10 6 5 10 10 7 1 1 10 8 0 3 2 10 1 2 1 9 10 2 7 8 9 6 3 8 9 2 2 1 4 4 7 3 8 10 3 3 1 5 2 5 9 6 3 1 5 7 4 8 6 4 2 5 9 7 9 9 3 2 6 6 9 10 2 9 1 6 1 3 4 9 1 10 1 3 9 6 7 2 6 7 7 3 10 1 10 1 6 7 10 8 8 1 5 8 8 2 6 8 6 8 4 3 10 4 2 4 7 3 1 2 7 3 9 7 2 10 4 10 1
6 1 8 2 2 2 5 9 6 2 2 9 1 4 7 6 2 1 8 9 8 10 8 8 8 3 9 7 6 1 7 9 9 9 8 6 1 8 2 3 0 3 9 9 7 5 4 7 8 10 2 7 8 7 9 10 2 2 10 3 6 3 6 1 5 8 8 8 3 3 3 6 1 2 8 2 7 5 6 7 4 5 7 9 3 1 6 8 5 3 10 8 10 2 8 10 8 1 10 1 4 2 4 1 9 2 7 6 1 3 8 7 10 3 4 9 4 7 10 2 2 7 7 7 5 1 2 5 7 6 4 8 8 2 5 2 9 8 4 7 1 10 8 5 8 1 8 7 5 2
2 1 8 5 10 10 4 8 6 5 9 6 10 3 5 9 8 1 2 10 6 1 6 3 5 4 3 6 5 9 2 5 2 10 3 10 4 7 1 3 1 0 5 10 9 1 1 7 2 1 5 3 8 3 5 3 10 6 3 5 4 10 5 7 1 3 7 2 8 1 4 9 4 9 9 1 7 7 5 4 7 7 4 8 1 9 10 9 8 10 5 10 9 6 9 4 3 1 2 3 4 10 6 1 2 4 3 4 1 2 9 4 9 3 9 3 2 3 6 5 9 5 9 10 4 4 5 7 9 6 2 9 3 2 8 3 9 4 1 2 1 5 3 7 9 6 5 9 8 4
7 2 10 5 3 4 2 9 2 6 2 5 3 7 4 4 7 6 7 1 8 9 6 3 7 9 7 8 10 3 1 10 3 2 8 1 4 10 4 3 2 4 0 10 4 4 2 8 5 5 4 8 8 7 10 10 3 9 4 6 4 10 10 9 1 5 2 3 3 9 5 3 5 1 3 4 4 4 10 2 5 3 10 1 4 1 5 6 9 5 3 1 4 9 4 3 6 2 6 5 6 7 5 5 8 8 7 3 1 10 8 2 7 5 10 10 3 4 3 9 9 10 2 4 9 2 1 9 10 6 3 2 9 8 9 6 5 4 3 10 3 9 6 6 8 7 3 7 8 4
9 10 7 4 4 8 5 10 6 5 9 10 6 1 8 1 7 3 3 7 8 2 2 3 2 10 3 2 2 9 4 6 9 5 8 7 2 1 8 1 8 9 7 0 3 2 3 4 9 5 1 6 6 5 5 8 2 8 4 9 6 3 9 6 4 4 7 8 2 1 3 6 1 3 8 5 7 5 1 6 6 5 5 3 8 1 10 1 9 3 7 1 5 6 6 8 6 9 5 7 8 3 10 6 4 5 8 7 2 9 7 4 2 6 4 8 7 3 6 8 10 10 2 9 7 1 2 7 2 1 8 6 10 3 4 3 7 9 7 9 2 1 4 10 2 8 4 8 4 6
10 1 5 8 3 8 2 3 7 9 8 7 8 9 8 4 10 7 4 5 6 8 3 6 7 9 1 9 9 4 1 10 6 5 8 10 6 1 1 9 10 2 9 6 0 2 10 2 2 9 10 5 3 4 2 4 2 3 1 5 7 2 2 10 10 7 3 9 5 7 9 3 1 10 10 1 3 3 1 7 4 9 2 5 5 7 4 2 8 9 8 7 7 2 8 7 7 1 8 7 1 4 8 3 8 4 2 7 9 2 8 2 10 5 5 5 8 5 5 3 3 5 1 3 3 2 1 1 7 2 8 1 5 2 4 3 6 7 8 9 7 1 10 10 7 6 10 9 4 8
2 5 10 2 10 1 5 3 4 2 1 8 10 7 1 9 4 6 5 2 7 5 10 10 8 8 10 9 9 2 7 8 5 1 2 7 6 2 8 7 10 4 1 6 6 0 5 8 10 1 3 9 6 4 5 7 9 7 7 8 1 9 10 9 4 7 9 2 4 8 9 5 8 10 5 9 5 4 9 1 10 1 9 3 7 5 10 4 8 4 6 4 6 6 6 4 2 5 7 5 7 7 5 4 8 2 4 3 10 7 2 9 5 3 10 1 5 9 2 9 8 9 9 9 10 6 7 1 9 2 7 1 8 6 1 4 8 1 10 3 7 9 5 7 5 5 3 2 10 9
8 2 9 5 9 9 7 6 8 2 8 7 3 9 4 2 2 8 1 7 9 7 3 3 2 7 3 8 6 3 1 4 1 7 4 5 5 8 1 2 4 8 1 10 7 4 0 2 4 9 8 9 8 10 8 6 6 7 1 3 9 1 4 8 3 8 5 10 5 5 10 2 3 10 7 2 5 6 5 5 10 8 2 7 10 8 8 4 2 9 10 1 5 3 9 3 8 9 1 1 8 8 3 8 2 2 8 1 5 6 6 6 9 1 10 4 5 9 7 3 5 7 8 5 5 9 3 4 2 6 2 8 4 4 3 1 5 4 8 2 3 10 8 3 7 6 10 5 3 5
4 3 8 6 6 6 9 5 3 6 7 3 3 6 8 9 8 1 4 3 9 3 7 8 6 8 5 8 1 8 7 5 4 4 1 4 9 3 4 6 7 7 10 6 3 5 4 0 4 5 10 10 6 8 1 4 6 6 6 7 3 2 4 5 8 1 3 2 8 6 8 10 4 10 8 6 5 4 5 4 10 6 7 7 5 10 7 3 4 5 8 2 6 6 8 1 10 2 9 5 7 2 6 5 5 9 8 10 7 2 6 7 2 1 10 9 10 10 4 7 5 10 10 4 3 6 2 9 6 9 9 5 4 6 6 4 3 9 9 10 5 8 5 4 8 8 10 5 3 7
8 8 6 2 1 9 4 10 6 1 8 1 5 10 9 6 5 9 10 10 1 2 1 8 5 5 10 6 10 3 8 5 7 5 2 8 5 10 8 5 3 1 10 3 7 5 7 1 0 1 8 6 6 3 7 7 1 2 6 3 8 8 3 5 10 3 9 6 3 2 9 8 3 8 3 10 5 10 5 4 9 2 6 4 4 1 8 6 2 10 8 2 6 2 1 2 5 2 1 4 5 3 6 5 6 5 8 7 10 2 2 6 4 1 8 1 3 5 5 1 2 4 5 3 1 6 3 3 1 4 6 8 6 6 4 1 4 9 9 7 10 8 2 2 3 8 3 8 2 4
7 6 1 2 9 1 5 6 8 7 4 6 1 9 10 4 6 9 1 5 9 4 6 9 10 6 8 7 9 1 6 6 5 5 2 4 10 10 7 4 8 1 2 2 4 8 6 4 5 0 6 7 7 10 8 6 9 7 8 10 8 1 8 1 8 6 6 2 8 6 5 10 6 4 6 6 6 10 7 8 4 8 5 5 8 10 1 8 5 10 6 3 10 1 7 9 1 10 6 10 9 9 4 1 2 8 2 10 1 8 10 6 6 9 7 6 1 2 2 8 8 3 4 5 4 8 5 2 6 1 10 1 8 1 9 9 7 3 8 7 10 7 2 10 4 6 10 1 6 10
5 7 3 1 2 10 3 3 2 2 3 5 7 9 9 8 1 1 8 3 2 5 8 5 2 6 4 2 3 8 1 4 4 8 10 6 3 1 2 7 10 9 2 8 4 3 4 8 9 9 0 4 3 4 7 9 1 4 7 6 4 7 3 10 6 6 8 3 1 2 5 9 1 7 3 7 4 7 10 8 7 10 5 10 4 4 10 2 5 2 7 10 7 1 9 9 2 3 2 6 4 5 5 9 6 1 1 6 5 1 9 10 7 2 9 2 3 4 1 1 10 5 10 3 6 2 7 5 2 10 8 7 2 8 10 6 4 4 4 4 4 5 7 5 8 6 7 4 3 6
8 2 1 3 10 3 1 6 4 6 6 6 4 9 5 5 1 3 8 10 7 10 3 6 4 3 5 1 5 1 7 2 3 3 3 2 6 5 4 2 10 4 2 8 8 3 7 4 1 2 9 0 2 9 4 3 5 6 4 9 10 5 10 6 10 9 2 3 4 1 6 9 3 5 10 10 6 7 9 10 3 9 9 3 8 8 5 6 2 8 8 10 1 7 1 5 10 2 9 8 1 9 5 9 1 7 9 3 7 10 5 2 5 4 9 10 10 3 2 9 5 5 5 9 1 5 4 4 7 3 9 1 6 9 5 10 3 2 7 5 6 6 2 5 10 3 3 4 8 9
4 5 8 10 9 5 4 9 10 10 4 3 9 7 5 3 4 1 9 1 4 10 6 2 9 1 9 9 4 9 4 3 8 7 9 3 8 9 7 10 6 5 7 4 4 1 4 2 8 4 1 9 0 2 5 1 1 8 6 4 3 8 9 5 9 9 10 9 8 7 6 9 8 8 6 5 8 9 10 6 6 10 2 6 7 9 2 9 5 5 6 6 7 10 1 1 4 1 7 7 5 1 4 9 1 8 6 4 10 10 3 6 6 2 4 4 8 2 5 6 6 6 3 8 1 5 2 6 4 2 5 1 10 4 3 9 2 4 2 7 4 7 4 6 1 1 10 9 9 6
6 2 9 3 6 6 2 4 2 2 6 8 5 8 8 9 10 5 8 4 8 3 3 10 3 9 4 3 7 10 2 5 3 8 6 3 9 4 4 1 6 8 1 4 9 6 9 10 5 1 7 8 2 0 3 5 1 2 10 9 9 1 8 3 3 5 6 4 10 7 1 2 4 9 1 7 5 6 9 9 3 6 1 3 1 5 2 5 10 3 3 4 4 1 3 1 1 1 7 6 2 10 4 8 3 7 4 6 10 2 9 7 8 8 9 2 7 1 9 3 1 10 10 1 6 6 6 4 5 2 6 2 3 4 1 5 2 8 9 6 9 8 7 4 3 9 7 3 6 9
6 8 10 4 3 5 3 7 3 10 8 5 4 3 8 8 5 4 6 5 8 3 2 5 5 9 2 3 8 10 8 9 2 1 5 3 8 3 10 1 3 1 7 4 9 9 1 2 6 4 3 2 1 1 0 3 9 2 3 2 10 10 9 9 10 8 3 2 3 5 9 2 3 7 1 10 2 2 1 3 1 8 3 8 8 4 5 7 9 6 3 8 6 9 10 4 8 1 1 8 10 9 4 1 7 8 2 5 10 5 3 9 2 8 9 10 4 4 3 1 1 6 1 2 5 7 10 5 4 10 9 10 6 5 10 9 3 3 6 6 10 6 8 10 2 9 1 9 1 1
9 4 4 2 3 8 2 4 9 8 2 10 4 10 1 4 6 2 1 8 9 5 6 8 7 7 9 9 6 7 6 5 6 7 2 4 8 7 3 1 1 9 5 2 8 1 2 3 9 9 10 8 10 7 4 0 6 6 9 4 1 3 7 3 6 10 7 1 4 4 6 6 2 3 3 6 6 1 10 8 9 2 2 7 5 7 8 8 10 9 1 6 2 3 4 5 3 4 10 9 7 7 5 1 7 7 10 4 6 7 1 7 3 5 9 2 5 4 10 6 1 9 9 7 9 6 2 8 3 3 6 9 2 5 9 7 2 4 2 3 2 5 8 3 5 2 7 7 5 1
5 3 4 3 7 1 1 8 4 1 9 5 8 3 7 7 2 3 9 7 10 2 9 10 1 7 5 10 7 2 1 9 8 10 10 8 5 1 8 4 10 8 2 1 2 9 6 9 10 4 1 1 8 5 10 5 0 2 1 5 2 5 5 5 1 2 5 5 2 7 10 3 6 4 3 6 2 2 6 10 10 3 3 7 10 2 8 9 7 5 6 10 6 3 8 8 5 10 4 6 3 2 3 7 9 1 4 2 3 8 5 5 10 1 9 2 9 4 6 2 9 7 10 7 8 8 5 9 5 5 8 3 8 8 1 9 7 9 1 6 1 4 5 2 3 1 3 5 6 6
9 7 1 2 7 2 10 9 9 6 6 7 6 8 5 1 5 1 2 10 5 2 7 4 1 7 7 5 7 8 10 3 2 1 7 5 8 7 4 9 5 9 3 4 10 2 7 8 10 8 6 3 6 1 1 3 5 0 6 10 1 3 10 5 2 2 5 9 10 1 10 9 4 1 1 1 9 4 3 6 9 3 6 3 1 9 3 5 6 7 3 3 6 6 4 4 9 5 5 8 10 2 10 8 1 8 9 5 1 4 3 3 8 2 4 5 9 5 3 7 4 9 2 5 2 6 9 5 4 2 3 10 1 7 9 10 10 4 1 4 10 3 2 7 9 7 1 10 6 7
1 9 2 2 7 6 6 9 5 2 5 7 4 4 8 6 6 4 8 2 9 2 2 5 7 10 8 4 10 4 1 10 2 1 8 9 7 10 8 2 4 3 5 3 10 9 3 8 6 5 3 4 2 5 1 8 1 6 0 1 1 5 3 5 8 9 1 3 3 8 9 10 4 6 10 8 8 6 3 1 5 1 5 3 10 3 9 2 9 8 10 9 2 5 5 8 3 5 2 9 7 9 8 3 9 5 6 10 2 8 6 10 5 8 1 7 8 4 4 5 7 4 3 7 3 6 6 2 3 6 2 4 8 1 2 4 5 7 6 4 10 8 6 1 9 10 9 2 6 4
3 7 7 6 7 6 3 7 4 8 10 3 2 1 8 10 9 10 9 6 1 9 9 6 7 5 4 5 9 2 1 5 7 3 10 2 7 5 6 7 1 4 8 9 8 3 8 7 6 6 8 8 10 3 8 8 8 3 9 0 9 10 6 1 7 6 1 2 9 8 3 1 3 5 5 9 8 7 6 2 4 4 1 9 2 9 1 9 3 7 10 3 6 6 1 3 1 10 6 5 10 1 6 5 10 8 1 8 7 8 10 7 7 5 6 4 9 3 6 1 2 5 8 4 10 4 10 10 5 10 5 6 7 3 1 7 5 8 2 10 1 5 9 2 7 3 1 5 6 4
4 10 3 6 1 8 6 4 5 8 7 2 2 4 8 4 3 1 6 8 3 2 9 10 5 4 2 6 2 2 9 2 6 10 4 3 1 6 7 2 9 2 2 10 7 9 9 5 1 5 1 9 6 8 5 3 8 10 9 9 0 10 10 7 10 4 6 4 10 3 7 4 6 7 1 1 3 9 7 6 6 1 1 4 8 10 2 6 4 3 5 2 5 2 9 3 7 8 8 7 7 9 9 9 8 3 3 8 8 2 1 6 2 3 8 7 7 5 8 8 2 4 2 1 7 8 8 9 10 10 2 4 3 8 7 9 3 7 3 9 1 3 7 6 5 7 9 10 7 3
4 3 3 4 5 4 9 8 3 7 6 10 3 10 5 1 7 2 2 7 10 4 2 1 5 7 7 10 7 2 7 5 4 7 10 5 1 2 4 7 8 6 5 8 8 2 8 2 6 6 4 9 8 7 10 3 2 4 10 3 9 0 4 1 3 10 5 7 8 5 9 5 9 8 5 3 10 1 10 7 8 9 4 10 6 9 1 7 8 2 5 3 5 7 6 2 2 10 1 9 4 9 10 3 1 9 8 3 5 9 6 7 7 5 10 10 9 10 4 5 9 3 6 5 6 7 3 9 10 10 3 10 2 4 8 2 10 2 7 10 8 1 7 2 1 7 4 7 9 10
10 10 8 2 7 3 4 5 1 3 2 2 7 2 5 9 3 1 7 10 9 9 4 9 8 3 7 3 4 8 1 3 3 1 10 7 5 5 3 4 6 1 9 5 1 5 6 8 8 10 7 3 7 1 7 10 3 4 9 7 7 9 0 5 1 2 9 5 4 10 1 8 2 1 10 1 1 10 4 3 7 5 5 5 8 5 7 2 1 2 5 7 2 10 1 1 9 7 4 10 5 1 4 1 1 9 4 1 1 6 10 3 4 9 7 5 9 9 3 8 1 10 9 3 3 1 2 8 10 7 1 2 5 5 6 9 4 5 1 7 2 1 10 9 8 3 10 3 2 4
1 7 7 5 2 9 7 10 5 10 7 5 4 7 3 8 5 5 3 2 8 1 8 5 1 4 7 10 2 4 1 1 9 4 5 1 9 3 9 1 1 7 2 3 5 5 3 5 1 5 3 8 6 8 7 3 3 8 3 9 10 3 1 0 1 4 9 8 10 3 5 5 4 8 6 3 6 5 7 9 5 1 2 1 9 2 6 8 6 4 4 7 4 10 4 9 2 9 9 4 10 4 8 3 7 4 3 2 2 4 10 1 1 10 7 3 8 6 9 4 10 7 2 5 6 1 1 5 4 6 10 10 8 7 7 4 1 5 1 10 9 8 2 1 5 10 8 5 2 4
9 1 7 9 4 7 7 10 2 6 7 8 5 4 9 2 1 1 3 2 4 1 1 7 1 5 10 4 2 9 10 10 6 10 3 6 4 8 7 10 5 6 8 10 8 5 2 1 10 9 5 6 3 6 5 5 10 5 1 2 5 9 9 1 0 6 7 10 4 2 1 9 4 2 2 1 5 3 6 9 2 1 8 1 6 2 4 3 8 7 10 8 1 9 2 9 5 10 5 5 10 3 6 8 3 1 6 6 9 8 2 2 1 7 1 1 10 7 8 8 8 6 5 5 4 5 6 3 4 3 9 5 8 8 10 3 8 1 10 5 5 5 9 5 2 7 4 5 2 6
1 8 10 5 8 9 9 4 1 6 3 8 3 4 3 6 3 8 3 6 3 2 7 3 3 5 6 1 1 10 5 5 6 7 4 6 4 8 5 1 7 7 1 9 8 7 9 8 3 2 2 1 8 8 3 8 8 9 9 5 3 2 6 4 10 0 9 8 4 8 10 10 4 6 6 8 10 7 2 7 8 10 2 2 8 5 4 6 3 9 5 2 7 10 1 9 10 1 5 4 2 3 1 7 7 9 1 4 8 10 10 5 3 4 5 7 8 6 7 4 8 6 5 4 2 2 5 7 6 5 1 4 3 3 10 6 6 2 10 5 1 5 1 9 8 1 5 3 4 6
2 5 9 4 1 8 10 6 2 2 2 9 5 6 8 9 8 10 7 7 2 8 8 6 9 4 2 9 5 5 6 5 3 5 5 9 1 8 9 8 5 1 2 5 3 3 5 3 6 9 7 1 4 8 3 9 5 5 5 3 9 4 6 3 5 3 0 5 8 6 9 8 4 5 9 6 3 1 8 8 3 3 4 2 9 8 10 1 1 6 8 10 8 4 4 5 7 2 2 4 10 6 10 4 5 5 6 5 4 9 1 7 8 9 1 6 3 2 1 3 2 5 8 7 1 2 9 5 10 9 3 1 4 7 6 9 4 5 5 1 4 7 3 7 6 2 7 4 9 8
5 1 4 5 5 7 1 5 7 8 5 7 8 4 8 1 3 10 1 7 2 7 2 1 8 1 8 7 9 10 4 8 7 5 5 6 1 3 4 6 9 2 2 1 4 3 6 4 3 10 8 7 1 1 5 4 1 4 1 8 6 5 10 9 2 7 5 0 2 4 8 4 5 6 6 10 9 4 2 3 2 4 10 8 9 1 1 3 4 7 7 4 6 2 6 7 7 3 3 9 8 6 2 9 10 8 3 2 9 7 8 9 1 9 5 5 10 7 9 3 10 3 1 1 8 1 2 10 3 4 8 3 1 6 1 9 10 4 10 6 1 1 9 10 2 2 7 4 3 3
9 2 5 1 8 10 1 9 8 2 1 6 8 10 7 7 7 6 9 2 7 6 3 8 1 5 2 4 8 5 1 5 3 10 8 9 1 4 10 3 10 9 7 6 10 7 10 4 2 1 4 1 6 7 3 5 8 6 4 3 9 10 9 2 3 7 4 3 0 8 10 5 9 9 6 4 4 3 10 10 3 10 1 5 4 4 6 10 4 9 6 9 8 6 6 3 1 9 9 2 3 6 5 10 2 4 3 3 2 6 8 2 5 2 5 7 4 1 8 6 4 2 7 4 10 2 3 8 8 5 2 1 7 5 7 8 1 9 5 1 6 7 4 2 8 3 4 5 4 6
7 2 5 8 7 7 1 9 3 10 3 7 2 6 8 3 1 5 8 3 3 1 4 5 7 4 9 6 8 6 10 9 4 1 9 8 8 10 6 1 1 1 7 6 6 9 10 3 7 1 1 7 9 10 10 4 9 2 7 10 9 8 6 3 6 8 6 10 10 0 4 10 5 5 6 6 9 4 8 3 5 10 4 7 8 6 4 3 4 9 8 10 1 5 3 9 2 3 5 6 2 6 4 5 5 2 10 4 5 9 8 8 10 8 3 3 1 3 10 8 2 10 1 3 9 9 4 7 6 2 3 1 2 8 7 4 7 5 10 4 10 2 7 10 6 10 10 8 2 1
3 4 5 8 9 8 7 5 7 3 10 9 3 8 7 1 7 6 10 2 1 9 6 2 9 3 3 5 1 7 6 3 5 5 5 5 10 8 5 4 3 8 8 10 2 1 3 8 2 2 9 8 9 2 9 4 5 1 1 1 1 3 8 2 3 7 7 7 10 10 0 2 8 2 9 7 7 10 5 9 10 3 3 8 1 2 7 8 2 4 8 4 1 6 6 3 4 8 5 7 2 8 1 5 7 3 3 3 10 1 6 3 6 10 6 1 5 6 7 3 4 9 7 2 10 8 9 2 10 3 2 5 4 6 6 8 10 4 5 4 10 5 6 2 2 7 9 4 3 4
9 3 5 3 3 3 5 9 3 4 5 6 1 6 7 2 8 8 1 6 5 1 5 2 4 5 10 6 8 8 5 3 10 10 1 5 6 7 6 2 2 9 10 10 4 8 9 10 10 4 7 9 1 9 10 2 4 6 2 10 10 3 10 10 7 10 3 6 2 8 7 0 5 4 3 3 9 3 9 3 1 8 9 3 8 4 3 10 6 3 2 8 7 9 6 10 6 6 3 6 4 4 3 7 4 5 1 5 4 7 3 9 4 6 6 1 6 3 5 4 2 3 4 3 3 6 4 2 5 1 6 4 6 5 3 5 7 3 7 2 7 6 7 2 9 10 9 7 6 9
2 6 1 9 6 5 1 10 10 6 4 8 6 9 10 9 7 6 7 8 4 2 7 1 2 2 9 9 5 9 5 4 10 4 4 9 9 3 8 1 4 1 7 7 3 7 6 2 10 9 5 2 9 6 7 10 3 2 1 4 7 5 8 9 3 8 2 7 10 2 6 3 0 8 10 4 4 5 5 4 6 7 5 7 5 2 6 3 8 5 2 7 5 10 3 8 5 10 5 10 5 2 5 8 4 10 5 2 4 2 5 3 1 7 10 2 8 8 8 2 3 6 7 3 2 10 8 6 1 1 7 10 7 10 4 9 7 6 10 3 4 5 1 8 1 9 10 4 1 9
8 6 3 3 5 10 8 2 3 3 5 5 2 9 4 5 7 7 6 3 5 1 2 2 1 5 8 7 2 5 2 2 9 3 5 2 9 10 2 7 3 1 5 3 6 8 9 4 5 10 2 10 4 1 9 9 10 3 2 2 9 2 5 5 4 1 8 6 5 7 6 2 6 0 4 5 9 9 8 1 2 2 6 10 4 7 2 2 9 1 8 5 6 9 4 7 7 3 1 3 10 10 10 8 5 6 3 9 5 10 7 2 10 9 6 6 10 10 1 3 10 1 7 5 4 10 9 6 10 10 3 3 7 2 9 5 4 6 3 8 3 2 8 7 2 7 10 5 4 1
10 9 10 3 3 10 8 2 1 5 1 10 4 8 5 3 4 10 9 10 2 10 5 4 6 3 6 5 5 10 4 2 5 5 4 8 8 5 9 4 4 4 5 7 9 7 8 8 5 3 2 8 3 5 2 9 10 9 5 7 2 4 3 5 7 8 9 6 4 7 2 7 9 6 0 5 6 2 10 1 7 10 2 10 7 8 5 4 6 5 6 1 3 5 3 1 7 8 4 3 2 9 8 9 10 8 6 4 9 10 2 9 4 1 7 3 2 6 6 1 4 5 8 10 9 6 1 3 4 7 4 2 5 10 9 7 2 3 5 7 5 3 4 1 8 3 6 10 10 9
6 8 2 10 9 3 7 10 8 4 4 10 6 1 4 4 1 7 8 6 4 3 8 3 9 7 2 7 2 1 2 10 8 10 5 9 1 3 2 1 10 7 5 8 4 7 7 1 4 7 9 1 2 9 10 7 6 5 2 9 2 9 9 1 2 6 3 2 7 10 1 9 2 8 2 0 7 7 5 9 9 2 2 4 7 4 6 6 4 10 9 5 10 4 2 6 5 1 2 9 10 9 1 4 3 5 9 6 4 8 9 10 7 8 7 6 1 3 8 6 6 10 8 2 1 2 7 7 5 9 9 2 7 6 4 8 10 10 7 3 2 9 5 4 5 4 3 4 3 6
3 10 6 6 9 6 7 10 9 7 5 2 5 2 6 5 8 3 4 5 1 7 4 4 9 6 7 8 7 7 8 10 8 6 8 4 3 9 7 10 8 7 6 3 1 1 7 5 3 9 7 8 4 1 10 7 6 7 4 5 8 6 3 5 1 8 3 10 10 7 10 9 1 6 8 1 0 2 5 5 2 10 3 3 4 6 9 9 4 5 7 9 2 2 2 10 3 7 2 10 3 9 6 2 3 8 4 6 9 5 5 6 2 9 4 4 4 10 5 10 9 10 1 3 10 6 2 8 2 2 6 6 8 1 2 9 10 9 6 8 10 2 2 8 2 5 1 8 4 7
1 7 5 8 7 6 6 6 4 1 1 8 10 9 1 1 3 5 7 4 6 8 6 10 6 10 8 10 6 5 2 9 8 7 6 6 4 7 3 8 3 5 9 9 8 5 6 9 6 7 8 9 2 10 6 3 9 4 9 8 7 1 1 1 4 9 2 5 1 10 4 2 9 4 5 8 6 0 7 1 1 4 1 4 9 8 5 10 6 9 9 7 7 6 1 7 10 8 10 3 10 1 1 6 7 2 5 3 9 1 7 9 7 7 6 10 5 1 2 6 3 5 10 3 6 4 10 7 10 4 10 7 2 4 4 5 7 8 6 2 3 3 10 4 1 7 5 8 2 1
7 7 5 7 4 7 3 2 3 5 6 8 10 5 1 10 2 8 8 4 2 4 7 1 6 3 7 2 9 5 4 1 5 1 3 1 1 7 5 4 1 7 5 1 7 2 5 10 9 1 10 2 9 2 5 8 2 8 10 7 4 9 6 10 4 10 6 7 7 9 3 9 6 2 3 3 10 7 0 1 7 1 2 6 2 2 7 7 1 1 3 1 10 10 8 8 2 1 1 3 3 8 5 6 1 4 4 9 5 10 2 10 1 6 8 8 6 8 9 10 7 1 3 5 7 5 4 10 4 2 5 9 7 9 10 2 8 4 2 7 7 5 2 3 7 6 8 5 6 9
8 5 8 7 3 10 3 1 3 7 3 3 1 7 3 2 7 1 10 4 7 4 3 10 4 2 3 5 9 3 10 2 6 2 7 1 10 5 9 3 8 3 1 1 4 5 6 4 8 9 8 8 9 7 5 1 7 4 1 10 10 7 1 9 3 10 6 6 5 3 9 6 3 1 4 5 8 1 7 0 10 7 2 6 7 10 10 3 5 7 5 6 3 8 10 2 1 10 8 5 10 1 10 8 7 9 6 4 5 3 1 9 1 2 4 10 6 5 3 8 6 1 4 9 5 5 4 10 5 5 6 10 9 9 2 10 1 8 4 5 8 5 7 4 8 6 2 9 2 9
6 4 7 9 2 2 7 3 6 7 9 3 10 5 4 5 2 3 10 6 3 8 1 9 7 2 3 2 3 6 1 3 10 6 3 9 8 7 5 2 8 8 8 8 10 10 1 3 3 4 6 2 1 5 9 10 6 4 2 9 4 1 9 3 10 7 1 5 6 2 7 1 7 3 4 7 9 4 8 2 0 4 3 6 5 6 7 3 7 1 4 7 8 7 1 2 10 9 6 7 8 2 9 10 4 1 8 2 6 6 4 4 9 8 5 3 2 5 7 4 4 8 6 5 5 3 4 3 2 5 10 3 8 7 6 10 5 4 6 2 10 2 9 1 5 6 3 1 1 5
1 3 5 8 5 10 9 5 4 5 5 5 1 2 4 10 3 7 10 4 8 1 1 5 3 1 8 1 10 8 8 10 5 3 8 7 8 7 5 5 2 8 3 5 6 9 1 7 3 6 3 3 1 10 2 2 5 1 8 4 9 9 10 7 2 2 4 7 10 6 5 9 10 3 6 5 6 10 1 3 2 0 7 3 10 9 4 2 8 7 4 4 7 7 10 10 4 3 7 7 10 8 8 5 2 10 1 5 8 5 6 7 7 4 2 5 8 2 2 9 9 1 3 1 3 3 2 10 3 10 8 4 2 5 4 5 1 10 2 4 6 10 5 2 7 5 2 3 10 2
9 2 2 8 5 3 8 6 1 6 6 5 10 6 3 5 9 1 1 7 10 7 3 7 7 2 7 5 7 8 3 7 6 4 10 8 2 6 3 10 6 1 8 8 4 6 7 5 9 2 4 3 1 4 10 8 7 2 4 2 7 9 4 9 9 4 9 4 9 1 9 9 4 6 5 4 3 7 2 8 3 4 0 10 1 3 8 9 2 1 7 8 5 10 5 3 5 10 1 5 4 1 7 10 7 1 10 6 8 4 9 3 7 10 9 3 4 9 1 3 7 2 10 5 6 9 8 7 2 6 6 7 4 1 5 4 7 2 4 1 8 1 10 3 8 10 7 8 4 3
5 10 2 5 1 2 5 7 5 4 9 1 2 9 2 6 5 8 6 2 1 9 2 9 6 7 7 1 5 1 4 10 8 5 10 5 10 6 1 9 4 2 9 3 3 3 2 3 4 2 7 2 5 10 2 7 9 6 2 5 7 2 4 7 3 8 1 1 7 10 6 10 6 5 7 1 9 5 9 6 3 3 1 0 5 2 9 4 9 1 1 1 7 8 6 9 9 8 10 3 2 6 6 1 1 2 3 3 8 7 9 1 9 2 1 2 10 9 1 1 1 3 7 6 9 8 4 9 4 1 7 2 10 6 7 7 8 8 3 1 5 9 2 5 4 3 7 9 1 7
2 10 1 6 3 3 4 6 5 8 3 4 6 8 9 10 4 2 4 1 1 4 8 7 10 3 6 10 9 8 9 6 10 5 3 4 7 1 6 4 2 1 10 7 8 1 2 7 3 7 9 10 8 5 7 7 10 8 10 4 4 5 8 6 4 2 7 1 3 7 4 9 4 6 10 9 4 9 4 1 10 9 7 3 0 2 3 10 7 7 5 1 5 7 6 4 7 1 4 1 7 1 7 10 3 4 6 9 3 2 6 7 2 10 1 6 5 6 3 6 2 8 7 3 4 3 1 4 5 6 9 9 5 9 2 8 9 9 8 9 5 6 1 6 7 2 5 9 9 9
10 6 1 3 8 7 5 9 5 10 2 4 3 4 9 4 9 10 8 10 7 7 3 9 5 5 10 1 1 10 4 2 5 5 5 6 5 7 5 10 7 9 10 8 1 3 5 9 7 3 4 10 3 2 6 7 7 6 10 5 4 1 4 1 7 2 7 8 1 5 5 7 10 8 3 6 1 3 9 9 2 3 2 8 8 0 9 10 8 7 2 9 8 6 3 10 8 9 5 6 6 8 2 3 7 5 9 10 9 9 8 7 10 10 10 6 7 9 1 4 9 7 2 9 7 9 7 5 9 7 7 1 7 5 6 7 8 7 2 2 7 9 2 9 3 9 2 5 8 3
5 10 5 9 3 9 3 2 6 6 1 10 6 5 1 4 10 6 4 7 5 8 8 2 1 10 4 4 5 10 3 9 6 3 8 6 2 1 3 2 6 4 1 3 9 8 2 4 5 3 1 10 2 8 2 3 4 3 3 5 2 5 6 10 8 3 6 1 6 3 10 2 2 2 9 9 4 1 5 4 6 4 10 4 8 2 0 6 3 9 6 9 6 4 9 6 1 1 1 7 8 2 10 1 2 1 1 4 10 3 9 7 9 3 5 2 5 10 7 8 9 4 5 6 9 6 9 3 9 10 4 4 5 5 7 6 3 4 5 6 4 10 5 6 6 7 10 1 2 3
7 4 10 9 2 10 6 8 2 8 8 6 2 7 4 9 8 8 6 3 10 4 2 6 6 3 7 10 9 4 7 9 4 6 5 8 2 10 8 8 1 8 3 7 2 6 10 9 7 4 7 8 6 10 8 4 5 1 2 3 2 3 7 4 9 4 8 8 8 3 7 5 10 1 2 7 4 5 4 6 6 4 4 7 8 4 1 0 10 8 6 8 5 3 1 8 7 10 1 5 6 6 3 5 5 3 4 3 6 6 2 3 3 10 1 4 2 4 8 8 3 5 10 8 7 8 1 9 5 8 1 4 7 6 7 10 7 5 4 8 1 7 8 10 3 7 9 7 2 5
6 1 10 4 7 6 3 8 3 5 6 2 7 7 6 8 7 7 3 3 6 3 2 10 8 4 4 3 7 1 5 8 6 4 5 7 1 7 9 10 3 6 5 3 10 9 6 10 8 5 3 4 10 6 9 4 3 9 4 2 5 5 7 4 10 7 2 3 6 3 3 6 10 10 4 7 2 3 7 6 1 2 8 8 5 2 3 8 0 9 2 10 2 5 10 4 4 6 7 3 8 10 7 5 10 2 10 5 7 10 1 10 4 3 9 5 3 5 6 8 7 8 8 5 6 8 6 2 4 7 8 2 3 8 4 5 10 4 8 10 2 2 7 9 10 9 4 2 3 10
3 9 9 2 10 3 1 9 8 7 7 9 10 2 10 8 10 9 7 4 4 4 8 8 2 2 5 4 9 8 9 1 9 6 7 5 1 8 1 1 5 10 7 6 7 10 9 10 7 2 1 8 5 4 2 3 4 5 8 5 5 2 2 7 6 2 2 8 2 3 4 4 4 6 7 4 2 4 10 5 6 6 6 6 2 10 7 6 10 0 2 5 9 9 9 4 10 6 10 1 5 10 7 7 2 7 8 9 2 4 1 2 5 7 4 2 8 7 7 7 4 8 3 9 9 7 8 7 4 2 7 7 5 6 10 8 2 8 8 7 1 5 4 2 10 3 6 3 1 1
9 3 3 1 4 4 4 4 2 7 7 3 4 8 6 8 4 7 10 5 5 10 4 8 5 6 3 9 9 10 1 10 8 10 3 1 10 1 4 7 7 8 3 2 2 7 1 7 5 5 4 6 2 4 6 4 3 10 6 4 3 1 1 3 6 3 4 10 6 10 4 7 9 6 1 5 4 7 5 2 5 4 6 3 3 10 6 1 10 9 0 9 7 5 3 3 3 9 5 5 4 3 5 2 9 10 7 3 2 10 6 7 5 3 9 4 9 5 10 4 8 10 6 3 8 7 1 1 5 5 8 3 10 9 4 5 2 2 5 4 8 3 6 3 6 6 6 2 9 2
4 1 1 3 10 3 2 7 3 10 7 5 8 10 4 3 4 9 6 8 3 4 5 4 8 5 3 9 9 1 10 2 9 3 3 10 3 6 10 3 6 5 1 2 9 2 4 8 1 10 9 4 7 6 10 2 7 2 3 4 6 1 9 6 10 1 5 4 6 2 7 5 1 4 7 3 8 1 7 2 4 9 6 2 6 2 6 4 5 2 9 0 3 1 7 1 4 5 6 10 2 7 3 1 1 4 1 5 3 4 1 7 2 1 6 9 4 10 1 9 10 5 6 2 6 9 8 2 9 2 1 6 10 2 6 9 8 3 1 9 4 3 10 8 7 4 2 4 7 7
5 3 10 10 3 3 2 10 4 7 1 3 6 8 10 4 8 9 6 7 9 5 2 10 4 2 8 10 4 8 9 1 8 4 2 2 1 8 9 9 1 8 8 8 8 10 5 5 4 8 10 3 5 4 4 1 2 9 9 8 6 10 3 2 10 3 10 9 7 6 4 6 8 6 7 2 4 6 7 7 8 3 1 7 4 8 4 9 8 5 9 9 0 8 3 7 7 10 1 8 2 3 5 9 1 6 3 4 2 2 1 5 6 6 9 5 8 6 3 5 7 6 2 10 4 10 2 9 3 5 2 10 8 2 8 6 9 6 3 3 7 8 5 7 5 7 5 6 10 1
4 6 3 3 8 2 2 2 1 6 8 8 5 8 8 5 9 2 9 7 6 7 5 5 2 5 1 7 10 8 7 7 4 10 4 6 7 10 8 2 4 7 2 4 9 9 2 4 10 10 7 7 6 7 9 8 10 4 4 9 9 8 3 7 10 4 8 2 7 7 3 6 10 6 8 2 6 7 10 8 3 8 5 1 10 3 9 2 10 8 7 9 9 0 8 10 10 4 6 2 2 4 7 9 1 9 3 1 4 8 7 7 9 5 2 6 1 1 1 7 5 5 3 8 5 2 2 9 2 9 8 2 9 9 1 4 2 9 3 9 6 5 7 1 7 9 5 5 10 10
7 1 7 10 1 6 7 8 4 10 3 9 2 7 9 7 9 4 2 9 4 6 2 2 3 6 8 7 10 4 2 5 5 1 10 1 9 7 5 10 4 6 7 6 3 10 7 6 6 4 8 8 8 6 1 2 6 1 8 2 6 3 1 5 10 2 8 1 2 1 2 8 3 7 5 2 2 5 5 5 2 9 2 10 6 4 6 4 9 7 9 3 9 3 0 1 5 9 4 5 8 10 10 4 8 4 7 4 1 10 9 9 1 9 9 4 3 9 9 9 2 10 10 1 6 3 8 7 6 5 7 5 10 1 8 8 6 4 9 10 7 1 5 1 4 2 3 2 3 7
8 10 1 2 4 3 8 9 5 1 10 4 10 2 10 8 7 4 2 2 3 1 5 7 7 6 7 3 9 2 8 9 1 8 8 2 6 6 9 6 1 3 9 1 10 1 3 8 2 2 10 9 9 9 5 4 10 4 5 5 8 3 2 6 9 5 10 3 9 5 10 8 8 2 7 4 8 1 7 7 10 9 3 5 7 10 8 10 7 2 7 5 6 10 8 0 10 5 5 1 8 4 7 7 10 7 7 5 6 8 2 9 9 7 9 8 5 2 6 6 8 9 3 7 7 4 3 10 6 3 7 1 8 1 2 10 1 9 3 1 6 1 10 7 1 10 1 3 8 4
5 5 8 7 1 6 3 9 9 6 8 5 2 10 7 4 5 3 6 5 4 1 7 2 7 2 4 6 9 2 8 7 6 9 2 10 10 5 9 9 2 4 9 1 6 3 5 7 7 1 4 8 4 3 1 9 6 9 9 3 8 3 6 4 3 9 3 1 10 5 10 3 6 6 2 2 1 1 7 5 9 3 8 4 6 3 1 5 8 2 8 9 10 8 3 5 0 8 10 7 10 10 5 2 3 5 4 6 6 5 6 9 4 7 3 5 5 10 3 9 4 2 7 1 5 7 10 4 3 7 9 7 7 10 9 6 9 2 9 5 3 10 3 2 7 3 8 10 3 8
8 7 2 10 8 2 10 5 4 1 7 7 7 9 6 6 4 1 10 5 8 6 6 6 9 5 6 4 6 8 10 10 1 5 6 9 10 10 6 2 10 6 7 5 4 5 8 10 7 10 9 8 7 9 7 6 4 1 4 2 7 10 5 2 10 7 6 1 2 9 3 2 7 4 2 5 7 5 1 3 9 1 5 3 8 9 1 5 7 4 8 9 8 6 5 2 6 0 2 6 1 8 9 1 7 7 7 8 9 6 9 5 4 3 7 8 1 2 6 1 9 8 3 4 6 9 10 9 1 8 4 9 1 5 10 10 2 7 4 4 8 5 7 6 3 10 9 8 5 6
3 7 3 10 8 9 10 5 5 1 8 8 10 1 10 3 10 10 1 5 2 9 1 8 6 8 7 4 5 9 6 7 1 9 8 1 6 3 10 9 6 10 8 8 3 3 3 1 1 7 10 8 1 7 1 2 3 1 5 4 7 10 8 5 9 8 7 5 2 9 4 1 5 9 5 8 3 10 10 4 6 5 2 10 1 5 5 8 1 10 8 7 5 4 2 6 7 9 0 6 9 7 8 2 1 3 9 8 1 2 6 5 6 8 2 1 5 10 1 6 4 8 3 1 1 5 1 3 7 1 9 8 3 4 1 6 1 2 9 1 2 5 3 5 2 3 7 2 2 4
5 6 6 8 6 4 5 3 7 2 9 6 8 2 5 5 1 10 7 9 7 9 2 7 6 8 7 8 1 10 5 1 7 1 9 9 3 2 9 4 7 3 8 3 7 8 4 3 8 9 8 9 7 4 5 6 9 4 5 8 10 1 7 2 3 7 5 7 3 2 10 4 4 6 8 2 2 2 5 5 2 1 3 6 9 9 4 6 7 10 3 1 9 4 1 4 1 8 6 0 6 9 9 4 8 6 1 8 9 9 1 9 9 6 7 4 1 3 8 6 4 9 1 6 3 5 5 4 1 9 8 8 9 5 9 1 7 10 8 8 2 10 7 1 2 6 3 2 1 9
2 8 8 7 7 1 3 8 5 5 10 3 6 10 8 6 1 6 5 6 6 4 6 6 2 4 6 5 1 10 2 3 5 1 3 3 1 5 7 5 8 1 6 9 5 4 10 4 2 4 5 9 7 5 3 10 9 4 7 3 6 6 9 7 4 4 2 1 4 4 8 6 1 6 1 6 1 6 8 6 3 8 2 3 2 7 9 5 9 3 1 8 2 2 7 9 8 2 1 10 0 2 10 8 5 10 2 9 10 5 7 8 7 5 3 8 10 4 2 4 9 2 1 9 7 7 10 7 5 7 1 3 6 3 8 4 6 7 1 8 6 6 6 5 3 2 1 10 1 1
10 10 3 1 7 8 2 4 2 6 3 1 10 3 4 4 1 1 7 6 1 8 5 5 6 6 5 6 10 5 6 8 6 6 3 1 4 3 7 7 7 1 3 5 1 1 6 4 8 3 7 8 1 8 7 7 8 5 2 4 1 8 9 9 8 5 1 3 2 10 10 10 1 7 5 6 10 3 5 2 10 5 1 7 8 7 3 6 8 8 3 8 9 6 10 8 3 1 10 10 7 0 5 10 7 5 10 10 7 7 7 5 2 8 9 4 6 6 8 7 8 9 3 8 7 10 9 10 10 1 2 10 3 7 1 4 10 8 7 9 1 1 2 7 9 6 7 5 6 6
10 7 9 10 4 6 1 3 3 3 9 4 7 1 6 7 3 2 9 8 7 3 10 10 8 1 4 7 10 7 7 6 3 10 4 10 2 3 7 9 6 4 10 6 3 10 4 1 7 10 10 9 9 6 4 8 7 5 7 2 9 6 1 1 3 1 8 6 6 10 4 7 10 4 9 3 2 2 8 9 9 8 6 2 10 5 2 1 3 9 4 1 2 6 8 1 6 4 7 2 2 6 0 5 3 7 7 1 4 9 6 4 7 6 7 6 6 10 2 6 1 4 6 4 5 6 10 7 8 1 8 1 1 8 1 8 8 2 6 5 6 7 4 6 10 3 9 1 1 9
6 9 9 7 3 8 6 9 10 7 10 9 9 10 6 1 9 7 4 1 4 7 1 9 3 6 3 7 3 2 3 6 6 5 8 4 5 8 6 9 8 4 4 6 7 5 9 1 1 2 8 5 5 1 6 2 2 3 8 9 10 7 3 10 10 9 7 6 8 4 10 10 8 1 6 3 1 3 10 9 1 7 3 4 6 9 5 4 6 9 8 7 3 5 10 6 7 10 5 3 3 5 1 0 1 1 2 7 5 4 2 5 3 4 3 3 5 8 7 9 1 8 4 6 1 8 10 7 5 5 3 2 2 8 2 7 4 10 3 3 5 7 1 10 6 2 4 4 6 4
4 5 10 6 6 1 9 8 8 8 8 5 5 8 7 7 3 4 7 8 4 2 3 3 1 4 1 9 6 3 3 9 4 2 5 2 5 6 8 6 1 5 1 10 3 10 1 2 9 5 10 2 8 9 2 4 3 9 4 6 7 1 3 7 4 3 4 2 3 3 8 1 6 8 4 7 1 3 8 1 7 5 5 9 10 2 8 10 3 2 6 3 4 10 2 9 6 1 2 6 2 9 9 9 0 6 1 4 1 4 3 7 7 10 1 3 1 8 10 7 9 6 5 8 2 3 2 9 9 1 7 5 9 4 3 1 6 2 8 7 2 6 7 7 1 5 4 9 8 3
1 6 7 6 10 5 6 10 4 3 9 8 2 8 1 4 5 3 2 1 5 1 10 2 4 2 4 3 7 5 2 6 1 4 6 4 4 10 1 5 6 4 4 5 4 9 5 10 5 9 8 10 10 2 9 1 5 8 7 5 2 4 8 3 5 7 6 6 9 8 10 9 10 4 9 2 2 2 10 9 5 5 10 7 7 5 2 4 6 5 2 8 5 2 9 2 2 5 5 7 5 3 4 9 9 0 6 4 4 5 3 4 5 10 7 3 10 4 9 4 8 7 3 9 5 2 5 3 8 6 2 4 3 3 3 1 3 8 6 3 4 1 10 7 1 1 10 4 5 1
1 10 8 3 8 5 8 10 8 4 8 6 10 9 4 9 3 8 9 9 1 6 1 10 3 1 10 4 2 5 7 10 9 6 10 1 8 6 2 6 6 7 6 7 10 10 10 3 9 4 4 8 9 2 2 5 7 6 6 7 7 1 1 4 5 8 4 8 6 2 8 10 7 3 5 1 7 9 10 7 2 6 10 7 7 3 3 4 10 1 4 3 5 3 6 6 5 3 6 1 7 4 3 5 3 4 0 7 8 1 9 9 2 4 5 6 6 1 2 2 10 6 8 5 3 5 1 8 2 9 10 10 6 7 1 4 5 8 5 10 10 9 10 4 1 9 8 9 8 1
4 7 9 9 7 10 2 4 1 1 7 1 7 3 7 2 4 1 6 4 5 10 9 8 8 3 4 7 4 3 8 1 10 3 9 3 10 6 8 6 4 6 9 1 2 6 3 5 3 1 8 2 9 10 10 3 1 2 4 9 4 8 6 7 9 1 6 5 4 6 3 10 9 3 8 7 2 9 3 10 5 8 6 6 3 3 7 5 5 4 6 5 1 3 10 3 7 10 9 8 1 8 2 8 2 3 5 0 2 9 5 10 1 5 4 3 5 7 4 8 5 2 2 6 2 7 1 1 9 5 6 6 4 3 8 3 8 2 2 2 9 3 10 1 8 6 10 2 9 1
2 10 9 2 9 8 2 10 3 1 2 9 1 3 5 4 6 2 8 2 2 9 2 6 8 5 3 4 8 9 7 7 7 10 10 5 5 7 4 5 8 8 8 7 8 3 2 6 8 8 1 4 5 5 5 2 3 9 1 8 5 8 3 10 7 3 5 6 7 5 1 8 5 3 4 8 9 5 2 6 10 6 9 6 5 6 1 8 6 3 4 9 3 7 5 1 10 3 10 4 5 1 7 1 7 5 8 5 0 4 2 3 5 2 3 2 3 3 1 4 6 1 6 2 9 9 6 2 6 2 10 1 9 8 8 5 1 6 6 3 9 7 7 6 9 8 8 5 9 9
2 9 7 2 3 2 6 8 7 7 8 6 4 5 2 10 10 4 6 9 10 6 8 2 4 8 8 9 10 2 1 4 3 1 2 10 5 6 5 2 8 6 10 4 6 4 1 2 9 7 5 7 5 5 2 10 6 10 3 9 9 2 4 7 10 7 1 3 8 2 7 4 7 5 7 3 6 8 7 5 1 4 9 9 6 4 4 4 5 10 4 3 4 9 4 10 10 9 3 7 3 9 1 4 5 5 1 5 1 0 10 2 4 10 1 3 3 1 3 9 3 5 5 9 5 9 5 3 2 3 10 4 5 10 6 1 9 6 6 4 7 1 5 7 2 4 3 10 7 5
6 1 2 1 7 7 5 2 3 8 9 10 2 9 9 2 6 7 8 4 10 1 4 8 10 7 10 2 7 2 1 10 5 6 1 10 5 8 8 2 3 8 6 6 6 9 3 1 9 7 10 4 4 9 1 10 3 6 8 9 8 2 2 5 7 9 7 7 6 5 4 10 2 1 9 5 7 10 1 10 4 2 9 3 7 8 1 1 7 10 10 1 8 7 7 5 8 3 4 5 4 1 10 9 3 9 6 8 3 4 0 3 2 7 1 3 2 4 9 2 9 10 1 6 7 2 9 4 10 5 10 2 5 8 7 9 3 7 1 5 9 5 5 6 5 8 9 9 1 7
4 2 4 4 6 1 7 7 9 3 4 3 9 4 1 4 9 1 7 10 3 4 7 10 3 5 7 8 8 1 1 2 6 5 10 3 10 5 1 4 9 8 3 1 3 4 8 3 9 10 9 6 7 7 7 10 1 5 3 10 3 10 3 4 10 3 6 4 1 7 7 9 2 10 5 8 8 1 3 8 10 7 10 1 7 7 10 6 8 5 7 1 8 2 5 3 10 7 8 2 6 3 9 6 1 5 4 2 4 1 9 0 8 10 1 3 3 10 4 6 8 3 3 8 2 4 4 8 8 7 8 1 9 1 3 6 1 6 8 2 2 7 7 8 3 1 2 4 10 8
10 3 5 3 1 3 5 9 2 5 2 9 8 9 3 1 4 4 7 9 3 1 9 7 1 2 7 2 8 9 1 3 3 3 3 2 1 9 10 5 10 4 10 10 5 8 3 2 1 10 3 2 8 9 10 2 8 2 10 9 3 9 6 5 6 6 7 10 8 4 10 9 3 3 1 1 8 10 7 1 9 4 3 2 7 8 10 8 5 7 6 6 4 8 10 6 3 9 1 3 8 8 1 10 10 5 7 8 4 4 9 5 0 8 3 10 9 7 6 3 2 9 1 1 6 5 6 7 10 5 1 2 3 9 3 10 7 5 8 5 10 4 1 8 4 3 8 5 7 6
5 5 4 8 1 8 7 6 6 10 4 10 8 4 3 6 6 2 3 2 8 6 1 8 1 1 4 4 9 1 1 3 10 2 5 3 6 10 9 10 6 5 4 2 7 10 9 4 4 5 7 7 1 9 1 6 2 9 8 5 9 5 10 8 2 2 3 2 10 6 3 3 4 1 8 9 8 5 5 4 8 1 1 1 1 5 5 10 7 5 5 7 10 9 7 6 6 6 5 6 4 9 10 4 1 10 4 5 4 6 6 7 5 0 3 5 2 9 7 10 2 5 3 10 4 5 10 4 8 6 7 9 8 1 4 4 5 4 3 6 5 1 9 2 7 6 6 8 6 2
7 3 2 5 9 2 4 6 1 5 6 1 3 9 6 2 9 5 7 6 2 7 9 6 7 8 3 6 9 6 7 3 10 8 6 8 6 8 4 3 6 8 4 6 7 10 2 10 5 3 3 6 7 9 3 9 4 10 10 4 1 9 3 5 3 6 9 7 2 3 10 7 8 8 8 3 9 6 1 2 10 8 9 2 3 3 2 5 5 10 8 7 9 6 10 4 2 6 3 4 7 9 4 3 5 2 8 6 6 4 7 3 6 6 0 7 7 4 10 5 2 7 4 3 1 2 9 2 5 1 1 7 6 4 1 8 6 2 3 8 9 7 5 1 9 10 5 3 4 3
10 8 1 1 3 4 7 7 6 7 3 7 8 5 10 5 8 1 1 7 4 8 2 6 2 6 4 10 5 8 4 3 3 3 8 7 7 1 5 4 1 2 3 4 4 8 8 4 7 6 8 4 9 7 5 1 4 4 1 5 5 2 5 5 5 4 1 4 3 5 4 10 6 10 7 3 10 8 6 6 3 10 6 10 3 4 9 2 4 10 6 5 8 2 1 5 7 1 9 8 3 2 8 8 2 5 10 3 8 9 6 4 6 9 7 0 4 3 3 8 2 9 1 7 2 6 4 1 7 6 8 8 4 1 3 5 2 8 8 9 4 4 8 6 9 10 7 9 4 3
10 10 7 9 7 7 8 10 8 2 10 3 2 9 7 3 7 4 4 5 1 9 10 8 9 2 3 8 8 1 9 9 8 4 6 8 8 7 9 1 7 4 5 1 1 6 2 9 6 4 8 3 9 10 6 1 3 6 4 9 6 7 5 2 2 3 7 8 10 7 8 8 2 3 6 5 5 8 10 9 1 3 6 3 6 9 9 6 9 7 9 6 6 6 6 6 1 10 2 1 2 3 1 10 3 10 4 9 3 5 3 9 9 8 3 3 0 1 7 1 5 2 3 2 6 6 2 3 8 8 8 5 2 3 3 4 10 8 10 9 8 8 9 6 5 6 3 3 2 5
4 4 10 6 6 3 8 1 7 3 2 10 10 5 9 4 5 2 1 2 5 2 1 10 10 6 4 1 10 9 4 2 2 5 4 9 5 5 1 8 3 1 1 7 2 8 4 5 8 6 1 6 4 7 2 6 3 9 8 6 7 2 6 5 2 8 8 8 7 7 1 9 4 2 5 7 5 3 2 7 7 8 6 1 2 10 3 10 4 10 9 8 4 7 9 7 9 1 7 5 7 2 2 9 6 10 6 6 2 6 7 9 1 5 6 6 3 0 5 10 10 10 6 2 4 9 4 3 4 3 3 10 5 4 1 5 9 6 5 9 1 5 5 4 10 6 3 9 4 1
8 2 4 1 2 5 3 8 5 7 3 4 3 5 5 4 6 2 8 1 5 8 10 10 1 4 10 7 7 1 2 9 9 2 1 4 4 4 4 10 10 5 9 5 6 5 4 1 9 2 1 2 8 4 2 10 1 8 2 6 5 10 5 9 4 10 4 2 8 7 3 7 6 1 1 1 9 10 1 1 8 7 7 1 2 6 1 1 1 3 6 6 5 8 9 8 2 8 1 1 6 5 1 2 10 9 3 4 2 5 8 6 2 7 2 5 9 2 0 8 9 9 7 7 6 10 10 4 7 10 10 9 2 5 6 7 3 2 6 8 7 8 9 6 7 2 9 2 6 9
9 8 3 7 2 8 3 6 9 8 2 10 9 8 3 10 4 6 8 3 9 9 5 9 8 4 2 1 10 5 1 10 7 6 4 10 10 8 1 3 3 6 4 2 4 9 2 2 5 6 5 10 7 2 6 1 9 6 9 6 3 5 6 1 4 8 4 10 5 7 7 9 4 9 2 4 9 3 7 8 9 10 4 2 1 6 8 7 2 6 4 3 8 6 1 9 4 3 7 6 3 6 2 3 3 8 3 2 9 10 4 3 7 10 2 7 3 3 10 0 2 2 4 3 3 9 8 9 3 10 9 2 5 7 1 6 6 9 3 4 2 1 3 7 8 2 6 6 2 8
5 1 7 10 8 3 1 3 5 3 4 9 4 3 9 6 7 6 5 10 9 6 9 3 10 9 10 8 10 5 7 10 3 9 3 3 1 9 3 5 1 2 3 9 4 1 9 8 6 7 2 4 7 2 1 6 8 10 4 1 9 1 1 2 9 6 5 7 3 10 4 4 7 4 10 3 5 3 4 5 9 6 5 6 4 6 2 3 8 9 2 8 3 7 4 6 6 5 2 3 9 5 10 7 1 9 1 10 3 3 6 9 2 1 3 3 7 7 2 5 0 8 1 8 1 8 3 1 4 8 9 10 3 3 6 8 7 6 9 4 3 6 7 3 6 10 9 8 1 4
10 6 5 8 8 5 3 4 9 4 3 4 2 6 6 7 8 5 2 9 5 4 8 4 6 6 2 8 5 4 6 8 8 1 9 5 2 8 8 4 3 1 5 8 2 2 7 3 3 1 5 6 2 5 3 7 3 9 5 1 2 10 4 7 8 7 3 7 7 7 10 4 3 3 10 9 7 1 9 5 1 4 4 8 9 4 7 2 4 10 1 4 8 8 10 7 4 7 1 2 9 7 8 9 6 10 8 6 6 4 8 1 5 6 4 7 2 1 6 2 8 0 8 4 1 6 4 10 10 5 4 8 9 5 8 8 3 3 9 6 10 2 10 1 9 7 2 10 8 4
1 10 8 5 5 4 8 8 4 3 9 4 4 1 7 8 5 1 7 4 1 9 2 9 4 5 2 1 7 2 10 5 3 5 10 5 1 10 8 3 9 5 10 6 8 1 5 7 4 7 9 10 3 10 9 6 9 3 6 4 9 10 5 10 1 7 9 8 5 4 9 8 5 1 8 8 9 1 10 9 5 8 3 4 6 9 5 7 4 10 2 6 9 1 7 3 6 7 4 3 10 9 9 9 3 10 4 3 6 9 1 3 1 7 5 3 1 6 9 5 5 2 0 7 4 5 6 5 9 1 7 6 7 2 6 7 5 8 5 7 4 6 4 1 7 4 10 4 2 6
8 3 3 4 7 8 10 9 3 3 5 1 2 6 1 3 6 10 8 2 1 2 6 4 2 1 7 9 4 6 3 5 9 10 8 4 5 8 5 1 10 6 2 10 9 10 3 4 7 7 7 1 6 2 3 6 1 1 7 3 9 1 8 2 8 8 6 4 3 4 4 1 6 2 4 1 9 9 3 3 9 6 1 5 7 10 1 10 9 3 10 6 8 2 6 8 8 1 1 7 10 1 6 4 1 2 8 3 9 6 5 1 6 9 8 7 4 5 1 6 4 3 10 0 2 7 4 3 3 6 6 6 3 7 1 9 7 3 10 1 1 2 4 8 5 4 5 4 3 6
4 10 10 10 3 3 2 1 9 6 9 7 2 4 10 1 6 4 10 5 3 3 10 3 10 10 7 4 2 6 8 10 5 7 3 1 5 7 5 7 5 10 8 9 9 3 5 2 10 8 7 4 4 8 1 10 10 1 5 10 1 3 9 3 1 9 10 7 6 3 3 1 9 3 9 1 1 1 1 10 3 2 5 8 4 7 5 8 1 7 7 3 1 10 5 7 8 2 2 10 4 7 6 9 3 8 5 9 2 8 3 9 9 1 2 5 2 2 5 9 2 1 8 5 0 3 4 8 10 3 9 9 1 7 5 7 2 5 10 7 1 9 7 6 8 8 5 2 2 9
8 8 4 3 6 5 4 2 6 5 1 5 8 3 8 9 6 1 3 7 7 4 7 4 5 2 7 5 8 8 2 5 3 6 5 5 6 9 6 4 3 7 4 9 9 7 1 1 10 3 1 4 4 3 2 7 2 8 9 8 1 6 6 3 10 6 7 9 7 7 4 3 4 4 5 7 8 8 8 1 1 3 3 4 8 6 6 10 3 8 2 2 1 6 7 3 9 8 10 2 8 5 9 5 5 9 4 4 1 5 6 7 7 1 3 10 7 3 4 8 2 3 7 7 6 0 6 2 9 8 5 2 8 10 7 3 7 8 1 10 4 4 8 5 4 1 1 1 1 6
6 1 5 8 1 9 5 9 8 9 2 5 2 4 5 7 10 2 8 9 3 3 5 8 5 9 6 9 8 3 1 7 7 3 10 9 6 10 6 2 3 3 6 1 8 2 10 9 4 9 5 7 1 4 8 2 6 8 6 5 8 8 4 4 3 6 10 10 7 1 2 9 9 2 9 2 6 10 2 7 8 1 3 1 9 9 5 3 4 7 1 2 10 4 7 5 9 6 2 1 3 3 3 4 6 7 10 6 6 8 2 9 1 5 6 3 6 6 4 2 8 3 8 1 3 1 0 1 9 2 5 10 5 4 5 7 2 3 1 3 1 6 5 7 7 5 6 2 1 10
10 8 6 1 4 5 8 3 1 9 9 9 8 7 7 6 10 2 4 3 4 9 8 1 6 1 5 6 7 7 1 2 10 6 3 3 9 1 10 7 9 7 9 4 7 2 1 3 5 7 3 6 7 10 5 7 10 3 1 2 6 1 6 1 5 10 6 5 8 8 2 8 4 8 2 7 5 9 4 4 8 4 5 9 1 10 3 7 3 6 5 1 2 9 6 8 7 10 8 3 8 9 8 1 7 2 2 4 7 1 4 1 8 10 10 10 1 10 8 8 5 7 7 2 6 2 5 0 1 3 3 2 4 6 3 9 2 1 8 3 9 2 1 3 10 1 5 8 7 8
9 10 1 4 7 9 1 1 3 8 10 9 5 9 6 2 3 1 2 1 9 3 4 4 10 2 5 1 2 4 10 10 9 7 1 7 5 4 2 6 3 2 6 8 5 7 9 10 6 3 7 10 8 7 8 7 5 8 4 6 5 6 10 7 1 7 8 9 5 2 9 6 7 7 2 10 6 8 7 1 8 6 6 7 2 5 10 10 10 9 9 6 2 1 1 2 3 7 7 4 5 1 8 1 8 1 4 10 6 4 8 5 9 6 5 2 1 6 7 5 4 4 6 3 2 4 7 2 0 5 6 5 1 4 10 7 6 9 9 7 4 6 1 10 7 7 10 2 1 2
5 4 2 9 1 5 2 10 4 9 2 8 2 2 4 6 4 9 6 7 4 2 6 10 10 6 10 7 6 3 3 7 2 7 9 7 9 3 2 5 4 7 6 1 5 3 1 3 8 8 10 5 10 3 8 9 1 7 2 7 6 6 3 6 9 6 9 10 5 2 6 9 9 7 6 5 10 9 6 10 3 3 4 1 1 5 9 7 6 1 9 8 2 2 9 9 8 7 8 2 10 7 1 1 2 4 8 9 3 2 7 4 3 2 7 9 4 3 6 8 10 4 1 6 9 5 8 7 1 0 8 10 10 6 10 6 3 2 10 6 5 1 1 9 5 8 3 2 1 9
1 1 10 9 9 4 9 2 6 1 6 3 10 10 9 4 1 8 6 4 7 6 1 1 5 6 7 6 4 4 2 2 3 10 5 5 5 3 10 10 10 10 1 6 8 2 5 1 10 8 7 4 9 4 6 4 9 3 4 9 9 3 10 5 6 3 1 3 3 1 5 9 7 5 8 9 7 4 3 10 7 5 4 6 8 5 9 4 3 6 9 5 10 1 6 6 9 7 6 8 3 2 6 2 9 8 1 1 6 8 6 3 2 8 1 6 1 4 7 5 4 4 1 8 3 4 10 10 7 4 0 9 7 8 4 6 8 3 8 8 9 5 8 9 10 8 6 4 3 6
1 8 2 7 8 9 4 7 6 9 9 1 5 7 3 7 10 2 3 3 8 9 5 8 4 5 6 7 8 6 1 8 6 5 5 9 7 4 1 7 6 10 9 4 2 5 6 4 4 5 2 6 5 5 9 9 6 10 8 9 2 4 10 8 9 10 2 4 10 7 5 5 7 8 5 10 6 9 9 10 2 6 8 1 10 2 7 10 7 2 6 7 10 3 2 9 4 3 4 6 1 2 5 8 5 2 10 6 8 7 7 9 1 6 3 7 4 2 4 1 7 8 4 6 9 10 2 10 1 9 9 0 4 6 10 3 3 2 5 7 7 10 1 9 7 4 1 10 2 4
6 7 6 8 9 8 3 8 7 1 6 7 2 7 2 3 3 1 10 3 5 2 9 7 5 6 5 10 1 7 2 3 4 10 5 6 5 2 9 2 3 8 5 6 3 4 10 1 8 2 10 3 7 9 5 1 6 2 10 7 6 4 4 6 1 9 9 5 10 5 8 4 7 6 9 10 5 9 8 7 5 6 5 10 9 7 2 2 7 1 8 5 7 7 1 8 4 8 2 5 6 10 7 4 9 2 3 8 6 5 10 6 3 7 3 1 1 3 5 7 10 5 4 5 3 9 5 3 8 1 1 4 0 7 3 5 5 8 10 7 10 4 4 9 4 8 3 10 9 2
9 8 9 2 10 10 6 10 3 1 2 3 10 3 6 8 4 3 4 1 10 9 5 4 4 2 8 10 8 6 6 7 10 1 8 1 6 9 10 6 7 7 1 7 4 5 7 4 4 2 2 9 6 7 2 6 3 4 2 2 5 10 2 3 2 1 9 5 9 6 1 7 3 4 9 1 5 10 3 1 4 7 9 9 4 3 7 7 4 2 9 8 3 7 2 6 5 10 4 5 6 10 10 1 2 7 4 2 6 6 10 8 8 2 2 2 3 1 7 7 5 8 8 2 2 1 2 9 1 7 9 10 1 0 9 9 8 5 5 5 3 7 9 3 1 6 2 4 4 8
9 8 4 2 2 6 7 8 3 2 5 3 9 10 9 9 1 7 7 3 3 6 5 2 2 3 8 10 6 9 1 5 10 2 8 1 8 7 3 7 1 10 9 10 5 10 2 5 7 7 10 8 10 4 4 8 7 10 8 8 7 7 10 8 6 8 5 1 6 6 7 3 10 1 8 9 8 7 5 9 10 6 9 9 1 2 9 9 3 1 7 8 1 3 3 4 4 3 5 8 8 1 1 1 5 5 9 8 1 6 10 3 8 10 4 6 10 5 5 8 8 9 9 4 9 6 3 3 7 3 8 9 3 4 0 3 5 3 9 9 1 2 5 9 6 7 10 10 10 10
6 1 7 9 5 1 6 2 6 7 4 10 5 7 10 10 9 8 10 10 7 6 8 1 7 6 7 3 8 2 2 2 6 3 8 3 4 6 3 2 3 1 6 7 8 1 9 6 2 2 4 8 4 8 3 2 1 7 9 4 9 4 9 4 10 1 8 4 6 8 2 3 7 2 7 10 2 7 1 7 6 8 9 7 2 2 8 5 9 2 1 9 7 6 9 4 9 5 3 8 1 3 9 8 2 2 6 10 5 1 5 2 2 7 7 10 4 3 7 5 8 4 5 10 1 2 1 3 10 8 10 8 8 2 9 0 1 3 9 10 8 1 3 2 1 2 4 4 6 4
6 1 1 9 3 9 10 9 7 7 1 9 3 9 8 2 6 2 8 4 9 10 2 3 2 1 7 3 4 1 10 2 5 6 1 2 9 3 5 4 8 6 2 5 9 1 5 7 9 10 1 7 8 6 10 7 5 7 5 10 8 7 1 8 4 5 9 7 6 3 3 9 1 6 8 2 9 6 3 10 4 8 2 7 4 10 9 4 8 7 3 6 9 2 2 2 5 6 3 9 5 5 8 1 4 1 7 9 10 9 4 10 4 10 3 2 6 7 5 6 2 2 2 7 6 6 9 4 7 4 4 8 7 1 8 9 0 8 4 9 1 9 1 2 8 6 1 10 1 4
3 3 1 5 1 4 10 1 10 9 10 6 2 1 10 7 6 8 7 7 6 9 5 3 5 3 8 10 2 10 5 7 6 9 4 8 6 5 10 5 4 10 3 1 10 2 9 9 5 4 3 2 1 8 4 2 1 3 8 5 10 8 9 5 1 3 3 7 5 10 9 2 2 2 7 8 10 2 5 7 2 8 8 1 5 10 3 6 1 9 2 6 1 2 10 3 3 10 3 10 1 4 6 2 8 5 7 6 1 7 7 6 1 2 7 6 10 5 2 3 2 3 1 10 5 2 7 4 8 3 3 7 10 8 1 8 3 0 8 9 3 6 6 8 9 9 4 4 5 10
6 6 1 10 9 3 8 9 9 4 7 10 7 7 2 7 2 2 3 3 1 5 5 3 4 1 6 5 6 8 6 1 5 3 8 10 5 2 8 5 5 5 6 2 3 2 4 10 1 2 10 7 10 8 6 2 9 6 8 3 3 4 2 4 4 4 8 5 2 9 6 1 5 10 9 7 7 3 10 6 5 1 5 9 5 9 7 3 8 10 1 5 6 10 3 8 5 1 5 8 1 8 10 5 7 2 5 1 8 2 5 7 10 8 3 3 2 4 4 6 4 1 10 5 10 1 2 4 9 8 3 10 6 9 1 8 3 8 0 8 2 10 1 1 1 10 7 5 2 5
5 2 2 6 8 10 2 6 8 7 5 1 2 3 1 6 2 7 3 3 4 7 7 9 4 4 7 3 9 6 8 10 6 9 6 10 2 3 8 2 6 4 10 10 5 6 6 3 9 2 8 9 7 6 8 5 5 4 10 2 8 1 8 2 3 10 3 3 9 8 8 2 9 1 9 4 9 3 2 10 7 1 6 3 1 9 3 2 4 8 10 9 4 1 4 10 2 2 5 8 5 10 10 5 9 1 10 9 8 4 10 6 10 8 7 9 1 9 8 3 1 10 1 8 4 9 8 6 6 7 5 8 6 8 7 10 8 3 1 0 3 2 7 7 6 1 1 2 6 8
4 2 5 10 1 9 1 10 7 2 4 6 10 5 6 2 5 5 8 4 4 3 1 10 9 10 4 9 6 2 7 6 1 8 7 9 9 8 4 9 2 6 10 10 8 2 3 6 5 4 2 2 1 1 6 4 8 4 7 4 1 8 5 3 6 2 7 7 5 9 4 9 4 10 7 7 1 8 3 5 2 5 2 2 5 7 4 9 5 1 4 9 4 8 5 5 7 10 10 5 5 10 9 2 7 8 3 9 4 1 4 10 8 6 6 1 6 9 9 3 5 6 2 5 8 3 1 9 1 8 2 1 7 4 8 10 4 1 1 1 0 9 1 10 2 1 5 6 7 2
4 6 8 9 7 9 4 6 3 7 9 4 5 3 9 3 8 4 4 3 1 2 2 10 7 6 4 2 8 5 8 5 5 5 2 4 4 5 7 6 1 5 6 7 10 4 1 2 8 3 3 3 10 7 3 5 5 6 4 5 5 3 4 9 9 7 7 3 8 10 10 2 9 2 9 4 10 9 4 7 2 8 2 2 4 5 6 5 1 8 10 9 1 1 1 4 2 4 2 10 4 9 1 3 6 5 4 4 5 9 2 5 1 8 10 8 9 8 2 4 5 3 2 9 2 1 2 5 10 1 4 4 2 3 5 7 2 6 5 5 9 0 9 3 7 2 5 6 8 8
7 9 8 9 9 6 7 3 5 4 3 6 4 2 1 5 5 5 8 2 8 6 1 6 1 4 6 8 9 1 9 10 4 5 4 8 3 2 1 6 7 4 2 8 6 10 5 6 3 4 6 9 5 4 1 2 5 10 9 2 6 7 5 3 7 3 2 10 8 3 2 3 9 7 3 4 5 6 7 9 3 1 2 7 5 9 3 6 1 4 9 2 5 2 1 9 7 6 8 6 10 3 1 10 9 7 6 4 1 8 2 1 9 4 5 6 8 1 7 5 9 7 5 10 1 10 6 10 1 2 8 8 1 5 10 2 2 6 2 5 1 10 0 7 4 5 2 5 10 6
10 8 10 2 8 9 5 8 8 8 5 5 9 6 3 5 2 10 6 10 2 9 1 10 6 5 9 8 6 1 9 6 4 6 9 7 8 5 6 9 10 2 6 10 4 6 8 4 4 3 2 2 7 8 8 4 10 4 6 2 4 10 7 10 8 6 1 1 9 10 8 9 8 9 5 1 10 9 4 7 2 7 4 9 4 2 9 2 1 8 1 3 10 5 3 4 10 2 8 3 6 5 3 4 2 10 6 8 9 9 5 5 6 8 8 8 1 10 10 2 10 7 6 3 2 1 10 10 7 10 6 3 9 10 4 10 4 2 9 7 5 9 2 0 3 4 2 2 2 3
10 7 1 5 9 1 8 4 5 10 6 7 1 7 5 2 7 2 6 7 10 4 10 5 2 6 8 10 7 2 8 8 8 8 7 6 3 6 10 8 10 5 6 10 4 4 7 5 8 8 9 8 5 9 9 8 9 1 3 6 10 4 1 5 9 2 9 3 7 10 1 5 2 6 8 6 7 7 9 5 9 3 4 5 10 8 8 8 6 4 7 9 5 10 10 7 4 10 7 7 10 7 4 4 3 6 3 10 9 1 3 6 4 1 3 4 8 7 5 6 5 1 1 9 8 4 10 2 3 9 1 1 10 4 8 10 9 3 2 2 3 1 4 3 0 10 2 9 6 10
2 7 8 3 2 1 7 6 2 3 2 1 5 1 6 9 3 1 1 7 7 1 6 10 5 8 1 1 9 4 10 6 7 10 2 10 7 3 2 9 9 5 10 3 2 3 7 2 8 9 9 6 4 9 6 3 6 8 10 9 4 1 2 3 9 4 4 7 4 2 3 2 7 8 2 3 9 3 3 3 9 4 3 1 6 10 9 10 3 3 4 7 6 6 1 9 2 4 8 4 8 10 4 10 7 10 7 10 1 3 10 7 3 7 5 3 1 10 8 2 9 1 4 10 10 10 10 1 7 6 5 9 2 2 6 4 9 4 10 3 2 2 10 6 4 0 6 8 2 6
9 4 1 7 6 7 6 6 8 5 5 10 10 4 10 10 5 4 2 5 10 6 1 5 9 9 10 10 3 6 9 1 8 1 1 8 3 10 3 7 2 6 8 1 7 2 3 8 8 3 10 1 6 3 5 6 6 6 9 5 10 10 5 7 4 1 5 8 8 7 4 5 4 7 2 1 4 5 10 6 8 7 7 10 3 9 2 9 9 7 3 7 2 8 2 4 1 8 9 7 6 9 8 9 3 5 10 4 7 3 4 4 8 1 2 8 7 7 1 9 5 7 9 4 1 5 5 10 4 9 7 10 8 6 10 10 3 7 4 5 4 10 3 7 3 7 0 10 8 2
10 3 4 4 2 2 2 5 9 9 10 10 3 10 1 4 2 3 8 10 7 2 4 1 3 2 4 2 5 5 6 9 4 2 8 8 4 6 10 9 1 5 4 4 10 3 10 8 2 3 5 3 7 2 5 2 5 2 7 6 1 9 10 2 2 9 1 3 3 4 7 5 6 5 10 8 8 1 1 4 6 2 2 9 6 5 9 9 1 5 4 4 1 7 10 7 2 4 1 1 9 2 3 6 8 2 4 7 5 5 6 10 8 10 6 4 3 6 8 9 5 4 2 1 6 4 10 10 9 9 3 4 2 6 5 2 4 5 8 1 2 1 10 4 1 4 7 0 6 6
10 9 2 7 9 3 4 7 1 4 5 6 7 2 8 4 5 5 3 3 5 4 7 9 9 6 2 6 9 5 4 4 6 5 7 2 4 9 5 6 10 7 1 2 9 2 7 3 3 1 4 1 8 1 4 3 7 9 3 2 1 7 2 5 8 7 2 8 9 2 9 8 2 9 6 8 5 4 5 7 8 9 9 7 6 9 9 7 4 8 6 10 2 8 4 10 1 2 4 5 7 6 4 1 4 5 3 1 1 10 1 3 4 4 6 8 6 7 4 9 8 7 4 2 4 5 6 7 3 10 7 2 9 10 6 8 7 2 10 1 1 4 5 8 5 3 10 5 0 1
4 5 8 5 1 1 2 8 3 9 10 8 7 9 5 7 6 3 10 8 8 5 8 5 6 4 4 6 8 8 8 9 7 3 10 2 7 1 3 8 9 10 4 3 7 4 8 2 2 2 4 7 5 7 10 9 9 6 3 9 10 5 3 9 8 2 7 7 9 4 1 3 10 4 4 1 6 4 7 6 9 4 3 10 10 6 4 3 5 10 5 3 2 5 3 1 8 4 2 8 3 8 3 9 5 8 2 9 4 2 8 1 4 6 8 10 6 4 6 7 7 3 1 5 9 3 2 10 9 9 6 1 3 6 2 4 6 6 5 1 9 3 4 5 10 10 1 10 2 0
