200
31 49 1 11 17 6235
62 1 24 18 17 4060
48 27 13 37 26 2589
11 29 36 36 11 4965
21 49 10 38 46 2461
29 17 38 40 47 3988
29 36 40 53 50 836
43 7 18 61 19 621
13 22 15 24 47 4302
25 24 19 1 14 4158
32 66 37 24 7 1482
6 52 20 20 11 5616
7 33 39 4 19 6236
24 35 24 5 37 3685
52 3 30 33 37 4928
9 30 47 33 6 4352
53 29 13 27 36 6776
10 29 25 50 41 2957
7 1 32 48 20 404
24 35 24 32 47 3885
28 32 7 51 27 2369
24 1 45 30 33 2289
32 32 27 28 23 3530
2 42 24 17 11 3168
36 55 35 42 44 1434
1 43 54 30 45 1349
30 37 1 27 19 4398
15 35 43 28 32 6514
23 13 21 40 33 5118
11 32 42 35 1 3263
64 41 26 14 34 3014
25 5 21 21 38 1673
18 21 1 42 47 4724
47 25 20 28 13 1564
11 9 59 11 25 620
11 10 5 40 26 3340
27 9 22 22 46 4483
28 35 44 19 8 226
38 24 2 28 1 6343
44 55 36 10 44 5562
16 42 34 3 45 2590
30 43 33 28 46 5831
14 33 29 30 28 6809
41 2 22 11 42 2220
51 24 35 58 1 6573
3 29 22 48 34 4482
34 16 37 33 20 227
20 28 29 11 11 1591
19 1 32 45 8 3741
53 33 16 39 8 5561
3 1 1 25 39 341
21 31 35 20 27 2757
28 36 62 38 7 4016
33 30 21 21 18 3531
23 60 43 17 13 3015
34 67 1 43 11 6637
40 36 29 1 23 4399
47 53 48 9 14 4015
24 8 4 10 14 342
38 36 26 23 20 3585
13 1 22 7 50 6447
35 35 1 32 26 3813
39 32 1 32 16 5034
25 24 40 48 32 6515
65 53 1 42 33 6190
1 63 18 10 36 6706
38 45 40 8 41 469
19 43 57 26 22 1483
36 17 54 16 33 2462
1 33 24 33 48 5119
69 41 35 13 21 1565
33 16 12 40 39 3684
41 31 31 1 2 3262
46 29 46 43 31 5506
48 59 1 16 22 4061
47 30 19 37 34 3064
10 20 29 22 5 4159
1 33 34 31 22 5832
45 57 27 42 36 5446
31 45 16 19 2 4616
49 23 5 1 20 282
15 13 8 50 1 993
34 50 27 15 44 2036
19 38 50 15 39 3129
45 14 20 2 27 1787
55 27 26 1 49 4725
19 35 27 11 25 5680
43 39 34 22 11 5997
42 47 18 15 45 4579
27 36 37 12 10 1737
9 51 1 28 19 2132
2 31 16 6 29 4127
49 13 30 54 42 724
1 46 30 24 22 3395
4 55 24 36 22 2288
67 3 20 43 49 1149
33 28 54 38 7 2956
1 22 41 28 12 2502
1 22 24 47 32 2675
1 26 33 30 33 5184
41 41 4 47 20 3128
52 34 33 18 40 2370
21 42 61 59 27 5366
22 20 31 35 31 6775
35 51 55 46 37 908
40 23 20 15 47 6095
27 38 22 2 13 931
34 24 52 17 15 2799
11 48 58 9 50 1259
65 1 51 18 15 6707
9 16 25 31 41 1941
51 41 13 34 9 468
7 27 39 34 21 1940
41 12 44 30 7 3169
38 24 26 17 19 3252
19 10 55 45 25 4515
1 16 14 49 49 6446
6 23 49 50 14 1148
54 3 16 1 7 2813
37 55 24 14 3 283
25 1 31 58 33 4817
61 13 37 57 29 1350
24 20 20 31 38 3251
13 30 25 31 6 6281
1 39 38 1 27 3740
18 34 18 24 12 3453
46 16 32 1 2 544
33 22 3 13 9 1590
10 17 2 53 32 2219
19 2 44 28 17 3396
37 28 36 10 40 6344
7 69 10 23 33 1070
43 23 20 51 15 2800
6 27 1 17 27 2901
41 44 46 39 25 907
50 56 8 38 50 1258
16 4 22 58 28 4353
7 1 6 40 29 4231
39 15 15 27 40 5760
41 1 33 40 19 2503
19 51 55 40 2 4850
38 38 24 45 46 5936
29 20 5 50 41 6094
48 26 10 37 49 5274
52 28 10 52 47 2035
36 30 12 41 6 4578
11 1 61 34 3 6148
57 27 22 23 30 3454
42 36 6 32 40 87
40 13 30 21 5 5681
66 25 32 56 25 1433
26 25 45 54 43 5935
7 39 4 9 50 543
56 49 3 33 24 4929
29 10 42 19 11 5617
1 9 28 17 18 4303
1 25 53 44 44 4816
15 7 25 23 45 2676
34 4 14 18 28 4126
26 53 49 42 33 5998
16 33 23 34 27 1672
30 12 33 60 50 5367
32 44 8 9 7 2814
24 27 28 28 7 3584
47 48 41 4 27 4849
21 28 28 27 20 3886
33 40 34 22 29 5275
30 21 51 1 16 2133
20 43 54 27 5 5505
21 22 32 24 13 5183
55 7 38 28 5 6189
40 2 45 38 45 2093
33 19 1 1 50 3341
43 34 36 24 2 932
50 12 19 21 23 6282
2 23 46 35 48 837
8 29 29 56 50 3987
35 18 37 44 6 3063
29 10 24 16 45 2900
23 24 1 17 25 1869
44 34 4 16 14 1788
25 31 41 35 23 1738
16 50 43 16 5 4514
27 9 27 29 37 3812
1 54 44 1 34 6147
20 4 22 31 26 5759
26 1 6 13 43 1868
1 37 33 49 3 2092
27 38 25 3 22 4964
11 52 1 34 43 725
24 8 1 10 35 4232
35 34 66 1 47 6638
20 1 23 12 41 5033
49 16 1 19 43 994
1 33 52 32 16 403
40 33 32 17 43 2756
48 52 61 20 37 5447
5 16 59 4 34 1071
46 39 30 28 46 6574
20 19 40 17 24 4617
0 9 0 4 6 4 10 1 2 7 3 5 3 5 6 3 5 3 4 0 6 6 6 2 3 3 0 8 10 9 5 4 10 10 3 1 2 3 2 2 2 6 2 10 6 1 5 2 8 1 2 8 8 2 2 10 5 8 3 1 1 6 7 2 10 2 6 3 1 4 2 10 8 4 0 1 5 0 3 2 9 6 0 1 6 4 7 3 0 8 9 2 2 3 2 9 9 8 9 9 6 5 10 5 7 1 5 3 3 0 10 8 6 10 6 6 7 4 4 10 7 0 9 9 1 9 0 1 4 2 10 2 10 3 4 9 5 6 1 3 2 0 2 6 6 1 2 0 10 6 8 10 4 2 2 7 3 5 8 5 1 6 8 9 2 9 4 1 9 3 0 0 10 10 9 5 8 2 0 9 9 9 0 6 8 9 2 0 4 7 9 1 1 7 5 3 10 4 9 6
5 0 1 1 2 8 0 7 9 10 7 0 9 6 1 8 9 5 1 6 9 5 8 0 6 8 4 1 1 0 3 3 9 4 1 10 2 9 0 6 5 6 5 6 8 5 8 9 2 1 0 1 3 2 7 1 9 1 0 0 3 4 5 0 0 4 7 8 3 6 7 3 5 7 6 1 5 0 3 10 0 9 1 6 3 7 1 3 7 1 3 2 6 9 5 5 10 4 8 10 1 6 4 6 10 3 0 3 10 6 4 8 2 5 4 3 3 1 4 7 3 9 4 4 2 10 10 2 1 9 6 4 8 9 6 7 4 8 5 10 5 3 5 3 8 10 1 2 4 2 9 4 8 1 8 6 7 8 1 4 5 7 3 3 10 5 0 3 2 9 3 9 2 2 1 5 5 8 2 2 0 10 2 7 2 3 8 9 1 9 10 8 5 2 2 0 6 10 8 1
4 7 0 2 5 3 10 5 10 8 7 6 7 2 6 0 4 3 8 6 3 8 0 1 8 8 10 0 10 2 6 4 5 4 3 0 3 10 10 3 2 7 0 9 1 8 8 1 7 4 1 8 8 8 8 1 10 10 4 9 2 7 2 8 2 1 0 8 9 8 0 7 4 9 1 3 3 6 8 1 6 4 9 6 8 6 2 2 2 8 6 5 6 6 3 9 4 7 2 4 6 6 1 10 5 8 0 5 10 2 5 6 9 9 6 7 4 6 4 8 8 9 2 3 1 5 4 8 8 8 3 7 2 2 10 2 0 10 4 9 3 0 1 0 1 1 4 3 8 0 10 1 4 8 2 8 7 0 7 6 1 0 10 3 8 3 2 1 1 3 8 2 7 0 1 0 10 10 3 1 1 6 6 8 3 5 7 8 6 6 5 1 2 6 9 1 4 2 1 2
5 4 5 0 6 10 0 6 7 2 3 10 5 2 9 8 2 4 6 9 7 0 1 9 9 0 0 1 5 3 8 10 3 8 5 10 6 9 0 2 0 10 7 6 1 0 6 9 1 6 7 3 7 10 7 1 6 10 4 0 2 6 6 1 5 6 5 0 10 7 2 2 10 0 0 5 6 0 4 0 7 3 3 8 6 6 8 2 2 1 10 10 4 5 8 7 6 10 5 10 0 2 1 7 3 6 6 3 6 4 10 0 10 0 0 6 10 1 0 6 3 0 9 8 0 7 7 6 9 7 6 8 9 1 5 3 4 8 3 4 9 3 5 8 7 7 5 5 2 3 7 8 5 1 6 9 10 2 7 4 3 4 1 7 8 6 9 3 1 7 0 6 5 9 7 7 0 0 4 2 2 7 9 5 0 4 4 0 2 7 2 2 6 4 8 10 1 1 0 6
6 3 3 2 0 6 4 6 10 2 2 7 8 2 4 10 1 9 7 6 2 2 2 1 8 0 10 0 8 6 2 1 9 2 7 6 0 3 5 10 2 7 10 5 0 7 2 4 0 2 3 4 8 5 6 9 4 7 1 7 4 3 0 9 1 1 8 10 10 4 8 10 2 9 8 2 1 3 2 10 5 10 4 6 7 0 8 1 3 7 2 8 8 10 3 9 1 2 6 10 10 7 5 7 2 3 7 8 1 10 10 4 10 2 2 9 3 6 5 0 1 3 1 2 1 6 0 4 4 8 8 1 8 5 4 4 3 10 0 9 7 4 5 0 8 1 7 9 1 1 7 0 4 10 9 3 0 9 8 3 7 1 9 4 5 2 3 4 2 1 1 0 1 3 0 3 5 1 5 3 2 2 4 6 2 9 3 4 4 3 10 6 10 3 0 3 7 1 6 10
3 5 4 8 5 0 2 10 7 0 6 10 9 10 5 9 0 6 5 9 4 6 2 6 0 0 4 7 3 3 9 1 0 9 4 5 1 8 2 10 1 6 0 7 9 6 9 3 5 0 2 3 9 4 0 0 8 9 1 0 9 8 5 10 6 0 8 0 0 0 4 2 1 3 9 1 3 7 7 7 10 2 4 3 2 7 4 6 3 10 9 7 0 10 1 3 0 0 9 6 10 8 9 2 0 5 7 3 0 0 10 1 7 0 3 10 8 8 6 0 6 1 1 7 6 8 5 5 6 9 9 3 7 6 10 8 2 0 3 1 3 10 10 9 7 9 6 9 8 3 8 6 9 5 2 6 2 8 1 3 5 6 6 6 1 7 2 2 6 7 8 1 0 7 9 7 2 1 4 2 2 5 10 1 9 7 9 7 5 6 5 6 0 7 7 0 3 2 10 10
2 3 4 6 10 5 0 2 2 1 4 2 7 10 3 4 5 7 10 3 8 0 0 6 2 9 2 6 7 0 7 4 9 0 2 6 7 6 4 4 0 9 1 8 5 3 6 6 3 6 6 7 10 9 1 9 5 4 10 7 2 3 2 3 10 6 1 1 4 1 8 7 8 10 2 8 6 8 4 4 8 7 0 10 8 4 10 7 4 0 6 7 9 2 4 3 10 4 6 3 6 9 0 7 3 2 2 0 2 0 6 1 10 6 2 10 9 0 8 8 7 5 5 4 2 1 9 3 2 4 4 5 4 5 2 10 4 10 2 2 4 4 5 8 7 4 10 4 6 9 5 9 2 6 8 2 9 7 5 2 5 4 7 1 7 8 8 6 2 2 4 9 7 7 1 8 10 8 7 6 9 9 0 7 0 2 6 7 0 10 2 4 4 4 1 1 0 10 8 2
6 3 9 3 5 4 0 0 3 3 2 3 0 3 1 1 6 10 5 6 5 10 7 10 8 9 0 0 4 5 8 2 2 5 8 3 7 4 5 3 8 2 1 3 5 6 3 7 1 1 6 2 3 7 3 1 7 3 5 7 10 5 6 5 4 2 4 4 5 0 8 8 6 3 10 4 6 6 10 2 9 3 3 2 8 2 0 7 8 6 3 3 8 3 2 9 4 2 2 5 5 10 2 3 8 1 5 8 5 6 5 3 0 6 4 8 9 0 8 7 3 10 7 10 1 2 1 9 2 8 3 7 2 4 7 9 7 6 8 3 9 10 3 6 5 2 4 10 0 6 5 8 0 0 3 5 0 4 10 2 10 2 9 6 7 0 6 10 5 4 3 8 10 2 5 6 1 5 8 2 4 6 7 10 4 4 8 10 6 1 2 1 4 9 10 2 3 9 8 6
4 8 8 10 3 10 10 1 0 3 7 9 8 0 0 1 0 6 1 4 10 2 9 8 3 7 4 8 6 3 8 8 10 1 0 2 5 4 0 6 5 4 10 0 5 3 6 8 6 5 6 0 8 5 0 7 5 3 2 4 7 8 10 8 2 0 7 9 3 7 4 4 0 6 4 8 0 2 8 8 10 4 10 1 7 1 5 1 0 3 3 9 0 7 5 6 4 10 2 1 3 6 3 6 2 2 4 9 1 7 9 7 10 8 8 1 10 0 0 10 7 8 4 3 9 3 3 7 3 1 10 9 8 6 9 5 8 4 10 8 9 6 10 5 6 5 5 5 1 5 8 7 8 4 4 9 3 6 0 2 0 3 5 7 10 4 0 10 5 9 8 8 1 8 6 0 3 8 7 10 10 10 10 4 8 10 7 7 3 6 1 8 10 8 8 9 1 0 7 4
6 4 10 3 7 8 10 5 1 0 10 2 1 9 0 7 6 1 10 4 4 9 2 3 8 3 4 0 2 1 5 7 10 10 0 1 0 0 5 10 9 3 0 8 1 4 6 4 7 3 5 6 0 8 4 5 0 2 3 2 2 1 0 2 3 2 4 3 1 7 4 2 8 3 5 7 2 0 9 10 6 4 1 4 7 10 2 1 2 7 4 5 7 6 6 8 5 1 6 10 5 1 7 6 4 9 6 8 1 9 9 10 8 8 6 9 3 5 9 3 10 4 5 3 3 8 1 1 7 4 0 3 2 5 9 9 3 7 10 7 9 10 0 4 0 9 3 6 10 0 6 2 3 3 7 2 2 4 4 7 8 7 8 1 3 9 3 3 9 10 1 8 3 3 5 4 7 7 9 9 1 3 5 4 2 9 3 4 2 6 6 8 1 8 9 2 5 10 8 0
0 3 3 7 5 5 0 5 3 9 0 8 8 6 3 5 8 7 4 0 6 10 4 7 9 10 0 5 0 8 3 8 7 9 6 9 8 8 10 1 0 8 3 0 0 6 7 4 3 3 9 0 9 1 0 3 4 10 7 8 10 10 9 8 0 4 5 5 0 0 8 9 0 8 2 1 7 8 0 3 6 7 2 9 0 10 2 4 4 7 4 4 9 7 6 5 8 5 5 8 9 8 10 9 7 2 1 2 4 9 0 7 2 4 2 3 2 3 0 4 4 1 8 2 7 7 1 6 9 6 4 2 5 7 6 2 0 9 8 5 4 6 1 6 3 5 5 8 10 9 1 5 7 10 0 9 8 1 0 4 3 7 0 10 9 7 8 8 10 1 2 0 6 10 1 1 2 3 10 8 9 5 0 3 0 1 9 7 8 7 7 9 8 5 4 9 3 3 5 10
3 10 5 10 5 0 6 5 8 8 0 0 1 5 2 2 0 0 1 1 7 2 4 2 8 7 2 0 1 2 3 5 8 1 1 6 4 7 5 6 5 2 8 0 9 0 4 1 9 4 9 6 4 1 8 6 8 2 5 0 1 8 8 8 0 5 5 0 1 9 3 9 1 6 5 7 4 4 9 6 9 0 10 1 1 2 1 9 1 7 9 8 6 8 10 0 4 0 2 5 3 0 8 9 4 0 7 1 5 3 9 7 1 10 3 3 3 2 9 2 0 7 1 3 9 3 6 5 3 9 5 0 4 9 8 4 4 1 5 8 4 4 9 3 8 9 7 6 6 10 7 1 0 0 2 3 0 2 7 7 1 9 6 2 7 9 0 5 7 9 3 7 3 4 8 9 6 3 5 7 5 2 10 7 10 8 6 0 0 5 1 8 9 0 3 0 0 6 1 6
5 5 8 5 5 3 9 1 8 3 7 3 0 10 6 3 10 3 2 8 0 3 9 3 8 7 9 6 5 2 10 9 2 0 5 4 8 6 7 0 2 2 0 4 1 5 8 0 1 9 10 8 2 5 7 1 0 2 1 7 0 7 8 10 4 0 10 10 1 1 1 4 9 3 10 5 7 6 4 1 2 0 9 5 3 8 1 7 9 0 2 10 2 9 10 4 3 8 7 3 8 6 1 2 7 1 4 4 2 2 9 5 9 8 0 8 8 2 9 6 9 10 2 4 0 1 2 7 10 0 6 9 2 4 9 10 3 10 3 7 10 7 10 7 10 2 5 10 10 0 4 0 9 6 10 3 8 6 4 6 3 4 8 2 10 6 10 2 0 4 4 2 1 3 3 3 1 6 0 0 9 3 0 0 7 9 5 3 10 1 9 4 10 0 9 4 5 2 4 0
4 7 7 0 2 9 4 1 10 3 2 9 10 0 4 4 3 0 1 0 5 4 10 10 1 9 1 6 8 8 9 0 10 9 1 10 0 7 0 5 10 3 10 3 1 4 4 3 6 7 2 2 1 6 1 9 10 6 5 0 0 1 5 3 4 10 10 2 3 5 1 10 6 10 8 4 6 7 6 3 7 8 1 8 6 9 0 3 6 2 10 0 10 1 6 2 6 7 7 2 0 9 9 7 3 0 7 4 4 6 0 10 3 5 9 2 6 1 5 9 0 4 9 8 3 8 7 8 9 8 10 2 7 10 2 3 8 9 3 4 8 10 8 8 0 2 2 4 0 0 6 8 1 10 0 5 0 4 1 1 8 4 4 6 1 7 3 2 8 5 7 1 8 6 5 6 5 7 7 8 10 4 8 1 5 7 5 2 6 7 8 1 0 5 8 2 2 3 4 0
0 0 0 1 0 1 6 1 10 5 1 9 9 2 0 1 0 0 6 1 4 10 9 9 5 1 2 3 0 6 2 4 5 6 4 4 5 3 3 4 5 9 1 3 7 9 3 6 1 6 8 10 7 9 9 1 9 9 8 3 3 1 6 9 6 7 3 6 2 7 3 2 3 5 10 4 6 1 6 4 10 4 8 4 10 10 10 10 9 8 7 9 5 5 3 1 9 1 10 1 3 9 1 4 3 9 8 3 10 10 3 3 4 1 5 9 1 8 5 2 8 7 4 9 1 6 8 1 6 4 5 0 9 5 9 3 1 6 3 0 10 0 5 4 2 8 10 2 4 0 2 1 9 8 2 6 8 0 4 7 10 5 1 6 5 1 8 2 2 9 5 0 2 4 4 4 8 7 1 10 0 4 9 7 9 7 4 10 3 0 8 1 7 4 4 10 8 9 0 2
6 9 3 0 5 4 0 3 3 1 5 0 1 5 8 0 9 6 8 7 8 0 1 3 4 1 4 3 8 9 2 3 5 2 4 7 9 2 0 3 5 8 5 8 3 3 10 10 3 7 3 0 7 4 2 10 2 0 8 2 3 0 9 9 0 8 5 1 1 7 10 8 7 8 10 2 2 10 2 5 5 5 9 5 3 1 5 1 5 0 7 1 1 4 8 5 0 0 0 4 1 5 2 10 6 6 3 1 2 2 1 1 3 2 6 0 3 1 1 5 9 3 7 1 10 0 0 1 8 9 0 4 7 8 7 9 1 6 6 1 10 1 10 5 3 1 7 4 6 10 6 8 4 1 2 4 1 7 5 2 6 2 8 10 2 5 3 10 0 10 2 4 8 9 3 5 7 9 0 0 5 8 7 1 4 0 10 1 9 2 7 5 2 6 6 1 2 9 0 4
2 2 3 6 10 8 0 9 1 3 6 1 9 7 0 4 0 3 6 10 2 8 7 4 3 7 0 1 6 6 6 4 1 7 5 2 10 4 3 10 2 4 3 9 1 3 7 10 10 6 6 4 2 0 5 3 0 1 0 8 7 4 8 9 8 3 1 3 3 0 2 5 1 0 3 6 0 4 10 0 9 4 0 3 1 9 5 10 8 3 8 2 2 0 8 9 6 3 5 0 9 3 7 2 2 2 5 7 8 0 3 9 2 0 8 1 8 0 7 2 3 5 2 9 6 10 3 3 8 1 8 10 5 3 7 3 3 5 7 1 9 10 10 0 2 3 9 9 9 7 10 10 0 2 10 2 7 10 4 6 1 8 2 0 0 8 4 2 10 9 0 6 2 8 2 3 0 8 10 5 4 7 3 3 1 5 9 2 4 1 5 4 8 0 4 8 6 8 6 0
1 0 10 5 6 1 10 5 5 9 2 0 3 4 2 5 10 0 10 8 6 9 10 8 8 5 7 9 6 3 6 0 1 10 2 3 10 5 7 1 7 0 3 9 9 5 9 10 5 2 7 6 10 7 3 10 4 9 6 6 4 7 5 3 4 7 1 3 7 1 7 10 7 8 5 10 1 7 1 5 10 7 4 5 8 2 6 7 2 7 5 8 10 9 9 3 4 10 9 0 6 9 3 1 5 7 5 10 8 6 1 0 1 3 4 10 2 8 1 4 10 0 7 8 3 7 8 4 10 9 7 3 6 5 3 4 9 1 9 0 0 1 7 2 4 9 4 10 7 6 8 10 0 5 8 0 9 5 6 6 8 2 8 4 6 8 1 4 8 5 4 9 9 0 6 8 1 3 6 10 0 7 5 3 1 6 1 4 4 1 5 8 3 10 5 3 10 3 5 5
8 8 8 9 0 0 7 1 5 6 5 1 2 10 3 8 1 9 0 3 10 8 3 7 6 8 3 8 0 0 8 2 8 8 8 2 5 9 3 1 8 7 5 2 3 1 0 10 6 7 10 8 7 9 5 0 4 10 10 6 5 8 1 0 0 5 0 7 4 5 3 3 1 3 2 9 2 3 7 4 8 6 7 1 9 2 8 9 1 0 3 10 8 8 2 0 3 1 2 5 2 1 5 2 9 10 1 4 10 9 10 5 6 4 2 10 7 6 7 9 5 9 5 7 8 6 2 1 5 3 9 3 3 8 2 10 8 9 5 1 1 6 0 9 6 2 0 4 0 4 3 4 2 7 6 4 6 4 4 2 5 1 6 0 5 2 10 3 4 8 10 8 0 4 10 8 8 8 2 4 3 7 1 9 1 4 7 3 9 6 7 4 0 10 0 5 4 8 9 8
0 7 5 3 0 1 9 0 3 3 7 5 10 2 5 6 8 1 9 0 8 6 8 7 6 4 8 8 2 1 8 9 0 4 1 7 3 3 8 7 8 1 2 8 1 7 0 7 9 5 9 8 3 8 2 9 8 3 8 4 5 2 9 7 4 1 10 6 2 10 0 0 2 10 2 10 8 7 3 4 9 9 2 7 2 9 10 10 7 8 2 5 0 9 3 7 2 2 9 1 4 6 7 6 3 6 8 1 6 0 6 0 3 9 5 6 3 0 5 2 5 2 1 3 7 6 0 10 0 4 4 8 5 10 3 3 3 10 3 2 2 7 0 1 1 3 2 9 2 0 6 5 8 9 9 6 2 1 0 1 4 8 10 5 6 5 3 10 0 8 6 0 1 9 10 4 3 6 1 5 9 7 4 2 4 7 9 2 0 8 4 2 2 3 6 5 1 7 10 3
0 0 2 7 4 4 1 10 6 8 2 1 6 10 3 1 10 3 10 2 0 10 8 6 5 1 2 5 4 8 1 2 10 7 4 5 6 9 7 7 5 6 3 5 4 4 2 4 1 6 8 4 4 8 4 3 2 4 4 5 3 0 1 6 6 9 1 1 5 3 7 6 4 0 4 4 9 7 1 4 9 0 5 1 2 4 4 2 4 10 0 5 4 8 7 8 2 10 3 10 3 8 7 9 10 5 0 10 3 4 7 8 6 0 8 3 7 9 6 4 6 7 6 9 5 5 10 6 2 1 6 2 10 9 2 2 0 8 5 7 5 6 3 0 2 6 9 3 9 3 9 5 3 3 10 6 0 1 9 10 4 1 3 0 0 4 0 4 10 8 8 9 1 7 5 3 5 10 8 3 7 8 4 10 10 1 1 7 3 2 9 6 9 5 3 0 9 2 3 3
1 5 3 4 6 3 2 7 4 8 7 0 6 3 2 0 10 6 5 10 1 0 8 8 8 0 1 8 9 5 10 4 10 7 7 6 10 5 0 7 2 6 1 4 3 7 8 0 6 7 10 7 1 4 4 2 1 0 3 3 8 9 1 10 2 7 5 5 7 10 6 6 8 2 3 9 1 5 0 10 10 3 4 1 6 7 6 3 6 2 3 8 3 5 4 7 0 6 9 9 5 7 3 3 10 10 0 0 7 10 10 5 10 7 3 0 8 4 0 10 0 5 1 8 0 10 1 4 8 0 0 2 6 0 3 10 1 3 3 7 9 8 8 10 3 0 0 5 0 10 1 1 0 3 8 9 8 9 1 6 2 1 9 2 4 3 2 6 3 8 3 0 5 1 0 9 7 4 3 6 10 4 5 2 0 2 7 4 1 5 4 10 6 7 7 1 3 9 3 5
0 4 5 3 6 9 0 7 5 6 9 2 3 8 6 9 10 0 3 3 8 4 0 8 0 6 2 6 6 8 1 10 4 9 7 10 0 7 10 7 8 10 4 10 5 7 9 6 0 0 6 7 10 4 1 1 1 2 6 4 6 3 5 3 1 3 8 3 10 8 8 8 4 7 4 7 7 9 9 1 9 1 1 10 9 8 10 3 3 8 3 6 3 5 7 2 7 4 9 5 3 3 2 6 2 9 8 2 7 5 9 5 4 9 0 1 0 9 0 4 4 8 3 1 4 0 3 7 2 4 8 10 8 8 0 7 3 6 9 9 5 1 9 6 6 0 6 9 6 1 9 5 9 0 10 0 2 9 10 7 10 5 4 7 8 0 10 9 3 3 8 4 8 5 5 2 10 0 7 4 3 9 8 6 2 3 5 1 7 6 7 3 9 10 5 0 10 10 6 1
10 5 5 6 7 6 10 3 1 6 3 0 5 3 1 5 9 5 4 2 5 8 2 0 5 7 5 0 1 1 8 9 6 6 3 3 7 8 6 0 2 0 2 9 9 3 8 5 2 0 3 8 4 9 5 2 6 0 0 2 1 3 1 8 5 3 5 0 0 6 0 4 2 2 2 3 5 8 2 6 6 2 8 8 6 10 8 5 3 4 7 6 7 5 3 5 3 7 2 1 8 3 6 8 0 10 7 9 6 1 6 0 7 6 1 2 4 8 0 5 9 0 4 8 5 9 0 4 6 2 6 0 3 1 9 6 3 1 3 8 6 8 9 0 0 6 1 6 6 5 8 7 7 5 8 0 1 10 1 3 8 3 10 7 8 1 8 1 9 5 5 5 3 2 6 4 5 8 5 2 4 0 5 8 2 9 8 4 0 2 4 5 9 3 4 2 4 0 4 1
3 8 0 5 6 1 8 1 10 6 8 1 7 4 3 0 2 0 5 3 8 3 2 5 0 6 4 8 10 0 7 7 0 4 9 5 0 4 8 0 0 10 10 4 10 6 5 10 6 5 1 5 8 6 0 3 6 0 9 10 3 7 5 9 1 8 8 4 10 7 3 1 6 9 6 1 7 7 6 8 8 3 4 3 3 8 4 4 10 7 1 3 0 2 2 1 4 8 6 5 1 3 8 4 2 5 8 4 7 6 6 5 4 3 1 4 0 10 8 2 5 3 9 3 8 3 9 7 4 3 5 3 6 6 10 2 9 3 7 2 2 10 5 3 2 7 1 3 1 9 8 1 2 9 7 5 8 1 7 7 8 1 5 8 6 2 1 9 6 7 0 4 6 10 0 2 0 6 8 3 8 6 6 4 4 9 10 3 8 10 6 5 4 4 6 0 5 5 9 1
0 5 7 6 4 1 9 5 9 2 5 4 7 0 9 10 8 6 10 4 1 0 3 2 7 0 6 4 1 5 2 3 0 8 1 1 10 4 2 4 4 4 10 10 5 0 0 7 7 9 1 8 8 1 4 9 0 2 7 2 4 0 1 9 1 2 10 9 5 6 2 8 5 3 7 8 2 3 0 0 10 8 10 2 8 7 4 3 6 5 5 8 7 10 7 6 3 1 10 5 8 4 2 5 7 2 8 3 1 1 5 5 1 2 3 1 7 7 9 2 10 1 10 2 0 1 1 10 1 3 4 1 3 10 5 4 2 5 0 4 7 5 5 4 10 10 2 10 6 4 5 0 3 10 7 7 0 10 6 4 7 8 0 0 7 6 2 1 9 9 9 4 8 4 1 3 8 4 3 1 8 6 6 1 5 9 6 4 8 0 9 4 5 1 4 2 2 1 8 3
1 7 0 3 3 7 1 9 0 5 4 6 0 9 8 8 10 10 9 7 6 1 9 5 1 0 0 4 3 1 0 2 4 7 4 8 3 4 10 6 10 3 2 10 9 10 7 0 8 9 5 9 2 6 2 10 9 9 0 7 7 10 9 5 5 9 3 9 9 6 4 10 8 1 6 4 3 4 9 0 6 10 0 6 2 9 5 8 10 7 0 7 3 4 5 0 7 7 7 0 0 10 0 1 10 7 5 0 3 0 2 5 10 5 3 4 8 5 2 4 6 5 8 8 2 0 3 6 1 6 0 10 6 8 9 2 1 5 1 1 5 1 7 0 4 5 3 6 9 10 5 4 0 9 1 4 9 0 10 4 7 3 5 9 9 1 0 9 10 9 5 9 6 5 9 5 8 10 3 0 5 7 6 0 10 3 5 10 5 10 10 7 9 0 3 10 3 9 5 4
1 0 9 8 7 2 8 4 9 0 8 5 5 7 2 5 10 7 2 9 1 2 10 9 8 3 9 0 9 7 8 2 8 3 2 4 2 4 9 6 1 4 7 4 8 9 4 2 6 10 1 5 5 5 10 3 4 0 10 0 2 3 2 10 0 0 6 1 10 9 2 1 8 2 3 10 10 10 0 4 2 1 8 4 8 10 10 6 1 3 10 4 9 9 10 0 9 8 9 2 7 7 3 10 9 6 8 9 9 1 4 6 6 10 8 0 0 5 5 5 2 5 10 8 6 9 6 5 0 4 3 0 1 5 10 3 4 4 7 1 5 1 9 4 5 6 4 8 8 4 7 4 0 8 5 10 1 5 4 10 3 3 10 4 0 10 1 1 3 2 9 2 4 8 6 7 5 8 8 6 7 1 5 5 1 5 7 3 0 8 10 7 1 8 2 10 10 1 2 9
6 7 7 7 7 10 1 6 7 10 7 2 1 1 8 10 7 7 10 5 10 2 9 10 2 5 8 0 0 0 6 9 9 3 10 8 3 8 3 5 8 7 3 3 7 8 9 8 5 10 4 6 1 5 5 9 7 9 3 3 3 7 1 10 7 9 7 7 5 8 8 9 8 1 6 3 1 8 6 9 10 5 9 8 2 0 9 1 8 5 5 5 4 10 1 1 9 6 0 10 2 2 4 1 3 8 0 5 10 9 3 1 2 6 8 2 4 0 9 1 0 0 10 0 4 8 0 9 6 1 7 5 0 2 2 0 3 7 4 3 6 0 5 8 0 10 6 0 4 2 3 3 9 10 8 2 9 6 10 3 3 4 7 1 10 8 7 3 1 8 4 1 1 8 1 3 4 1 0 9 0 7 9 2 0 3 6 7 4 5 4 7 6 10 5 10 0 5 2 9
8 9 8 4 6 6 2 10 6 1 3 0 0 6 10 3 0 0 9 6 5 6 4 7 7 10 9 5 4 0 10 0 3 3 4 10 6 2 6 1 8 8 2 7 6 4 8 5 0 1 10 10 4 6 0 7 4 8 7 7 4 4 5 8 9 2 7 5 7 10 6 10 6 2 4 6 2 7 8 3 5 8 2 3 4 1 6 9 9 0 10 6 10 6 1 9 7 8 4 2 5 7 3 4 7 0 10 8 1 5 1 1 4 5 7 0 4 7 5 6 8 4 6 8 5 3 7 9 1 3 6 6 10 4 1 10 7 6 3 4 6 2 6 1 7 4 0 7 4 3 10 3 3 1 4 3 4 7 9 8 7 4 0 7 0 9 0 6 0 4 1 0 2 4 4 5 10 2 7 8 6 2 9 6 0 9 9 8 6 10 6 7 9 4 6 5 5 7 7 6
6 7 1 9 9 3 6 8 10 2 3 2 8 8 8 8 9 7 0 4 9 4 7 10 4 5 2 6 1 2 0 0 9 2 2 4 0 1 9 4 9 1 10 7 6 6 10 2 10 6 2 8 3 2 1 3 5 8 7 0 2 6 9 1 2 2 10 8 0 7 5 9 1 7 10 9 7 8 3 6 10 6 8 1 1 8 6 8 0 10 6 5 10 0 2 1 8 4 7 5 5 0 1 3 0 1 1 3 3 0 2 9 2 1 10 4 3 3 4 4 1 7 10 10 2 6 9 0 6 5 1 9 0 0 6 5 10 3 8 2 1 2 5 5 7 1 2 3 8 3 10 6 4 2 7 7 8 5 10 3 7 4 0 3 3 7 10 4 2 3 1 9 2 1 8 7 9 5 6 10 3 6 3 1 5 5 8 8 3 0 8 7 2 10 1 10 9 7 4 2
4 10 3 1 5 0 3 10 0 4 0 10 4 1 0 3 8 3 8 6 4 8 10 10 6 4 6 10 3 2 4 0 10 0 9 7 1 4 4 2 8 1 3 10 2 5 3 7 5 6 4 4 6 5 6 4 2 3 0 3 4 3 4 1 9 4 4 8 8 9 10 6 6 6 8 5 3 5 1 8 5 9 8 0 1 1 5 8 8 10 10 0 7 4 9 6 7 8 5 7 1 3 1 10 3 2 7 7 1 9 6 7 0 9 5 8 9 8 5 7 1 10 1 4 5 6 5 2 2 1 10 3 2 10 2 3 7 8 0 10 3 8 6 1 1 5 1 5 2 7 1 0 1 6 2 8 4 3 9 4 1 7 0 7 3 2 1 8 8 3 6 10 10 8 0 6 6 4 10 8 6 2 9 10 0 3 2 5 0 3 7 2 7 5 9 0 10 2 3 9
4 10 5 10 5 2 8 8 1 1 7 0 1 2 7 3 5 9 6 0 1 3 6 9 5 6 4 8 2 5 7 10 0 1 5 2 0 4 1 1 6 6 3 3 1 5 10 1 5 0 4 8 8 6 4 5 7 10 0 6 7 4 9 0 1 8 0 7 9 8 1 2 4 8 10 5 8 6 10 0 4 10 10 2 9 1 2 3 2 5 1 4 4 5 5 8 9 9 9 6 8 9 7 8 5 6 4 1 10 0 0 8 7 0 6 4 7 0 0 8 1 0 1 7 6 0 2 1 9 7 10 2 6 5 8 3 5 6 3 3 7 9 10 8 10 4 8 9 2 6 5 1 6 7 4 1 0 8 2 2 2 10 7 5 7 9 8 7 10 8 2 3 3 7 9 8 6 4 2 2 5 1 1 6 3 1 1 3 1 7 9 10 8 1 2 7 1 5 5 10
8 4 1 6 5 9 7 7 4 5 5 9 10 5 0 4 0 3 1 5 9 2 10 7 9 8 8 5 10 10 0 1 0 0 3 7 2 8 4 9 2 10 7 2 3 0 5 5 4 5 6 2 10 9 0 1 6 5 7 6 9 0 5 5 0 0 2 8 4 3 10 0 8 0 4 0 10 4 5 7 8 6 3 8 10 6 8 0 3 4 8 3 6 1 8 5 7 4 10 4 1 10 0 6 0 2 8 7 8 4 5 0 1 4 5 3 2 2 3 10 4 10 2 9 9 0 10 0 5 10 3 9 7 6 2 1 6 5 0 0 2 6 3 9 5 10 8 1 3 10 8 2 0 1 9 7 4 8 9 1 4 7 10 2 6 5 0 7 10 9 7 8 1 9 8 0 10 6 3 0 10 10 9 9 9 0 8 10 1 10 7 2 10 6 1 6 7 0 6 0
5 6 5 4 1 7 5 5 0 0 1 1 10 8 4 6 10 4 4 7 4 2 5 7 2 2 7 2 5 2 3 2 4 7 0 1 2 6 8 5 8 3 4 9 1 9 6 4 2 10 5 10 7 3 6 0 10 8 1 6 0 3 10 10 2 7 1 4 6 7 8 6 8 7 4 8 10 3 1 0 9 6 9 1 8 5 3 6 7 9 2 10 0 1 7 7 5 5 6 5 1 8 10 6 9 7 5 9 10 4 4 7 6 7 8 5 10 5 7 1 9 6 1 9 6 9 5 9 5 0 10 4 2 10 7 5 6 10 7 1 4 3 0 7 6 6 0 10 3 9 8 0 7 9 9 1 9 5 3 0 1 5 10 4 3 6 5 0 6 1 2 4 8 6 2 6 7 7 5 5 4 0 5 3 4 1 0 10 2 7 10 3 5 7 9 1 0 9 4 6
3 3 4 4 5 8 4 4 7 7 10 3 0 5 9 6 4 9 9 7 2 9 6 1 3 7 2 8 4 10 9 2 0 8 6 0 9 8 5 8 8 7 1 1 9 4 1 2 6 5 7 5 5 8 6 5 0 3 1 10 0 0 9 6 0 7 0 0 9 0 6 9 4 7 4 7 4 7 3 0 6 1 10 2 7 1 6 3 9 3 1 4 0 10 3 1 6 8 1 10 7 7 7 2 5 0 4 6 9 3 10 4 7 4 7 4 8 2 0 1 5 5 0 4 5 2 1 3 8 7 9 0 6 5 4 4 7 7 0 1 1 5 4 6 2 1 9 10 2 3 3 0 7 7 10 8 4 1 8 1 8 9 1 6 7 10 6 0 3 4 2 10 6 7 5 10 5 0 4 9 5 10 3 4 8 10 10 1 5 2 5 9 5 6 6 1 9 7 3 3
6 2 1 8 10 10 9 1 5 10 5 9 5 2 4 0 7 4 9 6 0 1 2 1 5 9 0 5 0 0 5 3 6 1 3 5 0 6 4 0 9 9 8 3 10 1 4 4 6 0 0 2 6 3 3 5 9 3 5 4 3 8 9 2 4 3 5 1 7 1 1 7 1 3 8 3 10 6 7 9 6 1 4 8 1 7 1 9 0 10 7 2 2 0 4 9 5 5 4 0 5 8 3 10 6 1 0 7 8 3 3 2 10 9 1 8 8 1 0 9 4 8 5 2 6 3 10 4 1 0 5 9 8 4 9 2 6 2 0 5 7 0 2 1 10 9 5 9 8 1 4 9 7 7 2 6 8 10 4 8 3 6 8 6 1 4 9 4 9 5 0 10 7 5 1 9 3 0 1 4 9 0 10 3 8 5 3 1 2 1 9 2 5 0 8 6 0 10 9 5
4 5 9 8 1 10 8 3 1 3 10 8 3 6 3 2 1 5 3 7 7 1 4 4 4 10 2 3 10 4 5 2 1 4 6 9 1 0 6 4 6 8 1 7 0 10 1 7 6 3 3 5 7 3 2 1 9 9 4 6 6 6 0 2 8 3 9 1 2 6 1 1 6 1 0 9 1 9 6 8 2 2 2 4 2 6 0 10 4 0 5 7 4 2 0 2 1 5 2 10 10 8 8 0 8 0 3 9 1 4 8 10 0 8 6 4 10 8 9 4 9 4 1 9 6 8 0 10 0 8 3 7 2 1 7 5 3 1 5 9 5 6 8 5 0 2 8 10 10 5 10 7 9 3 8 1 6 1 0 10 8 2 5 2 10 7 9 4 2 7 9 4 4 5 0 8 6 10 0 5 9 5 0 6 3 9 5 2 0 3 0 7 7 1 9 2 5 1 9 2
6 10 10 6 10 5 5 6 0 5 2 2 0 4 8 6 1 2 3 9 6 4 2 8 10 8 9 3 9 1 5 9 3 8 7 5 1 0 0 3 1 2 1 4 6 0 7 6 8 0 10 2 5 9 6 3 10 7 7 10 4 5 5 1 2 5 6 9 3 9 8 2 2 4 0 5 3 10 1 10 0 10 5 7 9 4 3 2 9 3 5 9 3 5 7 1 3 4 5 9 6 2 9 8 9 9 8 0 2 9 3 2 7 3 0 1 3 5 9 7 10 0 7 7 3 0 8 8 3 5 0 7 3 10 10 10 10 8 0 1 7 2 3 9 9 5 8 9 1 3 7 2 6 5 6 8 9 0 4 7 10 0 5 4 5 5 0 3 9 9 9 2 7 7 4 10 8 2 2 7 6 10 0 8 9 6 7 1 4 2 5 0 0 10 1 5 1 9 2 0
1 9 7 8 9 8 4 8 4 6 8 2 9 7 2 3 3 6 5 10 6 5 4 1 5 5 5 0 2 8 0 0 2 3 8 0 10 7 6 0 2 4 7 5 4 8 6 6 0 2 4 2 3 6 5 4 7 2 8 5 10 1 2 2 4 0 6 6 7 1 3 3 7 6 2 6 0 0 0 5 9 1 10 8 0 6 1 10 10 1 3 3 4 8 9 8 5 4 1 7 0 9 1 2 9 1 3 8 1 7 10 6 1 5 4 9 7 8 9 3 0 5 8 0 7 1 1 1 4 1 6 7 4 7 4 0 3 5 8 3 4 0 3 4 8 5 5 2 5 4 10 0 0 9 3 8 7 9 10 3 8 9 7 2 1 10 10 2 1 10 5 3 8 1 7 5 1 2 1 1 10 1 4 7 0 6 7 6 9 7 0 4 0 2 1 9 10 7 3 0
3 2 7 7 3 0 3 8 6 9 8 3 1 5 7 3 7 9 9 10 3 4 5 2 5 2 10 1 3 7 1 1 7 2 2 0 2 6 7 6 0 7 0 1 3 5 2 1 9 8 1 4 4 8 5 4 9 3 3 10 1 1 3 0 6 1 6 5 0 1 5 2 9 8 1 1 8 4 4 1 7 3 10 5 0 4 10 5 4 4 8 4 5 10 6 8 0 0 4 8 2 6 1 4 9 9 0 0 10 4 8 7 8 6 5 5 1 9 7 4 4 4 2 8 10 9 8 8 6 10 2 3 0 8 9 0 3 2 4 10 6 0 10 8 4 1 5 1 6 2 4 1 2 1 9 6 2 10 5 7 7 4 1 8 5 0 7 6 0 4 0 0 0 8 6 0 0 2 8 4 1 3 7 5 0 3 5 2 1 9 3 9 9 10 1 5 7 0 6 0
9 6 1 6 8 9 8 10 4 4 10 0 8 7 5 10 5 8 10 10 7 6 5 4 8 7 8 0 2 9 1 3 4 5 8 4 7 9 8 4 9 0 4 7 0 3 1 9 3 2 9 8 3 8 0 5 5 0 10 10 3 5 9 9 9 3 0 5 5 6 0 8 7 3 2 8 9 9 0 10 10 3 2 9 0 3 3 0 2 6 8 2 2 6 9 8 0 0 1 7 4 7 10 5 7 0 8 5 7 0 10 7 3 4 5 8 6 3 1 2 0 3 4 2 2 1 9 4 9 7 0 7 7 0 10 6 8 8 4 7 4 8 9 3 1 4 1 5 3 4 10 8 5 2 8 3 10 2 1 6 9 10 1 0 5 10 5 8 2 7 4 4 0 7 4 1 9 7 1 9 4 4 7 4 6 7 5 4 1 5 3 0 3 9 7 9 3 9 10 10
2 2 4 6 8 9 9 5 4 9 10 0 10 1 3 7 7 5 3 4 0 2 5 7 1 7 0 1 4 4 1 1 10 10 4 8 5 3 2 2 6 7 0 2 3 9 0 7 9 4 7 10 7 8 9 5 7 9 6 3 1 2 6 7 8 5 4 4 5 0 5 2 9 5 5 5 6 2 3 6 9 4 6 8 10 2 6 7 3 1 0 3 1 9 2 6 8 2 10 10 0 7 9 7 7 5 10 9 10 5 6 2 3 10 5 3 5 9 2 7 9 0 1 4 7 9 6 9 3 0 1 8 1 2 0 0 4 1 0 1 9 3 2 5 4 5 9 2 1 5 2 9 0 0 0 10 6 6 4 10 1 10 10 1 4 10 9 0 3 8 10 6 6 0 2 8 4 5 3 1 1 0 9 8 1 7 7 4 2 9 3 4 7 3 9 8 5 3 6 0
2 4 4 8 6 10 3 4 7 3 1 4 1 8 9 9 9 3 5 8 4 10 6 4 2 3 4 10 8 0 1 3 4 3 7 2 4 2 2 7 8 4 7 0 5 6 6 0 10 9 5 1 8 3 8 8 7 1 4 9 8 3 5 7 8 10 4 5 1 3 2 6 3 3 9 8 10 1 4 1 3 1 10 8 9 9 1 2 5 9 8 7 10 7 2 5 6 10 1 8 10 1 1 7 9 8 10 0 3 1 2 9 10 6 5 6 0 9 8 1 6 10 8 8 0 7 9 0 9 5 4 2 10 6 10 7 5 8 5 6 1 9 8 9 0 9 9 6 2 10 0 7 6 4 3 2 2 6 3 2 1 0 6 3 1 3 10 2 0 10 10 3 4 5 4 8 9 1 2 2 3 10 7 6 1 4 5 3 10 4 1 7 9 9 5 9 8 2 6 2
1 5 2 7 5 10 3 5 3 4 6 10 6 1 3 1 5 10 10 5 0 4 1 7 9 2 6 9 7 0 4 7 1 2 1 6 7 0 3 10 9 3 0 10 0 2 8 10 5 0 6 10 9 9 9 2 7 9 6 7 6 7 3 1 10 6 0 2 9 6 8 2 3 7 5 9 0 5 7 9 5 1 4 6 10 4 4 10 10 5 8 4 8 10 10 8 1 9 9 8 0 7 4 3 7 3 10 1 4 10 10 7 3 9 1 10 10 10 10 9 6 6 8 2 7 7 6 2 2 2 3 4 10 0 0 0 9 0 9 4 4 5 7 0 9 2 7 3 6 10 3 8 3 7 8 9 7 10 4 10 9 9 3 3 10 1 8 1 3 8 9 6 2 0 8 9 7 0 7 6 9 4 8 0 8 8 4 9 10 7 6 1 6 2 1 3 4 5 0 6
4 1 4 6 0 4 8 10 4 3 9 4 2 2 0 4 1 1 0 0 3 2 3 10 2 5 4 9 3 2 10 10 4 3 10 8 2 7 7 0 6 9 2 1 10 0 8 10 2 2 2 3 5 4 8 6 8 5 4 6 6 7 7 3 8 4 5 3 2 0 1 3 8 3 1 4 3 3 0 0 4 10 1 4 6 6 2 4 8 3 3 8 5 6 0 3 1 9 7 9 8 8 9 8 4 4 4 8 2 6 4 0 5 10 7 0 1 8 4 1 4 6 4 10 5 1 2 7 3 2 8 6 2 1 9 2 0 5 4 10 9 0 7 9 7 10 9 0 5 5 3 7 0 3 6 7 1 7 9 6 5 7 10 1 5 5 2 8 7 6 7 9 6 3 2 1 6 3 4 9 3 10 4 1 9 5 9 2 10 10 2 4 7 0 6 6 9 5 7 1
1 7 9 4 4 8 2 8 0 3 8 9 8 8 6 2 0 8 10 3 3 10 8 3 7 2 1 4 9 5 9 2 0 10 2 4 7 7 8 0 5 10 4 2 1 0 0 8 6 2 5 10 5 8 1 3 10 6 3 10 10 10 10 6 9 3 8 0 8 2 9 2 10 6 3 0 0 4 7 1 7 0 3 0 8 0 3 6 3 8 2 1 8 1 0 5 10 2 7 3 6 7 5 7 3 0 5 5 8 5 8 4 6 2 1 3 5 6 7 6 2 8 8 1 1 2 0 4 1 4 6 7 1 5 3 2 3 4 1 7 9 1 3 0 0 5 8 1 8 7 8 3 8 1 6 7 6 2 9 6 5 6 1 1 0 6 5 1 8 4 7 1 2 5 8 7 3 7 5 6 10 8 3 0 8 10 4 1 4 2 0 10 6 0 3 8 2 2 5 8
5 9 2 7 10 8 7 0 6 7 10 0 1 9 9 6 1 9 9 1 9 9 3 2 0 8 4 1 3 9 10 4 0 1 1 8 5 9 6 8 3 4 6 8 2 7 7 0 5 0 5 3 1 2 9 6 3 7 4 2 10 10 6 7 7 2 9 9 1 6 0 3 5 8 10 1 6 6 8 6 2 8 6 4 7 3 9 5 10 8 2 4 6 7 3 0 0 0 5 4 7 10 5 3 4 7 0 8 1 5 9 3 4 10 3 9 7 2 1 9 8 8 8 7 7 3 6 0 6 7 8 4 10 0 5 8 8 1 3 3 1 7 10 9 1 0 5 5 0 6 10 1 0 7 3 6 9 4 6 7 10 8 3 6 5 4 4 3 4 1 6 7 9 0 5 8 5 6 7 10 10 0 4 5 6 1 8 4 10 5 7 2 0 3 0 9 4 6 5 3
8 6 2 7 0 2 2 4 9 2 1 4 2 1 7 3 8 7 1 5 2 3 1 5 3 8 2 9 3 4 9 10 10 9 8 7 4 7 10 2 0 5 5 1 1 6 4 5 0 2 8 9 0 6 2 10 0 7 5 3 5 8 7 6 10 3 10 5 1 8 2 0 4 2 8 0 7 4 3 0 8 6 5 5 1 0 0 2 4 1 9 1 2 8 5 4 9 6 5 0 8 9 3 8 4 6 7 4 10 5 3 5 4 6 6 4 6 1 7 2 8 7 1 2 6 10 2 6 8 9 8 7 10 9 1 5 3 2 4 6 8 10 1 7 2 4 7 10 0 8 1 2 2 8 3 8 8 4 6 1 10 6 6 1 8 8 0 4 2 2 10 2 10 4 4 3 8 5 10 4 9 4 2 3 2 1 9 0 0 6 1 9 6 10 6 1 6 6 7 4
6 7 5 1 6 0 4 8 7 0 10 5 10 8 8 6 7 1 0 5 0 4 9 10 1 6 1 8 8 2 2 4 1 3 0 8 4 3 6 0 8 5 0 6 7 3 9 6 4 0 9 8 9 1 3 9 1 3 6 8 2 6 6 5 5 3 4 10 5 0 3 7 2 8 6 7 0 3 7 6 1 9 7 5 8 0 8 9 1 8 4 4 2 9 6 4 4 1 6 9 10 8 7 4 7 2 1 8 5 7 4 0 10 7 4 9 10 8 0 5 7 10 4 0 9 7 3 10 3 7 0 0 9 10 7 2 0 3 1 1 9 4 2 8 3 2 0 4 9 2 10 10 4 4 10 5 6 1 6 3 1 6 2 2 8 4 3 5 0 10 7 4 7 10 5 5 8 0 3 9 1 1 0 8 1 1 1 7 8 5 5 7 0 0 4 5 8 6 3 2
4 3 8 5 10 4 4 5 0 0 5 6 0 4 5 8 1 3 6 5 4 7 0 7 8 6 7 6 4 3 7 2 3 5 10 8 0 2 10 1 4 3 8 5 0 4 0 3 2 5 0 5 0 1 5 4 8 8 4 9 2 3 1 9 5 2 9 1 2 8 7 7 3 10 8 0 1 7 5 4 2 1 5 3 4 10 10 3 9 8 8 0 8 10 6 9 10 9 9 4 0 7 10 0 6 0 3 2 0 5 5 6 1 10 4 1 10 7 5 6 7 0 6 4 3 7 6 0 2 3 6 4 4 6 5 5 10 10 5 0 9 10 10 8 7 10 0 1 9 5 9 6 7 4 4 8 9 4 1 8 1 0 7 4 1 2 6 1 2 6 6 6 10 5 3 3 6 5 2 0 10 1 9 9 5 6 3 10 5 6 0 9 2 7 1 4 9 10 10 9
10 10 9 10 1 10 7 7 6 4 4 8 6 5 6 1 2 4 5 5 8 5 7 3 7 8 1 2 2 1 0 6 5 9 5 7 8 7 6 0 10 3 3 3 8 4 2 5 2 6 8 0 9 9 10 1 4 5 8 0 7 1 10 2 9 5 8 9 3 2 2 10 6 0 7 3 10 8 3 3 1 6 4 7 10 10 5 6 4 10 6 7 1 1 9 1 7 2 2 1 9 9 2 3 1 10 9 1 6 2 7 6 0 8 4 3 9 9 5 2 8 10 9 7 10 3 9 3 4 10 1 10 4 6 6 10 10 10 6 3 3 6 8 8 2 7 7 4 1 5 6 6 7 6 1 3 5 10 9 3 9 8 6 9 5 10 0 4 3 4 4 2 3 9 3 1 2 5 4 7 3 7 10 2 0 2 9 9 7 0 1 9 4 6 4 2 7 4 7 6
7 0 6 10 5 0 8 9 5 1 10 9 9 1 6 3 8 2 4 0 0 1 9 10 2 2 2 4 0 9 6 5 8 7 8 0 9 6 10 5 7 1 3 5 3 9 7 1 2 6 9 3 0 5 9 9 3 0 7 0 4 10 5 5 10 8 8 1 3 0 4 4 9 9 1 2 8 2 1 3 4 4 7 4 2 6 6 4 3 4 8 4 10 1 1 5 2 5 3 5 3 4 5 6 1 6 5 7 1 10 5 1 4 7 2 2 8 9 8 1 3 1 10 2 10 0 2 9 2 0 7 1 6 10 6 5 4 6 3 0 5 1 3 9 5 1 2 1 10 3 3 4 9 4 1 8 3 4 9 4 8 2 0 8 0 3 0 1 8 5 9 9 5 0 10 1 10 0 4 7 9 3 9 6 9 5 3 10 1 5 0 6 6 3 9 5 5 10 1 9
9 2 4 9 2 5 8 8 3 6 10 9 6 6 9 9 5 6 9 2 10 9 8 0 9 3 10 8 1 9 4 4 6 8 2 10 5 10 8 9 6 10 7 5 10 8 1 2 4 6 6 2 7 0 5 7 6 1 1 0 6 7 8 0 10 0 4 9 1 9 5 6 10 6 0 2 2 3 0 9 2 8 2 5 1 6 7 4 9 5 4 5 8 1 9 10 7 2 10 2 10 2 1 6 6 2 0 7 2 9 7 8 8 6 10 2 3 3 7 0 4 2 2 4 3 0 10 2 7 6 7 0 7 7 1 3 4 6 2 10 6 2 6 6 1 6 9 3 5 6 9 1 3 7 9 5 10 1 5 2 8 8 4 2 9 3 0 7 9 4 7 5 5 4 2 1 7 1 1 8 3 2 4 7 0 5 1 2 9 5 7 6 2 10 4 4 0 2 4 5
4 1 6 9 2 1 5 4 6 0 9 1 1 0 2 3 8 4 8 3 9 6 1 10 1 7 0 7 1 0 2 4 2 7 5 9 6 3 2 4 8 9 0 5 1 2 2 5 9 7 1 8 0 6 0 5 8 9 6 10 3 2 8 7 9 8 9 4 8 8 2 3 8 3 7 0 0 2 2 8 7 2 9 4 10 6 7 1 9 10 7 1 10 5 5 4 2 7 8 9 9 5 5 4 9 9 2 9 4 0 8 4 2 3 7 10 9 8 0 1 7 0 10 9 5 2 5 7 6 1 6 10 2 8 5 3 10 8 10 5 6 9 10 8 8 6 1 3 7 4 10 7 8 5 9 0 3 6 5 10 2 2 10 0 10 1 9 9 9 4 4 6 2 0 3 0 3 10 2 6 6 1 10 3 8 5 7 1 2 10 2 8 6 7 4 1 9 6 7 6
10 0 6 5 7 5 0 4 9 4 9 4 1 1 10 7 1 1 1 4 0 9 10 9 2 4 10 6 5 8 3 4 1 7 6 3 5 1 0 5 10 5 9 4 8 4 5 10 4 2 8 3 0 4 3 0 5 9 10 5 7 9 5 10 4 1 9 0 3 5 3 8 2 1 8 3 5 6 7 7 0 2 10 2 2 3 5 5 6 10 5 1 4 8 4 5 7 0 1 7 5 6 5 0 4 7 1 7 4 9 2 10 0 2 5 5 1 8 0 1 6 9 1 5 10 6 8 4 7 9 8 7 2 5 10 9 0 4 4 4 8 2 5 9 8 4 0 9 9 1 8 8 3 1 0 3 7 10 0 9 5 1 5 9 5 7 6 1 5 0 1 9 0 7 5 6 1 4 0 3 0 3 9 2 2 0 4 6 7 8 3 2 4 6 2 7 3 9 4 7
1 3 8 10 1 6 10 3 4 9 4 5 8 3 6 0 4 3 5 6 2 2 6 5 1 7 2 6 0 0 7 6 4 2 5 8 7 5 4 6 7 0 2 5 2 5 1 6 7 9 7 4 5 9 7 8 0 9 0 9 8 9 2 3 10 5 8 0 1 4 0 8 8 6 5 4 9 7 5 8 1 2 6 3 4 4 3 5 8 1 4 0 5 5 8 4 10 9 0 4 10 6 9 8 10 3 0 9 8 6 0 9 10 4 9 0 10 1 5 6 1 10 0 6 0 3 3 7 10 9 8 3 1 7 7 2 6 0 2 8 8 1 7 9 4 5 5 5 6 1 3 8 1 7 7 3 8 3 10 10 3 3 0 1 2 8 3 6 4 7 3 3 3 7 8 3 7 2 5 7 9 9 8 1 3 6 1 7 10 2 5 5 10 9 5 2 4 9 3 2
1 10 7 9 2 1 7 5 1 4 9 1 7 10 1 6 8 6 4 9 8 1 7 5 9 9 9 3 9 8 0 10 4 9 2 8 8 7 10 0 10 4 1 0 9 10 6 0 6 8 0 4 7 8 0 10 7 0 4 6 7 3 1 5 7 9 7 1 8 1 10 5 8 4 0 0 5 8 9 6 7 1 9 10 9 5 3 4 3 10 7 9 0 9 10 10 10 6 2 5 8 8 9 4 6 2 7 9 9 10 8 10 4 8 1 0 10 2 10 9 5 1 0 4 5 3 6 6 9 9 3 0 1 10 6 2 7 9 4 3 4 10 10 1 10 3 5 0 1 7 5 1 8 5 7 1 6 2 2 2 0 7 0 8 2 0 10 1 9 8 0 8 10 8 4 5 1 0 6 8 5 8 0 2 6 8 10 5 6 1 1 2 4 2 10 1 1 10 1 10
2 9 3 5 8 8 8 1 7 6 10 2 10 5 4 9 7 0 5 3 0 4 9 6 9 9 1 9 2 5 8 7 1 8 9 3 7 3 4 9 2 6 0 2 2 0 6 9 3 4 1 9 3 1 3 8 7 5 0 2 10 8 3 10 3 5 6 0 8 2 8 10 2 3 1 0 1 1 9 5 1 6 7 0 9 4 9 9 1 10 1 6 7 4 10 3 4 2 8 5 0 6 5 9 9 0 8 3 4 4 4 9 8 5 10 5 3 9 10 0 4 2 7 10 10 6 6 1 5 9 2 10 9 5 6 1 0 0 10 0 5 4 0 3 8 8 5 3 10 0 1 9 5 0 5 7 3 6 9 0 6 5 3 2 9 10 9 5 5 1 7 1 8 6 4 9 9 9 8 7 7 5 3 6 6 10 4 8 10 2 7 5 1 10 7 10 7 7 4 4
3 1 0 4 0 4 2 4 6 6 10 0 6 0 0 9 4 10 8 6 8 2 10 8 2 0 0 0 0 3 10 4 7 7 7 6 9 6 1 7 9 3 7 5 8 0 5 8 6 6 10 7 8 10 7 3 0 4 2 0 6 7 7 5 0 5 10 1 9 1 5 1 1 8 10 2 5 4 8 2 2 7 7 10 1 5 3 2 6 7 10 4 6 6 10 8 5 10 6 1 5 10 5 10 10 1 6 1 4 7 3 6 4 4 9 4 4 2 1 0 0 2 5 0 10 0 4 7 5 9 2 2 7 6 1 4 9 5 10 8 9 0 10 3 9 9 10 1 10 0 1 8 2 9 4 5 1 0 7 0 7 4 2 2 8 4 6 1 6 8 9 9 8 4 3 2 7 4 8 8 9 0 0 9 6 2 10 7 3 2 3 4 10 9 8 0 4 9 0 8
0 0 6 7 4 0 0 7 3 4 6 6 5 10 6 0 6 9 5 3 10 0 8 2 8 6 3 1 3 10 7 8 5 10 5 7 4 9 3 8 3 10 10 2 5 3 7 10 8 1 10 1 6 1 7 5 4 3 1 9 0 8 4 6 0 10 10 3 5 1 3 2 4 2 6 10 1 8 3 6 3 5 3 4 2 9 3 9 3 0 8 3 9 1 5 1 3 8 1 8 0 8 5 10 10 10 4 8 1 4 1 0 7 4 1 6 0 7 10 6 1 10 9 1 6 8 10 7 1 10 7 10 7 1 1 0 8 1 6 10 3 3 0 1 2 5 2 5 7 2 5 0 2 3 3 3 9 2 4 7 1 0 8 0 10 6 10 3 4 2 9 4 4 0 10 7 9 8 4 2 0 8 9 5 6 6 1 4 1 2 6 3 2 7 10 9 7 2 4 4
0 0 4 10 9 6 4 10 6 7 3 2 3 1 6 10 0 6 6 3 6 1 1 3 6 9 2 8 5 3 0 0 1 3 8 10 9 4 6 1 5 3 3 8 3 8 1 0 8 5 7 8 10 1 7 1 3 3 7 2 5 0 6 8 2 0 7 8 2 7 1 4 8 10 0 6 2 3 8 6 3 7 10 0 3 1 3 0 2 4 1 5 2 10 7 6 10 3 9 1 8 9 4 0 6 2 10 7 1 9 9 5 5 10 3 4 9 2 0 8 10 4 2 6 4 10 9 2 10 0 4 1 1 8 4 3 4 5 4 10 5 8 9 2 0 5 1 0 2 7 9 8 9 3 6 9 5 4 1 4 10 7 9 7 10 6 2 9 5 6 2 8 1 2 9 5 6 1 3 10 2 4 2 2 2 2 8 5 6 1 9 4 2 4 7 0 0 9 10 9
2 4 7 2 7 9 7 10 0 3 2 1 4 3 1 0 0 2 7 6 8 2 5 6 8 9 3 5 6 0 2 7 7 8 10 1 4 3 0 0 10 2 7 8 5 8 1 8 2 1 2 5 0 10 5 0 1 8 4 9 9 0 0 3 9 5 2 9 6 9 6 2 10 3 0 8 6 4 10 2 5 10 9 3 4 10 0 7 9 5 1 4 3 2 4 0 2 3 5 5 6 7 4 1 6 6 4 2 2 9 2 9 0 4 9 2 9 1 9 8 6 7 1 9 10 9 8 4 5 9 3 1 5 3 0 7 8 8 9 4 4 4 2 4 2 6 3 9 3 4 8 10 3 2 1 2 9 10 2 10 5 6 8 1 10 4 4 8 5 3 10 6 10 4 9 2 4 1 7 1 10 4 2 4 5 6 9 4 10 9 6 5 4 0 6 2 9 3 1 6
1 7 1 3 8 0 0 9 1 8 1 10 7 6 1 2 2 10 0 0 5 6 4 0 3 3 6 2 3 0 4 4 0 2 1 6 2 2 7 2 2 4 7 0 7 3 0 1 7 10 2 7 3 9 9 4 0 2 8 1 6 7 6 0 2 9 5 4 1 3 4 4 3 5 1 10 10 9 2 8 10 4 4 1 5 1 9 10 10 6 0 2 7 3 1 0 5 4 0 7 5 5 5 5 1 3 0 10 6 0 10 9 4 2 0 10 0 2 9 7 3 10 4 6 2 7 6 0 7 3 2 8 4 8 9 9 10 2 9 8 4 1 5 6 4 6 5 7 2 10 2 8 7 8 6 2 0 10 3 1 7 3 0 5 0 9 9 10 4 5 9 1 1 9 6 7 3 7 6 9 5 9 9 4 7 0 7 8 6 7 4 3 7 0 9 8 1 5 6 6
5 1 0 3 0 10 3 5 0 9 9 6 7 8 6 5 5 0 0 2 4 6 8 9 2 6 3 10 8 2 8 0 2 2 6 3 2 8 0 3 7 10 0 10 3 2 8 8 8 7 0 5 9 7 7 8 8 7 10 1 2 2 10 7 0 1 2 10 0 0 0 8 9 7 2 9 5 4 5 9 7 8 5 5 1 8 8 6 6 10 10 8 0 1 1 1 6 5 4 5 8 2 6 5 5 5 3 7 1 6 4 2 4 8 3 3 5 10 4 8 2 2 5 3 7 2 4 5 4 9 0 10 9 2 7 8 3 2 7 2 4 9 4 10 3 2 10 3 1 9 4 3 5 4 9 3 5 4 8 0 9 2 10 7 6 8 4 5 1 7 1 7 3 7 7 8 10 3 9 8 0 9 6 8 1 4 8 6 0 5 9 3 8 1 7 0 1 2 4 3
2 9 10 4 5 10 6 2 3 4 10 6 6 7 7 7 0 9 1 7 1 6 7 1 6 8 3 5 3 9 5 10 8 4 0 9 8 4 9 10 4 2 1 1 10 4 4 8 7 4 3 8 8 0 9 3 3 2 7 6 1 2 7 9 9 0 5 2 6 1 9 1 6 5 8 2 9 0 7 1 5 8 3 0 9 5 7 4 6 1 5 9 9 0 6 0 10 1 9 5 4 7 5 10 0 8 3 0 4 8 0 5 8 4 7 3 9 2 7 9 1 1 4 9 4 10 8 6 4 2 5 1 4 4 9 9 8 5 3 5 1 7 9 0 7 7 2 8 0 5 6 4 1 3 2 6 0 2 9 6 8 3 1 6 4 8 2 0 6 7 4 3 1 6 5 4 2 5 0 8 0 8 7 1 1 1 10 10 9 2 1 6 6 7 3 2 6 1 4 7
4 0 3 5 0 9 8 4 3 3 1 1 5 8 1 1 2 3 7 4 10 2 9 10 1 4 5 3 0 3 6 8 3 1 10 1 5 6 3 4 5 0 5 5 8 7 9 2 6 7 5 5 4 10 9 8 0 2 3 6 7 3 2 2 7 5 0 0 10 4 5 1 10 0 2 9 1 6 0 0 2 0 8 10 3 6 7 1 2 6 7 4 2 9 6 8 3 6 5 7 3 0 2 10 5 9 0 9 5 7 1 5 10 10 1 7 7 1 10 9 10 4 5 0 5 3 9 6 6 4 6 0 8 3 3 3 1 4 9 8 4 7 8 5 4 2 7 9 8 0 4 3 2 10 10 3 5 3 8 1 9 0 5 9 9 3 2 6 1 6 3 5 6 5 2 6 1 6 9 9 7 8 1 0 5 9 3 1 10 1 8 4 3 5 2 0 10 5 8 8
2 0 10 2 2 1 10 3 7 1 9 2 10 5 9 1 8 2 2 2 8 1 7 0 9 10 5 1 5 4 9 4 4 8 6 4 4 7 5 7 2 2 6 0 9 3 0 8 9 6 3 4 3 8 5 10 1 6 9 4 7 2 4 9 5 2 0 0 6 3 7 10 9 6 4 8 3 8 1 10 8 7 2 9 6 4 10 9 1 8 6 0 7 1 10 5 4 5 5 2 7 9 4 1 9 7 10 0 10 10 1 2 9 7 9 10 5 5 8 3 5 1 6 3 4 3 5 10 4 2 5 9 0 6 3 9 10 3 1 1 8 10 10 9 0 0 6 1 6 1 7 3 6 1 9 3 1 7 2 7 8 2 0 4 8 3 7 0 4 0 10 5 0 5 1 2 7 5 3 8 3 4 1 8 10 9 9 0 8 1 2 0 1 3 8 6 8 7 6 10
7 5 5 8 8 8 4 8 8 9 9 1 0 5 3 1 1 2 10 10 0 1 10 8 8 2 6 2 4 7 9 1 3 8 7 7 6 2 0 4 1 3 0 8 1 2 3 1 9 4 10 7 10 3 7 10 2 9 4 4 8 1 5 4 0 2 0 5 0 2 2 9 4 2 7 10 4 0 9 5 0 1 6 7 0 5 10 8 6 1 8 4 8 0 3 1 10 4 7 7 8 8 1 8 7 6 0 5 8 7 6 5 3 9 1 10 0 7 9 1 2 0 4 7 1 9 9 5 4 10 9 6 10 3 10 2 2 4 1 5 10 8 2 10 9 9 6 10 6 10 1 5 1 1 2 3 1 3 5 7 7 10 8 0 9 4 9 8 2 5 8 10 2 2 6 7 5 10 6 7 6 7 5 5 4 7 9 4 7 7 10 6 1 6 9 5 9 3 9 0
7 0 5 9 7 8 0 1 5 1 2 3 8 7 0 6 4 6 8 4 5 2 0 9 10 0 7 2 0 4 1 1 7 8 7 8 1 10 0 5 8 3 9 6 3 9 3 7 3 7 1 5 3 8 8 2 10 9 0 6 1 9 8 10 1 0 2 3 2 0 8 1 8 0 10 7 8 6 9 4 0 0 2 2 4 3 4 4 7 9 5 1 1 0 5 6 5 4 10 7 0 10 7 5 10 5 0 1 8 4 6 9 10 7 9 10 8 10 8 7 5 0 8 2 2 4 3 1 3 8 1 9 2 3 6 4 4 1 8 1 5 8 2 4 2 10 0 5 7 2 9 6 0 4 9 10 5 7 1 10 5 9 8 1 4 2 8 5 3 8 4 8 8 2 1 10 6 8 0 8 2 2 7 0 8 4 7 10 6 5 7 3 1 3 10 5 9 5 0 0
10 10 6 4 10 1 6 1 9 7 3 10 10 7 7 8 1 7 3 7 8 8 9 6 1 0 5 6 9 5 9 10 9 5 2 2 5 4 0 10 8 9 9 7 1 8 3 0 6 1 10 1 2 4 2 5 4 0 6 1 2 4 10 10 3 0 1 1 0 5 0 8 1 5 6 1 5 1 6 3 9 2 8 8 8 0 4 2 4 9 9 8 1 0 5 7 1 6 2 7 7 3 2 4 8 4 5 8 10 9 8 2 8 2 7 5 4 3 7 3 2 10 5 10 1 7 4 3 10 5 5 1 2 10 9 4 1 7 9 4 2 9 3 6 5 10 7 4 9 4 4 0 5 1 4 2 4 0 1 7 1 9 3 2 2 5 2 9 10 8 4 10 6 4 9 0 7 4 6 8 5 9 7 2 9 6 4 10 0 10 7 1 6 7 0 8 5 9 2 6
6 2 3 3 2 3 3 6 6 2 7 9 8 5 0 6 10 0 7 6 0 9 4 9 0 2 0 9 10 3 10 1 2 10 4 1 6 6 7 6 1 2 9 4 1 7 10 7 9 1 5 1 4 9 10 10 1 3 3 3 1 7 9 8 2 3 0 5 2 0 3 0 8 5 9 4 9 0 9 10 3 1 5 1 3 1 5 9 0 9 10 9 6 8 1 7 3 7 10 10 4 1 9 2 0 3 5 5 6 9 1 8 5 3 7 8 2 2 8 4 1 2 6 0 5 9 1 7 9 4 8 4 1 0 8 3 2 4 4 10 9 0 8 1 0 3 0 2 1 2 5 7 10 10 3 6 2 4 5 10 5 1 10 7 7 10 8 8 2 7 7 8 6 5 3 9 10 1 3 2 0 10 9 2 3 3 3 0 9 8 6 7 7 1 1 3 1 5 7 6
5 4 4 7 3 8 10 5 2 2 5 2 9 1 8 2 4 4 7 5 8 8 5 5 10 10 4 0 3 10 7 10 2 3 0 2 2 8 2 2 7 10 4 3 10 3 2 10 6 4 5 3 1 2 10 7 2 4 2 4 5 5 6 2 0 4 8 5 10 0 9 9 0 2 9 9 7 3 6 0 7 3 8 9 4 10 0 4 0 10 3 5 3 1 4 1 1 8 5 8 2 4 10 9 7 7 0 10 4 1 1 9 7 8 1 7 1 9 4 10 10 0 6 8 1 5 7 3 10 2 9 0 8 4 0 10 0 5 2 10 1 0 3 6 4 3 2 1 10 1 8 0 4 3 10 4 8 4 6 0 8 4 2 10 10 7 2 4 0 4 10 6 1 3 2 1 3 0 6 1 1 10 8 6 0 10 3 2 5 8 1 5 9 9 4 8 3 7 4 6
10 1 10 6 10 0 4 9 8 2 10 4 1 1 5 4 3 0 4 4 7 1 6 9 10 6 9 9 2 2 2 8 0 0 9 10 10 9 0 2 6 6 7 1 3 0 3 8 5 9 6 10 1 9 1 0 0 8 2 7 8 6 1 3 2 0 10 10 7 0 7 10 8 0 10 3 0 2 5 3 10 8 2 7 7 5 4 6 7 4 4 5 9 8 8 5 9 0 9 1 9 5 3 0 9 6 1 8 0 7 8 7 1 9 2 5 1 10 5 9 3 4 2 6 10 5 1 10 1 7 2 10 1 8 8 5 0 7 0 9 5 3 6 3 1 5 10 6 0 4 10 8 3 4 8 2 6 6 0 1 1 7 0 3 4 10 7 1 10 6 6 4 6 8 6 2 10 1 5 2 0 2 10 9 8 7 7 2 3 9 3 7 3 9 9 4 10 8 9 2
1 6 10 4 8 2 7 4 4 9 3 3 10 10 3 0 2 8 6 9 8 7 0 8 2 9 5 10 10 6 5 5 2 7 0 6 3 10 10 4 0 7 4 7 4 10 2 9 9 5 5 10 0 8 1 6 7 0 0 6 6 0 0 5 4 0 1 9 8 7 1 1 4 7 0 1 0 9 0 10 4 7 3 7 0 3 9 1 1 2 5 1 7 8 0 7 3 6 10 1 10 6 9 10 9 8 8 10 8 10 10 10 9 8 7 7 7 3 10 8 4 0 0 9 5 8 8 9 2 10 6 1 6 10 0 0 8 9 4 10 3 3 5 10 6 6 9 10 0 5 5 6 7 1 7 8 8 9 2 8 6 3 4 10 7 1 5 6 5 8 10 8 6 2 0 0 9 4 0 3 1 3 7 8 10 10 4 6 3 5 7 5 3 1 1 8 7 0 1 0
9 4 2 8 6 10 0 6 2 6 0 9 2 6 3 2 10 3 2 7 6 3 4 7 6 1 6 9 7 9 5 1 9 3 6 4 0 4 5 9 5 3 8 5 8 6 10 7 10 4 0 2 9 2 1 1 3 10 0 3 4 10 2 5 7 10 2 0 4 10 0 7 0 6 0 0 9 0 2 10 5 8 4 5 7 0 2 2 2 4 8 8 2 0 10 0 3 6 1 4 0 3 4 2 5 5 5 7 1 9 10 9 5 2 8 8 4 2 0 0 7 7 7 5 8 6 10 9 3 4 10 2 8 2 3 8 7 1 0 5 6 1 2 0 2 6 10 9 10 0 9 1 0 1 3 2 10 6 9 3 7 7 10 3 8 6 5 0 2 5 2 8 8 9 5 3 1 0 9 1 8 7 2 0 1 0 10 9 1 5 5 8 10 9 1 9 7 7 3 3
10 8 3 7 7 8 10 10 4 7 6 2 1 0 0 4 4 4 8 7 1 8 7 0 3 9 0 5 3 9 9 0 5 0 3 4 10 7 7 6 2 7 9 2 6 9 4 5 3 3 5 8 4 8 5 2 9 1 8 6 3 10 8 4 7 5 4 8 10 7 4 4 10 9 6 8 0 8 4 6 7 9 6 10 10 4 4 0 1 7 10 8 5 0 10 7 2 0 0 10 1 3 5 7 4 9 9 1 10 1 4 6 10 7 0 3 1 5 4 2 3 8 8 8 4 0 5 10 9 3 10 8 4 0 10 4 9 5 7 5 1 10 9 6 10 0 5 3 9 8 5 0 8 10 6 9 4 5 8 0 6 8 10 1 8 0 6 0 2 10 10 9 8 9 10 1 6 2 7 3 7 8 9 4 2 9 8 3 10 10 10 3 5 6 2 3 7 0 7 1
8 6 5 10 3 7 3 1 3 6 6 5 1 8 7 9 5 4 1 2 3 2 10 6 8 5 0 3 10 6 9 2 0 7 7 9 6 4 9 9 7 2 5 10 7 10 7 8 1 4 4 0 0 8 7 6 7 0 6 10 8 10 9 5 8 9 2 7 7 5 7 6 4 4 4 0 3 0 9 2 2 8 8 6 4 1 6 6 1 1 4 0 8 2 9 9 9 7 8 5 0 9 10 2 0 6 10 6 6 7 1 3 6 8 5 0 4 6 8 8 10 9 2 3 1 9 1 5 0 7 1 1 4 9 1 4 1 10 5 0 6 3 10 0 8 5 0 7 6 10 0 10 9 1 4 0 3 5 9 4 1 7 9 2 9 5 5 3 0 8 8 1 3 0 9 3 10 3 2 8 2 9 3 5 3 1 0 7 5 4 5 1 1 9 7 2 6 8 1 5
8 9 8 10 9 4 2 5 1 3 10 4 7 7 1 10 6 0 9 3 4 6 0 0 0 0 6 10 5 9 3 9 10 9 8 9 5 7 4 2 7 4 2 8 2 6 4 5 5 4 1 10 2 9 2 6 8 6 9 7 2 2 1 4 7 5 5 10 6 9 5 10 8 8 9 4 2 8 0 5 4 8 7 3 0 0 10 6 5 2 4 4 5 5 5 8 0 3 6 5 2 0 2 2 8 1 6 1 10 2 10 10 9 5 6 0 10 10 8 9 7 3 3 4 8 7 1 3 3 7 6 5 8 6 1 4 0 10 7 5 0 0 6 4 2 8 2 1 5 8 9 6 1 3 5 9 4 6 9 8 0 1 4 1 1 2 0 6 10 10 0 1 10 7 9 1 8 2 1 7 3 10 3 3 2 9 4 5 8 10 8 2 8 9 1 2 10 0 1 3
1 10 2 7 3 9 4 1 6 7 9 6 0 8 5 10 5 9 6 0 8 0 10 8 7 10 7 4 8 3 7 1 7 7 9 4 1 8 9 4 6 6 1 5 7 4 4 3 5 5 10 3 8 6 6 6 5 9 3 0 7 3 5 2 6 7 7 5 5 7 2 4 6 5 5 6 2 2 1 0 2 10 0 10 0 6 3 7 7 6 10 5 1 10 8 3 5 5 0 6 3 9 7 5 1 5 1 5 7 4 7 6 2 3 2 3 0 1 6 0 7 3 10 1 10 7 1 10 5 3 8 4 10 2 1 2 7 1 2 4 10 5 1 6 2 0 2 7 2 8 0 5 7 6 10 8 4 10 6 7 2 6 5 6 1 3 3 8 4 10 9 10 8 10 7 2 8 8 1 3 9 1 9 5 5 0 7 0 3 10 9 10 0 9 7 4 2 5 8 10
3 2 6 2 9 5 5 3 1 5 4 9 1 6 6 4 8 7 7 9 4 7 2 0 6 10 3 4 5 9 5 4 9 8 3 9 8 8 5 7 1 10 0 9 1 7 0 8 7 3 0 5 9 7 5 10 3 9 5 2 1 7 4 4 3 2 0 2 0 6 1 9 4 5 7 7 9 8 7 1 0 9 3 6 6 10 3 2 8 6 3 1 1 6 1 7 10 10 3 3 1 8 8 10 9 7 7 8 0 9 7 8 4 10 1 5 10 1 5 3 6 5 7 4 8 2 10 5 8 1 7 1 2 10 5 4 2 10 0 8 2 3 6 0 4 4 0 8 4 8 10 5 0 3 2 5 6 7 1 9 3 3 7 8 3 8 2 2 0 7 7 3 4 0 3 9 6 1 3 2 1 5 9 1 2 9 5 3 6 1 8 5 3 4 2 0 9 1 10 0
9 10 5 5 0 9 7 1 3 7 6 5 3 2 9 2 9 7 3 4 5 2 9 6 3 6 1 8 4 10 3 1 1 6 5 6 0 9 5 9 7 5 5 8 3 8 8 10 4 2 4 3 5 7 5 4 3 9 1 5 1 8 7 1 7 0 4 8 9 4 10 8 7 0 9 9 7 6 6 7 8 0 10 3 10 7 7 0 5 3 7 1 5 4 1 1 7 9 6 1 5 7 7 0 1 5 5 0 10 8 3 2 4 6 10 5 0 6 10 9 2 7 0 1 10 1 8 8 7 1 8 4 8 6 6 5 2 8 3 4 3 4 8 5 7 9 6 7 7 4 6 8 10 9 5 9 10 5 10 9 1 5 5 8 0 6 9 8 1 9 4 10 7 1 0 4 1 8 2 0 8 7 0 6 9 1 0 7 3 6 9 6 2 7 1 9 5 0 8 4
10 3 7 8 7 7 0 7 8 5 1 4 0 5 9 6 10 1 3 1 8 0 3 10 6 1 0 4 10 8 7 9 2 4 5 7 3 3 1 0 1 6 1 8 8 4 9 6 0 4 5 10 0 4 10 9 2 2 8 4 4 8 0 0 4 3 10 1 8 3 1 0 8 2 8 10 0 10 1 1 7 9 0 10 9 6 4 5 6 0 0 8 2 3 0 4 8 1 1 3 5 7 7 9 9 1 1 0 1 6 7 5 1 1 4 4 2 3 5 0 0 4 10 6 2 3 6 0 3 2 1 5 1 3 0 8 1 1 1 4 5 4 8 5 4 1 9 1 10 5 0 8 2 7 5 4 1 7 0 8 2 2 5 8 3 1 8 1 2 4 0 10 0 5 5 8 3 8 10 0 4 3 4 7 6 5 7 9 0 2 2 10 7 0 2 2 5 8 5 7
4 3 10 8 10 0 8 3 1 10 0 10 5 1 9 1 6 7 1 2 0 1 9 3 2 1 6 9 1 5 2 10 6 10 0 10 8 5 10 7 4 2 2 7 9 1 0 2 10 0 3 0 10 9 4 3 10 1 8 8 8 2 3 2 1 4 1 4 0 4 1 9 9 7 5 8 5 0 8 1 0 3 0 0 9 0 5 9 5 7 4 9 7 6 7 5 4 9 3 0 0 0 10 2 2 8 7 0 4 0 3 8 6 7 5 0 9 2 5 5 9 8 6 7 7 1 0 0 4 2 2 4 3 1 0 8 0 4 9 8 0 7 4 8 8 3 0 9 4 2 5 8 10 6 1 5 1 0 6 7 3 4 6 8 9 5 1 2 5 1 10 8 1 4 2 8 1 0 1 10 1 2 0 9 5 5 9 0 8 2 8 9 5 4 10 7 7 6 0 0
5 0 0 3 10 10 7 9 10 8 0 8 3 5 3 1 6 6 2 5 7 1 9 3 8 8 8 8 4 8 6 4 2 9 3 5 0 3 3 0 9 4 1 1 7 5 0 10 6 3 5 5 7 4 5 10 3 10 5 8 5 3 5 3 7 9 1 7 3 7 0 4 10 3 2 4 7 7 1 3 1 3 7 5 0 0 6 3 8 3 1 10 0 9 6 0 6 9 1 9 10 2 2 3 0 7 0 0 9 6 2 9 5 6 9 0 1 2 5 9 3 8 3 5 3 5 8 10 4 6 5 7 0 0 3 1 7 6 9 6 3 1 0 6 7 5 9 5 9 2 6 8 7 6 1 1 2 5 6 7 2 1 5 8 5 7 3 10 10 3 3 7 5 7 10 7 7 9 10 7 3 4 7 0 1 8 9 7 2 7 6 0 2 9 3 7 8 6 1 4
1 10 1 0 2 7 5 9 10 7 7 2 3 4 3 1 10 2 0 4 2 0 6 8 5 2 1 10 6 8 6 0 6 10 6 3 8 5 2 1 2 1 6 6 3 9 7 6 0 6 6 1 7 1 8 1 0 0 10 8 6 4 0 10 8 3 7 4 5 4 0 7 8 6 10 9 0 0 10 10 1 0 4 3 1 0 0 6 10 6 2 10 3 0 10 3 9 7 0 8 5 1 10 1 4 10 2 0 0 4 8 5 7 1 10 0 1 10 4 0 10 7 0 7 0 5 1 8 0 10 10 2 5 3 8 7 4 9 5 8 3 5 3 5 8 7 2 5 9 1 0 3 5 9 8 5 9 6 4 7 2 5 1 3 4 5 7 6 5 2 8 4 6 1 7 4 0 10 10 5 1 1 1 4 1 10 3 8 0 8 8 9 9 4 7 0 0 3 9 5
1 8 3 7 0 1 5 2 7 4 9 7 8 2 9 9 0 3 8 10 2 7 8 0 9 10 4 4 10 5 10 6 3 6 5 5 7 4 5 10 0 7 8 8 7 6 2 1 7 9 6 8 6 7 4 1 6 0 4 7 4 4 10 2 10 1 9 4 6 10 2 8 4 5 1 3 9 4 1 6 3 1 3 0 4 5 0 0 3 10 8 6 6 0 2 5 9 7 9 10 5 0 10 10 1 8 7 10 2 7 5 4 4 3 0 7 7 4 9 9 4 5 8 7 3 0 6 7 10 6 8 8 1 9 8 6 7 5 1 10 6 5 4 0 3 10 7 6 8 1 1 7 8 1 6 9 5 0 4 4 7 3 7 7 7 3 0 9 7 1 0 5 3 2 2 1 0 9 9 4 3 1 5 8 10 9 8 4 6 8 0 0 9 4 5 3 1 4 9 0
8 4 8 10 5 0 4 0 6 9 10 3 1 2 2 3 7 3 5 2 2 2 6 7 3 10 2 5 6 9 4 7 8 7 5 9 7 7 3 5 6 6 8 10 3 10 7 10 0 7 3 4 6 9 3 2 7 8 10 1 5 8 5 9 6 1 9 5 7 6 6 10 4 6 9 4 3 5 10 6 8 8 5 10 8 0 8 0 2 6 8 7 3 1 3 0 8 8 1 10 9 1 0 4 2 6 7 8 10 10 2 0 0 10 10 5 7 4 9 7 5 3 4 0 6 0 9 9 7 9 7 5 2 7 5 7 10 9 8 3 3 7 7 2 9 0 9 10 4 2 4 10 4 10 1 9 5 2 8 3 3 3 4 2 7 9 4 1 8 3 7 9 5 10 1 10 6 6 9 3 4 2 7 5 6 5 9 6 6 6 1 1 2 9 7 1 8 8 2 0
2 1 1 7 1 9 10 2 6 6 2 10 9 0 9 1 5 6 8 8 4 4 6 9 5 10 8 0 7 10 1 10 7 8 9 2 2 7 2 3 2 9 10 8 4 0 1 3 6 2 8 4 5 2 3 1 3 3 6 3 8 9 0 4 0 6 7 9 3 0 3 4 4 0 1 4 10 3 10 1 6 6 10 6 10 10 2 4 0 7 1 7 5 9 7 5 4 9 6 4 8 8 3 4 9 3 3 10 0 10 3 10 8 6 3 2 0 8 9 0 1 1 6 1 6 4 9 3 1 9 9 6 1 9 9 0 3 0 7 8 2 3 9 0 3 5 1 6 7 2 3 1 4 8 9 7 8 0 1 2 8 10 10 4 10 7 10 6 3 0 4 4 5 10 4 1 1 6 4 6 9 3 4 5 3 9 9 10 9 2 8 9 9 7 7 9 9 7 2 10
2 2 2 5 10 3 10 8 3 3 0 10 3 10 7 2 10 9 7 2 2 0 8 8 5 7 4 10 7 0 0 3 0 5 7 5 3 3 8 4 9 5 7 8 0 4 2 3 1 7 2 1 9 3 10 2 1 6 5 8 1 10 2 8 7 1 8 5 9 10 4 0 7 5 2 2 1 9 3 5 4 1 9 4 3 6 10 3 2 0 8 4 7 0 0 4 9 6 2 7 10 7 1 6 10 5 5 2 1 5 0 2 3 10 4 7 10 4 8 10 2 2 8 10 1 7 6 5 10 10 4 6 4 9 8 7 0 1 3 8 9 9 0 9 0 4 0 9 6 9 8 3 9 9 0 4 6 9 3 9 1 3 6 10 4 5 9 9 4 7 7 8 3 10 8 1 0 8 2 7 0 6 7 4 7 0 8 0 5 10 1 4 7 2 3 7 3 5 9 3
0 0 10 10 4 0 5 5 3 0 2 4 3 0 9 3 1 6 1 0 9 4 4 9 9 3 3 1 2 4 4 5 10 4 4 9 2 8 3 10 6 7 6 4 3 0 5 5 3 3 10 0 8 1 9 1 8 10 5 4 4 1 7 0 9 4 10 4 1 0 4 2 1 3 1 9 5 8 7 8 1 8 10 9 0 2 1 9 3 10 0 6 7 9 3 5 5 10 7 6 7 1 5 3 1 10 3 9 5 8 4 5 0 4 0 4 3 9 10 6 4 9 9 10 3 2 10 5 4 3 3 2 10 1 10 4 10 6 3 4 1 4 8 9 4 1 0 3 10 8 1 0 4 4 10 6 4 2 8 0 0 7 9 1 2 8 2 1 9 4 7 3 9 6 0 8 2 4 7 1 4 5 8 2 10 5 7 8 0 6 0 3 6 3 6 8 10 7 8 3
3 7 9 1 2 7 4 7 9 3 9 0 1 8 1 8 5 6 3 7 5 2 4 7 2 8 10 1 1 2 6 2 2 5 9 7 0 0 4 6 0 6 6 4 7 3 2 2 4 8 8 9 4 4 9 6 0 6 2 6 0 7 6 8 0 10 4 6 5 6 10 8 5 5 10 10 2 0 1 5 7 2 2 8 6 9 0 3 10 7 9 0 2 7 7 8 5 5 7 5 4 1 10 4 3 3 8 4 4 0 2 5 6 3 7 6 8 9 2 2 3 2 9 8 6 9 9 2 4 5 6 2 10 10 2 10 10 0 3 3 7 5 9 1 4 4 6 6 9 3 7 0 0 4 8 3 4 0 7 7 9 1 4 3 5 7 6 0 3 9 2 1 3 9 3 9 9 4 3 5 3 0 9 6 3 3 2 1 5 0 8 7 2 6 1 0 0 8 4 1
3 7 0 0 3 1 4 0 6 4 4 7 5 1 8 7 8 4 9 8 6 6 8 6 6 1 10 1 2 0 8 10 6 1 9 2 5 1 5 7 6 4 2 2 5 6 10 7 9 3 5 2 3 4 3 1 9 1 8 4 2 1 10 9 5 10 7 3 10 3 4 4 10 10 4 9 1 9 7 1 6 4 2 4 7 10 0 9 10 10 7 0 0 1 8 7 3 1 3 5 4 1 8 8 2 7 9 3 10 7 2 1 3 1 0 4 4 10 6 2 1 2 7 4 0 1 0 3 1 6 5 8 4 5 1 8 9 6 3 5 0 7 6 9 5 4 7 3 3 2 0 1 3 3 9 10 1 6 3 2 2 1 9 6 10 10 8 10 8 1 3 1 3 0 8 7 5 10 6 4 5 10 10 5 7 2 5 9 5 5 8 1 3 4 7 0 4 2 3 3
10 9 10 9 4 0 7 2 0 5 9 5 1 10 8 2 6 1 4 4 10 10 8 3 1 5 3 5 10 6 2 1 2 7 10 1 10 5 3 6 3 0 2 5 5 4 9 10 7 6 8 7 1 3 8 4 0 1 7 5 9 7 3 6 5 0 4 4 3 2 4 10 5 0 8 0 8 6 1 4 1 10 9 10 9 9 4 0 9 8 2 3 0 0 2 6 4 5 5 0 0 7 6 4 2 10 9 7 7 4 10 0 0 4 6 9 6 6 2 2 0 4 9 5 2 5 3 9 7 8 5 9 8 9 10 8 3 5 10 1 3 8 5 8 0 6 0 7 9 8 8 6 9 9 5 7 9 4 2 0 6 10 0 1 3 3 2 8 3 5 4 10 6 5 1 10 1 5 3 6 0 3 6 7 0 3 6 6 3 8 0 6 5 9 5 8 10 3 7 3
4 2 6 7 9 6 3 3 1 6 4 7 1 5 4 5 5 5 1 8 4 8 2 9 2 6 0 0 2 4 3 4 3 0 1 5 7 3 5 8 0 5 8 0 8 9 3 8 10 2 9 6 3 3 4 3 6 4 2 10 4 8 8 6 5 7 3 1 5 5 3 7 5 9 4 0 2 8 6 6 3 4 5 5 4 5 8 7 0 5 2 8 4 0 0 6 9 4 2 9 6 10 6 10 10 1 2 6 9 1 10 9 7 10 9 10 6 0 6 1 4 4 0 7 10 8 5 5 4 0 0 6 6 3 3 4 1 8 6 8 0 4 1 6 1 5 9 3 1 0 9 7 1 7 3 0 2 0 7 1 4 7 2 1 7 9 4 8 6 2 4 5 3 1 9 7 4 0 2 3 10 1 4 3 6 4 7 3 8 7 10 10 1 6 8 7 7 1 7 5
4 3 1 9 10 6 2 4 7 8 5 9 3 6 3 6 5 6 1 3 2 10 2 5 6 9 7 5 9 9 4 0 0 7 8 6 1 9 0 10 8 1 6 2 10 9 1 4 3 9 1 10 10 4 4 9 9 1 1 1 5 6 1 2 0 5 10 7 5 6 3 0 4 2 4 8 5 0 0 3 0 10 1 3 8 0 1 8 3 8 7 8 9 6 1 0 7 5 0 10 4 5 0 4 6 4 1 0 8 1 9 9 0 3 10 4 9 9 8 0 10 7 7 10 2 5 4 2 2 6 5 2 5 5 3 6 9 3 2 0 0 4 7 4 0 8 7 5 9 6 4 1 6 4 8 8 8 4 9 9 7 8 0 3 1 2 4 4 5 7 6 0 6 6 0 1 0 8 8 1 9 7 2 8 9 3 10 4 3 2 8 3 7 3 2 10 6 9 7 2
8 7 9 7 7 4 2 1 5 3 10 8 3 4 1 1 9 0 8 8 6 0 5 3 3 8 1 7 1 4 4 10 10 0 6 2 1 1 4 3 2 0 10 2 6 7 5 7 2 8 9 3 4 6 9 7 8 0 8 0 7 10 0 4 4 10 3 9 10 6 0 4 10 10 3 3 3 8 6 10 10 10 1 4 8 9 8 10 8 0 9 5 8 5 0 7 0 5 10 6 8 7 1 3 7 8 9 0 3 3 4 9 1 9 9 6 0 1 4 0 9 4 1 7 9 1 2 6 3 8 9 2 3 8 8 2 6 4 0 7 2 5 1 7 5 3 7 6 9 7 2 8 6 8 4 7 6 3 7 9 5 4 4 7 7 2 7 5 3 4 10 6 9 1 10 7 2 9 9 10 2 2 6 1 1 9 5 6 7 6 1 1 4 1 1 6 3 5 6 4
6 9 5 7 4 0 6 9 6 9 2 3 1 2 5 6 0 2 1 8 8 4 9 0 8 2 4 6 7 0 4 6 8 3 7 3 2 1 3 2 9 9 5 1 4 1 9 8 5 4 8 1 0 0 5 8 0 2 9 6 8 9 3 1 3 5 6 5 2 3 6 4 7 0 1 10 10 6 5 9 6 6 2 7 6 7 2 2 1 3 5 8 8 9 10 5 8 0 0 7 8 6 9 5 6 7 3 6 6 4 10 0 5 7 7 2 9 0 7 8 9 8 4 1 0 10 10 4 7 4 0 6 6 3 0 2 3 0 3 3 10 7 3 6 0 5 9 10 10 4 8 0 10 1 1 2 0 4 1 10 5 5 2 10 7 8 7 7 1 4 4 7 1 6 0 2 2 6 5 9 2 10 1 0 5 10 4 9 8 4 1 3 9 3 5 2 5 8 0 6
8 9 4 7 2 9 5 6 5 4 5 9 8 10 9 6 2 8 6 6 9 2 4 10 6 3 7 5 6 6 5 0 4 6 1 3 6 1 3 4 4 2 1 2 4 0 6 2 1 4 7 9 10 1 4 2 4 3 2 6 1 0 10 9 3 6 2 3 2 9 6 5 3 10 4 7 8 4 3 0 1 8 8 6 9 6 4 3 10 8 6 2 8 8 2 8 4 10 0 9 9 10 10 9 4 9 0 10 6 1 5 3 8 5 5 9 5 9 1 2 4 5 9 6 3 1 1 6 4 5 1 10 9 1 10 10 7 8 2 3 8 0 9 5 2 5 0 1 2 9 0 4 6 0 5 1 7 5 2 7 0 3 10 8 5 6 10 1 10 4 5 10 3 0 7 5 1 0 9 1 10 6 8 2 2 7 0 5 10 8 10 8 7 4 2 7 4 0 3 6
0 0 1 10 9 8 5 5 3 2 1 3 9 4 8 2 6 0 6 7 3 10 9 7 2 2 6 8 8 4 6 0 7 0 7 5 8 7 4 0 10 6 7 1 0 9 3 1 2 1 5 4 4 2 5 10 0 4 6 4 7 10 1 9 8 9 5 1 9 1 4 0 8 6 7 0 0 1 3 7 9 6 5 9 3 6 3 9 4 9 0 10 6 3 4 5 7 6 8 0 3 2 4 8 10 1 5 8 0 8 2 1 7 0 0 5 5 2 7 7 2 3 4 9 6 8 1 8 1 4 5 6 4 0 2 9 10 1 3 4 10 7 2 5 7 2 8 9 4 2 0 8 4 8 8 1 8 4 0 2 2 9 5 8 5 8 7 5 10 9 10 7 6 3 2 9 4 2 7 1 5 8 3 5 3 3 8 1 0 0 0 10 7 5 1 2 6 3 10 2
9 1 8 8 3 2 1 9 4 7 1 9 3 1 7 9 4 7 1 0 8 7 6 9 2 6 5 1 0 1 8 1 10 9 4 9 5 2 6 9 10 8 0 0 3 8 10 2 1 3 0 1 5 8 10 7 4 1 6 9 1 5 3 4 10 10 9 0 2 10 5 10 0 6 5 1 9 9 1 8 9 9 0 4 9 8 0 5 10 3 10 6 4 2 8 0 6 8 5 4 0 3 0 1 9 2 6 7 8 1 7 1 3 7 10 5 8 2 8 9 6 1 7 3 4 9 6 6 9 8 9 8 3 4 7 5 7 4 8 9 8 8 8 10 10 4 10 10 3 8 4 6 2 8 0 2 1 2 3 4 3 9 10 2 10 0 4 1 3 2 8 4 2 9 6 1 8 7 7 9 0 5 0 5 8 0 9 9 7 7 4 9 10 10 10 9 5 5 7 5
8 1 5 4 5 6 7 7 10 0 6 7 0 0 3 10 9 7 5 10 4 0 3 3 2 10 8 8 0 8 10 1 1 8 9 0 8 5 10 1 5 6 9 9 6 6 4 0 3 9 9 10 8 3 2 2 4 4 6 2 9 7 8 5 4 10 10 0 8 10 9 3 10 2 1 1 6 4 8 1 9 4 7 1 10 3 5 8 3 2 4 3 9 10 5 5 4 1 9 5 8 0 1 7 6 10 9 4 1 9 1 2 2 0 7 7 2 6 0 2 10 2 9 1 2 6 0 3 8 9 3 9 2 7 10 9 0 7 5 4 8 9 2 3 4 0 2 1 3 5 8 0 10 2 8 9 2 3 1 7 1 2 9 9 1 2 3 7 1 3 4 2 7 8 7 3 0 2 8 9 4 8 1 0 3 7 1 5 9 1 0 8 4 1 8 2 1 0 10 4
1 9 2 3 10 7 2 2 3 4 8 1 8 0 9 2 4 1 8 1 1 1 0 1 10 9 6 10 10 6 5 4 5 8 9 5 7 10 4 10 0 1 4 8 4 10 0 6 3 3 3 8 7 5 3 1 0 2 7 2 0 3 3 10 9 0 3 7 6 10 6 6 4 4 5 4 5 4 10 0 6 3 0 1 3 4 3 10 4 2 6 1 6 7 2 0 0 6 5 0 8 4 0 1 4 10 10 0 2 4 5 9 1 3 3 9 0 2 8 4 3 6 8 9 8 10 10 7 5 8 5 9 1 6 1 6 8 6 0 9 4 9 6 7 4 4 0 10 1 0 2 8 10 4 3 9 9 2 6 5 5 0 0 4 10 5 9 3 3 1 10 0 1 8 0 3 4 6 3 7 6 5 1 0 7 4 9 3 7 9 0 9 7 9 1 3 0 0 1 1
8 1 3 2 3 2 9 7 10 1 1 7 3 0 1 7 7 7 4 2 4 6 7 3 6 3 1 0 10 7 2 6 8 9 8 3 5 3 8 0 2 5 6 3 9 6 6 9 10 6 5 10 3 5 2 8 3 10 8 3 4 2 2 7 8 6 8 4 9 7 8 5 1 3 6 7 8 1 7 10 4 8 7 7 8 7 8 1 1 3 4 10 1 4 0 8 7 2 3 8 7 5 5 0 2 3 0 8 10 3 4 2 1 10 6 6 8 0 3 3 6 3 10 10 8 1 8 10 7 7 4 10 10 9 9 6 0 10 10 1 3 2 5 5 10 1 8 3 3 8 4 1 3 3 6 2 6 0 8 1 9 5 10 4 3 4 8 0 9 5 4 6 6 9 7 5 10 1 7 3 10 9 10 4 6 10 9 0 9 3 10 9 10 9 10 10 3 5 4 9
3 5 1 4 7 9 5 10 1 0 2 3 0 8 5 1 4 7 8 2 7 3 4 5 3 8 4 2 10 10 1 8 3 6 7 1 2 4 1 2 7 6 5 4 4 1 10 9 9 3 1 9 7 7 6 1 3 3 9 9 8 7 2 3 6 4 6 6 3 4 0 0 1 0 8 1 3 7 4 4 6 4 8 10 6 9 3 10 0 6 5 9 6 3 9 7 6 4 5 1 8 5 8 2 0 6 9 3 10 6 10 4 5 5 7 10 3 1 1 2 0 5 5 5 2 3 10 8 5 6 7 9 5 7 6 6 8 4 1 6 1 9 2 8 6 4 2 9 6 10 1 3 10 1 1 4 9 3 10 2 3 1 2 2 4 0 9 0 2 2 9 10 0 1 4 4 0 3 1 8 8 8 7 7 10 4 5 7 8 5 9 8 10 0 9 9 3 1 6 3
10 9 5 4 1 4 5 9 10 10 3 9 8 5 4 9 5 5 8 2 5 3 2 4 0 7 8 8 10 7 1 0 9 1 4 5 5 7 2 0 0 8 0 7 1 7 5 2 2 5 9 7 5 1 1 0 5 0 10 6 7 2 7 0 7 0 1 6 0 6 7 0 9 10 6 5 4 0 7 8 3 8 7 9 9 1 1 6 8 7 4 4 4 4 2 8 5 8 4 1 0 0 0 9 8 0 5 8 8 5 8 8 0 3 8 6 1 0 10 0 10 7 2 7 1 9 7 1 3 2 2 7 5 5 5 6 2 10 7 1 5 8 3 2 7 1 2 1 5 8 3 3 4 5 7 1 1 2 0 10 6 2 8 3 8 2 0 1 7 0 1 6 10 1 7 6 0 4 5 6 5 2 10 7 3 5 7 7 3 1 4 4 10 4 7 4 0 4 9 5
2 2 7 5 9 0 9 3 1 8 5 6 2 8 5 3 6 7 9 9 5 4 9 8 9 1 6 6 10 9 6 7 3 10 10 8 1 8 9 8 2 8 4 8 9 4 9 4 9 4 6 8 1 6 0 6 2 2 5 4 3 0 4 6 7 1 10 7 4 1 0 6 5 6 7 5 0 3 8 1 9 4 8 6 7 2 6 1 8 10 9 7 0 2 6 6 7 0 2 2 9 5 6 8 0 9 0 9 10 7 8 4 0 9 9 8 2 0 6 5 10 2 8 2 3 10 2 0 7 5 1 0 6 10 8 7 8 1 0 1 0 1 2 5 4 8 5 9 7 9 10 2 3 7 7 8 6 7 5 1 0 1 9 2 1 7 0 10 9 0 10 0 10 8 9 9 4 8 1 6 6 5 9 1 3 8 8 10 9 9 7 8 2 10 5 5 1 3 0 0
0 4 4 8 10 5 3 5 4 9 7 9 7 3 10 0 7 10 10 10 0 5 10 4 6 0 2 5 0 6 8 5 1 1 8 10 2 1 5 4 8 9 1 7 9 8 2 4 2 7 10 2 5 3 0 7 1 8 0 3 10 10 2 5 10 7 0 6 7 6 5 6 7 9 3 5 5 10 7 3 1 9 6 4 4 7 3 1 6 1 1 1 8 5 10 6 2 8 5 4 8 10 8 7 8 8 7 0 5 9 8 3 10 5 10 3 5 1 2 5 3 2 7 7 5 4 5 2 7 7 10 2 9 2 2 4 6 3 8 6 7 2 8 1 10 10 5 2 10 1 6 10 6 4 10 2 0 5 3 1 4 0 0 5 1 3 10 2 5 3 5 0 7 7 2 8 10 3 5 9 2 1 5 9 10 2 4 8 2 1 8 9 2 4 7 0 1 8 9 4
0 1 1 8 8 1 4 9 9 3 4 2 9 5 6 0 7 2 9 8 3 4 5 6 10 2 6 7 4 5 2 10 6 4 4 1 0 8 1 8 10 3 2 6 0 5 10 8 6 5 7 8 6 2 0 3 7 2 9 9 0 0 3 10 10 10 6 4 2 1 3 10 3 0 7 1 5 3 6 8 4 6 9 5 8 4 4 5 4 6 1 3 10 10 0 1 5 1 9 10 1 4 8 6 2 4 6 9 0 10 6 7 9 0 3 5 0 10 6 6 6 10 1 0 5 6 7 4 10 4 8 9 1 7 0 5 9 3 1 0 5 6 9 7 3 4 5 5 10 8 0 9 2 2 0 2 3 9 0 4 8 8 9 6 6 6 4 9 1 9 9 6 5 9 3 9 7 9 8 2 2 5 5 5 0 3 1 3 2 5 1 9 3 4 0 4 5 6 4 3
7 3 0 6 10 10 0 10 7 4 6 2 0 0 5 1 1 2 1 1 2 3 4 4 0 0 2 7 8 3 1 7 5 3 2 10 0 4 3 1 10 0 5 3 7 9 9 1 1 4 10 9 5 3 10 8 1 1 8 1 0 4 10 9 0 6 8 2 1 6 8 6 1 7 4 1 4 6 1 2 8 5 9 6 0 8 0 4 7 2 7 5 7 6 1 6 5 9 7 0 5 5 6 7 6 9 2 10 7 0 7 8 3 4 5 10 2 10 6 5 9 6 1 6 10 0 10 7 7 6 4 7 4 7 7 3 3 7 4 5 10 1 5 5 7 1 4 4 8 0 9 5 2 8 1 10 4 0 10 4 5 9 3 1 1 6 3 2 2 6 10 1 0 1 7 8 7 6 4 3 1 8 5 1 2 6 9 1 4 4 6 7 7 6 0 7 3 8 1 6
6 1 2 4 2 6 10 10 7 10 2 6 2 10 2 2 1 6 3 10 4 5 7 7 3 9 2 8 9 4 5 2 9 6 9 0 3 2 3 1 3 3 0 2 9 4 6 8 3 1 10 10 9 8 2 1 8 1 5 4 2 9 9 9 3 7 1 7 10 4 5 8 8 5 8 6 0 1 7 3 9 9 0 7 8 2 7 0 2 8 3 2 7 5 2 10 0 4 7 0 2 6 7 8 3 10 5 4 10 3 0 10 7 9 0 10 6 10 9 7 7 10 9 4 3 6 0 0 7 4 6 7 10 8 5 8 6 8 4 8 8 8 6 6 4 8 7 9 3 1 6 2 3 6 7 7 5 5 4 3 4 8 4 8 1 6 3 2 5 9 7 8 1 7 10 7 8 10 5 7 8 1 1 0 6 0 0 2 6 6 4 8 10 2 9 3 10 0 4 0
10 4 2 9 8 4 3 4 3 5 9 0 7 1 6 1 5 10 2 4 0 7 3 5 3 3 0 10 2 6 5 3 2 10 3 4 2 4 4 10 3 3 8 3 9 5 0 10 4 0 7 6 1 6 10 1 0 0 5 3 9 10 9 6 3 4 4 8 1 3 8 0 0 8 6 6 8 0 2 1 7 6 1 2 7 9 7 8 10 1 10 9 6 10 4 10 4 1 8 2 6 0 7 8 10 5 1 0 5 9 6 0 9 2 7 6 0 1 2 0 2 2 4 5 1 0 10 10 4 2 9 10 7 7 1 6 0 0 0 0 4 1 10 1 0 5 3 7 7 10 4 1 6 10 2 4 4 5 1 1 1 5 5 1 8 10 9 10 10 6 7 10 7 1 9 10 0 5 2 0 9 6 6 1 3 9 7 9 3 5 0 9 5 2 2 3 9 0 3 3
3 7 10 10 1 5 4 6 4 2 2 9 0 9 10 3 3 0 0 9 0 3 4 6 2 9 7 5 0 1 9 10 7 8 6 8 3 8 9 9 4 5 3 3 1 4 4 5 5 9 9 7 9 0 3 3 3 0 3 0 10 9 7 5 8 3 0 9 0 2 4 8 8 5 3 8 3 9 6 10 9 5 0 2 8 0 10 0 0 8 7 3 8 6 1 2 2 7 6 6 5 2 5 0 4 7 2 7 2 2 7 6 0 0 1 0 2 5 4 0 6 2 2 1 10 6 9 5 10 0 3 3 9 10 5 0 5 7 7 0 5 3 7 5 10 7 1 9 5 0 9 10 8 8 6 10 0 4 1 3 1 0 6 5 0 1 4 7 2 10 9 2 1 10 10 6 9 6 6 9 2 1 10 2 9 1 7 3 7 7 6 4 8 4 0 4 6 4 10 7
9 6 2 6 9 10 6 7 10 3 7 8 8 1 10 4 3 7 9 3 2 8 10 10 5 0 4 8 1 10 5 10 7 2 6 1 2 2 7 9 1 8 0 0 8 2 2 10 2 1 10 1 0 2 1 4 4 8 4 2 4 6 10 7 3 2 2 8 7 9 4 1 10 4 2 0 2 5 8 4 6 8 9 9 9 0 1 8 8 0 0 8 4 3 0 9 7 10 2 10 5 2 10 3 3 2 4 5 0 4 4 6 5 0 5 7 9 7 6 7 9 7 7 0 2 6 3 9 8 2 3 3 6 0 1 0 9 4 0 2 4 7 7 6 5 7 1 3 5 2 0 9 5 0 7 0 1 10 7 9 1 6 2 7 5 10 4 3 2 8 5 5 10 7 7 4 1 6 3 2 1 4 3 4 3 3 8 6 4 9 1 3 7 2 9 0 3 3 0 7
7 2 5 8 0 3 3 9 4 4 3 9 10 8 3 1 5 1 7 7 6 7 3 0 1 10 3 4 9 6 4 1 0 8 9 5 5 4 5 9 8 4 3 1 2 7 10 3 2 4 8 7 7 7 9 7 1 6 5 2 0 7 6 3 5 10 10 8 0 7 1 8 7 3 5 1 1 0 8 2 8 10 10 2 1 9 1 6 5 6 1 1 10 1 10 3 8 6 4 0 3 3 8 1 2 0 1 2 8 1 10 1 2 0 0 8 6 7 8 0 2 1 7 4 8 6 3 7 4 1 6 4 1 3 5 2 9 3 2 0 4 8 10 4 10 6 3 0 0 0 3 9 2 4 4 10 0 4 7 1 8 5 0 3 0 10 4 5 3 3 6 0 6 8 4 7 10 1 4 0 6 3 4 3 4 10 6 8 7 8 2 0 4 4 3 8 0 3 4 7
4 0 0 8 2 2 6 0 9 6 9 1 2 5 2 0 10 1 2 8 6 0 9 10 4 1 2 3 4 7 6 9 1 4 1 10 1 6 3 1 8 2 6 1 3 6 0 3 6 1 2 3 8 8 3 5 10 3 10 9 9 3 1 1 6 8 9 9 4 2 8 4 8 2 2 1 9 4 6 5 1 1 5 6 5 6 1 7 6 6 4 7 8 3 8 4 5 0 10 10 10 0 6 9 5 0 1 1 10 10 4 7 5 8 9 0 9 7 9 4 2 2 4 8 10 8 3 9 10 9 10 7 8 10 4 7 10 4 4 4 7 3 8 2 10 9 10 1 8 2 10 0 6 2 2 10 5 2 2 4 5 5 2 0 3 0 8 3 8 5 3 0 8 4 5 1 0 7 6 6 10 4 2 0 9 7 6 10 9 5 1 7 0 1 3 5 9 5 10 5
9 4 5 9 2 5 2 5 6 3 5 10 0 9 3 10 1 7 5 1 9 2 6 9 0 0 4 7 5 1 9 1 0 3 6 5 9 9 10 7 5 3 9 6 6 0 8 7 8 1 6 2 3 5 5 4 4 3 3 5 7 3 4 2 2 7 10 6 10 9 5 7 8 6 7 5 10 5 6 8 9 5 1 4 5 6 9 6 3 7 10 7 2 4 7 1 4 9 6 9 3 1 10 0 5 1 9 6 3 2 7 3 4 9 9 2 0 4 8 10 5 3 0 0 1 5 8 10 4 9 7 10 1 1 7 3 6 9 5 2 7 8 6 3 0 1 4 7 8 9 5 5 0 8 7 3 9 0 10 2 3 1 8 10 0 4 6 3 6 5 9 8 7 0 2 6 9 1 1 4 5 9 2 2 5 9 9 6 3 3 10 3 4 8 10 2 8 7 9 10
9 8 10 4 0 3 10 8 3 4 1 10 5 6 2 8 0 4 1 0 10 3 7 7 0 5 7 7 2 5 4 1 5 7 2 0 2 10 0 4 2 3 3 2 5 10 0 9 2 8 3 3 8 7 6 3 1 6 5 7 9 2 3 9 1 6 4 0 7 2 10 8 7 3 1 4 2 2 9 9 9 7 2 2 0 2 9 0 2 0 2 3 1 4 3 0 7 7 6 2 9 0 8 5 5 2 4 3 5 7 10 4 3 9 0 3 4 0 6 6 10 6 7 9 1 1 0 2 7 4 4 10 1 4 0 6 2 0 2 1 8 3 6 3 5 10 3 4 4 2 5 10 10 0 2 6 6 6 5 10 0 5 4 10 5 10 3 6 3 3 0 2 0 0 9 10 8 1 3 1 8 9 10 2 1 5 9 3 2 7 6 0 7 1 7 7 6 1 2 1
7 9 10 2 0 6 0 7 5 0 4 5 9 5 7 5 8 3 1 9 10 4 7 5 8 1 3 8 8 4 8 0 4 7 9 6 4 5 1 9 10 3 3 5 2 4 7 6 8 4 10 7 10 1 8 5 7 4 8 1 4 0 7 4 6 4 9 5 2 3 7 3 3 5 5 8 5 9 3 5 10 0 10 1 5 2 10 9 7 8 8 5 7 4 3 4 3 5 4 8 4 3 2 0 9 4 4 3 2 3 0 0 0 8 8 1 2 9 0 4 5 7 9 0 7 9 0 0 5 9 7 10 2 7 7 10 0 10 7 5 1 0 1 5 9 6 10 0 2 5 7 7 2 1 0 9 4 3 9 5 0 10 2 3 5 7 0 10 3 6 5 7 6 9 7 1 2 4 7 1 2 2 5 4 3 4 5 1 3 6 4 5 6 10 8 1 6 3 4 2
3 4 9 5 5 6 2 8 0 4 1 9 8 3 5 3 10 4 3 1 10 7 7 5 8 8 2 4 9 2 5 7 5 3 0 2 6 2 5 5 9 0 0 6 1 2 8 1 10 7 5 9 1 5 3 4 1 4 10 1 4 9 7 6 0 3 1 8 3 7 7 9 8 5 5 6 1 9 10 10 5 2 0 6 1 10 3 7 4 1 2 5 0 4 6 0 6 8 1 4 4 10 10 0 10 2 4 4 6 6 6 6 5 2 6 10 2 6 0 0 7 2 4 9 6 6 9 4 2 0 9 3 0 0 4 4 2 1 1 7 7 6 9 6 6 5 10 5 8 2 6 10 6 0 2 0 2 1 7 0 7 9 1 3 1 6 10 7 3 4 4 6 7 3 2 3 9 3 10 1 5 8 2 7 6 1 0 7 5 0 9 10 8 3 5 1 1 8 0 3
2 6 4 2 1 7 0 7 6 7 1 2 2 8 5 10 6 3 10 5 1 10 0 1 2 5 8 8 2 6 10 0 5 9 0 6 1 8 3 0 0 7 5 9 3 2 2 9 3 5 10 2 6 4 5 2 6 6 10 2 5 6 3 6 0 6 8 9 3 7 9 8 8 0 2 3 1 7 4 5 1 10 3 1 9 5 4 6 3 5 9 3 4 6 6 8 4 3 9 3 5 10 2 1 1 9 1 10 5 7 9 3 2 7 8 1 0 0 0 9 0 1 2 4 8 8 9 3 6 4 5 7 9 8 8 2 8 7 9 2 0 2 2 10 10 9 4 8 9 2 7 3 5 8 8 10 10 3 2 10 0 9 1 2 4 9 0 2 8 8 2 4 5 6 2 9 6 3 0 1 0 1 8 1 0 5 6 6 3 0 10 4 5 3 9 6 10 9 4 4
3 3 3 3 9 4 8 5 6 10 2 3 6 0 6 8 1 2 5 1 6 6 8 9 9 9 4 8 2 9 5 8 8 8 8 8 10 10 9 2 0 2 4 2 4 7 2 3 6 8 6 4 4 0 10 9 5 10 5 7 0 5 9 3 4 6 5 7 9 5 8 0 4 3 5 7 7 4 3 1 0 7 9 6 3 0 5 9 9 8 3 4 5 10 8 2 4 9 4 0 4 3 6 5 7 1 10 4 4 2 0 6 4 3 10 10 9 5 0 5 3 0 8 10 0 2 10 5 2 6 2 3 3 4 2 7 1 3 9 3 9 0 0 8 5 0 6 8 5 1 1 1 3 5 3 8 1 2 9 5 0 3 10 7 7 10 3 7 8 2 6 10 2 1 0 8 3 4 2 10 3 10 5 8 10 4 5 9 5 10 1 4 7 5 3 0 1 5 1 5
7 5 8 10 0 9 8 3 2 6 6 7 7 9 8 6 7 4 7 4 2 3 10 10 1 2 8 1 3 2 7 8 1 6 5 5 7 6 3 2 5 8 8 8 6 6 0 10 10 4 9 2 0 0 8 3 3 1 8 2 1 4 1 0 5 0 10 6 1 2 1 8 5 7 7 1 10 2 4 4 9 9 8 1 0 4 0 4 9 9 7 9 5 3 5 9 8 8 5 6 3 6 2 10 6 6 7 7 9 6 0 9 7 5 1 3 6 9 9 0 6 1 0 6 1 7 3 10 3 3 7 9 1 5 6 5 7 9 10 7 0 4 0 10 9 6 9 9 2 6 1 8 6 6 5 0 1 7 9 7 8 5 9 4 7 1 7 7 1 4 9 1 3 8 8 7 7 8 4 7 10 8 2 0 4 9 9 7 10 1 10 8 10 8 3 0 9 4 0 8
1 0 5 5 4 7 5 6 0 4 10 3 4 2 10 3 6 6 10 5 8 6 0 1 10 1 3 7 5 2 1 5 3 2 10 7 4 4 1 1 9 7 1 8 7 9 10 0 10 0 4 1 1 0 8 2 7 2 10 7 0 3 7 7 2 5 10 3 7 6 5 6 7 4 1 8 6 6 0 0 7 0 2 0 4 2 2 4 6 0 1 0 5 2 2 3 10 2 6 3 3 10 8 6 10 1 1 10 5 7 8 2 4 9 0 2 8 7 4 2 8 1 9 0 4 5 5 7 6 8 8 2 9 3 10 0 7 9 1 1 0 4 2 9 6 5 9 9 8 8 7 5 7 8 8 1 3 7 3 9 6 6 10 1 0 4 2 5 8 2 7 2 8 9 4 10 8 0 5 2 9 5 6 8 4 9 5 6 2 3 1 3 0 7 6 1 10 7 2 4
8 1 6 10 3 8 8 4 6 3 10 1 10 10 1 7 3 8 6 0 7 3 5 6 0 3 7 0 5 3 9 6 8 0 0 10 2 2 2 9 6 3 8 0 1 8 10 10 2 0 2 2 6 0 2 2 9 7 3 2 3 6 8 9 4 3 7 6 5 3 3 9 8 8 7 5 0 3 9 7 7 10 2 2 10 2 1 2 8 8 10 9 9 6 6 7 6 4 10 7 6 1 7 5 1 9 3 8 6 9 0 4 9 3 3 9 1 3 4 2 2 2 6 4 0 9 1 3 1 10 3 2 3 8 0 3 2 2 0 10 5 6 6 2 3 6 5 10 10 4 5 5 5 6 7 2 0 2 6 6 4 8 9 9 1 4 5 8 4 3 2 5 9 2 0 3 5 6 8 4 8 1 2 2 9 9 7 8 3 0 8 1 7 4 3 4 6 0 5 8
4 6 5 2 10 7 6 4 6 8 0 8 9 6 5 5 2 2 10 8 6 2 1 6 1 5 6 9 5 8 7 3 8 8 7 2 1 0 0 6 0 1 0 8 8 4 4 1 10 4 5 1 9 2 4 9 9 9 7 0 6 5 3 1 1 2 4 1 4 7 10 1 8 6 0 4 4 1 1 7 6 7 8 8 7 8 5 8 8 1 6 7 7 5 1 6 0 8 4 1 10 3 8 0 2 9 8 9 5 2 0 7 1 0 9 4 10 7 6 3 9 4 7 9 10 0 4 2 4 7 1 5 5 10 9 9 0 8 8 1 8 1 10 6 6 8 8 1 10 5 1 9 8 8 1 4 1 3 4 3 2 5 6 0 3 10 3 8 1 9 10 7 6 3 10 2 10 0 4 10 3 4 3 7 6 8 6 8 9 8 1 3 9 4 3 0 10 5 8 6
3 7 8 7 3 6 4 9 5 1 0 6 5 6 9 5 0 1 6 6 5 3 10 6 10 10 3 3 4 8 6 6 6 7 10 10 6 2 10 1 6 9 5 3 0 2 3 8 9 1 3 1 0 7 3 9 9 8 7 2 0 1 6 3 6 0 8 3 6 4 1 9 5 4 8 9 3 10 4 6 0 5 3 4 1 1 6 10 4 2 2 0 4 10 7 7 2 7 6 5 7 10 8 0 6 2 10 0 3 10 7 8 1 2 4 4 8 7 8 5 4 2 3 8 3 9 0 4 4 9 4 6 1 8 1 5 1 4 7 7 1 6 0 10 4 4 7 10 2 8 7 6 3 8 2 7 10 9 8 5 9 8 7 4 0 1 2 1 2 1 0 2 8 5 1 0 1 9 6 8 5 10 5 9 0 4 10 0 5 7 3 2 3 3 2 10 9 3 8 5
5 0 3 7 6 5 6 3 8 1 8 8 4 6 2 10 2 1 8 10 5 0 1 0 3 0 4 8 3 2 8 1 5 3 10 10 10 0 3 4 1 8 2 0 8 6 4 0 1 5 1 2 2 0 1 9 9 5 9 4 1 5 4 4 2 2 3 7 5 6 7 5 9 10 5 1 1 6 9 4 7 1 3 4 8 1 7 6 1 2 2 2 9 8 3 2 3 5 1 8 6 9 6 4 1 5 10 3 7 10 4 1 6 0 6 1 2 9 3 2 7 10 6 1 8 3 6 0 9 5 3 2 1 7 7 10 4 2 2 4 6 2 2 4 0 8 8 0 3 9 1 3 7 5 8 8 5 3 5 2 0 9 7 6 10 1 8 9 6 9 2 4 2 7 6 7 10 8 0 4 0 0 4 8 9 7 10 2 3 2 5 9 10 7 4 10 9 6 4 7
0 0 5 2 10 10 4 6 9 0 8 4 5 10 4 8 8 4 10 2 2 10 5 3 4 8 7 2 0 1 7 4 1 0 3 4 6 9 10 8 10 8 10 4 5 8 6 2 9 6 8 8 2 3 0 5 7 9 0 8 5 8 5 8 1 9 6 9 3 9 0 9 8 8 3 2 0 9 3 2 10 0 7 8 7 9 3 0 6 9 3 8 7 5 2 0 6 8 8 8 10 1 3 9 1 5 8 10 4 8 1 1 1 8 8 1 10 10 3 10 7 10 6 8 6 1 6 9 0 0 0 4 6 3 10 9 10 0 10 8 0 10 2 7 3 1 8 9 0 3 8 4 3 4 9 0 6 10 7 2 6 9 10 3 9 1 5 10 8 7 5 5 6 10 5 9 2 8 4 0 7 3 5 9 3 5 10 9 8 7 6 2 9 2 8 8 2 8 9 2
9 9 7 8 5 5 1 2 2 5 3 10 0 9 1 3 9 3 1 2 10 3 6 0 2 4 8 2 2 0 8 7 6 4 6 3 10 8 9 0 6 2 2 3 6 8 10 3 5 5 10 0 3 5 4 7 9 8 3 9 2 6 0 1 1 4 3 7 8 6 8 4 3 8 5 7 6 9 9 10 0 3 1 4 6 4 6 7 8 8 4 2 9 6 6 6 3 8 8 5 7 8 0 8 1 4 3 7 2 0 5 0 7 3 3 10 1 4 1 6 4 4 0 1 7 0 1 7 9 0 5 4 1 4 10 3 2 4 4 5 3 3 2 10 3 6 1 0 0 6 0 9 9 9 9 0 9 8 4 6 6 7 10 6 1 6 3 6 8 5 0 3 1 9 0 5 2 1 5 2 2 7 7 3 0 4 2 9 2 2 9 1 1 4 5 5 10 4 2 6
3 9 10 8 3 8 1 4 1 8 9 1 2 10 4 0 5 10 8 8 8 7 5 0 3 10 0 8 4 2 2 7 6 1 3 10 0 10 1 1 2 7 3 3 10 8 7 5 3 10 9 3 9 5 3 2 0 3 7 1 1 1 10 8 3 3 4 8 5 0 6 1 8 5 1 1 9 3 2 3 7 4 1 5 3 3 1 5 2 3 8 3 9 9 9 4 7 3 3 4 10 2 9 7 6 1 9 3 4 6 10 1 6 10 6 9 1 2 9 4 1 3 0 3 2 5 3 4 2 7 0 5 2 10 9 10 1 10 6 2 0 0 7 6 3 9 6 7 1 7 6 4 5 4 2 9 4 10 1 2 8 3 6 3 10 1 9 5 5 0 7 2 5 6 0 6 6 8 0 8 6 8 4 2 7 5 1 2 6 1 5 5 0 6 10 9 5 6 2 9
7 4 7 5 4 0 9 8 6 7 4 2 9 7 5 7 6 7 2 0 6 6 8 0 6 0 2 6 0 5 6 0 1 0 6 6 9 0 10 9 7 5 7 2 5 8 4 2 10 6 8 3 5 3 0 10 8 0 5 3 0 3 5 10 7 2 1 2 9 1 7 10 2 3 9 10 0 10 9 8 4 10 7 2 0 0 3 10 7 6 10 0 4 1 5 6 2 8 0 2 3 7 3 2 9 2 3 1 3 4 9 0 3 2 1 6 9 7 1 6 2 8 3 3 4 2 5 5 0 0 6 0 10 3 3 0 0 2 7 1 8 8 1 2 1 7 0 6 5 9 8 5 4 10 10 7 2 5 4 3 1 2 0 9 8 8 2 2 1 2 3 3 4 10 1 2 5 2 9 6 6 9 7 9 6 6 3 1 0 2 3 0 2 9 4 9 8 6 4 9
6 10 4 0 1 5 5 2 9 10 7 2 0 0 0 10 2 5 7 7 9 0 9 6 1 2 10 3 6 8 0 10 5 7 4 4 2 8 6 7 0 7 8 2 0 1 9 2 4 2 7 10 5 2 6 10 8 2 8 2 7 3 10 4 7 7 0 0 9 1 8 4 8 8 3 8 0 7 8 1 4 0 0 9 6 4 8 0 5 3 6 10 2 9 1 2 7 7 7 4 10 0 1 0 4 7 2 10 7 9 2 6 7 1 7 6 8 0 3 6 6 1 5 7 5 9 1 5 6 5 1 6 0 1 3 7 10 2 8 2 9 8 6 8 8 1 1 10 7 4 6 1 5 1 0 5 5 1 6 3 6 10 3 6 5 6 8 8 0 9 4 1 4 8 2 8 3 10 7 9 9 6 2 1 5 10 9 0 1 7 9 7 4 5 1 10 10 7 5 10
9 2 1 6 10 3 5 0 0 3 1 10 2 6 0 2 3 1 10 5 5 0 7 8 9 1 7 0 7 1 9 6 1 2 4 6 2 4 0 7 10 9 8 4 10 9 6 7 3 9 6 0 6 5 9 5 5 7 3 7 10 6 0 0 0 6 5 6 1 3 2 1 9 3 0 2 1 2 9 4 1 0 9 8 4 8 4 2 2 3 4 2 5 6 8 7 9 8 3 1 8 9 10 10 10 5 3 8 6 5 9 6 8 10 9 3 5 7 0 9 8 2 5 4 2 10 8 0 5 2 5 8 8 0 0 10 7 8 10 0 1 2 10 10 6 4 10 9 3 8 0 5 10 1 1 4 6 10 5 5 9 10 6 1 6 3 9 5 6 9 2 10 8 2 8 7 6 0 8 6 10 9 1 1 7 0 3 4 8 9 9 4 6 8 7 7 2 1 8 2
7 0 0 9 6 8 3 5 6 3 1 9 4 2 3 3 6 8 4 1 0 6 6 5 2 0 6 0 3 4 8 0 5 3 2 0 10 4 1 0 5 4 7 2 6 1 2 5 2 9 5 9 3 4 10 3 3 8 3 3 0 2 6 0 9 0 0 5 1 10 9 4 5 4 7 8 7 8 4 8 8 10 9 10 10 8 0 5 10 3 3 0 1 0 4 0 2 3 4 9 4 2 7 1 3 5 2 2 2 5 3 3 6 1 0 1 8 7 1 5 9 9 7 1 8 7 2 5 6 10 10 3 9 3 0 3 6 9 6 5 4 3 1 4 6 1 5 8 6 10 9 0 7 7 2 4 1 4 5 9 7 8 3 10 8 3 0 5 6 1 10 4 10 6 2 10 9 6 6 9 6 3 2 6 7 5 9 8 8 5 10 9 6 3 4 8 3 10 2 7
3 9 1 3 0 1 9 1 6 10 10 10 7 5 0 6 4 6 3 2 5 10 8 4 0 7 2 8 8 10 5 1 10 9 8 0 2 3 4 8 0 2 10 10 5 9 1 7 9 9 7 7 1 4 1 7 5 8 8 8 9 6 3 9 6 10 2 7 1 9 8 3 7 8 1 8 4 1 3 1 8 5 5 9 7 8 4 5 8 10 1 6 10 1 3 0 7 9 10 8 9 9 2 9 6 6 2 4 1 8 4 0 8 7 10 5 10 0 10 0 3 8 10 6 10 6 5 3 6 3 10 10 9 7 2 0 1 1 3 4 6 9 2 3 6 2 1 5 4 6 7 5 0 8 10 0 1 3 9 4 2 7 8 9 10 10 8 10 5 8 0 0 10 0 3 9 8 4 7 9 2 8 5 2 8 4 10 4 1 0 10 0 2 2 9 4 4 6 8 0
10 5 3 1 4 0 1 10 2 3 7 5 5 8 10 8 0 7 1 0 6 0 7 7 6 2 2 8 1 0 10 6 4 1 3 10 8 3 6 0 9 8 0 7 5 1 8 2 3 9 2 5 8 4 5 6 5 1 7 10 4 2 2 4 2 3 8 4 4 1 8 8 3 1 1 4 1 3 1 4 6 10 7 8 9 3 3 0 0 10 0 5 5 4 10 4 9 10 5 4 10 9 7 6 1 3 0 9 5 3 2 7 6 7 0 2 5 4 3 5 6 0 3 9 0 10 6 10 7 6 4 4 9 4 5 7 0 10 8 4 5 10 3 1 8 10 3 7 3 9 6 5 3 2 4 6 5 2 8 3 2 2 2 4 0 2 1 2 3 3 5 1 1 10 3 6 6 10 6 9 10 8 6 1 3 10 7 4 5 3 9 3 2 6 9 1 5 1 7 1
10 4 2 4 5 7 10 10 3 9 0 4 7 4 1 0 10 7 7 2 2 10 4 7 10 6 0 10 5 7 8 9 3 2 4 6 2 1 0 1 5 6 9 1 6 6 8 6 3 7 4 8 8 4 1 7 2 5 0 7 6 8 1 10 5 2 4 6 0 8 4 3 7 4 5 9 2 5 8 0 9 2 0 4 4 7 8 8 7 2 1 5 10 4 6 4 10 1 1 6 4 5 3 3 5 9 3 9 4 8 1 3 5 3 10 0 1 10 3 0 3 0 1 5 5 4 8 5 4 2 6 9 8 2 8 2 8 0 10 0 8 6 7 10 5 6 8 8 5 2 9 5 3 1 4 5 2 10 7 3 2 5 6 6 1 2 1 7 2 0 0 1 7 10 9 2 0 10 7 5 6 6 9 6 6 2 3 6 7 8 8 5 2 4 1 0 6 3 5 1
2 8 5 3 10 5 3 8 2 5 9 2 4 4 6 5 9 4 1 10 10 10 9 8 7 6 4 9 3 6 6 9 8 8 8 4 7 4 7 4 6 2 7 9 8 1 5 8 9 6 3 1 3 7 7 6 5 9 1 3 6 8 3 8 5 8 8 1 7 6 0 7 4 10 9 2 9 1 4 3 5 4 4 2 6 3 4 0 0 8 1 7 10 10 2 5 3 8 4 1 3 3 4 7 6 5 1 9 5 10 0 1 7 8 0 9 7 6 4 3 5 7 2 2 0 6 3 4 2 6 4 4 5 9 6 8 3 5 0 4 9 2 2 5 5 1 5 10 1 10 10 2 6 3 9 4 10 2 3 6 6 7 6 10 1 5 2 9 8 8 9 1 6 8 8 8 9 1 1 5 8 3 5 10 6 6 5 5 9 4 6 2 3 4 0 2 2 0 1 3
4 3 0 4 10 4 9 5 5 2 6 1 0 4 2 0 6 3 6 5 0 5 6 2 4 3 8 7 9 5 4 4 0 3 8 2 8 7 1 8 1 9 10 10 1 0 7 6 1 1 4 0 8 9 0 0 5 9 2 7 10 5 4 8 3 5 6 8 0 8 8 3 6 0 8 9 7 9 6 2 9 7 4 3 0 5 5 3 2 5 3 1 9 6 9 0 1 1 6 9 9 8 2 1 8 2 9 8 2 9 8 3 2 7 4 4 4 0 8 4 1 10 5 6 6 3 9 4 10 7 3 4 2 8 8 1 5 8 2 0 9 8 6 7 8 6 4 3 8 6 0 6 6 10 4 2 10 1 10 4 9 0 0 8 2 6 0 9 7 9 2 4 2 0 7 6 1 0 5 2 10 3 0 6 3 7 10 0 7 8 9 10 5 1 1 6 1 3 1 4
7 5 2 6 6 7 10 3 10 7 4 4 4 9 6 3 1 8 9 9 10 2 3 5 0 10 8 8 0 1 5 7 4 0 6 7 3 9 7 10 1 1 7 1 2 1 1 1 8 3 10 9 2 2 3 5 0 3 1 0 10 10 9 6 5 5 0 0 6 9 0 8 8 5 10 10 5 3 3 8 6 10 7 0 2 0 2 1 1 3 10 8 0 8 2 9 3 9 9 0 3 6 7 9 0 7 3 4 7 3 3 4 0 10 9 10 9 5 1 0 7 9 6 2 4 2 4 1 10 9 5 2 0 2 7 3 1 5 9 3 0 8 8 3 0 1 0 2 9 1 8 7 2 0 6 5 3 4 10 1 0 2 5 1 3 9 2 6 3 10 0 6 6 6 10 1 7 10 3 5 0 10 1 6 10 3 4 9 0 7 0 9 9 9 5 7 8 7 10 1
4 10 6 1 0 7 10 7 6 6 8 1 10 0 2 5 10 8 2 9 7 9 3 5 6 8 7 2 2 4 6 2 7 3 5 8 9 3 1 0 6 1 5 6 9 1 8 1 10 8 4 2 3 2 6 7 8 2 1 2 5 1 2 2 4 4 3 0 0 1 9 9 0 7 2 6 8 3 5 1 5 7 8 8 2 2 0 0 9 5 1 6 5 6 1 8 6 7 10 4 10 10 8 5 4 5 6 8 3 7 0 9 6 6 3 5 10 4 1 8 7 0 0 4 7 10 7 9 5 7 7 8 10 3 10 0 1 5 7 2 1 0 8 7 8 10 8 4 1 6 9 0 4 2 5 8 7 3 5 5 2 10 9 4 5 4 10 8 7 6 7 4 5 0 10 2 0 10 3 7 10 9 10 7 6 2 8 9 4 7 6 4 1 5 10 4 9 0 10 5
3 5 10 0 9 7 9 2 6 2 2 6 8 3 9 4 9 10 9 9 1 7 0 8 4 3 1 2 8 9 1 0 10 10 0 8 0 0 5 4 7 8 7 4 1 4 10 8 5 0 1 1 7 7 4 5 2 4 1 3 6 8 1 8 3 8 9 1 7 7 8 10 8 5 2 3 6 1 1 4 3 2 4 10 0 10 7 3 3 5 9 2 3 10 1 5 4 10 2 5 4 1 5 5 5 6 8 0 5 10 3 6 8 3 5 7 10 7 4 3 7 5 6 8 4 1 10 9 9 1 5 5 2 2 6 5 5 3 4 6 2 7 0 2 6 8 10 10 8 9 10 1 1 10 2 6 9 5 9 3 7 0 8 7 3 7 0 7 0 4 5 5 9 9 8 9 10 3 2 3 7 10 2 9 9 2 8 9 7 8 8 6 9 2 10 5 3 4 2 4
8 10 1 9 2 7 8 10 8 4 0 2 3 8 7 7 6 8 9 5 4 4 7 6 2 5 1 9 0 10 9 5 2 2 3 10 1 3 10 7 2 2 0 3 1 6 6 8 5 3 9 2 0 10 3 5 8 2 3 2 7 2 0 4 10 10 6 4 6 1 7 1 7 7 1 2 5 1 1 2 5 2 10 4 1 3 0 3 9 1 9 1 6 1 2 8 4 1 0 3 6 2 4 10 1 0 3 6 0 0 10 6 1 8 3 10 5 9 6 2 9 1 3 7 7 4 7 10 10 4 0 0 1 3 10 10 10 2 4 10 8 6 3 0 6 10 7 3 4 1 10 9 7 3 1 10 10 5 5 0 5 0 8 4 4 3 10 9 3 6 5 2 6 7 9 0 5 9 6 8 9 4 4 7 9 5 5 10 0 2 3 8 5 1 10 8 9 8 10 3
3 4 10 8 1 8 1 2 7 3 1 2 5 7 1 9 9 6 2 2 10 10 3 1 1 4 6 0 3 1 10 10 4 0 0 2 9 8 0 3 3 3 4 4 1 10 7 1 5 4 9 9 8 3 8 8 7 1 10 0 0 1 2 2 5 9 5 1 4 10 9 3 5 1 5 1 1 8 3 2 4 4 4 4 8 5 7 0 6 8 6 3 1 3 5 0 7 6 0 6 0 6 1 0 0 4 1 6 10 5 3 2 2 4 10 7 3 8 9 2 0 10 2 0 4 10 10 5 1 9 8 2 2 3 9 2 1 8 4 6 2 2 2 1 0 8 2 5 7 0 3 2 8 10 7 9 7 0 2 4 9 4 3 1 4 1 5 2 9 5 9 8 6 7 1 2 3 4 8 9 10 6 3 6 10 1 9 4 1 0 8 2 8 1 8 7 6 7 1 3
10 6 5 10 9 7 2 9 9 2 5 8 8 8 3 2 2 0 9 9 6 9 2 7 9 8 5 6 5 9 7 6 8 10 6 6 9 4 5 1 5 8 4 0 7 2 5 3 3 0 7 6 4 9 10 1 3 4 8 4 9 5 4 4 1 4 7 7 9 3 8 7 0 1 7 7 1 3 5 4 4 4 9 7 10 5 8 10 10 1 4 0 2 1 10 4 8 10 10 8 9 1 2 2 4 0 9 10 4 2 6 0 8 7 10 5 4 1 8 6 2 2 4 8 8 8 4 8 8 6 4 1 10 5 4 3 9 7 3 1 1 4 1 6 9 0 7 5 7 5 6 3 9 6 4 10 2 4 5 2 2 2 8 4 2 9 9 4 10 7 6 4 1 9 0 4 8 0 6 0 2 6 2 10 0 2 2 8 2 0 4 9 3 10 1 8 0 7 0 7
3 1 8 1 7 2 9 0 0 9 0 4 2 9 7 7 9 4 10 1 8 10 2 3 5 7 8 4 2 9 3 5 2 1 5 0 6 2 8 0 1 6 3 3 1 2 5 0 2 6 8 7 4 2 2 1 3 2 1 3 8 0 10 4 3 0 10 7 5 1 6 7 9 5 4 8 10 9 0 0 0 8 6 3 1 2 0 6 7 8 3 3 1 5 0 1 3 7 5 1 4 5 8 10 4 7 6 0 5 0 7 7 9 9 8 0 10 4 6 8 7 4 3 4 6 8 7 1 7 1 4 7 10 1 6 6 7 1 6 10 2 3 10 9 5 5 0 8 9 3 4 9 0 10 3 2 2 9 4 2 4 1 8 7 8 3 2 8 10 7 3 6 1 8 4 1 3 6 0 1 8 5 8 8 6 10 2 9 4 0 4 2 6 8 7 7 4 3 6 9
8 5 3 5 5 4 10 9 8 10 4 10 9 0 5 3 8 2 0 2 7 8 1 4 3 6 1 5 7 2 8 8 0 3 10 3 7 1 7 10 7 1 3 3 7 1 5 7 8 4 3 5 2 7 7 9 9 2 2 6 2 4 5 6 4 0 8 2 4 0 5 2 1 2 0 5 4 10 6 10 2 4 6 4 7 0 10 10 7 6 6 4 9 10 9 8 9 2 9 10 6 9 2 2 9 9 6 9 1 8 8 6 1 10 2 4 0 2 1 1 1 7 4 4 5 8 8 5 2 2 8 1 0 8 3 5 5 8 5 6 9 0 9 10 6 2 10 0 7 0 0 10 6 8 8 7 1 1 6 4 7 6 0 0 7 10 10 6 6 9 6 9 0 8 3 10 8 2 10 7 4 7 6 7 4 6 1 4 9 10 4 10 0 1 3 1 2 3 4 1
9 8 10 7 5 8 3 9 7 2 6 5 5 1 7 3 1 0 3 5 6 2 5 6 3 5 6 2 3 1 6 3 1 9 9 8 7 7 6 1 8 5 8 6 10 3 9 1 8 5 1 9 5 9 9 0 3 6 0 4 8 7 4 0 5 6 10 1 7 8 9 1 7 2 8 8 6 5 3 7 10 1 6 4 0 8 8 7 2 7 9 9 2 6 10 0 4 2 1 2 6 4 8 8 10 2 2 8 10 6 10 5 2 1 6 6 7 1 0 10 0 1 2 3 7 6 9 3 1 6 2 9 5 6 3 2 1 4 7 2 2 2 3 10 6 0 7 2 0 4 5 2 9 0 4 0 1 9 10 3 8 2 8 1 1 9 4 3 9 0 0 10 8 1 0 2 7 6 10 4 8 10 2 5 10 10 4 8 7 8 1 3 2 8 10 4 8 1 6 9
0 7 5 7 4 6 5 6 10 4 9 8 0 2 5 3 10 9 9 1 5 9 7 8 8 2 3 9 9 2 2 1 5 3 5 4 1 3 7 3 6 8 7 7 1 10 0 9 9 8 0 6 2 6 10 10 4 6 4 0 4 8 10 5 0 9 10 10 3 4 1 2 9 9 4 3 0 9 4 10 10 1 2 6 0 10 8 2 3 1 4 7 8 1 10 0 10 6 9 1 2 6 6 5 5 6 4 10 10 3 2 6 8 2 10 10 3 0 1 7 6 6 9 3 7 4 0 5 0 6 0 3 0 5 1 9 0 10 3 5 6 3 8 3 1 3 2 9 2 0 4 3 4 9 8 2 2 6 10 1 8 5 5 8 5 0 8 0 10 1 6 0 0 7 0 2 0 9 2 7 5 0 4 10 4 8 6 3 0 5 0 5 1 1 10 5 8 8 9 6
3 1 8 2 4 10 6 2 5 7 3 8 1 9 6 6 10 1 2 5 3 0 5 5 6 4 0 5 4 9 6 10 1 3 6 0 7 6 7 4 7 8 4 9 9 5 10 8 0 6 0 4 9 10 2 6 10 6 3 9 0 1 6 3 0 4 3 5 1 10 4 7 8 1 8 4 1 0 3 3 1 1 0 8 2 10 7 1 7 10 8 8 7 5 0 6 10 1 4 2 1 9 5 0 10 0 10 1 9 0 10 0 9 8 8 8 9 10 8 7 2 6 5 3 0 9 2 6 2 6 3 1 1 10 3 8 5 5 6 3 0 0 8 1 6 4 3 2 9 10 0 4 2 1 4 9 8 0 10 8 9 0 8 2 2 10 4 0 8 10 5 0 7 0 2 7 5 0 6 9 9 8 0 9 4 8 4 9 1 8 6 1 3 1 5 4 4 1 3 2
9 4 3 1 9 10 10 6 1 6 6 9 3 6 7 10 4 8 9 7 4 3 6 4 4 5 10 0 5 9 9 9 2 6 8 8 6 10 8 6 8 4 9 0 0 6 10 3 6 4 3 0 5 4 10 5 5 2 9 10 3 7 9 1 6 2 1 2 7 3 6 3 6 5 0 9 3 10 5 3 6 8 5 1 7 10 2 3 5 0 4 0 3 0 6 4 4 1 0 7 5 7 0 10 7 5 2 10 1 6 8 3 1 6 4 7 9 8 3 6 8 7 4 1 4 5 6 4 8 3 1 6 5 7 10 1 8 4 0 5 4 5 10 9 2 6 0 5 5 10 8 0 8 3 3 8 0 8 3 10 7 8 2 5 3 10 3 3 1 4 7 8 9 9 8 9 3 8 7 1 3 2 10 7 4 9 5 2 3 0 3 8 6 1 3 0 9 9 10 8
4 6 5 9 0 4 5 2 4 0 3 3 8 6 1 4 8 4 2 8 10 9 3 10 2 6 2 1 9 1 8 8 6 7 6 9 9 0 3 6 2 4 3 5 4 4 0 5 4 2 1 5 6 1 7 2 2 0 2 6 6 10 6 5 2 5 9 4 7 9 10 2 7 1 2 6 7 6 10 0 3 8 7 1 1 9 5 9 0 9 5 5 2 7 4 8 4 3 6 8 7 8 0 6 2 1 6 6 1 5 4 5 0 2 1 3 2 5 3 1 2 3 5 2 1 2 7 6 6 5 10 6 7 3 10 0 5 4 0 1 9 1 7 4 3 7 0 4 0 6 5 8 0 5 2 3 10 5 10 0 10 4 0 3 1 9 8 6 4 4 6 8 5 0 0 4 8 3 3 6 4 2 2 7 10 5 8 10 9 7 4 4 5 5 8 7 5 1 9 0
9 3 2 9 4 4 6 7 6 10 6 1 2 7 2 0 1 1 5 7 7 10 4 2 2 8 4 10 6 0 8 10 1 7 9 0 8 8 4 5 2 0 6 9 9 2 5 10 7 2 3 1 2 7 7 4 0 6 7 10 2 9 2 10 2 4 6 2 0 10 3 7 3 5 1 6 4 4 5 0 1 4 5 10 10 10 8 8 9 2 3 9 3 0 3 4 10 4 2 10 10 9 3 3 0 3 2 4 0 5 4 6 3 9 2 1 8 5 4 10 6 5 10 6 3 9 9 9 7 7 5 1 7 4 6 0 5 8 0 4 4 6 6 6 10 4 0 4 4 10 9 7 3 0 4 2 3 9 1 10 9 3 5 3 0 10 5 0 0 1 6 9 2 1 10 7 1 6 0 8 6 2 4 7 0 6 10 10 1 2 4 7 9 1 6 2 0 4 8 7
9 9 3 6 3 2 3 10 9 5 9 8 8 6 6 2 6 0 9 10 0 1 5 6 7 6 6 7 0 9 8 4 3 6 3 9 5 5 5 5 5 3 2 8 2 9 3 7 1 7 2 5 0 7 9 10 4 1 4 2 0 3 2 9 1 6 7 3 2 10 10 1 8 1 6 9 4 5 3 10 4 8 2 6 4 4 8 10 8 10 3 9 3 3 5 4 7 3 6 7 8 3 10 7 10 10 0 6 3 5 1 9 6 8 0 9 5 1 5 10 0 4 1 5 10 1 0 2 9 9 4 7 4 9 6 9 8 4 9 5 8 2 2 4 5 1 6 10 4 0 8 3 10 0 0 8 5 1 8 9 2 6 9 5 4 9 10 2 5 5 6 4 5 2 0 6 4 3 9 2 9 10 0 3 6 6 6 10 6 0 2 0 10 4 5 7 2 10 2 10
6 3 0 1 8 8 5 3 1 7 1 5 2 2 1 7 9 5 0 3 6 4 9 6 2 1 10 7 9 2 9 6 2 2 8 9 9 10 2 8 3 7 10 7 4 0 0 9 1 2 0 8 9 4 8 1 6 1 7 2 7 3 0 8 1 7 8 7 2 1 1 2 6 0 10 10 7 10 8 5 5 9 1 2 7 10 6 6 1 7 9 1 8 9 5 7 5 5 10 9 4 7 3 7 2 7 0 8 2 1 6 6 0 10 3 1 5 9 2 4 9 10 5 6 4 0 8 6 3 1 6 0 3 5 10 6 4 7 3 3 5 8 5 0 8 4 4 3 6 1 7 3 7 5 8 0 1 4 9 7 1 8 5 2 3 10 6 6 3 7 6 0 10 6 4 8 7 8 8 1 1 1 3 3 10 7 1 2 3 4 0 5 9 1 3 1 5 10 10 0
2 9 4 6 9 4 3 1 5 5 9 1 6 8 9 10 8 6 4 3 6 1 8 4 7 0 5 8 9 7 3 1 7 9 3 1 2 6 3 9 5 7 5 3 10 1 5 5 10 4 2 5 3 4 10 3 2 8 6 1 10 5 1 5 10 0 9 10 3 0 0 2 0 1 4 4 10 4 5 6 8 6 2 3 5 7 8 3 3 9 0 6 8 1 8 4 7 9 3 2 5 4 2 8 8 8 10 2 7 3 1 4 7 4 8 2 4 3 0 0 3 3 6 9 6 3 0 0 4 9 1 10 2 10 1 0 4 5 1 0 1 7 9 9 9 2 2 10 8 3 4 4 4 1 5 9 0 0 2 7 3 10 8 9 6 0 8 4 10 7 4 10 1 7 10 3 10 4 1 8 10 9 2 1 8 0 2 10 3 10 6 1 1 7 10 4 1 4 10 9
5 1 6 9 10 4 4 0 8 4 8 10 5 9 10 4 3 2 7 8 0 0 10 2 2 5 7 6 3 8 4 0 9 4 4 5 2 9 8 7 7 6 2 1 3 7 7 0 10 9 0 10 0 2 9 4 3 10 8 1 1 8 9 4 10 7 5 3 7 7 3 0 3 10 6 6 9 1 9 10 3 4 10 1 9 7 0 5 1 8 10 1 7 10 2 9 1 2 9 10 10 4 3 2 2 3 5 6 0 5 9 8 1 2 1 2 0 4 1 4 9 3 8 4 4 10 6 6 1 7 7 5 2 5 10 4 8 9 2 6 9 10 6 8 3 8 5 9 4 4 10 2 8 1 4 5 7 0 6 5 8 9 0 10 1 2 4 8 8 4 6 2 8 1 5 1 10 8 9 7 7 1 3 3 7 8 2 8 5 8 8 6 6 1 6 10 8 6 10 8
10 2 2 4 2 4 7 0 5 8 4 3 0 2 10 4 6 10 7 9 10 3 4 7 1 3 1 6 4 3 8 0 8 8 0 10 3 2 2 1 5 1 0 4 8 6 3 4 7 9 9 0 3 10 3 5 3 4 1 1 0 4 9 1 8 4 7 9 4 0 9 9 4 10 6 4 6 4 6 5 2 3 8 4 8 8 7 7 1 3 1 5 8 5 2 2 8 7 0 9 0 1 7 7 1 8 0 4 0 8 10 3 9 9 8 10 6 2 9 5 10 5 9 10 10 5 2 8 4 7 10 7 1 6 8 8 10 2 0 0 7 7 7 9 4 6 8 0 8 3 8 10 1 10 6 9 8 9 0 1 2 5 7 5 5 9 8 10 2 7 0 0 5 0 3 0 1 10 10 8 5 7 6 2 5 3 8 5 1 9 4 6 4 7 10 2 2 0 1 10
2 7 9 5 4 0 7 6 10 10 9 0 10 7 2 6 4 10 9 4 8 7 10 5 4 3 10 1 10 7 5 7 8 5 9 10 1 5 1 2 4 6 7 2 4 7 7 10 5 4 1 6 0 5 9 8 3 1 0 4 3 3 1 3 7 10 9 10 6 6 10 3 9 5 1 3 0 10 5 9 2 0 5 1 4 4 6 8 5 10 10 3 10 10 2 5 4 9 1 5 10 8 9 4 10 5 4 7 6 3 4 10 5 5 6 5 9 2 9 6 6 1 8 5 3 1 10 8 9 5 8 5 6 3 6 1 2 7 2 1 2 2 9 9 10 10 4 1 6 4 3 3 3 2 10 1 5 0 5 0 4 7 7 0 10 5 10 4 3 10 6 3 7 5 6 2 2 3 7 7 9 8 8 1 9 0 4 6 9 1 2 2 0 7 2 7 2 2 6 4
10 2 5 5 8 0 7 9 7 0 4 7 4 1 2 0 10 1 4 7 9 8 1 0 3 9 7 4 10 5 10 5 8 6 1 3 8 5 2 8 3 8 0 4 5 3 0 8 4 4 6 4 9 7 5 6 7 7 3 7 3 0 1 6 5 5 6 6 1 8 9 1 8 7 4 4 5 0 1 2 1 1 3 3 5 6 3 8 2 4 6 5 5 3 8 5 9 10 7 10 1 3 8 2 1 5 7 1 10 8 6 7 2 1 8 10 8 9 1 0 1 1 8 7 6 2 1 3 0 10 0 7 9 8 6 2 0 7 3 1 3 6 4 3 10 7 3 1 1 6 1 4 5 10 5 2 9 9 9 6 0 4 0 10 8 7 3 6 2 0 6 9 1 10 2 10 9 7 4 1 1 0 2 0 8 2 5 1 2 10 9 7 5 4 2 10 1 5 5 8
9 9 2 9 9 10 9 3 5 10 10 7 2 9 2 6 6 9 4 9 4 0 2 10 8 7 3 3 4 10 9 1 8 9 7 0 5 0 1 3 4 9 9 2 7 4 6 10 0 3 10 3 6 5 6 2 5 6 9 1 10 7 7 3 10 2 4 9 7 2 1 4 0 3 0 2 7 5 10 10 0 8 10 6 7 7 7 4 5 10 8 1 8 3 1 4 10 6 7 10 10 10 10 3 10 7 2 4 9 6 9 10 1 8 3 5 6 7 1 7 8 3 3 10 7 4 9 0 1 0 10 8 2 3 3 10 1 8 0 6 10 0 7 5 2 4 10 5 8 8 10 6 6 9 4 10 1 4 2 8 8 0 3 2 4 7 7 7 9 5 4 3 5 2 7 5 4 5 5 0 0 1 6 3 1 3 7 1 3 0 9 8 6 4 5 6 6 1 1 2
1 6 9 10 4 9 1 9 7 3 8 5 9 10 8 8 8 4 0 4 6 5 8 0 2 1 8 10 8 6 8 10 1 3 8 10 2 6 3 2 6 4 5 10 7 7 1 2 6 4 10 9 8 9 0 3 0 4 5 7 6 1 6 5 4 10 2 3 9 7 2 8 3 10 4 3 6 5 4 8 5 2 9 8 7 8 1 2 1 2 2 2 5 0 1 4 10 8 6 7 6 5 6 2 6 2 7 9 5 7 8 8 6 8 6 0 2 8 0 5 0 7 4 0 1 2 9 1 6 8 0 0 10 6 8 4 6 4 2 6 1 5 3 4 5 7 6 6 1 4 0 3 3 1 6 1 1 9 0 10 9 6 0 5 8 1 2 3 8 5 9 2 2 6 2 6 1 0 1 0 9 7 3 9 6 10 5 2 1 0 1 2 0 1 4 7 7 10 6 5
3 7 1 2 2 9 6 8 8 3 10 0 9 3 1 9 7 0 7 0 1 1 1 5 10 7 10 7 0 5 3 4 2 5 9 2 8 0 8 0 9 3 2 8 3 3 5 9 7 5 1 0 9 2 6 8 7 8 1 4 2 5 5 8 4 3 9 7 5 9 8 5 6 8 3 2 2 7 7 4 2 1 0 9 7 2 6 8 10 1 4 3 3 9 4 10 5 0 2 0 5 3 8 3 6 7 8 9 8 8 7 4 7 7 4 1 8 5 10 9 4 8 3 2 3 10 8 8 3 4 3 3 2 5 1 5 1 2 8 9 10 4 0 5 8 4 8 2 0 3 4 0 0 7 5 10 0 8 6 8 8 1 10 0 2 7 0 10 10 8 7 0 5 8 3 6 6 1 9 8 7 1 9 0 10 5 4 8 9 6 3 9 9 1 1 7 10 0 0 0
8 2 9 3 1 0 3 7 4 6 1 7 3 6 7 7 1 8 7 1 0 4 5 2 2 1 10 1 6 6 3 2 4 7 8 7 9 2 3 4 8 0 1 8 0 9 3 0 5 6 3 9 2 8 0 10 4 2 1 8 10 9 4 4 8 1 2 4 8 0 0 8 3 3 6 3 5 3 3 5 6 6 3 5 7 4 0 3 10 8 8 1 3 2 6 4 9 4 6 0 5 0 1 2 6 8 6 5 3 9 1 1 2 2 7 7 4 1 3 7 9 10 8 9 9 0 7 9 0 10 7 5 8 0 1 2 5 1 6 3 5 9 5 0 7 2 7 3 9 8 6 2 6 3 3 4 1 5 10 7 9 5 0 6 0 3 8 3 7 9 9 2 5 2 6 3 3 10 3 1 1 1 8 0 9 2 0 1 2 6 8 5 8 1 4 9 6 4 5 10
9 6 10 3 3 2 0 6 1 7 8 0 6 5 6 2 7 0 6 3 3 0 6 0 10 8 3 1 10 7 8 10 3 9 6 6 7 6 10 5 2 8 3 4 1 6 10 6 7 4 7 7 4 7 8 3 3 1 2 2 0 3 0 5 3 3 9 7 7 3 2 1 8 7 3 7 2 9 7 2 7 5 8 4 8 5 1 6 6 10 7 0 2 9 0 3 5 3 3 7 10 2 1 3 5 6 1 4 6 4 5 4 6 6 6 2 10 6 0 4 10 4 7 0 10 2 9 3 0 1 3 2 4 6 1 1 6 1 5 6 1 4 1 5 4 10 8 7 8 3 6 0 4 8 4 2 1 3 10 6 5 2 10 3 2 0 2 5 1 1 0 3 2 7 7 10 5 3 7 8 0 4 7 7 3 2 7 8 5 6 6 4 9 6 2 9 9 10 8 9
8 1 10 4 2 6 10 6 7 7 0 2 5 2 8 1 6 3 6 2 3 10 10 7 0 5 4 2 5 4 6 4 4 3 0 1 8 8 6 7 4 4 10 6 3 6 9 5 0 0 0 0 0 2 4 3 3 8 2 7 6 0 8 5 7 6 6 0 4 4 6 1 5 10 7 1 6 8 8 1 0 0 2 7 5 0 2 7 9 10 10 9 6 5 5 7 3 8 8 1 5 4 7 9 10 5 10 10 1 6 10 10 9 1 7 7 1 3 9 5 10 8 3 2 6 9 6 3 0 4 3 4 8 0 3 1 3 6 7 5 1 3 1 10 6 0 7 10 9 5 9 8 4 8 8 0 5 2 10 1 3 6 10 3 3 8 0 8 4 5 8 6 6 5 10 5 1 2 7 7 1 0 6 5 7 8 4 1 0 6 6 10 5 10 1 8 10 3 4 6
1 5 6 10 6 1 0 4 8 9 2 6 6 6 5 3 8 5 5 7 4 2 4 4 9 3 7 7 1 8 0 5 6 5 10 5 10 2 2 2 6 2 0 2 3 6 3 2 2 0 3 6 3 7 0 5 5 5 6 4 0 10 7 6 8 2 5 2 6 10 7 5 7 4 9 0 0 5 7 8 10 1 10 2 8 6 1 0 3 5 5 9 10 0 9 9 4 4 0 4 1 8 5 0 7 9 2 8 7 1 1 10 8 5 5 4 10 0 6 8 8 3 8 1 7 3 5 6 0 3 4 9 0 3 5 9 3 8 3 0 7 3 1 10 0 9 10 4 3 8 10 8 4 10 10 3 8 1 8 10 7 3 7 10 2 6 6 0 5 8 5 1 6 2 3 0 9 7 10 3 5 10 7 9 8 2 9 1 3 7 7 7 6 0 8 4 6 1 6 0
0 2 2 3 0 4 1 1 2 9 6 8 9 1 0 5 5 5 0 7 2 9 7 1 2 10 3 9 5 1 8 6 2 1 0 3 10 10 6 1 9 3 3 5 5 5 10 1 1 3 7 10 10 1 9 5 10 10 4 8 0 8 8 3 7 3 8 0 6 6 8 10 7 10 3 10 9 2 5 7 5 7 5 8 4 9 4 2 8 0 0 2 0 3 1 4 3 10 7 6 1 7 10 10 4 10 7 1 0 8 7 8 3 4 0 5 8 9 1 1 6 2 3 9 4 0 0 4 5 6 3 8 6 1 0 0 6 1 4 9 9 8 8 7 9 8 5 7 3 5 10 2 8 10 3 4 3 5 8 3 6 2 8 5 6 8 1 1 0 0 9 7 2 3 3 2 0 1 10 6 9 7 9 9 3 4 4 8 10 2 2 4 5 2 6 7 6 9 3 2
5 1 8 4 9 9 4 4 2 10 6 6 8 6 10 5 10 6 2 8 1 5 10 9 10 6 5 2 1 5 1 3 6 4 4 5 7 7 0 1 3 8 2 6 0 0 2 8 4 0 8 2 3 1 0 6 8 10 9 8 8 10 9 1 4 10 10 5 8 1 2 7 10 10 1 5 1 3 5 2 2 6 1 1 3 2 10 4 0 9 0 7 3 10 6 3 4 4 10 8 6 9 5 0 5 0 5 0 4 6 1 10 10 8 0 3 6 10 10 6 6 1 10 2 10 2 3 8 5 2 0 10 10 0 3 7 6 2 6 5 5 0 0 3 0 1 9 10 3 1 10 9 6 10 6 6 6 9 6 6 0 9 8 5 2 3 3 9 9 0 8 4 2 3 8 1 0 10 8 8 0 7 3 3 5 6 0 10 8 1 1 2 3 2 1 8 4 8 10 8
10 9 9 2 2 6 4 10 8 2 4 4 5 7 6 0 6 6 2 1 5 0 4 3 0 1 7 3 1 2 2 0 9 1 9 9 7 10 2 2 3 0 9 5 2 2 9 0 1 3 10 8 4 8 0 3 10 4 1 0 10 5 7 1 6 3 0 7 5 1 7 1 2 8 10 1 6 6 4 10 5 4 8 10 4 4 10 5 2 4 7 9 9 3 6 10 9 4 8 3 5 2 10 4 3 1 2 10 10 3 4 2 6 1 2 2 10 0 3 1 0 2 4 6 3 9 6 1 10 4 6 6 6 0 1 10 0 2 7 0 10 2 6 2 7 8 5 8 3 0 4 9 5 5 8 4 10 2 3 6 7 10 6 0 5 4 1 6 2 8 0 9 8 7 2 2 7 1 2 8 0 4 0 2 10 9 8 1 3 10 5 0 10 4 8 3 5 0 5 2
9 5 2 3 9 4 3 9 8 9 3 8 0 1 10 8 7 4 5 2 10 8 5 9 6 3 8 9 4 0 2 4 5 0 3 1 4 2 5 0 2 5 8 0 9 4 2 2 10 8 5 9 3 10 8 5 6 4 7 0 2 7 5 2 10 3 9 6 5 10 6 4 3 9 1 0 5 1 3 10 9 2 4 5 5 3 5 8 5 2 7 10 1 6 3 7 8 10 8 5 7 9 6 7 9 9 5 7 9 0 9 4 3 8 4 8 9 2 4 7 0 3 3 5 6 4 6 5 5 4 5 9 9 7 9 0 2 0 3 1 2 1 8 4 3 4 1 7 3 10 6 8 3 1 2 8 4 3 7 8 10 2 7 3 1 8 9 3 4 3 1 0 8 0 9 5 0 2 1 8 0 5 0 3 10 5 9 1 2 3 0 1 7 4 9 8 2 7 3 10
5 4 10 1 2 1 5 4 6 1 0 3 5 2 3 9 3 4 9 1 3 2 3 0 5 4 8 10 9 3 6 7 1 9 6 1 5 3 5 4 0 5 1 4 5 5 10 6 7 3 2 10 8 6 1 10 2 8 8 5 7 5 4 10 8 4 7 3 1 5 0 7 0 3 6 9 10 4 9 4 3 5 8 10 9 9 9 0 6 10 2 3 3 4 8 3 6 4 2 5 9 5 2 0 5 0 1 8 8 10 3 0 7 10 6 2 7 2 6 9 3 1 9 0 2 1 9 1 2 8 8 10 0 3 6 2 0 1 2 3 3 5 4 5 7 0 6 8 0 5 4 2 2 7 2 4 7 6 4 6 10 6 6 0 0 6 8 1 6 10 3 9 0 8 6 1 5 4 5 5 2 1 7 10 0 3 0 4 9 4 4 6 3 5 1 6 5 8 7 8
4 1 1 4 4 4 3 5 3 3 0 8 7 6 3 9 10 2 7 5 5 9 1 10 5 10 1 2 5 1 10 3 9 10 2 1 0 3 1 9 1 5 0 4 1 9 6 0 3 2 1 6 7 0 4 6 2 2 9 9 8 1 1 5 7 2 6 7 9 1 8 3 5 2 0 2 1 8 2 2 7 3 1 3 7 6 7 5 1 5 6 0 8 5 0 1 10 9 3 9 5 0 4 9 0 3 3 0 10 9 6 5 0 3 5 5 1 10 4 8 8 5 7 1 9 1 10 5 5 6 8 8 0 9 10 7 0 5 2 9 0 9 7 6 7 9 4 2 3 7 9 10 10 6 3 0 2 8 6 4 0 4 3 9 8 3 1 5 6 1 9 8 0 0 3 9 1 4 7 8 10 8 3 2 3 8 9 3 2 1 10 8 6 5 9 0 2 1 6 8
8 10 2 2 5 2 6 7 3 4 4 1 5 7 3 9 3 6 3 2 6 1 2 8 1 4 5 3 6 1 8 1 0 1 2 3 0 10 5 2 3 8 2 0 1 4 2 10 5 10 7 1 0 9 5 8 10 1 9 9 8 4 4 2 9 2 0 1 8 2 8 6 3 4 8 7 3 7 10 2 2 10 1 8 1 8 9 3 0 4 2 6 8 2 7 7 6 3 1 10 5 9 3 9 9 10 7 6 3 8 9 0 10 6 8 2 4 10 4 9 5 8 8 7 0 9 2 2 0 4 9 5 3 5 1 1 6 1 8 7 2 3 3 8 0 6 5 3 1 2 8 9 4 5 10 1 5 8 8 8 3 2 5 1 9 0 3 0 10 1 0 5 10 9 0 2 0 2 8 9 4 2 0 9 10 5 8 0 1 4 5 0 7 7 9 5 3 2 10 5
10 8 6 5 0 7 7 10 4 10 6 0 3 0 2 3 6 3 0 7 5 5 3 4 0 9 4 6 5 7 9 5 6 10 8 0 5 3 0 7 1 4 2 2 3 4 2 8 2 5 8 3 3 7 9 8 6 6 5 7 9 4 5 1 6 9 4 6 1 5 4 4 7 8 7 10 0 0 1 8 2 0 6 7 6 5 6 9 2 5 3 6 10 3 2 2 9 9 1 6 9 9 0 7 6 6 3 0 6 0 4 3 1 8 4 1 9 8 1 4 2 6 4 0 0 2 7 1 9 4 0 1 6 4 7 1 10 7 5 9 0 2 10 9 1 7 7 8 4 6 5 1 4 9 1 7 0 9 4 0 1 5 0 9 5 1 9 9 1 5 4 6 3 7 8 0 9 3 4 6 3 8 9 7 2 6 0 2 3 8 8 3 3 0 3 3 5 6 6 4
6 10 2 2 10 1 3 2 6 4 6 8 3 1 10 1 6 0 6 8 3 2 8 3 7 2 1 7 8 10 5 6 8 6 4 10 1 5 3 6 8 2 6 3 2 6 2 7 9 6 7 1 7 5 9 5 7 1 5 7 6 4 2 4 1 7 2 3 1 4 8 7 3 1 6 7 6 2 3 6 9 10 3 9 7 0 7 9 9 2 7 4 2 9 8 1 5 8 7 3 1 5 6 2 0 10 7 2 9 10 8 3 5 6 6 3 4 8 10 6 8 3 10 5 8 6 7 2 6 2 1 6 3 1 9 8 8 8 5 6 0 0 8 5 2 9 6 5 0 4 3 2 10 2 4 7 3 7 2 5 5 10 2 10 9 4 10 4 10 7 4 0 9 1 1 0 0 8 0 10 3 9 1 10 1 3 6 0 6 10 0 6 7 7 0 0 6 0 8 9
9 8 7 4 1 3 10 4 4 6 0 3 0 5 4 2 9 9 0 6 4 6 8 7 0 0 8 2 7 7 6 3 2 2 5 1 6 9 1 10 1 0 3 0 8 5 0 2 8 10 6 6 6 3 2 5 6 1 8 0 3 4 1 7 3 10 8 3 7 4 1 9 4 7 0 6 1 5 7 10 7 0 10 6 9 3 8 10 9 8 4 6 1 7 8 10 5 6 4 2 0 7 1 8 8 10 8 4 5 8 7 8 3 10 5 3 1 9 6 10 6 9 5 10 10 10 0 9 0 0 6 8 7 9 7 10 6 9 4 10 2 7 10 8 2 10 6 4 3 7 0 5 9 1 3 4 10 7 0 1 6 4 6 1 2 7 1 10 2 0 6 6 1 4 10 6 9 0 6 3 0 3 2 3 2 3 8 9 9 6 6 4 7 1 1 10 0 9 4 8
9 9 0 3 10 10 3 5 3 4 6 8 2 4 1 4 7 4 0 2 1 1 3 2 1 0 10 6 4 0 7 7 4 9 10 3 0 2 3 9 4 7 5 2 10 4 0 6 6 8 8 9 9 1 0 10 2 0 3 9 10 8 1 5 1 0 7 6 3 10 3 3 9 2 9 6 5 8 8 6 6 9 3 7 1 6 7 2 1 2 0 5 5 4 8 10 6 5 8 7 4 6 6 5 9 0 10 5 2 9 7 9 6 5 9 0 1 7 0 1 1 7 4 8 5 9 0 6 8 0 2 10 1 1 4 2 7 5 1 7 0 2 5 3 0 5 10 6 2 9 6 8 10 0 6 10 0 1 10 2 7 5 7 9 0 1 4 4 3 10 5 4 9 8 0 0 6 8 0 0 5 4 3 8 8 1 3 5 2 7 5 6 3 10 10 1 10 9 0 3
8 6 4 3 2 4 1 0 0 7 5 10 3 9 9 3 4 8 1 7 3 8 3 2 3 7 8 2 10 5 3 2 2 10 5 7 6 0 1 7 10 4 2 1 10 4 7 10 9 9 7 10 8 8 4 0 8 5 8 5 6 1 9 3 5 1 10 1 2 4 10 8 2 5 9 3 4 1 0 0 6 2 1 2 6 4 7 9 5 7 3 2 8 6 8 7 1 8 4 5 7 0 3 9 5 4 5 6 6 1 5 7 3 1 8 4 2 7 3 10 9 8 4 1 6 5 7 0 2 8 1 1 4 0 9 8 10 10 9 4 5 9 5 9 1 0 7 4 9 2 6 6 3 9 8 4 1 9 3 4 9 8 10 0 8 6 10 5 5 3 6 6 5 7 1 6 9 6 4 0 8 7 3 5 0 1 6 2 8 0 10 4 3 4 10 9 6 5 6 9
0 0 7 5 3 2 8 0 10 7 10 6 0 7 5 8 4 5 0 9 4 10 6 4 2 1 6 4 9 6 7 6 0 3 8 6 1 4 0 0 2 4 1 7 5 4 4 8 4 4 8 9 1 9 8 3 8 9 0 4 3 3 1 4 3 10 4 5 3 10 4 5 2 4 6 7 1 2 9 3 10 1 2 4 9 2 4 4 1 4 6 1 3 9 0 7 5 6 3 4 10 8 5 6 3 8 10 3 2 0 9 2 4 10 6 2 0 9 8 8 1 2 2 0 2 2 0 4 7 5 7 1 4 6 6 1 7 1 2 7 4 6 1 5 6 4 8 1 2 2 0 4 6 4 3 1 2 10 6 2 6 3 2 6 0 8 0 4 1 2 6 0 4 5 7 8 4 1 5 7 0 9 9 10 9 1 1 6 4 4 4 7 3 10 5 8 7 9 6 7
5 3 5 8 0 4 3 10 7 0 8 6 6 1 6 0 9 9 5 8 1 10 6 5 2 4 9 4 1 1 2 9 0 8 5 1 5 7 9 5 2 2 0 3 2 1 0 2 10 8 8 6 7 4 1 5 6 7 3 4 5 8 1 10 4 3 7 9 4 9 9 6 9 9 2 2 8 8 3 0 3 3 5 1 8 2 3 1 7 9 9 9 4 7 7 2 6 8 7 1 3 0 10 6 10 5 9 6 1 3 3 4 3 6 4 6 8 3 0 0 7 3 2 3 10 0 9 0 0 8 1 6 1 6 6 10 1 8 0 4 8 3 3 6 0 8 0 8 7 0 8 1 6 5 9 8 8 10 0 3 10 6 9 5 6 2 10 6 3 8 8 5 3 1 3 6 1 5 8 6 10 0 6 8 6 4 2 10 1 8 1 4 6 5 4 6 6 7 5 6
10 4 1 4 1 2 7 5 10 2 0 5 1 5 5 5 0 7 5 4 3 7 0 9 6 1 3 9 7 4 6 8 6 9 6 8 9 3 10 6 2 10 7 5 5 4 9 3 2 1 6 9 0 2 10 3 7 3 6 3 10 5 1 5 1 4 4 3 3 9 8 7 3 4 1 5 2 7 4 7 7 3 9 7 7 5 7 0 8 1 2 10 10 10 5 10 4 7 2 7 10 5 1 8 6 8 7 5 6 8 3 3 2 5 8 7 5 0 4 7 7 6 6 9 0 4 3 6 1 0 9 9 10 5 3 1 2 3 10 0 2 5 5 0 4 7 10 2 5 1 10 1 2 2 7 0 3 0 9 0 9 7 10 7 9 5 7 4 4 10 6 1 8 10 9 6 0 8 0 5 5 8 0 7 0 10 7 3 5 1 10 5 5 10 5 4 2 6 6 9
7 8 4 0 9 7 0 2 3 2 4 3 9 10 2 1 10 1 10 1 9 2 3 1 5 10 8 5 5 4 3 2 4 7 7 1 5 6 1 1 1 0 3 9 10 1 4 5 1 7 0 4 4 10 10 9 0 8 4 8 2 9 4 4 3 5 4 5 8 0 9 5 6 10 0 5 9 9 0 5 3 7 1 10 3 0 0 5 8 5 7 9 6 5 0 7 6 6 1 4 9 2 6 6 0 0 9 1 0 1 4 5 10 2 2 10 7 0 9 2 3 2 2 1 7 8 3 3 1 6 8 8 9 10 5 1 3 0 0 7 0 6 2 8 7 7 10 2 4 2 10 7 10 5 7 6 2 1 4 2 3 4 6 3 8 1 9 10 9 8 2 7 9 6 3 10 4 5 3 4 1 5 5 0 2 9 5 1 3 2 2 0 9 2 8 3 8 6 3 1
7 3 10 2 6 7 3 5 6 7 6 5 4 1 4 1 5 4 8 10 0 2 3 2 2 10 2 3 0 6 8 7 8 3 5 5 7 3 6 8 3 7 7 2 7 8 10 4 0 1 10 2 5 9 5 0 7 0 9 4 7 3 2 9 3 8 10 8 3 5 9 1 8 4 8 2 5 1 10 2 8 3 3 5 6 8 1 7 4 3 8 4 0 6 1 7 0 4 4 9 3 8 1 1 6 9 1 7 6 3 10 7 3 3 3 3 6 7 4 6 6 10 6 5 10 6 1 2 0 2 6 1 4 7 1 7 8 1 8 3 5 10 0 8 8 10 1 1 2 7 8 2 9 2 3 0 5 2 3 6 0 9 1 10 6 4 0 3 7 2 2 4 2 2 10 9 10 0 3 3 5 4 6 1 0 1 7 1 6 8 2 9 3 4 8 7 3 10 10 10
7 5 8 9 0 10 2 7 1 2 0 2 7 3 0 1 8 5 8 2 7 3 1 6 1 9 4 3 7 8 7 5 7 6 4 2 1 1 10 9 3 2 0 7 0 9 10 2 1 1 3 0 0 0 6 2 1 9 3 3 8 10 7 1 10 1 5 8 6 7 9 9 9 2 2 7 5 0 2 4 6 2 5 0 9 3 5 8 2 8 4 2 2 1 8 5 5 0 0 10 1 10 4 3 0 2 3 9 6 0 7 3 2 6 7 2 3 8 10 0 2 1 10 5 9 1 5 6 1 4 0 3 5 5 10 6 10 7 2 7 5 3 6 10 10 6 0 1 8 3 6 10 6 7 5 9 4 0 7 8 5 3 6 9 5 0 1 3 8 1 8 5 1 6 4 6 9 6 6 9 3 6 1 10 6 0 5 2 0 0 1 8 0 4 2 7 4 3 10 2
0 5 9 0 5 0 10 1 3 7 1 0 1 1 7 10 10 4 0 5 4 6 3 9 8 8 8 5 0 1 9 3 6 3 5 8 5 10 10 1 9 4 10 0 10 9 4 8 3 9 10 9 2 1 3 6 6 2 9 7 4 8 7 5 6 8 7 1 7 4 0 1 5 1 4 10 3 0 0 3 10 3 0 9 6 0 1 8 2 7 0 5 7 2 4 7 5 3 5 1 2 7 0 6 9 1 0 0 0 7 3 3 10 1 6 4 5 6 10 6 9 7 4 3 0 8 9 7 6 8 2 3 5 1 2 2 9 6 9 7 6 7 3 6 3 2 6 3 7 6 0 1 10 6 1 10 8 6 2 1 9 10 9 9 9 1 7 2 4 1 5 3 8 3 0 5 1 8 1 1 9 0 5 8 2 6 0 3 0 3 1 7 9 5 8 3 5 10 9 5
8 1 2 1 4 3 7 9 7 7 1 2 3 0 1 8 9 1 9 0 0 4 8 7 10 3 9 3 2 5 5 3 6 0 4 0 10 3 0 4 5 1 7 2 6 9 7 8 2 5 8 4 7 10 7 9 4 5 0 2 5 6 10 2 7 7 8 4 5 6 6 0 6 7 1 4 10 4 9 0 8 3 7 8 9 4 9 8 6 0 10 3 1 7 4 6 9 0 4 2 5 5 8 8 4 1 5 8 9 1 4 5 1 4 4 7 9 0 5 0 8 7 9 5 2 7 10 2 3 0 10 1 8 6 5 0 7 10 2 7 10 5 1 10 4 1 6 4 3 10 5 6 9 7 10 8 8 2 3 3 4 4 5 4 5 0 0 0 1 3 10 7 8 8 4 8 2 9 6 8 6 9 8 7 1 4 6 0 10 2 0 4 9 10 8 9 1 3 4 10
7 4 5 8 3 4 1 2 1 1 3 5 5 6 4 10 6 2 7 3 5 10 10 5 2 3 6 9 3 10 8 7 6 7 2 6 1 5 0 4 8 6 6 9 4 5 7 3 3 4 7 2 10 4 6 2 10 5 7 6 4 3 7 3 0 3 7 7 3 2 1 10 7 3 8 2 7 0 8 4 7 8 1 3 8 0 2 0 8 10 0 6 10 1 10 9 3 3 7 2 6 3 4 1 9 1 3 9 1 10 7 6 2 10 6 3 0 1 0 1 1 7 1 8 8 2 8 3 6 8 10 7 10 2 7 9 3 0 8 3 8 5 10 4 6 5 7 8 10 1 10 9 7 7 7 5 7 7 0 0 1 5 8 9 2 1 10 1 8 5 9 5 6 7 7 10 2 5 1 8 1 6 1 2 2 10 1 5 0 6 0 4 2 1 3 8 8 2 1 1
7 2 2 6 7 9 3 8 10 9 7 3 7 1 6 1 0 3 5 1 7 9 9 4 3 1 3 9 4 1 7 7 5 1 1 0 6 9 5 2 7 8 2 10 4 4 2 3 8 7 2 2 6 4 3 1 1 10 7 6 5 5 3 9 7 0 4 8 4 9 3 5 6 6 0 2 7 4 9 4 4 3 5 8 10 8 10 10 6 4 0 4 0 9 2 6 9 10 5 3 7 5 10 10 5 9 1 7 3 1 3 4 8 7 8 10 7 0 3 1 3 10 4 10 10 0 3 5 5 9 5 5 3 3 4 2 8 5 1 5 4 2 1 4 4 7 8 1 7 0 9 10 8 5 8 8 8 2 0 10 2 10 6 8 8 1 1 3 9 10 2 6 2 6 2 10 5 5 4 6 9 1 5 7 8 6 3 8 10 0 1 0 0 6 10 6 2 2 4 3
7 5 0 5 1 4 2 6 4 2 3 0 1 1 6 3 0 4 2 1 2 1 6 10 5 9 9 7 7 1 5 5 8 6 4 1 8 1 0 5 1 9 9 3 7 7 8 6 6 9 1 3 9 3 6 1 7 4 8 8 10 2 10 6 1 8 8 8 4 8 8 2 7 0 6 5 8 2 8 7 7 2 1 5 1 2 1 0 3 3 4 9 6 9 10 0 10 8 5 5 7 3 7 3 6 8 10 5 10 4 4 5 3 9 5 3 7 0 7 1 7 0 2 8 7 9 0 3 9 5 8 0 0 5 0 4 5 3 9 10 5 1 6 0 8 7 2 8 9 10 10 0 0 9 3 9 5 4 10 10 9 4 0 7 4 7 7 2 6 8 10 8 8 6 0 6 1 9 1 1 0 7 0 6 3 5 3 10 7 4 0 9 6 7 5 7 4 5 8 2
2 1 0 1 3 6 4 8 10 0 9 3 7 4 5 2 6 6 1 0 10 0 1 10 9 7 3 9 9 6 6 3 6 8 1 5 0 0 2 2 7 8 7 5 4 2 4 8 2 8 5 3 6 6 5 5 7 1 5 10 2 2 1 0 8 6 3 2 3 8 8 9 10 0 3 1 1 9 7 10 2 8 0 8 5 4 2 4 5 10 0 6 6 0 7 10 10 6 8 0 8 5 9 8 8 10 0 0 0 2 2 6 1 4 8 10 8 2 0 10 5 7 0 10 7 6 7 7 8 6 9 5 4 4 7 9 0 3 0 3 5 0 5 9 3 7 3 8 2 10 4 5 1 2 5 7 6 2 5 0 4 0 7 5 2 5 9 0 5 5 7 10 7 4 5 2 1 10 1 5 4 0 8 3 0 8 6 8 2 1 4 0 2 6 5 1 9 2 0 4
9 0 5 4 6 1 7 2 5 7 4 3 3 8 2 1 3 9 1 7 7 10 5 5 4 7 6 10 7 5 4 1 10 9 1 6 5 6 4 10 3 6 2 7 2 5 7 5 1 4 4 0 9 5 4 6 10 9 10 8 3 7 0 9 9 3 5 7 8 4 7 2 7 7 0 5 7 2 3 10 6 7 8 2 1 9 0 10 2 5 5 0 2 3 3 9 6 7 0 7 3 0 9 10 6 3 7 0 8 3 5 1 7 10 6 6 2 1 5 10 0 4 7 5 8 5 7 0 9 0 6 8 2 10 4 3 9 3 7 2 5 9 5 0 3 3 2 0 3 4 5 6 7 0 0 2 3 2 0 3 0 7 8 9 8 1 6 7 3 3 9 3 3 9 6 5 6 5 8 7 8 9 6 4 3 6 7 6 7 2 2 5 0 7 9 2 8 5 2 3
3 2 0 7 1 9 1 3 5 3 5 1 8 4 10 10 9 7 1 7 6 5 10 0 4 10 10 5 1 5 1 10 4 7 6 10 9 0 9 5 3 9 10 0 4 0 10 9 10 10 4 0 5 5 3 2 2 5 4 4 8 6 4 7 1 0 3 5 5 8 10 6 1 4 0 2 2 7 5 4 7 0 5 3 5 7 0 2 6 4 3 6 0 2 10 10 4 10 1 6 10 7 6 0 2 7 9 4 10 1 6 7 7 3 6 7 9 2 2 7 0 3 6 5 5 8 10 1 5 3 4 8 10 1 4 10 2 5 4 6 3 1 5 10 3 3 5 5 7 7 4 3 5 4 3 10 4 4 3 8 9 3 4 9 0 6 1 2 4 0 7 2 0 1 3 10 1 4 4 0 3 10 0 1 7 5 3 2 3 6 1 6 8 0 10 4 8 2 0 1
5 4 1 2 1 8 10 5 2 10 8 4 1 6 5 7 5 0 10 6 1 5 2 5 10 5 2 8 6 8 4 1 9 1 0 10 9 8 3 5 8 1 1 0 0 2 0 4 10 7 1 10 8 4 4 3 2 9 5 7 10 0 9 8 1 6 10 3 7 8 2 6 10 3 9 9 2 0 2 2 1 9 0 4 6 5 9 9 6 0 3 8 8 6 8 9 4 4 1 3 8 6 0 6 5 10 8 5 5 1 3 0 2 7 10 2 8 1 3 9 2 5 6 8 10 2 2 10 4 9 4 3 2 5 1 3 8 2 4 2 1 4 10 7 9 8 0 1 0 0 2 0 5 1 7 1 8 8 10 10 5 8 10 8 2 0 3 10 0 0 6 10 6 3 6 6 5 9 9 0 5 10 0 4 4 0 1 5 3 4 1 5 6 7 0 0 7 7 2 10
10 4 10 1 1 4 2 0 0 4 3 2 9 10 10 0 0 10 7 1 2 8 5 9 5 5 9 8 10 9 8 9 0 9 9 0 3 6 9 6 5 10 10 9 0 1 2 0 0 9 4 0 3 10 4 0 5 10 4 7 3 8 0 10 6 1 3 4 0 0 0 4 2 8 6 8 0 6 9 2 4 5 0 4 8 2 4 10 7 6 0 0 10 9 6 2 0 3 5 5 6 8 3 5 3 3 2 2 0 7 3 1 7 0 2 2 9 6 9 3 6 0 2 6 3 8 4 6 8 3 9 1 3 9 8 1 10 8 0 1 8 0 5 6 9 6 10 6 8 3 10 6 8 1 7 9 2 3 10 4 6 6 8 9 10 5 3 1 1 1 7 7 2 6 5 2 4 1 6 9 5 8 7 2 0 7 3 2 2 9 1 4 3 8 5 0 10 6 9 2
6 5 2 1 3 0 1 10 2 8 2 3 1 4 9 9 5 5 3 2 2 8 1 0 3 7 7 2 8 7 6 3 5 4 1 1 0 6 2 2 3 7 9 3 10 7 6 2 4 7 4 9 4 10 8 9 0 2 2 5 2 10 10 5 3 5 7 0 0 5 4 0 2 9 3 3 4 6 7 9 2 6 4 6 1 6 3 4 9 10 2 7 9 3 10 8 5 5 5 0 4 2 7 10 0 10 8 4 3 2 10 6 7 4 6 5 10 10 0 8 3 5 3 2 5 8 0 5 5 6 9 9 3 6 7 4 6 10 9 10 6 8 3 1 9 0 10 6 10 9 3 2 3 0 9 1 9 8 1 0 2 8 2 7 9 6 4 6 5 9 4 10 4 1 2 0 3 4 4 5 6 9 7 10 6 1 5 6 2 9 5 6 8 7 10 10 0 4 9 7
5 0 10 4 7 9 7 3 3 5 1 9 0 4 2 5 6 7 4 1 6 3 7 8 2 1 5 3 1 0 2 2 4 0 2 10 3 6 1 6 9 2 10 5 10 3 5 6 4 9 6 8 1 3 3 0 1 8 2 6 6 7 1 7 8 3 4 5 9 6 1 10 5 8 2 0 1 6 3 3 4 10 3 0 8 2 10 10 4 8 7 1 2 6 5 5 3 6 7 4 0 9 2 4 8 10 9 7 5 1 7 0 9 7 2 4 2 3 6 5 7 8 5 3 0 9 0 2 2 4 9 7 0 0 1 5 9 10 6 10 10 6 2 1 3 5 9 8 9 1 0 3 2 3 10 7 3 8 2 3 1 0 10 1 5 8 3 1 6 6 7 3 9 1 10 10 2 6 10 6 8 5 10 7 1 2 3 10 3 4 1 5 2 7 1 0 8 0 6 4
0 3 9 3 0 8 7 6 10 5 9 7 5 8 7 6 10 8 1 10 9 0 2 6 0 1 9 1 9 9 6 7 7 5 9 8 10 1 1 8 10 5 9 2 10 7 1 5 3 0 4 6 6 6 0 2 7 2 0 9 3 3 6 10 1 4 1 10 3 5 5 0 1 4 8 9 4 8 1 4 4 8 5 1 0 0 1 1 6 3 5 9 3 10 0 10 0 3 9 7 3 0 2 1 4 10 4 6 4 2 5 0 9 7 7 10 5 4 4 1 9 3 8 0 5 10 0 8 1 1 4 9 5 10 1 3 7 6 7 2 8 0 9 7 4 3 1 1 9 2 2 5 9 7 2 5 5 7 8 4 8 3 9 2 1 6 3 8 1 7 2 3 9 5 2 0 5 10 5 4 8 8 6 3 6 10 9 1 5 8 9 6 5 0 5 6 2 7 0 7
1 3 3 6 6 9 10 8 9 5 3 5 4 6 2 3 10 7 5 5 5 6 2 0 6 10 1 9 7 3 4 4 8 8 6 10 0 8 1 7 3 2 0 0 8 3 10 10 1 10 3 3 4 2 10 4 2 10 6 8 1 1 0 0 4 7 6 8 6 6 0 4 5 2 1 2 2 2 0 5 7 1 9 3 5 9 5 10 9 10 4 6 7 1 6 0 3 6 8 10 6 5 7 1 0 3 3 10 5 6 2 2 9 10 6 6 7 0 2 6 10 6 6 4 3 0 8 9 5 1 4 0 7 0 9 1 3 5 9 8 10 1 3 7 9 7 0 10 0 4 3 3 3 0 3 1 1 4 4 8 4 8 2 1 9 10 0 9 1 4 0 0 10 10 9 1 8 5 5 7 9 7 2 2 10 2 9 6 4 8 1 7 7 5 10 8 3 10 7 0
