50
27 42 40 31 40 1149
34 16 33 59 20 896
21 33 32 27 51 1152
34 36 16 28 31 926
30 37 41 30 7 827
37 36 40 37 41 1218
32 25 30 25 39 986
34 37 40 35 27 901
28 33 16 24 27 1185
28 27 27 32 51 814
43 32 23 24 38 1115
8 30 19 14 31 1005
26 16 25 49 39 732
16 23 27 13 26 981
47 30 60 20 58 907
48 49 16 23 32 928
41 37 55 47 33 1199
33 42 49 35 29 958
34 33 24 20 23 757
43 32 40 34 46 245
26 36 31 47 23 902
23 15 18 29 19 123
51 44 56 15 33 732
34 19 24 13 23 1170
25 46 35 28 31 775
37 36 42 23 30 847
8 26 32 50 31 750
24 32 32 25 22 152
19 44 22 42 50 1199
30 35 35 35 25 1221
19 37 24 33 43 983
36 37 27 36 43 1004
17 35 31 39 24 762
60 36 34 35 17 230
36 21 43 20 21 159
22 23 29 25 31 1176
23 20 28 16 33 820
45 37 30 24 36 1038
29 31 17 26 30 151
29 28 30 24 30 934
36 12 32 31 34 732
49 33 27 28 19 1114
53 36 35 47 50 266
60 23 60 27 50 275
27 35 15 31 20 161
33 24 36 44 32 201
1 35 34 28 15 920
37 41 10 17 25 850
29 26 25 32 51 787
42 35 21 47 16 1159
0 25 7 12 9 13 13 9 8 7 10 9 10 12 7 9 11 13 15 9 11 12 10 17 8 11 8 14 22 9 13 12 20 6 24 7 12 8 8 8 19 7 12 10 13 10 9 11 22 10
12 0 5 8 7 6 7 12 15 11 24 17 12 10 9 8 12 9 16 10 6 7 12 19 11 8 12 10 9 8 12 10 10 10 21 8 7 14 6 17 13 11 9 11 8 8 11 9 7 11
12 6 0 11 10 7 12 9 12 13 19 8 9 21 6 8 9 10 11 6 4 16 7 15 6 11 11 8 8 13 12 6 10 14 18 10 9 8 17 8 11 7 9 9 9 6 14 16 6 25
14 11 10 0 7 20 8 9 9 6 11 9 10 12 6 11 8 9 13 11 10 9 8 5 12 14 10 12 8 11 13 7 6 16 6 16 9 12 9 4 4 12 12 10 11 14 18 8 9 5
12 9 25 6 0 8 9 9 7 14 14 13 11 8 13 12 8 9 10 15 6 8 8 9 9 8 10 14 13 15 9 22 4 12 10 9 10 9 16 9 4 11 13 11 17 15 10 24 9 8
16 9 11 9 10 0 6 12 12 11 15 9 9 11 12 9 14 10 9 13 10 9 11 11 8 12 9 10 6 7 13 9 8 9 7 7 10 6 8 10 24 15 15 11 12 9 13 13 6 6
14 6 11 13 15 8 0 14 10 16 8 6 8 19 25 8 11 10 11 12 11 8 13 10 8 8 7 8 11 8 10 9 6 15 13 10 5 8 8 9 12 21 8 9 10 24 5 5 13 9
18 11 10 11 9 11 16 0 10 7 11 14 10 9 22 6 8 9 9 11 13 13 11 12 12 8 7 10 10 7 9 10 9 9 9 7 10 5 11 10 10 11 24 9 8 6 7 12 10 17
8 7 17 10 11 8 9 13 0 11 9 6 6 6 12 15 7 6 8 10 10 6 16 19 8 7 17 12 13 10 9 14 11 5 9 22 7 11 8 7 15 4 8 8 10 8 12 8 8 14
16 8 10 12 12 11 13 19 8 0 12 7 10 11 10 6 6 11 14 17 8 19 17 10 13 8 15 25 13 6 7 6 11 13 24 5 12 6 9 9 12 10 13 12 9 8 15 15 8 10
8 9 8 19 11 13 8 12 17 12 0 9 12 8 24 14 13 9 8 11 10 10 10 13 9 6 22 13 12 7 3 10 8 11 7 5 8 11 10 9 13 8 9 13 13 13 25 8 10 12
12 14 15 11 14 15 9 11 9 10 11 0 9 5 10 8 11 4 8 10 10 6 11 10 8 5 9 24 7 8 13 15 10 7 15 17 5 9 8 13 8 4 6 14 9 12 16 12 16 9
20 12 11 12 9 9 8 14 6 7 10 8 0 9 16 15 8 9 8 21 8 8 9 10 11 6 16 8 9 12 13 18 11 10 9 6 6 10 13 12 17 6 7 10 12 9 9 11 12 9
9 10 20 8 14 10 15 11 11 21 8 7 7 0 10 12 9 6 9 8 17 4 11 17 17 7 8 6 8 17 7 9 7 11 11 17 7 8 17 9 7 5 12 9 11 11 8 8 12 8
14 15 9 9 13 8 9 13 11 9 10 23 11 7 0 16 12 13 10 8 9 8 8 16 11 12 14 8 19 9 11 12 15 12 9 10 8 7 12 12 7 12 8 8 10 25 10 10 11 9
8 10 12 11 11 16 12 6 10 6 8 9 8 14 14 0 11 10 9 11 10 13 9 11 12 16 10 12 5 6 12 9 11 8 14 7 12 7 23 12 11 14 12 6 5 6 8 12 10 18
8 8 11 10 19 8 9 19 11 7 8 9 8 10 8 7 0 22 10 11 20 8 9 12 14 10 16 8 9 5 12 8 11 9 15 5 10 4 21 12 15 8 9 12 9 6 25 12 19 11
15 10 14 8 8 15 10 17 7 7 8 7 8 6 7 6 8 0 9 11 9 7 10 7 8 6 11 11 10 16 15 11 9 21 13 9 7 12 12 10 12 6 9 8 11 11 10 14 11 10
15 6 10 15 14 9 8 8 9 12 10 10 16 16 18 8 10 8 0 9 11 12 7 19 12 12 16 7 16 12 24 8 9 8 14 9 12 11 5 15 16 9 6 10 5 9 12 4 14 11
11 11 6 8 15 8 9 10 9 11 8 11 13 8 8 8 11 11 14 0 7 9 11 14 11 25 14 12 10 13 20 8 14 10 10 11 10 14 8 9 11 8 7 22 12 11 10 10 11 6
22 5 5 11 13 7 12 13 16 8 8 17 13 12 14 13 11 12 14 7 0 7 15 9 8 12 8 9 10 9 11 9 7 14 10 9 7 9 8 6 16 13 14 12 8 10 12 22 18 7
25 9 11 11 15 6 10 10 7 8 9 3 5 8 8 9 11 5 16 12 11 0 8 13 8 17 11 12 9 10 12 12 14 8 8 9 11 7 13 11 9 19 10 9 11 15 9 12 12 8
9 13 9 11 10 16 8 9 10 8 8 12 21 9 11 8 10 9 6 7 14 9 0 11 22 8 17 7 12 15 10 12 7 11 10 10 7 7 8 7 16 16 22 10 6 8 14 4 10 10
11 13 14 6 9 11 13 8 13 9 12 8 12 6 7 16 9 9 13 14 11 9 11 0 11 9 18 22 10 14 7 6 8 22 7 20 8 10 8 11 5 9 12 16 13 9 15 17 15 11
14 9 7 10 12 6 17 11 12 12 25 7 19 7 8 8 16 8 22 14 22 12 14 9 0 10 9 7 14 11 9 12 11 15 11 9 13 11 6 9 13 15 8 10 11 9 15 13 5 6
14 8 11 10 9 10 8 11 7 19 10 9 5 6 14 13 9 8 5 10 10 7 11 12 15 0 16 12 8 9 12 8 12 16 11 10 7 9 7 7 11 5 24 9 12 11 10 9 9 13
12 12 17 10 10 11 6 12 12 7 7 17 9 25 17 11 11 11 12 7 17 12 8 8 10 8 0 10 12 10 7 25 9 15 10 9 14 10 12 9 17 8 11 10 10 8 8 11 10 14
11 16 8 12 12 8 14 12 10 7 18 10 10 8 9 5 9 13 6 10 8 7 11 12 20 11 10 0 8 8 12 9 9 9 14 12 8 21 6 12 9 11 16 11 8 8 17 8 12 9
8 8 16 10 13 6 16 6 12 8 11 22 11 8 10 11 12 11 8 10 8 8 8 11 11 8 25 11 0 10 9 8 11 5 21 6 8 13 11 10 12 13 24 8 12 12 9 8 8 13
15 20 9 14 7 12 10 17 11 24 16 10 11 11 9 6 5 7 14 6 8 7 17 10 10 15 9 11 8 0 9 10 9 8 16 6 13 8 25 11 14 6 10 13 12 7 8 10 7 14
9 10 11 9 11 11 3 8 12 13 8 8 21 9 8 12 16 19 9 10 16 15 8 11 9 10 6 10 9 12 0 10 9 9 10 8 9 11 7 17 9 8 12 7 8 9 9 9 8 11
16 7 8 6 6 9 12 12 13 10 11 13 9 6 10 8 16 8 9 14 13 10 11 7 12 8 11 11 18 9 12 0 7 8 8 15 17 8 7 5 11 6 13 12 13 16 6 9 8 22
17 9 22 6 8 10 11 10 12 11 12 10 8 9 16 7 8 13 6 14 8 8 11 7 9 11 10 12 12 15 8 7 0 10 6 5 14 7 10 9 7 14 12 11 15 10 9 14 15 10
6 12 8 14 7 12 9 20 10 11 8 16 10 12 7 12 7 11 8 9 11 8 8 7 12 23 14 14 4 10 10 10 15 0 9 15 9 16 7 12 12 21 13 7 22 9 11 16 11 17
8 24 8 7 6 10 12 10 6 8 11 9 9 17 10 8 11 13 8 9 11 8 10 8 9 20 6 10 19 22 8 5 11 12 0 24 12 9 17 5 8 8 7 8 24 22 17 13 9 16
9 9 18 11 8 8 11 24 14 8 8 16 8 9 10 21 9 13 21 7 10 11 8 10 12 16 11 10 23 9 12 13 9 8 15 0 25 6 25 12 13 12 9 11 9 5 18 12 15 18
9 11 8 9 12 13 15 11 7 10 25 6 5 6 24 11 7 20 8 9 11 5 8 11 8 7 17 11 11 14 9 14 7 12 12 15 0 11 9 9 11 15 16 24 15 9 11 11 11 8
8 19 9 9 11 7 10 23 15 4 8 16 9 9 9 5 4 17 10 12 13 20 16 20 21 12 14 24 11 5 10 10 7 10 12 8 14 0 12 19 12 9 13 11 10 7 13 12 10 7
12 6 14 11 9 24 22 24 9 11 9 11 9 11 12 11 13 9 8 10 11 14 5 5 16 24 8 3 14 11 12 12 11 15 7 10 11 14 0 11 10 14 10 20 11 9 11 7 9 9
8 14 8 7 11 8 11 8 14 9 11 8 11 6 11 9 10 10 8 12 25 16 6 10 12 17 7 13 15 9 20 5 6 11 25 9 10 22 7 0 21 8 10 12 13 10 13 12 6 12
11 12 10 8 5 16 6 18 13 10 13 10 12 21 7 6 16 14 8 8 14 11 15 5 21 10 12 7 10 24 10 8 7 9 7 10 8 10 16 5 0 12 19 10 15 13 8 14 24 5
12 13 16 10 17 8 6 8 9 10 7 8 7 7 16 12 9 6 13 11 11 5 8 6 11 6 10 21 14 12 8 8 7 16 21 13 5 16 8 11 12 0 19 15 23 11 9 6 11 12
7 12 14 11 10 10 11 17 7 15 14 14 13 9 4 14 12 10 12 7 8 8 9 8 10 12 12 13 9 15 12 16 9 13 13 11 9 12 10 9 13 15 0 16 18 12 11 11 11 9
13 10 15 16 9 24 8 8 9 8 15 11 9 6 6 11 15 9 11 11 15 22 9 13 9 8 20 8 7 11 14 11 7 13 7 9 23 10 21 11 9 20 5 0 8 12 11 12 10 9
15 15 8 10 16 15 14 11 13 16 8 14 10 23 9 21 9 14 5 10 9 9 8 9 16 11 7 3 7 9 8 7 11 8 11 11 9 10 4 10 10 8 16 21 0 13 6 5 23 11
14 8 11 17 12 7 12 6 14 8 17 14 13 12 13 5 5 13 9 10 8 8 11 13 10 12 13 10 10 8 8 12 10 9 11 4 12 8 7 10 12 17 12 19 14 0 10 8 12 9
9 9 7 12 8 8 6 8 8 14 8 5 11 9 12 8 9 15 20 16 8 12 6 13 16 8 7 8 15 11 8 10 20 25 11 8 14 8 13 15 9 13 9 9 10 11 0 10 19 8
15 20 18 14 8 10 8 9 15 17 15 9 12 16 13 8 11 10 7 12 12 12 11 10 13 10 7 5 12 9 10 12 11 17 10 12 12 11 8 10 10 13 9 10 4 10 19 0 11 8
9 25 10 9 11 8 10 13 11 7 7 7 11 7 13 12 11 8 8 8 6 10 12 11 5 8 12 22 9 10 9 11 11 9 12 12 8 11 12 14 23 9 9 14 11 12 11 9 0 7
11 9 8 11 14 4 11 9 9 8 9 7 11 8 10 9 8 9 9 9 7 13 8 19 5 6 5 12 9 12 15 13 12 7 6 9 11 14 25 10 12 9 17 12 17 15 7 9 9 0
