100
16 12 8 13 7 691
8 16 18 15 10 987
16 16 20 16 15 1205
19 18 14 6 8 749
12 11 11 15 15 673
19 20 10 16 7 854
16 20 19 13 19 1075
19 14 10 13 7 655
11 20 19 18 8 1111
10 7 18 15 5 563
13 5 18 8 6 634
20 18 11 6 5 646
5 10 11 16 17 611
5 17 19 9 18 1089
6 6 5 13 19 588
14 18 17 12 19 921
7 9 16 8 6 501
10 20 15 16 6 960
19 17 12 20 9 1054
18 14 9 12 12 637
17 19 13 5 12 929
8 9 17 20 9 721
12 8 17 10 16 948
17 17 13 17 10 827
10 10 9 8 5 619
12 18 15 17 9 1056
11 16 7 18 13 689
17 18 10 8 15 1062
18 10 12 20 12 970
5 15 6 7 18 667
16 14 15 5 13 1077
15 20 18 16 18 1242
18 17 20 11 8 1250
19 13 19 9 7 768
9 15 15 17 10 683
5 7 6 18 9 540
16 18 8 19 11 778
8 10 16 14 12 526
5 5 20 16 12 750
8 12 17 12 15 973
9 6 15 12 10 762
5 15 11 6 18 630
15 20 5 7 6 863
8 7 10 9 12 574
17 11 6 12 7 585
5 9 16 12 9 607
17 17 9 13 13 811
10 20 10 14 14 1031
15 9 15 11 20 951
15 9 8 17 12 785
10 11 5 18 13 716
12 7 17 16 13 741
8 20 13 12 14 821
7 19 15 20 20 917
17 8 7 15 6 660
5 10 13 16 8 791
16 8 11 18 17 1034
11 10 8 5 5 562
19 15 10 13 16 594
17 14 10 7 20 668
14 12 11 18 17 968
15 5 6 10 14 758
5 18 14 10 9 804
6 7 9 20 17 677
14 6 11 13 6 652
16 15 19 20 14 722
10 15 11 12 6 850
20 13 6 12 6 579
12 11 13 16 7 627
17 19 12 20 18 1066
13 15 20 10 11 862
10 7 17 16 15 1070
15 5 10 5 14 553
20 5 19 11 5 707
13 5 10 11 15 879
10 8 7 19 11 568
12 13 7 20 17 824
18 19 18 16 13 751
6 7 6 18 18 718
17 15 20 18 20 796
18 17 18 7 20 951
19 9 14 9 17 673
8 10 15 8 7 502
12 12 14 20 7 629
10 9 6 5 10 467
9 10 6 13 16 570
11 9 6 8 11 648
9 7 15 14 8 601
14 6 11 17 20 789
11 10 12 15 13 758
18 13 17 19 16 897
20 17 11 16 14 1021
15 7 20 9 12 811
20 12 10 15 19 905
17 16 7 16 11 984
13 19 5 9 10 480
14 14 20 20 9 966
17 15 16 11 7 864
13 19 15 20 19 908
20 9 18 17 15 772
0 6 8 4 2 8 5 3 7 10 10 5 8 5 6 6 4 7 8 5 3 10 9 4 7 9 3 3 6 9 4 7 3 6 2 10 9 4 6 7 5 8 7 2 10 3 4 8 8 6 10 5 7 4 4 3 5 2 5 10 10 10 5 8 4 7 10 2 6 5 2 2 2 7 2 7 7 2 10 3 3 3 7 2 4 6 9 6 5 3 5 4 10 7 2 2 4 5 6 7
5 0 10 4 9 7 2 9 5 4 4 4 4 7 10 8 2 8 4 3 9 4 2 9 2 10 10 5 5 6 5 5 9 3 9 4 10 6 4 3 6 6 7 6 4 9 3 6 4 8 6 5 2 4 6 7 8 9 4 6 9 9 4 6 3 8 4 7 10 9 6 6 2 5 6 6 9 5 9 6 8 8 9 2 5 8 5 5 10 2 6 9 7 5 7 10 5 8 9 3
6 8 0 9 2 6 9 3 4 3 6 8 6 3 7 7 5 5 8 4 3 6 5 9 10 7 9 5 5 4 6 9 4 8 3 5 7 4 9 7 2 9 4 5 8 6 8 7 9 10 5 3 8 10 6 3 3 2 3 3 5 2 6 2 2 9 6 5 7 5 6 10 8 6 9 4 4 4 10 6 2 3 7 6 5 7 6 6 10 9 2 9 6 8 7 7 4 4 8 5
2 4 2 0 3 10 10 8 8 2 8 7 3 4 7 2 7 9 8 2 9 4 8 7 4 10 3 6 2 3 5 8 5 2 10 5 8 7 10 7 8 7 8 8 7 6 10 6 4 2 10 9 7 7 8 4 9 6 5 2 10 3 3 2 7 9 10 4 3 5 3 6 4 2 9 6 3 6 9 8 10 10 9 2 10 3 6 8 3 6 6 2 7 6 5 10 7 10 2 6
7 7 2 3 0 8 2 10 8 4 2 2 5 9 4 2 10 10 3 6 7 9 6 3 5 2 5 7 8 4 5 5 8 3 8 2 3 8 3 6 4 6 9 6 4 3 2 9 6 6 3 5 8 9 2 3 5 3 5 10 10 6 10 2 3 3 5 5 5 8 5 5 10 8 6 7 7 9 5 5 5 7 10 4 5 5 8 8 7 7 9 10 7 6 6 4 7 6 10 7
7 5 6 7 3 0 4 3 2 9 3 3 6 7 2 7 8 5 2 4 3 4 9 5 4 8 10 2 9 7 4 9 8 9 5 6 4 2 3 9 3 10 2 10 8 3 10 10 5 6 5 5 7 5 6 5 4 6 9 4 5 7 3 2 10 2 6 9 2 2 9 7 2 9 7 10 7 3 2 6 10 10 6 7 5 3 4 9 4 7 10 9 6 3 3 9 8 4 9 2
5 7 8 2 3 7 0 3 5 5 8 6 3 10 6 8 4 6 4 9 3 6 7 10 8 8 5 10 10 10 10 3 4 5 7 9 9 5 4 2 8 6 4 10 7 8 10 6 5 10 9 3 10 6 10 6 2 10 8 4 8 8 8 9 8 6 7 8 8 4 10 5 6 6 6 9 9 2 5 7 3 7 5 10 7 10 2 2 9 10 2 5 7 9 3 3 7 7 9 8
2 5 2 6 9 3 2 0 8 7 3 10 5 9 6 6 7 2 9 8 2 5 2 10 3 6 10 6 8 3 10 9 3 4 3 6 2 6 9 4 2 5 10 10 8 8 3 3 5 3 8 10 5 2 5 4 7 9 4 3 8 5 10 10 5 10 7 9 10 3 8 4 6 2 4 2 8 4 3 5 2 3 5 2 5 9 10 2 6 5 8 6 10 3 5 2 6 4 7 10
2 2 2 4 4 3 9 7 0 7 9 3 8 9 7 4 2 7 4 5 7 2 7 9 2 9 9 8 8 6 8 2 5 8 3 9 4 5 8 2 9 10 5 2 8 6 9 4 7 9 9 3 3 6 2 8 2 9 9 8 3 2 3 2 2 6 4 7 3 6 3 8 5 5 8 8 9 2 7 10 2 4 7 3 7 3 7 9 4 8 8 10 9 5 6 6 8 7 4 9
2 3 8 5 7 9 3 2 9 0 4 3 4 3 4 9 2 9 10 5 8 10 3 5 2 6 4 10 5 8 2 9 10 3 10 3 6 9 3 2 4 7 7 6 7 10 7 5 10 6 8 10 3 2 7 4 9 4 3 3 5 5 8 4 3 4 4 6 3 7 6 4 4 5 9 10 2 8 10 7 10 7 2 3 4 7 9 4 5 5 8 9 9 3 8 8 2 8 6 8
3 6 8 10 6 3 9 6 8 2 0 5 5 4 3 8 2 3 4 3 4 6 4 9 10 4 9 7 5 5 9 10 8 7 3 8 2 2 5 8 3 7 9 8 10 2 2 5 7 2 10 7 5 9 8 5 9 5 10 10 6 8 7 4 6 5 2 2 8 10 6 2 9 5 4 5 2 4 8 6 7 6 3 3 6 10 3 10 10 10 10 5 7 7 6 7 3 4 6 4
4 9 6 3 2 4 10 2 2 2 9 0 5 2 6 7 2 3 5 3 7 7 4 9 10 7 5 4 7 9 2 5 8 8 6 8 8 7 5 8 8 10 5 10 6 5 6 9 10 6 3 5 8 8 5 10 3 3 8 2 3 10 7 4 2 7 2 5 7 2 4 8 7 2 6 10 10 3 6 4 4 4 10 3 9 2 8 2 3 9 9 7 9 7 10 6 9 3 7 2
10 10 2 2 4 8 4 7 9 7 2 2 0 7 6 6 6 9 10 2 5 8 9 7 3 8 2 6 7 5 10 10 7 5 6 2 9 4 9 10 7 7 9 3 5 9 6 8 4 4 9 8 7 4 4 2 3 9 7 9 2 10 10 2 4 6 6 9 7 8 10 6 7 7 5 8 2 9 2 6 6 3 3 5 9 10 5 3 6 4 4 8 4 5 4 3 9 6 4 9
7 3 7 6 8 3 5 10 10 8 10 10 3 0 2 4 4 7 8 8 7 7 3 2 6 9 9 9 7 9 10 10 5 9 6 7 8 5 4 3 10 2 8 9 4 8 2 5 3 5 4 8 9 9 5 9 2 9 10 7 6 6 7 8 5 2 5 10 9 5 2 8 9 7 9 6 8 9 3 3 9 7 2 9 4 6 5 2 10 6 8 5 8 3 3 7 8 8 7 9
9 5 3 3 6 10 8 4 8 3 8 10 2 4 0 3 2 10 9 10 3 8 5 4 8 5 7 4 3 2 6 4 6 6 2 8 10 8 3 2 4 2 8 6 4 8 5 2 2 8 3 5 7 8 10 6 7 2 4 7 10 3 5 6 9 10 9 7 6 3 4 6 8 7 3 2 9 5 8 9 2 7 2 5 8 9 10 3 6 3 10 2 4 6 7 5 6 6 6 9
3 9 9 6 9 4 10 3 2 10 9 10 3 5 5 0 10 7 4 3 9 7 5 7 5 7 10 5 5 9 6 3 2 3 2 7 7 6 10 7 8 6 5 6 2 6 7 5 4 5 3 9 6 7 8 9 9 5 5 3 9 10 3 10 9 4 3 3 5 7 6 4 9 6 10 6 10 6 9 5 4 3 7 3 6 4 10 7 6 4 6 10 5 10 3 4 4 3 5 4
7 7 2 4 3 7 4 4 4 10 7 9 6 2 8 2 0 10 9 7 3 6 8 3 9 2 5 3 8 4 5 9 10 5 3 7 5 5 3 7 9 2 3 10 7 7 10 6 4 6 3 7 5 8 7 6 9 7 3 10 3 3 2 6 9 10 3 7 10 3 2 8 4 4 7 8 5 7 2 5 7 4 10 3 4 6 2 8 6 6 6 7 7 5 5 8 4 5 8 3
3 5 5 3 8 2 8 6 10 7 8 2 8 3 6 6 8 0 9 6 3 4 7 8 3 4 3 10 8 3 3 5 8 3 3 2 4 4 8 7 9 8 2 7 9 3 4 2 6 3 9 2 4 4 8 10 10 4 5 7 9 10 2 7 7 4 5 2 7 4 9 8 10 6 2 10 7 3 5 10 10 7 7 7 2 10 4 10 10 9 8 3 5 8 9 9 8 4 7 10
6 7 9 9 3 5 6 3 10 4 2 7 9 7 8 10 3 5 0 9 9 9 4 9 6 3 8 3 9 7 4 9 3 8 9 7 4 3 10 7 6 2 3 6 8 5 3 6 3 7 4 7 10 8 4 2 2 5 5 5 5 10 5 8 3 7 2 6 9 4 2 10 3 7 4 2 2 2 6 6 10 8 2 2 2 3 2 5 2 9 2 2 2 7 5 6 7 3 9 2
5 7 10 2 9 2 7 5 4 4 10 3 8 2 3 10 8 3 9 0 5 10 2 3 4 4 2 4 3 2 8 3 8 7 2 5 6 8 5 6 3 3 3 8 2 5 7 4 4 9 5 10 3 2 2 7 4 8 8 6 5 9 10 7 10 7 4 2 8 9 6 7 5 3 4 6 7 9 2 2 10 7 5 7 10 6 6 8 8 3 5 8 7 9 2 4 8 9 5 9
4 8 10 10 7 5 10 6 4 5 8 3 10 9 10 8 4 7 7 7 0 8 7 3 6 2 5 9 7 4 5 10 4 9 4 9 8 7 9 5 2 3 2 8 4 3 10 7 2 9 5 3 3 2 9 3 9 9 10 4 6 5 7 9 4 6 9 4 9 9 10 2 10 8 7 9 10 4 2 6 8 7 3 3 3 3 5 6 4 9 3 8 3 6 2 4 2 7 6 4
7 10 10 5 4 5 5 6 3 9 2 4 6 7 6 4 10 2 2 2 8 0 5 3 7 3 7 7 10 9 8 4 9 3 7 5 6 4 4 7 3 4 10 8 7 5 9 7 4 7 7 3 4 9 9 3 10 6 10 4 3 9 10 8 2 2 10 10 4 5 5 5 6 9 8 7 4 10 8 8 9 4 6 6 3 6 10 3 5 7 7 9 3 10 4 6 5 6 5 6
8 2 2 8 7 10 9 4 4 2 10 6 2 3 7 8 9 8 3 6 3 10 0 3 8 7 5 10 10 6 8 7 2 4 2 8 6 6 5 9 4 8 3 9 2 5 7 3 10 4 8 10 5 3 5 3 9 6 7 3 5 3 3 4 5 4 7 7 4 2 6 9 3 2 3 2 3 6 4 5 3 4 2 9 7 5 3 8 10 3 3 3 2 8 9 10 8 7 9 8
6 6 7 8 7 7 3 3 6 2 8 10 4 3 6 4 2 4 5 6 2 8 2 0 8 8 6 4 9 2 10 3 3 10 2 5 9 4 7 7 9 7 6 5 8 10 8 7 6 10 8 2 6 6 6 5 3 7 3 5 6 8 10 3 3 5 2 4 10 3 5 7 7 4 8 3 3 5 7 7 6 4 9 9 6 9 8 6 8 8 8 8 7 6 9 7 8 7 4 5
8 10 6 10 8 3 5 9 6 10 4 7 7 4 4 8 2 10 2 5 6 4 2 10 0 10 8 3 5 3 2 2 6 10 8 7 4 2 6 9 8 6 4 2 10 2 6 10 4 2 7 5 9 9 7 6 10 2 2 2 3 4 2 7 3 9 9 7 6 4 4 8 7 10 8 7 4 8 2 3 9 8 10 10 4 3 3 6 3 4 4 3 9 4 4 7 8 6 3 5
6 2 8 7 8 9 4 9 4 2 8 3 8 8 8 3 8 10 3 9 8 6 4 8 8 0 7 7 8 2 5 6 8 2 9 7 3 10 2 9 5 4 9 3 5 2 2 9 8 2 4 7 5 10 10 8 4 7 6 10 6 4 3 5 7 2 8 10 4 9 8 2 4 6 10 7 3 10 3 9 10 8 2 10 4 2 7 4 2 5 5 3 3 8 9 7 2 2 6 5
5 7 5 10 3 3 2 2 3 10 4 5 3 3 10 3 9 7 7 6 5 3 8 5 3 9 0 10 6 6 7 3 6 3 4 6 6 5 8 2 4 4 3 4 3 10 7 4 10 8 10 9 5 5 8 5 4 5 5 3 3 8 2 4 5 7 6 7 6 4 4 3 6 3 2 6 6 5 9 4 9 7 10 8 10 6 10 5 7 3 10 3 3 9 7 2 3 7 5 5
6 7 8 5 6 6 8 6 3 2 6 5 5 7 4 3 3 3 6 9 4 10 7 4 6 9 10 0 4 6 6 10 8 4 4 10 4 4 2 3 6 3 4 9 8 8 9 3 3 2 10 2 8 9 8 7 9 4 8 7 10 10 9 6 4 9 2 7 8 6 6 5 9 2 8 6 10 6 7 9 2 9 10 10 8 5 3 5 7 8 3 8 9 2 2 5 3 7 3 6
9 10 9 8 5 7 8 2 6 6 2 5 6 9 4 4 2 7 9 8 7 4 7 4 9 10 5 7 0 7 4 4 5 4 5 7 4 9 2 8 10 10 6 10 3 5 2 4 4 3 2 8 9 2 7 5 6 9 3 9 8 9 8 10 9 2 10 2 10 4 10 10 6 5 7 7 3 9 6 4 8 10 6 5 8 10 3 4 7 3 7 6 9 3 10 6 6 9 3 2
8 4 2 10 5 6 4 6 3 10 9 4 7 4 2 3 2 9 4 5 6 4 7 6 6 5 2 10 8 0 10 8 2 6 7 2 4 5 7 8 8 10 5 6 9 8 5 10 9 6 8 2 3 7 3 6 5 6 6 3 4 4 8 4 2 2 7 4 10 5 9 8 3 10 6 2 8 9 7 3 4 2 2 5 10 8 3 3 5 3 4 6 8 6 8 3 5 10 8 6
8 10 8 9 9 10 3 8 5 7 10 10 7 2 2 4 3 3 6 9 9 7 7 3 3 10 10 2 4 5 0 4 2 10 2 4 6 3 9 3 4 8 8 7 8 9 7 7 5 5 2 4 9 8 6 4 5 8 3 3 9 2 9 7 5 5 2 6 8 3 3 7 10 4 8 6 5 2 5 6 3 2 9 2 6 10 2 9 9 7 7 8 3 9 3 7 2 3 2 4
8 8 8 3 5 3 7 2 7 5 4 3 9 2 8 4 8 7 6 3 9 6 3 8 7 6 9 9 2 5 6 0 9 6 6 5 2 3 8 7 5 4 3 4 8 10 5 5 6 10 8 2 6 5 5 7 8 4 7 8 7 3 7 8 7 3 3 4 6 4 9 10 8 4 10 9 6 7 8 7 4 5 7 5 8 7 4 5 7 5 5 2 8 3 8 2 7 8 7 8
10 9 8 10 9 8 9 3 3 6 6 5 8 6 2 4 2 2 4 7 7 4 9 8 9 9 7 4 6 5 7 10 0 9 5 7 5 5 2 7 2 7 7 8 10 4 7 7 10 10 7 6 8 2 9 8 8 6 4 10 6 3 10 2 9 3 8 2 2 3 6 9 4 4 9 2 9 8 6 9 8 4 5 8 9 7 10 9 4 6 7 6 2 3 8 10 9 2 9 10
10 2 7 6 5 5 8 4 10 2 7 5 5 10 5 7 10 3 10 6 6 8 9 2 10 8 5 4 9 2 3 2 4 0 7 4 8 9 6 2 4 7 7 8 3 2 10 8 5 10 10 8 5 5 10 7 7 5 2 8 7 3 7 6 3 7 10 10 5 7 4 8 4 3 7 3 3 2 2 7 2 6 6 5 9 7 9 4 10 6 4 3 2 7 5 7 7 6 2 8
8 3 3 6 5 6 3 2 2 3 9 6 7 4 5 4 4 9 9 9 4 4 7 3 3 2 2 5 4 8 5 2 9 8 0 8 5 5 2 2 7 7 4 6 8 5 4 10 2 9 4 4 5 9 9 5 5 3 10 4 7 9 7 3 3 5 10 3 5 9 8 5 6 5 7 4 2 9 9 8 5 9 10 10 2 7 2 3 4 3 3 3 9 5 5 8 5 6 5 8
10 7 6 5 7 2 7 4 10 8 7 9 3 3 6 3 5 2 10 8 9 10 7 4 5 7 7 9 6 9 4 2 5 3 9 0 8 4 2 8 2 7 8 4 10 9 4 4 2 9 10 6 4 3 7 5 5 8 3 6 5 5 8 10 9 4 10 8 2 6 2 2 8 3 7 10 2 2 8 9 9 8 9 8 5 2 3 2 2 9 5 6 7 6 6 7 6 7 2 5
3 6 5 4 8 7 4 2 10 10 9 4 9 3 7 8 10 9 2 3 6 2 5 2 5 6 5 4 8 7 8 3 7 5 2 6 0 4 3 5 4 2 3 2 7 5 9 4 10 9 4 8 7 2 5 2 3 8 7 6 3 10 9 4 2 9 9 2 3 8 8 10 5 3 6 2 7 5 3 3 4 10 7 6 6 5 6 8 3 3 7 2 10 2 3 6 6 5 6 10
7 4 2 8 6 9 9 6 9 9 5 8 5 9 6 8 8 6 10 9 2 3 2 3 10 8 3 9 8 8 5 4 4 10 10 5 2 0 9 9 6 6 7 9 3 4 4 7 5 3 9 5 9 2 4 9 5 9 8 10 6 10 8 9 6 2 5 3 6 8 7 2 8 9 8 9 5 6 9 6 7 6 8 9 9 5 5 4 10 4 9 6 4 5 6 10 8 3 7 6
8 6 5 9 8 9 8 3 9 7 4 5 7 3 8 10 3 6 7 6 10 4 9 9 2 9 5 7 7 3 2 9 10 2 10 4 8 10 0 2 10 3 10 5 3 7 3 4 10 9 4 10 7 8 7 2 8 2 9 2 4 4 2 8 7 5 9 6 6 9 9 8 9 7 2 7 6 10 4 7 5 10 4 3 2 5 7 9 2 3 8 10 3 2 8 2 10 9 9 9
4 9 9 10 6 9 9 2 2 5 4 10 6 5 2 9 4 3 10 3 4 7 8 3 8 2 3 3 3 6 6 6 10 10 6 2 4 10 9 0 5 8 8 5 2 8 6 4 2 2 6 8 4 10 7 3 3 10 4 2 5 9 6 7 2 4 7 10 5 10 6 10 9 4 7 6 4 3 2 2 3 7 4 2 7 10 4 7 10 9 2 10 9 8 3 6 7 2 7 4
5 10 3 10 7 4 5 3 6 7 10 2 8 7 6 7 5 3 10 2 5 6 4 8 4 5 10 9 2 9 8 6 6 9 9 2 10 5 3 5 0 4 7 6 6 5 4 8 6 8 3 3 10 6 7 7 2 2 7 5 8 8 9 3 4 7 4 3 5 3 6 9 5 9 7 2 2 10 9 6 5 9 10 3 8 8 4 9 3 6 4 3 6 4 5 3 4 3 6 3
9 3 7 8 4 4 10 10 6 6 2 6 4 8 5 2 10 3 6 10 3 8 5 2 4 8 9 8 6 8 5 3 10 2 9 10 4 7 3 3 5 0 4 8 4 8 10 3 3 10 8 2 5 5 2 9 6 9 2 2 6 10 3 5 10 9 10 7 4 4 6 4 10 9 5 9 4 5 3 3 5 8 3 3 7 9 2 8 10 8 8 7 7 9 4 2 10 9 9 5
8 7 4 9 8 2 7 2 8 5 3 2 7 6 10 5 5 5 4 7 10 5 10 9 4 5 4 5 2 2 8 2 2 2 2 6 6 3 10 2 2 6 0 6 8 10 4 2 5 7 8 7 9 10 7 10 10 2 4 7 5 10 4 3 4 3 2 8 2 6 4 9 3 10 7 10 4 8 4 2 9 2 7 4 7 9 8 5 2 2 7 10 8 4 8 4 7 7 3 5
3 6 6 6 6 9 7 5 8 2 10 6 4 2 2 3 3 5 3 4 5 2 2 9 4 10 4 10 6 5 4 7 5 6 9 9 3 7 7 3 10 10 10 0 10 9 7 5 10 8 6 4 6 7 10 3 3 6 5 10 9 6 5 4 7 3 7 5 7 8 2 3 10 7 6 9 8 9 2 8 3 9 5 2 9 4 8 7 3 8 2 10 7 3 5 5 4 4 7 10
4 7 5 7 3 4 10 5 5 5 9 6 3 8 6 9 9 5 10 6 2 5 7 6 8 5 4 6 7 4 8 8 3 6 5 10 10 3 4 8 8 8 9 4 0 2 3 4 3 4 6 8 3 9 9 10 2 4 7 8 7 10 3 4 10 8 2 10 3 10 9 9 5 10 6 10 3 4 4 6 2 5 3 7 7 2 10 3 10 7 2 6 9 6 6 4 8 7 8 8
2 2 5 8 7 7 10 2 5 3 4 6 10 3 10 3 10 4 8 4 10 5 3 2 9 2 8 10 7 5 8 8 4 7 4 5 3 5 6 10 5 5 5 5 6 0 3 8 7 9 2 10 3 7 9 3 9 6 6 10 9 2 4 4 3 5 5 8 5 6 7 5 3 5 6 9 2 7 2 4 5 5 2 7 8 8 6 4 9 4 5 10 4 10 9 10 7 10 8 7
10 10 3 9 3 7 5 9 9 4 10 8 9 9 9 10 6 8 2 9 4 8 8 6 6 10 2 8 6 6 4 10 2 5 2 6 9 4 7 10 9 3 3 3 10 9 0 4 9 9 7 2 10 4 2 10 3 10 4 7 7 4 5 3 9 5 6 9 2 5 9 4 4 4 6 8 9 3 3 7 2 9 6 9 8 4 3 5 4 8 8 4 2 2 3 8 4 7 9 8
2 3 2 9 6 7 8 6 9 6 2 10 7 6 6 8 3 7 6 8 6 7 2 8 3 4 10 10 2 6 7 10 5 6 10 10 8 7 10 9 9 6 4 9 2 10 7 0 8 3 3 2 5 7 4 5 8 10 8 6 10 3 9 8 2 8 6 10 8 8 3 3 2 6 9 4 6 6 4 2 5 2 2 2 4 10 6 5 6 7 2 10 2 8 9 4 10 4 5 3
5 9 3 8 8 4 7 5 2 8 7 2 4 6 5 6 6 7 4 6 9 9 5 8 9 2 8 8 6 2 3 8 9 9 2 4 8 3 7 3 6 4 2 4 7 4 9 2 0 10 9 10 5 6 4 5 3 10 6 3 10 7 3 2 4 8 5 7 7 4 7 7 8 7 4 7 9 6 8 3 3 4 10 6 7 9 9 6 8 10 5 7 3 2 6 5 8 2 5 2
10 8 8 4 2 4 3 5 5 8 4 6 8 5 5 2 5 3 10 7 5 9 5 2 9 3 3 9 2 7 9 8 2 7 2 8 4 4 5 10 3 10 8 10 3 7 8 10 9 0 4 5 2 9 3 4 4 6 5 7 4 7 2 5 7 3 3 2 9 9 9 3 2 5 8 4 5 2 3 9 7 7 7 6 10 3 10 7 4 2 3 2 9 5 6 2 7 3 8 2
8 7 7 3 5 9 8 5 10 2 5 2 5 8 10 3 8 9 7 3 7 8 9 3 5 10 4 7 8 3 7 10 2 4 6 8 10 10 5 9 10 9 7 7 6 5 9 4 3 8 0 7 10 8 8 7 8 7 2 8 10 6 2 6 10 3 5 6 6 4 7 7 3 9 6 7 10 7 10 5 10 10 10 9 6 6 2 5 8 3 7 10 6 5 4 9 4 3 5 10
5 2 5 8 6 6 9 9 9 10 5 2 6 10 10 10 5 3 3 9 9 8 10 2 4 6 8 4 3 3 3 3 8 4 5 7 6 6 3 9 9 8 5 5 5 4 2 10 4 6 5 0 4 5 5 9 10 6 9 8 6 3 4 2 7 5 2 9 3 9 4 5 8 7 4 10 9 7 5 3 5 3 9 4 9 10 2 3 2 7 5 9 10 4 8 9 2 10 2 10
9 4 5 5 2 6 7 10 8 3 3 9 2 10 4 7 10 2 6 2 8 10 5 10 10 10 8 9 2 8 2 7 9 8 3 8 3 9 10 8 3 5 9 5 9 10 3 8 5 9 3 3 0 6 4 10 8 9 6 2 7 5 3 6 10 5 7 7 8 3 5 5 10 3 5 4 4 10 10 6 7 3 2 2 3 5 4 7 4 6 5 5 3 3 10 4 7 2 6 2
10 4 9 10 3 4 8 10 9 5 3 2 2 6 6 8 2 5 8 4 10 6 4 5 7 7 9 7 6 9 6 10 3 9 2 2 10 3 9 6 7 10 3 7 4 10 6 10 8 10 7 9 3 0 5 5 7 4 9 4 2 3 4 7 7 7 8 3 3 9 2 5 9 3 3 9 7 4 7 2 5 4 3 10 10 6 6 6 6 4 9 4 6 8 5 7 2 2 10 2
4 9 10 7 9 8 8 4 5 9 5 10 2 7 9 2 9 9 6 8 9 3 2 5 8 5 10 4 9 6 3 8 5 10 7 8 3 4 7 9 7 3 3 4 2 5 4 7 2 8 2 10 3 4 0 7 10 8 10 2 7 3 6 9 5 7 3 10 9 3 10 6 10 3 6 9 10 2 9 7 8 4 4 6 3 4 9 4 4 10 2 3 3 9 4 8 9 9 8 3
2 9 3 2 8 5 6 2 10 7 8 6 3 6 4 2 7 10 2 4 5 3 8 7 3 2 7 4 8 9 5 4 4 6 6 2 4 3 2 2 3 5 5 8 10 8 4 3 8 9 9 7 9 8 5 0 2 2 5 2 7 5 6 2 8 9 8 9 6 3 5 8 7 9 8 4 8 7 8 9 5 2 8 10 3 6 6 3 8 8 9 10 6 9 8 6 8 9 9 2
5 10 2 3 3 3 9 7 3 5 7 4 8 8 9 10 2 5 7 5 8 9 8 3 10 3 7 5 3 5 10 8 7 10 8 7 9 7 8 10 10 3 4 9 9 7 5 9 7 10 5 10 7 3 2 9 0 7 9 4 2 4 8 2 3 6 2 9 2 2 5 9 3 3 4 10 10 8 2 9 6 9 8 6 8 5 7 8 4 10 4 8 2 9 10 9 9 7 10 9
8 4 8 6 10 7 5 6 3 6 6 6 2 8 3 7 8 6 4 10 6 7 3 2 3 7 4 7 5 10 2 8 8 9 10 10 8 5 5 5 8 3 2 6 5 5 2 4 10 5 5 10 2 4 9 3 3 0 8 5 10 8 3 5 8 5 8 6 6 7 8 7 7 8 10 5 6 9 5 7 9 2 6 4 4 6 10 5 8 6 4 9 2 6 9 8 8 8 5 7
8 3 5 6 4 2 4 8 8 8 7 4 3 8 4 9 9 3 9 3 2 7 2 2 2 2 9 6 2 6 4 9 7 8 2 9 8 2 7 10 9 6 2 3 7 5 10 7 4 7 2 5 9 9 7 5 8 5 0 10 5 9 5 9 9 9 6 8 5 2 8 8 7 4 5 10 4 7 2 3 10 10 2 4 10 2 4 2 8 3 9 6 2 7 4 4 10 9 8 10
7 10 7 7 7 6 9 9 8 3 9 5 9 7 8 9 10 6 9 9 3 9 8 7 10 5 9 7 10 10 7 10 3 8 9 7 9 2 5 2 4 5 2 8 4 9 3 5 4 10 9 8 10 2 4 4 7 8 9 0 10 4 10 8 7 6 2 7 3 9 7 5 3 2 7 5 10 7 3 2 6 10 9 4 6 4 5 8 6 10 2 7 8 3 4 2 7 4 6 9
4 5 2 10 10 5 8 10 4 7 6 4 3 4 9 3 7 9 6 9 8 6 2 3 7 3 3 3 3 6 9 2 9 10 6 5 5 6 7 6 9 6 4 8 5 8 7 3 9 3 4 7 10 8 3 7 8 3 5 3 0 2 5 2 2 7 5 10 3 8 6 7 5 6 2 2 2 7 6 10 4 3 6 7 5 7 3 5 5 10 9 8 4 7 3 8 9 9 2 6
6 9 6 10 6 3 10 3 3 7 8 2 6 3 5 3 4 7 7 10 10 6 5 5 9 7 6 2 9 7 9 8 10 3 2 8 6 9 2 2 8 10 2 10 10 8 10 9 7 2 5 3 10 2 7 4 10 4 2 4 9 0 8 6 3 3 8 2 5 8 6 4 8 10 7 10 10 10 8 7 7 3 5 6 4 2 6 2 9 9 2 6 6 2 6 9 4 8 6 7
6 4 8 10 9 2 4 8 9 6 3 10 9 6 2 6 5 8 2 2 2 2 7 5 6 4 4 10 5 5 2 6 9 7 7 6 9 9 10 2 7 5 3 7 8 5 8 7 3 5 3 2 9 9 5 10 5 3 7 8 8 10 0 2 5 7 4 6 5 4 4 10 3 3 10 7 5 6 2 4 9 6 5 5 9 7 4 7 6 10 10 7 2 4 3 3 3 10 4 3
4 2 2 4 5 10 8 6 9 3 10 2 7 5 5 6 5 7 5 7 5 9 6 9 3 5 2 6 5 5 9 6 9 2 9 2 2 3 7 8 6 5 3 9 7 4 4 10 4 9 10 3 8 3 4 3 2 4 7 7 10 2 5 0 6 8 4 7 7 8 10 9 5 8 7 3 9 7 6 10 6 8 5 9 9 10 5 3 3 6 5 8 7 10 5 8 5 2 10 8
5 9 8 5 9 8 6 3 9 10 9 6 4 9 10 4 3 6 8 6 6 9 7 4 2 6 8 2 9 7 7 8 2 2 6 9 5 10 3 6 8 8 7 8 7 8 8 8 9 4 6 10 7 9 9 5 2 4 4 2 4 7 10 9 0 5 8 6 2 6 3 10 8 10 2 9 5 10 6 8 6 5 9 10 10 9 8 10 4 6 6 2 10 4 6 2 9 2 9 7
4 4 5 4 9 8 8 4 9 5 2 5 8 2 7 10 8 8 10 6 5 9 7 8 8 9 6 9 3 9 5 9 5 8 8 5 9 9 2 5 8 7 6 3 6 7 7 4 2 8 9 2 10 6 9 4 4 6 7 5 10 5 5 5 5 0 10 7 6 2 6 8 3 9 3 8 4 7 10 10 6 3 8 9 10 7 10 8 5 6 2 8 6 7 2 10 4 5 5 7
3 5 7 6 8 3 7 5 2 9 8 8 2 3 5 9 5 5 4 8 10 3 10 3 10 8 2 8 9 9 10 9 6 8 10 4 3 7 8 3 9 8 4 2 5 8 4 8 10 9 6 4 7 5 3 4 4 9 8 5 3 2 3 10 2 7 0 8 7 6 4 10 3 5 8 4 3 2 6 9 8 4 5 6 9 5 3 5 9 3 9 10 2 2 6 10 7 2 2 4
3 5 4 3 6 3 8 5 4 6 9 6 3 10 4 7 10 2 7 9 8 8 5 5 4 7 10 6 4 2 8 6 6 3 6 7 6 6 4 9 3 9 4 6 4 7 2 10 4 2 2 9 5 10 5 3 3 4 9 4 9 9 2 5 10 4 2 0 10 3 9 7 6 5 4 10 10 5 6 10 5 4 5 9 2 3 9 8 8 8 6 7 5 5 2 4 5 2 6 10
4 9 3 7 4 9 5 7 3 10 9 2 2 5 2 3 3 6 6 6 2 4 9 8 7 8 10 6 8 10 5 4 9 4 6 8 3 8 8 2 5 6 8 7 2 8 3 2 2 10 10 9 6 9 3 4 6 2 6 9 3 7 8 2 5 4 10 8 0 8 3 4 6 8 7 4 9 6 5 8 9 4 10 6 5 7 8 5 7 2 10 4 3 7 5 2 6 5 9 6
9 2 6 8 5 4 2 6 9 10 6 7 2 5 7 10 6 8 2 2 7 7 8 7 10 10 10 3 6 6 9 3 9 7 6 5 3 10 10 4 3 3 10 10 5 5 8 9 7 8 5 8 9 8 10 6 4 7 10 4 2 8 10 3 8 8 3 4 2 0 9 2 8 9 7 4 8 4 5 3 8 10 2 9 5 4 5 5 3 9 7 8 5 5 9 5 6 3 7 9
7 2 5 2 9 6 10 8 4 6 10 10 3 7 4 8 5 8 9 8 4 9 3 8 9 4 5 4 2 5 6 8 10 3 10 8 6 6 4 5 3 3 4 6 4 3 4 8 5 4 6 6 6 7 8 4 5 7 8 4 8 8 9 7 3 6 3 2 9 9 0 2 9 9 6 4 7 8 7 4 9 8 2 10 7 10 8 8 10 10 5 8 9 6 4 7 2 5 2 10
3 6 5 2 2 4 10 5 7 10 10 5 10 5 5 7 7 10 7 5 10 9 7 3 6 3 8 6 3 2 6 9 5 2 9 2 9 3 3 2 3 5 10 2 3 9 2 9 5 7 8 7 5 4 3 8 5 10 10 10 4 5 6 7 10 8 10 8 10 10 10 0 10 5 10 4 6 8 5 6 3 9 2 3 4 7 5 6 10 3 4 2 3 2 5 6 5 8 7 5
9 2 3 3 3 7 4 3 9 3 5 3 6 5 2 4 7 5 5 9 7 4 6 9 6 4 10 6 3 10 4 5 2 8 7 10 10 9 5 2 10 3 5 10 10 10 3 5 9 9 6 4 10 8 2 3 10 2 10 10 2 6 3 7 6 8 8 9 5 10 9 4 0 9 3 8 7 4 10 2 9 5 4 10 9 7 9 9 6 4 3 8 8 8 6 7 10 8 6 3
5 2 2 5 4 10 3 8 8 3 5 7 2 2 9 3 7 2 7 5 6 8 4 5 4 4 7 6 5 6 2 3 9 2 9 2 3 10 3 8 3 6 4 2 10 4 3 10 2 8 2 5 3 4 5 2 2 8 4 4 4 9 2 7 4 4 5 3 5 7 4 9 4 0 9 5 2 9 10 9 10 9 3 8 2 9 4 6 2 9 6 5 4 8 7 4 4 2 7 6
6 2 10 7 10 3 10 2 5 5 6 8 10 9 8 10 2 2 9 3 6 9 7 2 4 5 10 6 3 8 7 3 8 10 4 5 2 4 4 6 7 5 9 5 5 4 8 3 4 7 3 6 5 2 8 3 9 3 2 3 6 4 3 3 2 10 3 10 7 5 7 3 8 10 0 2 10 9 10 6 8 6 10 6 7 3 3 9 5 6 7 9 2 2 8 3 5 4 2 10
7 4 4 6 3 9 6 6 5 4 4 4 9 10 2 4 4 3 4 3 10 9 8 5 10 6 4 10 5 9 5 5 2 4 6 5 2 7 4 2 6 4 5 8 4 9 6 8 3 10 10 7 4 10 3 3 2 5 7 3 7 4 10 6 5 4 2 4 9 3 5 4 8 6 7 0 6 9 6 7 3 5 2 10 7 10 8 6 8 6 2 7 9 4 8 7 3 10 7 10
5 7 4 6 10 9 10 6 5 9 2 4 6 5 3 4 3 7 5 9 3 2 6 10 4 8 4 4 10 4 7 10 10 6 4 8 9 7 8 5 2 5 3 3 9 9 9 7 2 8 8 2 6 9 3 2 9 7 9 6 8 10 10 9 5 6 7 10 3 6 4 5 2 6 7 7 0 5 3 5 8 3 6 9 3 4 6 10 10 3 2 5 2 6 6 6 6 4 5 10
10 4 6 9 5 9 10 3 9 9 9 10 7 9 3 10 8 2 4 2 5 7 6 8 10 6 4 8 7 10 6 10 4 7 2 6 5 8 5 2 8 7 8 8 9 7 3 10 7 10 10 8 3 3 5 7 10 4 5 5 8 5 10 6 6 9 6 2 7 2 3 10 10 5 10 6 6 0 10 4 5 6 3 3 5 4 7 4 6 2 2 2 7 3 10 7 6 10 9 2
10 3 9 5 6 3 6 3 5 2 10 2 9 5 3 8 2 6 9 6 8 10 3 5 9 7 7 2 3 6 7 10 3 3 5 2 4 5 2 6 2 7 6 9 5 10 5 4 8 3 7 9 4 5 3 8 5 8 4 4 6 10 7 5 5 7 8 6 7 7 7 6 2 9 2 8 5 7 0 2 2 9 7 4 7 9 8 5 5 10 3 6 8 2 8 8 5 10 8 10
4 3 7 8 9 4 2 10 6 4 8 2 3 3 3 3 6 2 10 7 9 2 10 8 6 6 6 7 2 6 3 2 9 3 8 3 6 8 9 3 2 7 5 4 10 6 7 3 9 2 5 3 9 3 6 5 8 2 8 5 8 10 2 2 7 9 2 10 9 3 5 9 6 6 7 8 9 3 4 0 8 3 3 9 2 3 8 8 6 9 9 4 9 6 2 8 4 10 9 8
3 8 4 4 5 10 7 7 2 2 3 5 5 2 2 7 3 9 7 8 10 7 9 8 4 10 7 9 10 8 6 5 4 2 10 6 4 6 8 3 8 4 8 3 5 7 6 9 3 10 9 5 5 10 9 10 3 9 6 3 2 3 7 4 8 8 7 5 2 9 7 10 10 2 5 7 10 3 9 8 0 7 9 3 3 10 9 6 4 2 5 7 2 3 6 2 9 10 2 5
7 10 8 10 3 7 8 8 5 3 2 9 2 9 8 7 7 8 2 10 10 3 7 10 2 8 3 5 5 10 7 8 8 6 8 8 4 5 5 9 3 8 9 2 4 6 6 4 10 9 6 5 10 10 5 10 3 2 10 8 5 2 4 6 6 2 10 2 3 4 4 8 7 7 2 7 8 5 3 6 7 0 4 10 4 8 3 6 6 2 10 9 7 2 7 5 7 5 5 5
6 8 10 8 9 9 7 2 7 10 8 10 10 8 4 10 4 6 4 8 4 2 2 8 4 2 6 10 8 10 3 6 3 10 8 3 6 5 4 8 6 8 5 10 6 2 3 5 4 9 2 2 6 7 8 5 2 7 4 4 7 10 8 2 4 5 9 9 9 9 5 3 10 6 9 3 6 5 2 6 4 7 0 2 8 7 10 9 7 10 2 4 5 7 7 7 10 6 8 8
9 3 5 8 3 10 7 3 5 4 10 7 8 2 10 5 4 4 8 2 2 2 9 6 4 10 4 3 3 2 6 9 4 10 8 9 9 6 10 4 9 10 4 4 2 6 7 3 3 9 9 3 5 2 5 7 10 10 6 2 10 2 9 10 6 6 3 3 9 10 9 2 2 7 9 10 6 10 7 7 9 9 6 0 6 3 3 7 10 6 4 8 6 10 2 10 4 7 7 8
8 3 2 8 6 5 4 4 3 6 9 10 10 6 4 7 2 10 4 8 5 8 5 5 2 10 2 2 10 10 6 2 5 9 2 9 8 2 6 7 4 9 6 3 2 2 8 8 10 9 2 3 3 5 6 8 2 10 6 9 5 9 7 7 3 8 7 8 2 2 4 4 2 4 10 8 5 2 8 7 7 2 3 8 0 10 8 10 5 2 6 8 5 7 10 9 4 7 6 3
10 7 7 6 10 10 6 3 5 9 5 9 9 6 5 3 10 5 3 3 3 8 8 2 6 2 3 3 7 2 4 4 6 4 2 7 2 7 8 6 9 2 9 6 2 4 6 8 8 6 6 5 3 5 9 8 2 6 6 4 3 6 10 10 6 5 4 3 2 5 5 10 3 4 7 4 4 10 4 7 9 9 6 8 4 0 4 10 8 2 8 10 3 9 7 9 5 2 7 7
6 8 3 8 5 3 10 4 5 3 3 6 8 2 6 4 3 3 9 2 10 9 8 5 3 5 5 2 2 2 8 10 10 8 8 4 6 3 9 7 6 5 4 3 9 5 6 6 5 9 5 2 5 9 8 7 9 4 6 6 6 8 9 5 8 3 3 6 4 6 9 2 9 8 6 10 2 2 8 2 6 5 4 7 2 10 0 5 6 2 4 9 9 6 2 6 2 7 9 6
5 4 6 5 6 9 4 8 9 5 7 9 4 6 8 7 9 9 6 9 3 10 2 9 2 8 8 8 9 5 3 2 4 7 9 9 5 5 7 3 2 3 2 3 6 3 2 9 6 3 2 10 10 8 3 6 4 5 2 2 8 5 7 6 2 10 9 10 3 9 7 7 2 2 4 10 4 10 3 4 2 2 4 6 6 4 9 0 2 9 5 9 5 8 10 4 9 6 6 3
5 2 2 5 9 8 3 8 6 6 9 3 7 5 10 4 3 2 9 4 6 4 6 10 3 7 5 9 4 9 2 5 6 5 9 4 8 9 5 4 3 8 2 3 10 10 3 2 6 6 9 3 5 5 4 4 7 6 3 6 6 4 6 8 6 5 4 3 4 6 8 5 8 7 5 7 2 6 8 8 6 2 6 8 5 6 5 2 0 6 3 5 7 2 4 6 4 2 9 9
4 8 6 4 8 7 6 6 10 9 8 3 2 4 10 9 7 5 4 10 6 5 5 2 7 3 2 8 9 8 8 5 2 3 7 10 8 2 10 10 10 7 5 9 9 8 4 3 7 4 8 9 7 2 5 2 2 5 9 6 10 9 9 8 9 7 9 6 6 3 7 6 6 2 4 4 2 4 2 4 10 4 7 6 9 9 3 2 6 0 6 7 10 2 9 4 10 3 4 2
5 10 8 6 7 3 10 7 5 6 10 6 8 10 5 4 5 5 5 4 6 5 8 8 2 8 3 5 4 5 5 3 10 7 9 5 8 9 2 10 8 6 8 8 6 7 6 7 7 9 8 7 7 10 2 8 5 5 10 4 7 5 2 4 6 4 4 3 2 8 8 5 5 10 4 4 2 2 10 10 5 9 6 5 6 9 6 6 7 8 0 2 7 7 6 5 7 7 5 2
2 6 7 6 9 7 9 7 10 3 6 3 10 3 5 6 5 2 2 8 5 5 4 3 8 4 3 5 10 4 6 8 6 3 10 5 7 9 4 7 5 3 7 2 2 6 10 4 4 10 9 9 3 7 3 9 6 5 9 6 7 6 5 3 10 6 6 8 7 8 2 8 4 9 6 3 7 10 4 2 6 9 9 5 4 4 5 7 3 6 7 0 7 9 5 3 3 4 9 2
5 4 8 6 9 6 2 8 10 10 7 3 3 7 9 5 5 10 8 9 5 4 2 8 7 9 3 4 5 10 5 6 10 10 4 3 2 2 2 6 5 8 10 4 2 7 4 5 3 6 7 3 3 8 3 8 2 8 7 3 3 6 5 6 2 4 2 10 2 9 9 9 4 9 2 9 9 3 9 7 2 2 2 2 10 8 7 2 2 8 4 9 0 4 2 6 8 9 2 5
5 4 8 6 2 10 5 5 8 8 3 10 4 9 9 10 8 10 2 2 4 2 6 6 9 3 9 8 10 10 9 7 4 9 2 4 2 3 6 6 8 4 3 7 4 10 4 6 7 5 2 9 6 6 2 8 3 10 3 5 2 4 2 7 10 9 8 3 10 6 10 8 8 5 7 9 8 5 3 6 9 8 2 3 2 4 10 7 5 9 6 3 5 0 8 8 2 9 10 2
10 3 10 10 9 5 9 5 7 3 2 10 7 7 9 10 4 7 3 2 8 7 3 2 8 4 3 2 5 6 2 7 6 6 10 7 6 9 5 8 6 4 5 3 5 7 9 7 4 9 3 5 2 3 3 4 6 10 2 7 3 3 2 6 5 9 7 10 3 4 7 4 3 7 5 4 5 10 6 4 5 10 6 8 8 4 9 2 3 10 2 8 4 9 0 2 5 2 2 4
9 7 10 3 10 6 10 5 7 8 9 2 3 10 8 5 3 5 10 2 2 8 6 4 10 8 2 9 7 3 2 4 2 2 3 3 9 9 9 9 7 7 8 4 9 5 4 10 5 10 4 5 4 10 9 3 3 6 7 10 5 7 10 2 6 9 3 7 3 2 4 2 8 6 6 3 8 5 9 5 9 6 6 8 2 4 2 4 10 7 7 3 6 2 2 0 5 3 7 5
9 3 4 2 10 7 3 7 6 4 8 2 9 10 10 5 5 6 3 8 3 6 5 9 8 5 7 8 4 10 7 5 5 3 7 5 5 7 7 6 6 9 4 10 2 9 9 8 5 7 9 2 3 6 10 4 8 8 3 8 9 3 6 10 10 8 7 2 7 4 6 4 3 7 9 7 7 9 2 7 4 7 9 3 8 10 2 3 2 3 10 5 10 9 4 5 0 2 10 5
5 7 3 9 7 9 7 6 5 7 2 5 4 3 9 2 9 2 4 7 4 3 8 7 2 9 4 10 4 3 9 2 6 8 4 5 7 4 8 9 7 9 7 8 4 5 3 3 5 10 7 6 9 6 6 8 6 6 9 7 9 3 5 6 7 3 10 7 10 9 6 4 4 3 8 8 4 8 7 8 7 3 3 2 4 9 8 2 9 6 5 4 2 2 3 7 2 0 8 7
7 4 3 8 6 6 6 9 2 6 9 2 10 3 3 6 9 10 7 2 6 4 5 10 2 10 3 2 4 2 3 9 9 9 8 7 8 6 9 8 2 4 6 5 8 6 9 8 7 2 4 5 7 5 4 10 5 7 7 8 3 6 6 4 10 6 3 3 3 10 2 3 5 10 4 7 8 4 3 6 6 8 5 6 7 4 7 7 5 10 8 10 8 9 4 8 10 10 0 7
8 5 2 7 6 4 2 3 9 6 4 4 10 2 3 3 8 10 10 10 10 3 2 9 2 2 2 3 7 9 7 9 8 3 6 7 8 9 2 10 5 4 6 8 3 4 5 9 4 10 3 10 3 5 8 9 2 8 2 7 3 8 10 2 10 3 5 4 7 9 10 5 10 8 10 5 4 10 2 2 3 8 6 10 5 7 10 3 4 10 10 8 10 2 9 2 10 6 6 0
