150
6 8 8 10 12 3669
7 12 55 13 34 2884
47 20 1 42 43 4282
13 56 5 32 37 2435
25 32 1 39 7 1534
1 15 35 37 36 783
32 7 44 13 8 639
7 13 13 13 13 3716
5 29 44 39 20 2568
54 7 1 4 13 3625
13 14 12 12 17 3710
36 34 24 19 35 2638
26 39 41 18 3 2080
46 11 50 29 47 1040
38 55 39 36 5 4812
27 51 25 10 32 2221
24 8 15 43 18 2152
6 53 44 41 38 4380
48 12 38 18 48 453
44 24 39 9 45 3988
38 6 49 12 32 2486
1 1 12 31 44 1190
57 25 24 49 46 3465
12 45 46 14 44 4143
21 32 1 44 30 3223
16 33 35 4 16 2909
28 17 21 31 4 2656
9 1 14 52 12 2800
56 9 36 34 6 2915
14 8 16 20 1 2741
19 41 51 27 11 1398
25 6 19 25 3 1476
38 4 23 38 34 3002
7 13 24 1 44 1708
44 15 1 48 34 3313
34 43 52 44 40 4756
38 24 58 14 18 4492
8 12 1 20 46 2806
6 28 31 7 38 2325
35 41 47 1 4 1075
53 46 40 11 3 1796
63 22 1 29 13 1444
32 1 34 17 6 4847
5 49 44 33 9 1761
6 36 19 51 50 554
50 5 42 21 5 4196
14 57 16 29 35 2878
24 6 9 34 9 1839
5 46 10 7 17 1879
17 30 1 18 39 1256
3 45 44 8 9 3586
33 34 10 1 11 2700
4 38 9 6 6 700
16 55 31 44 36 1034
1 9 18 42 37 4679
39 55 39 3 39 601
11 49 17 4 40 4190
13 12 37 35 50 4673
18 8 46 48 34 4276
23 52 51 8 49 3561
25 20 52 47 7 3459
32 38 12 2 42 3319
33 6 48 41 39 1767
38 9 1 15 21 2694
37 41 1 5 6 1136
19 45 31 44 6 3994
55 44 38 1 34 4806
43 8 11 20 25 1990
52 24 11 26 35 2274
9 23 32 39 21 3087
53 38 45 40 5 1081
32 40 35 18 19 2644
6 6 9 18 46 4571
3 27 41 4 1 203
37 21 51 26 37 3922
37 58 22 4 28 1392
27 44 50 11 43 3776
1 46 32 24 1 3230
24 6 48 5 49 2403
1 1 37 32 48 294
38 52 9 43 25 459
8 5 20 26 27 3770
53 1 3 40 28 300
12 27 1 42 42 1702
25 37 26 46 23 3928
47 38 1 38 19 4853
54 48 9 47 38 3555
27 35 3 17 32 3008
20 41 3 23 38 141
31 1 42 28 28 3217
50 53 12 43 30 948
1 30 37 51 14 378
29 7 40 12 2 1569
1 43 9 55 8 2397
49 8 43 41 15 3592
24 46 56 38 3 607
6 23 35 8 22 1262
23 46 1 3 35 197
8 12 39 9 5 1885
36 21 2 8 46 2158
24 7 28 31 7 2268
35 1 1 9 37 1130
15 15 23 29 50 1984
39 13 1 22 26 1609
46 34 31 8 1 3224
47 40 16 1 16 1790
3 17 21 26 26 3856
19 32 44 39 13 2046
23 36 27 30 4 3159
18 17 28 43 42 2052
26 29 1 42 1 2319
14 32 41 48 38 4762
14 1 43 30 19 3398
52 44 7 42 27 4137
9 4 11 9 8 3663
5 10 18 1 23 2735
16 27 32 3 1 2650
27 1 26 8 24 1438
1 46 12 1 19 1563
49 6 35 42 46 2574
17 57 8 19 10 4486
45 40 30 52 12 4442
8 1 11 29 39 789
1 26 8 24 21 1482
2 6 26 38 7 1184
29 27 36 27 37 3081
6 1 20 21 4 1603
39 23 45 49 43 548
39 20 7 13 29 1845
21 7 7 24 28 3776
30 6 16 39 48 1346
36 28 26 1 50 3153
51 40 42 45 36 4374
21 20 30 29 40 3850
28 46 13 45 49 4063
47 14 52 42 8 4057
44 47 3 2 9 3631
35 26 42 45 17 862
44 42 17 1 14 2074
35 41 47 10 43 372
3 20 25 3 43 1540
57 11 13 14 21 4577
60 35 9 41 15 645
38 47 46 29 48 4448
39 6 21 37 6 135
1 50 32 21 49 3392
8 22 50 19 17 2227
43 14 1 4 31 694
15 40 31 39 48 868
3 20 40 49 24 1340
0 3 9 0 4 7 2 1 4 6 2 9 5 5 1 9 1 3 2 6 3 1 3 3 5 3 5 0 8 3 1 3 3 6 2 8 10 4 3 8 1 10 8 8 3 7 8 4 10 10 0 8 6 0 3 4 8 3 9 10 1 5 1 6 8 8 9 4 7 8 4 1 8 5 1 7 5 0 10 0 3 0 4 2 1 9 1 3 1 4 6 10 6 4 10 3 6 5 3 6 7 6 2 7 3 3 2 0 0 3 8 4 8 8 8 0 10 9 6 1 8 1 3 6 1 2 10 2 4 2 4 10 0 9 9 5 8 3 5 6 9 3 4 10 6 1 7 0 7 0
10 0 9 9 8 0 5 5 0 1 7 6 4 10 6 8 6 6 4 10 0 0 1 10 8 7 1 7 2 9 3 4 6 5 1 4 1 2 3 2 10 3 9 1 5 6 6 7 5 3 8 4 8 0 9 6 6 0 1 0 4 5 0 5 9 1 2 6 2 8 1 1 7 2 0 8 10 4 2 0 1 6 4 0 1 5 2 9 0 10 6 2 9 3 10 3 6 2 7 1 7 1 6 10 6 9 8 6 7 3 6 9 10 2 7 1 0 0 2 1 7 9 6 10 9 1 3 6 8 4 7 3 1 10 6 8 6 2 5 8 10 3 6 9 8 9 9 2 6 8
7 9 0 10 4 8 0 0 10 1 8 0 3 4 8 7 7 3 4 5 7 9 0 1 0 6 10 4 1 9 5 7 0 6 7 4 2 3 1 9 10 9 3 7 9 6 0 2 3 1 3 2 7 7 2 9 9 2 7 4 0 9 3 8 1 1 3 9 6 3 4 10 10 8 4 0 3 9 4 4 3 1 3 8 9 4 3 6 0 0 4 1 3 0 0 3 4 3 4 10 6 0 0 10 6 2 4 8 7 2 2 1 7 4 3 9 4 10 8 10 10 10 4 8 3 2 6 8 0 10 4 2 1 6 5 2 3 8 7 1 3 2 0 2 0 10 8 2 5 0
6 4 9 0 3 2 1 1 6 1 1 2 5 2 9 1 5 9 6 2 14 4 4 4 2 5 4 6 3 8 1 4 4 7 1 4 6 3 7 10 1 0 0 7 3 8 1 7 8 1 6 5 7 10 5 8 4 6 10 6 10 3 2 4 2 5 7 10 6 5 10 0 9 3 5 4 7 0 3 5 2 1 0 4 3 4 7 3 8 9 7 8 6 1 4 5 4 2 5 10 3 7 6 7 5 9 8 1 9 0 9 10 9 8 5 0 1 2 8 8 5 1 6 8 7 6 1 4 2 6 0 1 4 1 7 2 4 1 0 5 4 1 1 3 4 9 0 10 5 6
9 1 4 6 0 0 7 0 1 7 10 3 4 0 7 1 6 7 7 0 0 4 4 10 8 1 2 3 7 6 8 2 9 3 3 1 0 6 3 7 9 4 8 7 4 9 5 0 5 1 8 6 10 1 7 9 2 2 0 4 7 0 8 9 10 4 9 6 0 1 2 1 6 8 3 5 10 4 4 0 9 0 7 5 6 4 8 7 9 5 4 4 8 2 5 10 8 9 2 2 5 3 1 6 2 6 3 6 0 6 4 8 8 0 3 7 1 2 10 4 2 3 3 10 4 10 5 9 0 3 7 1 8 3 10 8 0 9 7 8 13 7 1 1 0 3 5 7 0 8
8 3 0 5 8 0 10 6 4 0 2 4 0 8 0 4 7 5 9 3 4 3 10 10 10 8 7 0 10 8 6 2 7 0 10 3 5 5 1 7 0 0 2 2 9 1 5 1 10 8 6 2 9 9 6 6 3 3 8 7 4 8 5 5 1 10 3 0 1 5 6 2 1 4 8 8 6 0 0 6 2 9 0 7 6 6 0 3 2 7 8 8 9 6 5 0 9 5 3 7 1 5 6 1 10 9 3 9 8 2 6 6 8 0 2 4 6 10 8 9 5 5 9 8 9 2 4 7 2 0 8 3 4 8 0 10 4 6 5 10 8 6 10 7 1 10 0 0 8 7
9 6 0 10 0 8 0 10 6 3 6 5 10 10 9 7 0 3 5 0 7 9 8 6 0 9 3 0 6 3 7 3 9 7 5 9 4 2 4 0 6 6 0 3 1 7 2 5 5 9 2 10 9 4 3 10 4 4 3 9 7 7 9 4 2 9 3 1 8 9 4 5 9 2 1 2 10 5 1 3 10 4 7 10 6 10 1 2 10 9 0 4 2 7 2 7 4 1 10 6 4 1 10 4 8 6 3 8 1 2 6 6 9 4 7 10 5 8 10 9 10 2 4 9 9 0 3 9 5 4 8 6 0 3 6 3 7 2 5 7 0 1 13 10 5 9 6 7 5 8
4 5 0 7 10 0 10 0 6 7 7 4 4 8 8 5 9 1 7 6 2 5 1 8 1 5 0 6 3 8 2 0 7 9 4 6 4 4 7 1 5 4 6 7 1 0 5 0 0 3 8 7 9 2 2 4 3 10 9 8 2 1 10 9 3 2 9 2 2 4 3 7 7 9 7 6 10 0 3 8 6 9 5 9 9 10 2 8 9 1 8 9 6 1 3 1 2 0 1 7 9 3 5 8 9 8 2 6 7 2 3 7 7 2 0 10 7 9 6 9 6 5 0 3 7 4 5 7 0 0 1 10 10 1 6 8 7 6 8 6 10 8 5 0 2 4 10 6 4 3
2 7 10 6 2 4 5 7 0 4 0 10 9 2 9 9 4 3 7 7 7 4 7 7 0 0 3 1 6 6 9 3 2 5 8 4 3 7 0 7 9 8 2 10 5 2 5 6 5 1 3 6 9 0 0 7 3 6 9 2 7 7 7 6 3 2 3 7 4 7 8 9 4 8 4 0 8 9 10 9 9 0 2 0 1 5 9 1 10 1 3 7 6 1 2 9 6 4 5 2 6 9 10 8 4 2 5 9 9 10 9 3 5 10 4 2 2 10 6 14 10 8 9 4 10 2 7 8 7 9 5 8 3 5 9 0 6 10 9 4 1 2 2 8 7 2 1 1 0 1
10 5 1 5 5 7 5 0 4 0 1 4 3 2 5 6 8 8 4 10 2 8 9 5 7 6 10 9 2 8 10 9 6 4 7 1 3 7 8 5 7 4 5 4 8 0 10 3 3 8 0 8 2 4 7 0 4 7 5 1 3 7 7 1 7 5 7 8 1 5 6 8 2 6 1 4 2 2 6 3 7 1 3 5 7 1 1 1 8 7 9 8 5 1 7 1 10 4 9 8 9 1 7 2 0 4 2 2 8 10 7 5 10 8 8 6 7 7 6 9 4 5 5 1 2 2 9 7 10 0 5 1 5 4 6 6 13 5 8 2 2 6 4 2 1 1 4 2 8 9
4 2 3 3 4 6 2 12 3 9 0 3 8 5 10 5 8 7 5 0 3 2 2 4 6 5 6 6 5 9 9 8 4 0 8 0 8 4 2 8 4 7 10 5 6 9 10 9 1 3 2 6 10 4 1 10 5 9 2 0 9 2 8 2 0 4 3 9 9 7 9 6 6 2 4 7 9 3 0 6 10 2 0 7 2 0 5 5 1 2 10 9 0 7 7 5 9 1 4 1 5 0 6 2 1 3 4 9 7 7 10 9 3 1 0 8 5 0 7 9 4 9 10 1 1 7 2 8 5 0 4 1 9 4 10 10 3 4 2 9 3 5 1 1 6 5 8 3 0 10
9 9 7 4 5 3 1 8 8 1 2 0 1 9 8 2 5 0 0 7 1 0 5 5 5 10 1 4 4 10 6 10 7 8 1 0 6 4 5 1 0 7 0 6 5 0 1 4 7 9 6 10 6 3 9 7 10 2 3 5 9 1 10 9 6 6 6 6 0 0 10 14 3 4 10 10 0 6 6 9 5 4 8 4 3 3 7 8 2 8 6 9 10 4 8 4 1 3 2 5 5 7 4 10 5 5 8 8 6 9 6 3 2 7 9 2 9 2 0 8 1 2 5 1 7 3 9 4 5 0 1 10 3 5 6 7 3 1 9 2 6 8 6 7 10 5 9 4 5 6
4 8 7 9 1 9 3 5 5 6 4 3 0 7 3 9 7 0 1 4 8 7 4 8 4 0 5 4 0 9 5 0 0 2 7 2 3 9 6 5 6 2 9 1 4 5 3 8 6 3 0 3 10 5 9 1 6 7 3 2 5 4 4 0 10 9 3 4 2 6 1 2 8 3 6 0 1 6 9 2 2 9 3 3 0 5 1 8 2 9 9 4 10 7 10 10 4 1 3 9 6 3 6 7 7 4 1 5 2 4 6 8 0 8 5 2 3 6 9 10 0 8 9 6 2 5 1 1 4 0 6 0 5 10 4 1 5 2 4 4 4 6 7 8 8 3 5 6 2 5
6 10 4 7 10 2 2 7 5 4 10 0 3 0 0 6 2 5 1 10 7 0 7 7 3 8 7 3 1 1 8 2 0 3 8 10 6 7 8 8 9 6 2 10 8 2 4 1 6 0 5 7 7 3 2 6 8 6 7 9 6 3 6 8 4 1 6 6 2 7 9 9 2 6 6 2 7 4 0 3 3 3 5 10 8 4 4 9 0 9 6 7 6 3 1 10 7 0 3 7 10 6 6 1 2 4 1 8 0 0 2 9 4 1 7 2 1 10 0 5 4 5 9 10 3 7 1 2 10 6 7 6 1 6 6 6 10 7 4 0 4 3 6 7 1 3 7 1 6 3
9 2 0 2 0 8 2 3 6 6 3 10 5 0 0 3 10 4 1 7 4 5 5 1 8 10 4 4 8 1 8 6 7 3 2 7 8 0 2 8 6 2 6 4 0 7 0 1 8 6 4 1 1 6 8 8 1 7 6 1 1 1 8 5 7 1 10 10 8 3 3 1 3 0 4 9 6 4 5 3 4 3 9 8 8 2 6 7 10 8 3 4 9 9 8 7 9 4 3 4 7 7 5 9 2 3 4 5 6 0 4 1 4 9 3 6 10 8 8 2 1 9 9 10 6 0 1 8 8 7 7 8 2 9 3 2 2 9 3 6 7 1 6 7 4 4 3 5 4 10
8 7 9 9 6 1 7 9 2 4 5 2 9 9 10 0 9 10 4 3 5 4 7 9 2 4 7 5 4 10 4 4 5 6 6 6 2 6 2 3 7 2 5 0 9 0 7 4 9 8 0 0 5 3 4 10 6 10 3 7 5 1 9 9 9 0 7 3 0 3 8 7 3 6 3 4 8 0 2 3 9 2 7 4 0 5 9 7 5 10 9 2 10 10 2 10 2 1 5 8 8 1 1 8 0 2 1 1 1 5 7 1 3 9 3 1 10 3 9 4 0 2 8 0 8 2 9 9 5 1 2 8 10 6 2 4 4 9 10 5 5 1 9 9 2 3 10 6 8 7
6 0 8 0 10 7 2 4 2 4 2 2 6 5 10 7 0 9 9 10 2 9 4 4 0 9 7 10 1 4 7 1 3 7 8 4 3 5 6 1 7 0 9 1 4 10 5 2 5 9 5 5 0 0 5 10 10 7 9 4 4 10 2 0 7 9 5 2 7 1 1 4 3 1 6 4 2 6 6 9 7 4 0 9 5 8 5 6 9 7 4 3 5 4 3 9 2 7 2 13 9 1 4 1 3 6 9 5 1 2 4 0 3 10 2 1 5 1 1 10 8 4 3 0 4 4 3 0 1 3 7 9 6 10 0 10 0 8 8 7 5 3 5 1 3 7 7 2 8 4
1 2 2 6 6 5 3 8 9 6 1 7 4 4 8 8 3 0 5 8 3 10 9 9 9 4 8 4 5 6 1 4 8 5 0 3 3 0 5 1 8 8 10 5 8 10 10 9 3 5 9 2 8 5 9 10 4 7 10 1 10 7 10 8 1 5 9 8 10 3 8 0 10 2 1 5 3 8 10 2 1 2 7 3 3 4 6 8 2 0 7 9 8 4 2 7 3 5 3 7 0 9 4 10 10 0 8 4 5 4 4 2 0 7 6 10 3 1 4 4 5 1 2 10 2 7 9 2 6 7 0 3 9 9 0 10 1 9 4 4 8 4 10 8 4 6 8 10 4 9
2 4 4 7 4 0 0 8 0 10 4 0 0 9 0 7 5 7 0 1 2 1 2 7 6 9 2 5 10 9 8 10 3 2 5 2 8 10 0 8 1 6 3 4 0 10 4 9 7 5 7 10 2 3 4 10 0 4 9 0 10 6 6 5 10 6 4 9 2 0 10 6 3 9 8 4 4 3 2 9 12 0 5 8 0 8 0 2 6 9 5 2 3 4 8 1 10 1 2 0 2 9 2 0 3 9 1 2 0 0 2 7 7 0 2 7 0 5 4 4 6 1 9 10 6 6 7 8 9 9 3 2 8 8 5 5 9 3 2 0 10 0 7 4 3 10 3 0 4 5
9 0 10 4 5 4 7 2 4 6 7 2 8 4 0 10 7 6 0 0 5 6 6 10 2 8 1 1 5 4 7 8 8 2 5 2 0 8 0 5 9 7 9 2 3 2 1 2 1 5 0 5 10 2 3 2 6 5 8 8 10 7 4 9 2 9 1 6 7 5 6 7 8 6 0 5 6 8 3 6 8 8 2 2 6 0 1 1 6 1 2 7 2 9 7 3 9 10 0 10 2 10 4 10 3 5 9 4 4 4 0 0 7 7 2 9 8 5 5 4 5 2 8 3 8 5 4 1 5 1 1 1 3 3 5 8 6 10 2 5 9 7 9 3 1 9 8 5 0 0
1 0 8 6 8 9 1 6 8 3 2 4 0 4 7 8 2 5 1 0 0 1 6 3 5 6 3 9 1 5 2 4 6 4 7 3 3 2 1 3 3 8 0 5 10 3 8 10 8 8 10 5 0 0 7 5 4 2 3 10 0 6 8 2 4 1 4 6 9 5 6 4 1 8 8 6 8 8 1 9 7 3 3 5 7 2 4 6 9 4 7 9 10 10 9 1 10 0 8 10 0 0 3 2 7 9 1 7 9 7 5 3 0 8 1 9 7 9 7 10 1 7 6 2 2 9 9 9 8 7 5 1 0 0 4 1 9 9 7 2 3 6 10 9 5 9 10 5 8 3
3 5 9 9 8 8 5 4 1 4 5 8 2 1 5 0 3 4 0 8 0 0 3 8 8 6 8 6 9 7 1 9 9 6 2 3 8 5 6 3 0 9 8 6 0 2 1 4 8 0 8 9 9 4 1 3 8 3 7 0 6 7 3 6 0 0 7 1 9 4 3 0 4 7 9 8 8 10 2 7 9 0 1 2 0 4 8 2 3 4 5 1 5 1 0 7 8 6 8 8 0 1 9 7 10 9 5 2 8 7 4 7 9 8 5 6 5 9 8 9 5 2 0 4 1 0 9 3 7 1 9 2 3 0 0 7 4 5 10 8 2 4 9 0 10 5 3 8 7 5
10 6 5 3 9 8 10 9 4 1 2 10 3 9 0 2 6 9 8 8 0 0 0 9 0 4 4 8 3 6 0 5 4 4 5 1 9 4 6 10 9 0 8 0 6 10 8 4 1 6 10 5 10 8 6 1 0 1 5 0 7 6 1 5 10 4 0 1 7 5 7 10 0 9 4 1 2 10 2 1 9 4 9 2 2 0 10 1 9 10 8 4 1 2 8 2 10 7 5 0 8 1 6 5 0 9 2 2 8 9 9 3 1 0 0 9 3 8 0 10 9 7 8 6 3 1 1 4 6 4 5 5 8 3 9 5 2 4 2 9 3 5 0 3 4 1 6 4 6 1
10 9 1 5 2 2 9 3 5 1 9 5 9 0 8 6 0 10 4 8 7 2 1 0 7 6 0 1 7 9 4 5 9 8 4 4 8 4 2 9 7 9 10 0 4 1 5 5 2 2 1 8 9 4 3 9 5 8 7 3 9 7 9 9 3 5 1 5 1 0 7 0 9 0 10 6 3 9 0 4 5 1 3 6 1 6 0 5 6 8 6 4 6 3 1 2 3 3 5 9 4 5 0 7 1 8 2 4 6 10 3 8 7 2 0 6 3 2 6 7 3 8 9 4 8 4 2 4 2 6 5 8 6 5 1 8 5 1 6 8 8 5 4 4 7 9 8 10 8 2
5 8 4 6 6 2 5 2 6 9 10 9 1 10 3 1 10 7 0 0 1 4 5 3 0 5 5 6 7 3 6 1 10 3 9 1 3 7 4 2 8 3 7 0 0 0 5 3 2 3 2 2 6 8 7 6 10 5 4 0 10 3 1 9 7 10 5 6 1 7 4 2 7 0 6 2 3 1 10 10 1 5 10 0 3 2 6 0 3 1 8 3 6 8 10 10 9 0 4 0 2 5 9 9 0 4 6 3 7 2 5 7 3 0 4 2 7 0 2 4 0 5 6 6 4 8 1 2 1 3 3 1 2 5 9 9 5 10 7 3 4 9 6 0 1 10 3 4 10 3
4 5 9 0 0 6 4 1 1 4 3 0 9 10 1 2 7 0 6 4 3 4 0 7 2 0 7 10 10 0 5 4 1 8 9 8 5 7 5 9 5 4 5 5 10 9 5 2 2 3 7 10 7 3 5 5 3 8 3 3 5 7 7 5 2 2 1 4 10 1 9 5 9 4 7 0 5 2 0 9 5 1 6 3 10 2 5 9 0 2 7 2 4 1 3 2 1 0 6 8 5 7 1 0 3 3 10 2 0 10 8 1 2 1 10 4 1 1 8 0 2 8 9 1 0 6 3 10 10 6 9 10 10 4 1 0 10 4 6 4 6 10 2 3 8 1 10 3 0 0
5 1 2 4 10 2 6 5 9 10 2 4 6 1 4 3 9 9 1 2 6 0 0 6 2 10 0 9 7 5 10 4 3 0 8 7 0 2 2 4 5 6 10 7 6 5 2 0 10 2 2 1 1 7 1 9 7 4 9 7 2 5 8 5 1 0 5 4 7 3 1 10 9 7 5 1 3 4 6 1 3 4 0 7 1 2 5 9 5 0 2 7 4 9 2 8 6 2 2 6 2 0 1 3 10 3 4 8 10 9 6 6 8 1 8 3 6 2 5 7 7 0 4 8 9 4 3 2 8 3 7 9 10 0 6 0 4 4 2 0 8 4 9 10 3 0 6 8 6 6
2 3 7 1 9 4 0 2 6 5 7 3 9 3 7 6 7 4 3 8 4 9 7 5 2 9 9 0 7 1 2 2 8 8 0 6 8 8 5 1 5 0 0 6 7 5 6 0 9 5 3 2 8 0 0 9 10 9 8 3 5 6 7 3 2 2 10 6 7 8 3 8 1 9 2 2 1 2 4 10 10 10 0 7 2 2 7 5 4 5 1 9 3 4 1 9 4 8 5 5 10 9 1 6 0 9 10 5 8 6 8 7 0 4 5 2 0 6 7 3 5 3 1 5 7 10 10 1 8 3 2 4 10 7 2 9 1 10 3 6 3 8 5 1 8 6 5 8 6 9
2 2 4 1 8 1 7 6 0 2 7 6 2 10 4 3 8 9 8 10 2 10 5 6 9 1 3 6 0 8 7 3 0 5 7 2 0 10 1 5 0 6 6 9 8 4 9 0 10 3 10 8 8 6 4 0 7 4 6 7 10 7 7 8 1 2 8 5 7 0 1 5 7 5 9 7 9 6 5 10 2 9 3 1 8 2 10 2 5 10 4 4 5 3 7 8 7 0 10 2 8 5 5 4 10 7 0 1 3 4 5 1 4 9 10 3 2 9 8 7 8 4 0 0 4 0 9 6 9 4 10 10 0 9 4 8 1 9 8 0 7 5 1 5 2 10 5 9 4 7
1 6 3 7 3 1 0 1 10 9 10 1 8 9 9 7 1 5 9 0 9 1 9 10 8 1 7 6 9 0 2 0 6 6 4 3 4 8 7 10 0 10 7 4 1 4 7 9 6 7 3 8 3 2 5 5 3 4 3 1 6 8 10 3 7 7 2 5 7 7 9 2 5 6 6 9 3 0 3 2 6 1 4 4 9 5 2 10 4 0 6 7 7 2 8 1 8 7 3 9 3 9 6 6 7 0 4 1 9 4 4 0 3 9 7 10 5 10 1 9 2 3 2 2 8 10 3 9 2 3 8 6 1 0 8 0 6 6 8 10 3 9 7 4 7 2 3 7 0 6
6 10 9 2 4 8 10 7 7 5 1 0 8 3 4 9 10 0 5 8 10 2 0 5 7 9 4 3 10 9 0 4 7 9 9 0 10 1 8 10 6 4 9 2 3 3 6 7 6 8 6 1 4 3 10 9 8 8 5 3 4 9 9 6 2 9 9 5 7 6 0 2 3 3 8 8 0 8 1 6 6 9 8 5 0 1 7 1 0 3 2 6 4 10 6 5 6 2 4 8 7 3 0 1 5 0 7 6 9 10 0 5 7 10 4 6 5 0 6 10 1 0 3 10 8 1 10 8 0 6 6 2 2 6 3 3 8 1 4 0 7 8 4 7 5 7 2 4 5 9
8 8 4 9 0 4 0 9 10 9 0 5 9 3 8 4 2 2 9 2 4 2 5 1 4 5 1 1 9 4 10 0 8 8 7 4 7 7 5 10 9 10 8 2 5 5 0 2 7 1 3 1 2 7 9 6 3 6 2 6 3 9 7 5 9 7 2 9 3 5 5 10 0 5 6 9 1 4 6 8 8 4 9 1 10 6 8 9 4 5 5 7 10 4 4 10 5 2 0 3 4 10 1 0 5 9 1 5 10 7 1 10 5 7 9 5 3 10 6 1 0 7 4 9 0 5 7 7 4 1 1 10 3 1 10 3 4 6 3 9 7 3 6 3 1 0 4 9 10 1
9 0 5 3 1 1 4 9 6 0 1 5 0 2 5 1 2 0 10 10 10 10 7 1 6 9 10 1 2 5 3 7 0 7 9 6 4 6 0 4 2 6 8 7 10 8 1 5 9 3 4 4 3 1 9 6 0 0 7 2 10 10 3 1 0 0 2 10 5 6 9 2 5 1 2 9 3 0 3 3 8 10 2 9 8 1 8 15 2 3 0 5 10 4 3 6 1 8 4 2 8 6 6 2 3 1 2 10 7 0 2 4 6 2 7 9 6 2 6 7 5 6 10 2 3 10 7 2 7 7 2 3 10 2 3 4 8 1 4 0 4 9 8 2 4 10 0 3 10 7
9 4 3 6 1 4 3 6 9 8 0 4 8 10 10 8 4 6 10 4 7 3 8 4 8 7 1 4 9 6 4 8 9 0 0 8 8 3 3 9 9 3 2 0 1 8 2 9 1 10 2 4 4 1 0 4 1 10 10 8 3 3 4 4 10 5 0 5 2 1 7 9 10 5 0 10 6 0 6 4 4 6 10 9 9 6 8 7 3 10 3 7 2 3 4 7 9 0 1 10 9 3 2 5 9 10 2 2 3 0 4 2 5 8 9 7 1 6 9 0 9 10 0 5 4 3 0 4 5 2 3 2 4 1 0 3 9 7 9 7 10 3 10 7 3 8 8 4 6 8
8 4 6 5 9 0 6 9 5 7 4 2 9 0 10 9 0 3 8 8 5 8 6 6 1 3 3 1 2 3 7 0 5 7 0 5 2 2 0 6 9 2 6 3 0 3 9 9 9 0 8 9 8 10 1 5 9 1 5 3 4 14 1 1 10 6 2 10 2 2 9 2 10 6 0 10 9 2 4 4 9 0 10 6 10 7 6 0 1 9 5 7 8 10 0 3 10 6 3 3 2 9 7 7 6 9 8 0 9 5 4 10 4 1 6 9 1 9 5 9 4 10 9 7 9 6 1 1 1 2 9 6 6 10 8 4 9 7 9 0 3 2 10 7 9 8 1 7 8 1
4 7 0 6 0 2 0 5 7 0 10 5 4 5 1 2 8 10 3 2 0 4 3 5 10 8 2 1 8 3 3 0 4 1 8 0 10 8 7 9 0 10 7 9 9 5 0 4 2 4 0 7 6 9 5 5 2 0 3 2 5 6 7 6 1 3 2 1 1 9 0 3 6 7 4 3 10 5 1 2 5 0 10 9 0 8 5 5 2 10 8 1 10 3 5 8 10 5 9 4 3 3 5 1 6 6 4 6 7 1 9 10 2 5 5 2 6 7 6 3 5 0 8 6 6 8 10 9 0 8 9 10 8 1 6 7 5 9 1 3 5 10 2 6 10 7 9 7 4 5
0 6 9 1 1 8 1 4 1 6 7 3 5 5 2 1 7 6 2 10 3 8 2 4 4 0 4 4 5 1 3 8 7 6 9 7 0 4 0 4 0 5 4 10 1 6 1 2 4 6 4 1 2 8 7 5 7 3 5 0 6 6 10 4 4 10 7 0 5 3 0 5 6 1 7 2 5 9 2 4 3 7 10 10 10 1 9 9 3 4 7 7 10 8 1 8 2 2 6 9 4 2 6 6 9 0 4 4 1 4 2 7 1 10 1 2 1 9 1 3 3 6 6 7 6 8 7 1 0 3 6 10 9 10 7 8 10 5 4 2 5 1 6 8 1 7 4 3 2 1
5 3 7 7 7 3 2 3 5 0 0 5 8 8 6 7 6 6 0 10 2 5 4 6 5 1 3 3 6 2 7 8 7 5 6 6 2 0 9 0 7 3 6 8 10 8 7 6 2 1 8 9 8 7 6 7 8 5 4 8 0 6 8 8 1 4 8 2 5 8 10 9 8 1 3 9 3 3 2 8 10 1 2 10 6 4 3 4 3 2 2 5 2 1 1 1 10 6 5 5 5 10 9 5 0 8 4 8 4 2 6 7 0 9 0 2 9 5 0 8 4 9 6 2 8 10 9 1 6 8 2 5 8 3 7 9 6 7 2 4 1 0 0 1 10 7 0 8 9 9
4 1 10 10 10 3 5 3 3 4 5 7 0 1 6 10 10 2 2 7 6 3 8 9 4 2 1 9 5 10 6 2 1 7 7 2 7 8 0 6 7 2 3 7 0 8 8 3 3 7 0 0 9 6 4 4 9 7 2 5 0 5 10 2 8 7 0 10 6 7 7 9 5 10 4 6 6 10 5 3 10 9 9 10 3 3 5 9 8 7 9 4 9 0 3 4 1 10 3 5 7 9 7 3 8 6 8 8 9 0 4 4 3 3 10 2 7 3 3 5 5 10 1 4 0 4 1 5 10 1 3 8 7 10 9 9 10 4 5 6 5 8 9 8 5 10 7 0 10 0
10 10 5 1 2 4 3 6 4 8 6 6 6 10 8 2 1 1 1 2 9 5 6 3 2 7 6 7 1 0 2 1 7 10 4 1 2 10 1 0 0 2 2 5 5 4 6 6 7 9 1 7 5 9 3 0 0 2 9 1 3 8 8 5 6 5 5 3 9 1 15 9 0 9 7 9 10 5 8 3 7 9 0 1 9 5 9 9 7 6 6 5 9 6 3 8 5 9 2 0 0 4 10 9 3 7 0 7 6 7 2 10 1 8 3 7 5 4 8 9 1 7 3 8 8 7 9 0 5 4 6 10 9 3 1 1 4 3 6 3 9 10 8 6 2 1 5 2 7 1
6 8 0 9 10 10 6 2 10 2 5 10 10 2 0 10 2 1 4 7 10 4 1 9 9 6 1 6 9 4 7 2 1 8 6 1 7 10 10 9 0 10 2 10 8 3 0 9 8 5 7 0 9 2 2 7 6 7 4 8 8 4 9 5 7 2 9 6 4 4 5 10 0 0 10 10 8 9 5 7 3 8 7 9 9 8 7 0 2 3 8 2 4 8 6 6 8 4 4 9 10 0 4 3 8 0 5 2 0 5 7 9 7 8 4 1 8 2 2 3 7 10 8 8 5 1 9 3 5 3 7 7 3 6 1 3 4 10 3 3 5 6 4 10 2 7 6 0 8 4
7 10 10 9 6 10 6 2 1 10 10 6 8 1 0 4 5 5 1 5 1 4 3 4 2 8 9 1 7 7 7 1 9 0 2 3 4 1 6 10 5 0 3 2 9 5 5 6 9 9 10 4 2 9 7 1 6 0 8 0 3 0 5 5 6 6 4 5 0 4 9 1 5 3 9 6 0 3 4 2 6 8 0 9 7 9 2 4 5 10 0 5 9 10 9 6 8 2 0 8 6 10 1 1 7 4 10 5 1 6 10 8 0 10 3 4 6 0 4 7 7 2 4 7 8 6 5 6 3 9 3 0 6 3 7 1 6 10 0 4 10 10 6 1 0 4 7 2 0 2
10 8 9 5 7 4 2 0 6 5 0 1 4 6 7 7 3 10 8 5 3 1 0 3 9 8 4 2 8 2 7 1 1 4 5 10 0 1 5 0 2 7 0 9 1 4 4 0 2 9 8 4 5 3 7 10 10 6 9 6 8 2 5 4 5 9 9 10 10 7 2 9 10 3 8 3 0 5 2 3 8 3 10 5 0 13 1 0 0 9 8 6 0 2 2 8 0 7 4 8 10 4 10 9 10 5 2 5 3 5 8 0 5 8 0 10 0 10 0 1 9 8 1 9 4 7 8 2 8 4 0 6 6 10 3 1 4 10 9 8 2 10 9 3 6 1 7 3 8 6
7 3 7 1 8 5 3 3 7 7 3 6 2 6 1 7 2 7 7 2 5 6 10 5 8 4 4 5 10 8 3 0 10 6 3 6 5 5 0 6 10 3 10 0 5 2 7 9 7 6 10 6 9 7 8 2 5 2 2 10 1 8 13 7 6 9 6 5 1 0 2 9 8 9 0 10 9 8 8 3 3 6 10 10 1 10 8 5 5 3 3 6 1 0 3 7 6 7 6 8 2 10 6 6 8 10 7 1 4 5 5 4 9 9 2 3 5 0 5 6 7 8 4 5 8 4 3 10 9 8 6 0 4 5 7 1 4 9 3 5 1 3 10 4 6 4 6 8 9 5
6 9 4 9 8 2 5 7 7 9 1 0 7 9 10 1 2 2 1 9 6 8 3 7 1 5 10 3 0 1 7 0 2 1 9 8 2 8 2 4 1 0 7 8 0 2 6 1 7 3 6 0 8 2 0 10 3 10 4 3 4 7 0 2 3 3 1 7 3 8 8 5 10 8 8 2 4 1 4 0 6 2 0 4 8 10 1 2 2 3 9 0 10 4 9 10 7 0 9 2 7 6 2 5 7 4 2 1 4 10 5 9 0 0 5 1 7 8 1 8 4 3 8 4 10 2 6 2 1 4 2 2 4 1 7 6 9 4 5 10 6 1 10 0 10 6 2 5 7 1
5 2 3 9 8 0 4 8 9 2 8 2 8 8 0 3 5 0 1 2 8 1 2 3 10 8 9 0 8 4 5 4 2 10 1 4 0 4 8 7 3 9 0 9 7 0 4 4 8 6 4 8 6 7 0 10 1 8 1 5 4 4 5 6 10 2 3 2 3 5 3 8 1 5 9 8 6 7 7 7 2 3 8 0 8 3 10 5 1 10 4 3 8 2 8 5 4 0 6 6 0 6 7 6 4 10 4 0 10 9 3 10 8 1 3 4 2 5 0 1 1 6 10 4 0 0 2 6 4 2 3 9 10 7 0 6 2 6 1 7 0 3 2 10 2 7 8 6 0 5
6 15 4 9 9 3 3 0 8 1 9 9 3 4 5 5 9 10 0 2 1 0 5 6 6 8 7 10 8 7 7 7 6 6 7 9 8 2 3 8 2 4 0 6 1 9 0 8 7 6 6 9 3 9 0 2 7 6 4 2 9 7 9 1 4 8 10 0 2 9 7 4 5 8 4 2 9 2 8 1 4 8 2 6 3 2 3 6 1 5 0 2 2 2 4 6 10 8 0 5 5 10 0 1 2 6 5 10 3 2 4 2 9 2 9 4 2 8 7 6 3 2 5 8 8 7 5 5 0 1 0 5 2 0 0 0 6 4 9 1 1 1 0 3 9 0 1 5 3 4
1 7 2 3 4 2 5 2 10 8 7 9 9 7 8 6 9 4 3 3 10 10 3 4 7 8 10 0 5 2 2 7 9 7 4 8 2 9 7 8 8 7 7 1 1 4 9 0 5 3 9 1 1 3 8 4 1 5 3 1 1 10 3 2 0 2 2 7 7 4 10 1 9 8 1 10 3 5 4 9 0 0 6 1 9 9 4 0 3 2 2 8 8 1 6 9 0 8 10 4 2 0 8 10 2 5 7 9 10 10 2 3 5 4 9 1 10 7 7 9 9 0 0 6 10 0 4 9 14 7 0 10 2 1 4 7 9 2 9 2 6 3 5 9 2 7 9 5 1 2
1 1 6 3 7 5 5 9 10 10 5 10 9 4 9 2 5 6 9 10 7 4 7 3 0 8 7 1 8 6 7 8 0 1 8 7 8 7 6 9 7 1 3 9 10 0 2 7 0 9 6 9 10 2 2 4 7 2 2 3 0 9 5 9 3 4 9 5 8 7 3 5 10 2 6 2 7 0 2 9 9 10 10 3 1 6 0 0 9 7 8 3 0 5 7 6 6 1 13 9 4 4 3 1 8 8 8 6 4 2 9 5 1 7 5 10 7 8 9 9 2 6 0 2 2 0 4 3 7 0 8 0 0 1 6 4 0 8 8 1 9 8 7 0 0 8 7 7 5 9
8 0 7 3 7 5 9 4 3 4 9 4 2 6 10 7 2 8 10 5 3 3 3 7 5 5 6 10 6 2 6 4 1 6 6 4 5 7 8 5 5 1 0 9 9 9 8 9 9 0 7 5 7 8 1 6 0 3 7 10 7 0 5 2 6 9 1 9 3 5 2 8 3 10 1 6 2 10 6 6 2 0 6 2 6 5 1 7 5 3 0 1 0 5 0 10 13 9 2 1 5 2 6 4 10 2 6 8 0 2 10 7 9 2 9 3 5 4 6 1 3 3 7 3 5 9 10 4 3 7 2 7 2 9 5 10 10 2 1 9 3 1 5 3 9 7 8 2 6 8
2 9 1 3 8 2 2 10 0 0 5 2 0 5 2 2 7 4 10 0 10 8 1 6 5 10 0 6 4 2 2 8 10 9 8 6 3 6 0 10 9 10 8 9 3 6 5 0 5 4 0 6 1 0 8 7 3 8 1 8 8 0 7 3 2 2 5 1 2 10 0 4 0 4 10 1 1 9 3 6 2 5 4 10 7 0 2 7 1 5 6 1 10 9 7 8 9 4 6 6 4 5 7 5 4 4 5 8 9 1 2 1 3 3 6 8 3 3 10 2 8 3 2 1 9 1 8 10 1 0 10 6 3 9 9 4 9 7 4 7 1 0 1 1 0 9 2 2 8 0
9 5 5 4 2 8 1 4 0 10 0 10 4 9 7 10 2 3 7 5 4 6 8 2 10 6 5 0 4 6 10 7 10 5 1 6 3 2 10 4 3 0 2 5 1 3 10 8 2 10 8 0 10 3 7 7 4 3 6 6 7 10 1 10 5 0 1 8 3 5 4 0 8 3 0 9 3 8 3 10 3 4 10 5 7 10 0 3 9 8 1 3 2 0 5 2 2 6 9 4 3 6 1 1 10 5 4 3 2 2 7 3 0 0 9 4 4 9 2 1 5 10 4 10 5 2 0 2 4 0 4 2 10 7 8 10 3 9 3 4 7 9 0 9 10 7 6 4 10 6
7 3 9 6 3 0 7 10 4 1 3 0 1 2 8 6 10 4 3 9 2 7 5 3 7 8 0 0 8 5 1 4 10 3 6 5 8 4 1 10 7 9 8 2 3 8 3 3 6 10 7 5 0 1 7 10 9 6 4 10 9 1 6 9 9 0 3 3 7 5 5 4 3 2 6 4 1 5 2 1 8 8 7 2 10 8 3 4 10 6 1 2 10 9 5 10 8 1 3 6 8 9 8 10 10 4 3 1 2 7 7 2 9 3 8 3 1 7 7 7 10 9 7 1 3 6 4 1 1 3 4 3 9 5 8 10 5 5 3 7 8 6 4 6 5 6 10 9 3 9
3 8 6 1 0 6 10 6 9 4 1 3 1 10 10 8 5 7 8 9 3 5 8 6 5 10 8 7 3 9 0 2 1 7 5 2 5 2 2 4 6 10 9 3 4 7 4 1 7 3 4 0 9 0 7 7 1 4 6 7 10 8 10 8 6 10 3 1 0 10 7 0 1 9 10 0 2 8 7 4 4 7 0 8 2 9 8 9 6 3 2 10 9 0 6 8 7 10 3 4 6 5 5 8 8 3 8 0 1 10 9 7 7 7 3 4 7 0 1 8 1 7 4 3 3 2 8 1 8 5 5 5 6 4 2 10 1 8 2 4 5 5 4 10 0 5 7 3 0 0
4 9 9 10 2 0 4 3 4 9 3 10 1 2 2 6 2 1 6 9 9 2 5 5 7 0 3 3 0 5 0 6 9 5 3 2 1 8 0 2 5 8 10 4 3 0 0 4 0 10 0 1 1 4 0 5 8 8 10 5 3 8 10 4 7 5 2 6 5 5 9 10 7 1 2 10 4 2 7 3 6 8 6 1 0 10 5 0 2 10 0 9 3 8 7 8 8 4 1 5 8 6 6 7 5 0 3 0 2 9 0 4 10 10 10 6 10 8 0 0 6 3 0 2 0 0 7 9 7 1 1 0 8 3 10 7 8 5 6 3 5 3 8 8 5 7 9 0 4 9
8 5 10 7 8 3 4 10 3 7 7 9 3 8 7 2 6 7 3 7 2 2 5 2 4 10 6 5 6 0 7 4 6 8 1 2 4 1 1 10 8 10 1 1 10 6 1 7 8 3 5 4 8 5 3 0 4 2 7 10 6 8 4 7 10 1 9 2 10 4 3 2 0 7 0 0 7 2 7 10 3 9 8 4 10 0 4 7 10 6 0 9 8 4 8 15 0 10 1 8 10 10 4 10 4 0 2 8 8 1 4 7 5 6 0 10 9 3 4 10 2 1 3 5 3 9 4 5 4 7 9 8 0 1 8 6 0 8 1 1 0 10 7 7 1 7 8 9 3 7
2 2 2 5 8 9 0 8 3 2 0 9 0 10 1 9 7 1 3 8 6 6 8 2 7 9 2 1 10 6 5 9 5 5 5 6 4 4 10 0 2 5 8 0 5 9 8 2 3 0 0 1 3 4 7 6 0 10 5 0 0 2 10 3 0 3 5 1 6 7 2 6 3 0 9 0 7 7 4 8 3 8 7 6 1 10 7 5 9 2 2 8 1 7 8 1 9 9 0 3 2 1 8 0 2 10 0 2 6 0 7 1 3 2 10 4 1 7 9 7 3 0 1 6 8 5 4 4 1 10 8 5 10 5 3 1 6 4 1 0 7 3 2 0 3 5 2 7 8 3
10 1 0 2 0 4 0 2 1 1 0 7 1 5 4 7 0 5 3 2 7 6 8 0 2 0 1 3 6 6 3 5 8 8 1 5 5 4 5 5 7 1 1 6 6 7 2 8 0 6 6 2 2 7 13 5 1 0 4 6 3 1 6 9 3 1 2 9 10 2 2 5 9 2 5 7 10 2 10 3 6 6 2 9 6 3 10 0 9 2 0 9 7 3 4 4 2 9 5 1 5 5 0 1 7 9 0 5 1 8 6 5 4 0 7 2 4 1 8 7 0 3 8 3 7 9 6 0 7 5 0 3 1 2 3 10 2 1 4 1 1 5 3 0 5 10 0 4 6 0
7 2 12 7 8 9 7 8 1 2 0 9 1 9 6 0 8 3 9 1 5 2 1 6 0 6 6 6 1 10 5 1 6 6 10 7 10 8 1 9 5 5 0 3 5 2 1 0 8 7 3 9 7 9 2 7 5 7 0 5 6 8 5 3 9 3 5 9 3 2 9 3 6 7 1 6 6 1 7 1 2 9 1 8 7 9 4 4 10 0 6 4 4 10 0 9 10 10 6 9 9 5 5 7 1 1 3 0 9 8 7 9 6 5 8 10 3 7 4 7 10 3 4 3 4 2 4 4 8 5 10 2 2 6 1 7 6 0 10 1 10 8 7 6 1 4 10 6 10 6
5 2 8 8 8 0 6 5 2 10 5 3 5 5 1 4 5 7 10 5 5 1 8 6 6 6 7 5 2 10 8 1 7 6 3 4 8 3 2 9 5 5 4 2 7 4 0 4 4 5 9 2 10 3 2 2 10 3 10 0 10 7 4 5 6 3 4 1 9 9 0 4 6 10 2 5 5 3 5 8 1 2 7 3 4 5 4 5 0 0 10 9 9 5 4 9 5 5 0 7 10 1 9 9 0 7 5 4 6 7 3 8 8 8 7 4 4 4 9 9 7 3 3 3 8 2 1 4 1 3 0 0 10 9 1 3 8 0 2 7 0 9 2 4 3 2 10 5 3 2
2 2 2 7 3 1 2 10 10 9 6 6 3 4 7 7 8 5 10 5 1 10 12 1 3 4 4 4 4 9 2 9 6 5 4 5 8 6 0 4 4 1 7 2 5 4 4 3 10 9 0 2 5 8 5 6 5 4 10 5 0 3 1 7 9 2 7 10 4 3 8 7 0 5 8 8 9 0 1 5 10 1 5 2 0 2 5 3 1 9 2 3 7 4 5 9 8 5 1 5 8 5 3 1 4 4 0 6 10 7 5 0 3 6 8 6 6 9 5 3 0 7 8 9 1 0 1 6 2 5 8 4 6 4 3 5 8 7 9 10 8 2 6 6 2 1 0 7 4 7
9 5 10 6 6 3 3 7 2 7 8 10 9 3 3 1 1 8 3 8 4 7 10 4 4 1 0 6 9 4 3 6 7 2 7 2 10 0 6 3 8 8 5 6 1 3 2 0 8 10 3 1 10 6 9 0 4 2 1 8 1 0 0 8 0 8 1 6 5 9 10 3 10 8 10 5 9 3 10 9 8 0 3 7 8 8 9 1 10 10 4 2 3 0 8 4 6 5 2 5 1 10 6 0 8 4 2 2 5 1 10 0 8 0 5 4 2 3 9 10 6 3 10 3 1 8 9 5 7 10 3 4 9 9 0 9 1 0 7 8 1 1 2 0 9 10 5 6 9 3
7 0 6 4 0 4 8 7 7 3 4 9 4 8 1 6 5 9 2 3 2 5 8 8 5 9 0 9 0 1 4 2 7 5 1 6 2 4 10 1 7 9 3 8 10 5 2 7 9 4 7 5 6 6 6 10 7 6 2 6 6 1 0 3 5 4 8 8 9 4 10 4 1 4 8 2 9 6 4 9 2 1 2 1 5 3 3 10 7 0 1 5 4 4 2 10 1 0 10 1 1 3 2 4 9 2 9 1 9 9 1 5 3 3 6 3 3 8 6 4 0 2 0 6 7 9 2 9 9 2 5 6 5 6 2 7 9 8 1 3 2 10 6 4 3 4 5 0 5 3
10 5 3 6 9 5 9 10 0 4 8 3 4 5 10 7 1 9 5 7 2 8 4 7 0 6 7 7 1 7 6 5 0 1 7 6 1 10 0 2 7 6 0 3 7 2 2 5 3 7 1 15 4 5 9 10 1 6 2 3 1 6 9 0 5 2 0 2 0 2 5 3 2 6 2 2 5 3 7 0 4 7 6 3 10 10 8 10 7 10 0 7 8 10 8 5 5 2 0 9 8 1 6 3 1 8 4 8 1 3 10 3 8 7 8 4 4 1 4 5 8 0 3 8 7 5 5 1 5 5 7 8 2 10 3 8 0 9 7 4 3 4 10 9 9 0 9 0 9 10
8 6 2 5 2 0 7 0 3 9 4 4 1 0 9 8 4 3 6 0 7 7 4 4 8 4 1 10 8 4 5 7 5 10 7 6 4 3 10 9 3 9 8 3 4 0 7 5 9 1 3 3 4 8 10 10 3 10 1 4 3 3 6 3 0 1 10 10 0 8 7 2 5 6 3 1 10 7 1 10 2 2 1 3 3 3 1 0 8 6 10 5 4 1 5 9 8 8 5 6 5 2 8 5 0 0 5 7 0 6 8 0 7 9 2 4 3 6 5 6 8 0 2 6 3 4 9 8 3 1 9 3 0 2 4 7 5 2 1 2 2 1 6 1 1 2 8 2 5 5
9 9 5 10 9 7 3 0 0 0 0 0 0 9 10 1 0 6 1 1 8 0 4 7 3 5 1 3 3 5 7 10 1 5 6 2 1 4 7 6 7 2 3 4 0 10 8 10 4 10 0 2 4 10 7 2 6 1 6 3 7 2 8 1 7 0 6 9 7 7 7 5 10 9 9 5 10 0 5 5 4 0 10 3 9 8 9 1 9 4 5 10 2 6 2 0 2 8 4 6 8 8 1 1 9 6 0 6 4 5 6 3 1 5 10 8 10 8 1 0 5 0 4 9 5 1 1 7 0 8 7 6 6 6 2 10 10 6 9 2 9 4 7 2 7 3 10 6 8 8
6 1 0 2 7 7 7 4 4 3 8 6 5 6 15 8 4 10 6 10 8 3 7 1 9 8 7 4 7 10 3 5 7 3 6 2 9 2 0 2 8 6 1 8 5 8 6 8 4 3 4 8 8 7 9 0 2 0 1 8 5 1 6 0 2 8 0 5 3 2 2 6 9 5 10 0 3 8 5 9 3 5 6 8 2 8 5 10 1 5 9 3 9 8 2 1 10 3 5 5 2 6 7 3 5 10 4 5 10 5 2 5 7 7 5 4 0 10 0 8 3 1 0 3 7 3 6 6 3 0 7 0 7 10 3 7 4 6 0 10 1 7 6 0 2 9 1 9 9 10
1 2 0 1 5 1 10 10 4 1 3 10 1 1 6 5 2 4 8 5 5 8 1 1 4 2 9 4 3 1 2 0 0 0 10 3 1 10 8 0 1 0 7 0 1 2 10 4 1 8 6 9 6 4 2 4 6 8 9 0 4 4 0 7 5 5 7 0 5 5 9 10 4 10 5 9 10 7 2 8 0 10 9 5 7 7 9 0 2 6 1 9 5 8 0 10 1 7 1 8 1 10 10 10 10 3 7 0 6 8 7 6 5 9 9 6 6 5 2 3 5 3 10 7 7 6 2 1 3 10 7 4 5 7 7 3 5 1 10 6 5 7 6 0 8 1 10 6 7 8
7 2 1 10 6 0 0 10 6 1 3 10 5 8 2 2 9 6 6 7 8 9 1 7 1 5 2 5 2 4 2 7 8 0 0 3 7 1 0 0 1 6 7 7 9 8 9 0 4 0 10 1 10 2 2 6 6 2 7 9 2 3 2 1 5 7 10 4 0 10 3 8 8 7 2 8 0 5 8 6 4 9 7 4 7 3 8 5 0 6 5 5 2 2 2 1 6 7 9 10 5 4 0 4 6 6 9 1 2 1 4 7 5 1 9 3 2 9 9 1 3 4 4 9 9 4 3 3 5 4 3 7 4 7 3 3 9 7 9 0 1 5 6 3 0 0 4 3 2 8
6 3 0 2 5 1 5 3 7 10 6 6 9 6 4 10 2 9 1 4 0 6 6 0 6 1 4 7 3 1 1 4 8 2 3 3 5 8 1 7 10 7 3 10 10 1 6 4 8 4 5 8 3 9 10 9 0 6 7 10 6 3 0 7 6 1 10 7 6 0 2 7 10 3 4 6 2 7 8 0 4 4 1 7 1 6 8 9 4 10 7 5 6 8 5 9 9 1 4 3 3 8 8 7 6 1 8 2 9 5 1 5 10 7 4 9 3 10 7 4 0 5 9 0 3 4 10 10 1 8 2 3 0 8 5 2 4 5 1 9 0 1 10 3 9 3 6 6 6 1
9 6 0 4 2 3 2 6 9 7 4 0 10 6 7 1 1 1 1 9 2 6 2 2 2 3 1 1 9 10 4 3 7 3 8 9 10 2 9 10 5 5 5 6 7 6 0 6 3 4 10 2 9 0 1 3 0 1 5 1 2 5 2 9 1 8 2 10 10 3 0 8 3 6 4 8 0 10 9 6 5 0 1 2 3 0 2 6 4 3 8 6 3 7 9 8 2 1 1 6 5 8 0 10 1 1 6 3 0 6 6 5 2 9 10 4 9 5 2 3 1 2 1 6 2 3 6 10 10 2 10 2 2 3 1 7 0 10 8 4 7 9 8 7 8 1 8 0 8 9
2 9 7 8 10 2 7 3 6 1 9 7 5 4 1 7 10 0 8 8 5 10 6 5 4 5 5 8 3 10 7 10 6 9 1 3 2 5 10 9 4 7 6 5 10 9 4 9 5 6 9 4 9 2 0 2 4 5 9 8 1 4 9 8 3 1 10 9 1 0 4 0 1 7 6 3 3 9 3 1 4 10 6 2 2 2 10 4 7 9 7 9 10 8 5 6 9 1 10 2 10 9 6 8 8 2 1 2 8 9 0 2 4 9 9 2 2 9 6 0 5 5 4 10 1 10 8 9 5 6 3 10 1 3 3 5 9 9 3 3 3 9 2 1 8 2 10 4 1 6
3 2 6 3 1 5 8 0 1 10 5 9 1 9 8 4 2 4 3 9 7 4 1 10 0 10 6 0 3 4 7 3 8 2 7 4 7 8 0 5 0 1 10 9 5 7 5 1 7 0 8 5 2 10 7 4 4 2 2 8 2 8 1 4 10 10 3 7 3 2 3 3 0 7 3 7 3 8 8 9 0 10 9 10 5 10 0 1 8 7 0 3 2 6 0 0 1 3 10 2 8 1 2 3 10 8 2 6 5 5 8 6 4 3 10 2 0 7 5 10 8 6 8 5 9 4 5 10 1 4 2 9 0 7 2 8 10 9 0 6 2 11 9 5 8 3 2 3 8 3
9 6 1 5 6 4 6 5 1 9 3 0 10 4 2 10 7 9 6 2 1 2 10 0 1 8 3 7 10 5 3 0 7 1 4 1 7 0 8 7 3 0 7 4 4 5 9 9 6 1 8 10 4 8 5 0 1 10 0 10 5 7 6 6 9 0 0 7 6 1 5 3 0 0 1 9 3 10 5 4 5 4 6 2 4 1 2 7 7 3 4 10 0 1 3 0 2 4 3 3 9 3 7 8 8 3 3 3 7 3 8 7 2 1 6 5 8 10 0 5 10 2 8 7 2 8 0 5 7 1 8 10 9 5 8 7 2 1 0 3 7 8 1 3 5 6 0 6 0 1
10 9 0 7 5 6 6 10 8 4 7 9 9 1 9 4 2 2 4 8 5 2 8 3 5 10 9 0 7 6 3 0 9 7 3 1 6 0 0 9 10 6 6 2 5 10 8 6 7 0 7 3 0 9 4 4 6 8 1 5 5 0 7 4 8 7 7 8 3 4 2 6 9 9 0 3 8 2 1 2 2 6 8 3 14 2 10 10 7 5 0 7 1 3 6 8 5 5 7 4 6 10 9 10 7 2 1 4 1 6 2 0 9 8 3 7 8 5 7 5 9 0 2 0 1 3 1 3 9 0 6 7 0 4 4 1 5 1 4 10 4 7 3 10 6 6 0 5 5 6
2 5 9 6 8 1 10 2 2 7 5 10 9 4 1 1 7 5 2 1 5 0 10 9 6 10 5 8 4 3 13 9 5 7 6 10 3 5 1 1 2 9 9 8 10 9 4 2 8 6 8 3 2 1 6 0 8 1 9 3 9 2 2 10 7 8 3 2 8 5 8 1 8 0 8 0 3 2 7 1 5 5 7 7 8 6 1 7 2 0 7 0 8 3 0 0 5 1 4 0 7 4 3 3 9 3 3 3 2 2 1 7 1 9 6 4 6 2 9 1 2 4 0 1 1 0 3 9 4 4 0 5 4 10 6 10 3 4 8 5 3 0 0 10 9 5 6 0 6 5
8 6 2 7 4 7 10 2 6 7 7 5 9 1 5 1 1 3 8 3 0 1 4 0 0 4 2 2 10 9 0 4 2 10 1 7 2 5 2 2 5 8 1 4 10 0 5 1 5 9 7 6 4 10 4 7 10 7 4 10 0 3 9 2 6 4 3 7 5 10 3 6 10 7 5 7 0 10 1 10 0 0 10 1 9 8 0 6 3 0 10 0 9 8 6 1 9 10 10 5 8 3 10 1 6 10 4 6 2 6 3 7 9 8 9 9 7 4 10 8 2 7 7 1 5 9 10 10 1 9 9 10 0 4 4 9 3 2 3 10 2 7 10 0 1 0 4 6 9 1
9 2 10 1 6 4 1 7 0 7 0 3 7 3 9 7 1 5 9 7 0 2 0 4 10 1 0 3 9 0 1 2 7 0 3 1 4 3 5 1 5 6 2 4 10 2 1 2 10 4 4 9 8 4 7 8 8 3 10 8 6 1 2 1 0 3 0 9 4 6 8 5 4 2 2 5 5 0 7 5 7 5 9 2 3 4 4 2 6 0 2 3 1 9 9 4 3 4 6 7 6 7 4 4 0 10 0 3 0 6 0 3 9 0 3 1 5 5 2 6 4 8 7 6 2 8 7 5 5 7 5 4 7 8 2 10 8 1 4 8 8 4 10 1 9 7 3 8 8 9
2 7 1 1 8 0 9 3 6 6 3 8 2 10 7 3 2 2 3 1 1 7 5 9 0 8 5 5 3 5 4 10 3 7 3 8 0 1 0 5 9 6 4 4 6 0 1 9 2 3 9 10 6 0 1 0 7 1 2 3 2 0 1 4 6 5 1 3 5 8 1 5 8 1 6 5 10 5 0 9 4 3 1 3 10 2 10 5 1 2 4 6 0 6 8 1 10 7 6 8 10 5 2 7 0 10 7 1 1 2 0 6 8 3 4 7 10 0 2 10 3 8 4 9 10 8 2 1 2 7 2 2 6 9 0 3 10 10 3 2 5 0 6 3 4 2 0 10 6 1
0 3 9 2 0 7 7 7 6 3 6 10 2 7 10 6 1 0 6 1 9 6 7 8 1 2 4 5 4 7 0 5 6 0 9 10 1 2 4 1 10 1 2 9 10 9 1 7 7 5 10 0 3 1 9 1 6 8 4 9 8 3 6 8 1 8 2 4 7 6 0 6 1 1 9 5 9 4 0 0 7 5 9 10 7 9 0 9 9 7 3 10 5 0 2 2 6 1 7 1 4 2 6 4 8 1 0 0 0 10 2 2 3 6 3 1 7 0 5 0 10 0 2 5 1 6 2 8 0 2 2 1 2 6 6 4 2 1 5 0 0 0 2 1 3 3 0 7 0 7
10 9 1 6 7 5 5 7 8 8 4 1 0 8 7 10 2 0 6 4 5 1 0 8 6 5 10 1 10 4 4 6 1 6 7 3 6 6 10 9 5 9 9 1 0 6 7 3 4 6 9 3 1 9 6 7 10 4 7 3 1 5 2 7 9 2 5 4 8 0 10 8 7 0 5 6 8 3 0 1 0 8 10 0 2 7 8 7 4 8 5 7 0 9 4 6 8 1 2 6 10 9 1 5 3 4 9 4 0 3 6 5 6 2 1 4 10 4 5 8 4 6 1 10 4 10 0 8 7 1 0 7 9 6 8 1 9 1 8 5 10 7 6 1 5 1 10 3 3 1
3 6 2 6 2 10 2 4 3 0 1 3 0 4 2 4 8 3 7 0 5 5 2 5 5 5 10 3 10 0 5 8 0 0 2 10 10 5 4 3 2 3 0 0 9 8 7 2 7 5 0 7 6 8 7 1 4 1 3 7 8 4 2 1 1 5 5 6 6 7 4 6 10 3 3 1 2 7 5 7 10 0 2 4 4 9 7 1 4 5 4 8 9 8 4 8 7 1 10 5 9 2 8 3 4 6 7 3 8 8 3 3 8 7 1 9 7 2 4 10 1 5 0 1 7 0 6 2 8 10 5 1 8 4 8 4 10 1 4 0 7 1 10 9 3 5 3 8 5 8
9 5 1 7 6 4 5 1 7 5 10 0 3 7 2 2 9 3 8 2 7 1 3 2 6 1 7 2 10 9 8 1 5 10 5 2 1 0 0 0 1 7 6 7 0 4 0 5 4 1 5 10 8 10 0 1 7 10 6 3 4 9 8 5 8 9 3 5 10 8 2 6 3 5 6 10 1 0 3 4 7 6 0 1 1 9 9 4 7 8 2 10 9 6 5 8 7 5 6 8 8 2 0 6 4 8 0 6 7 3 6 6 1 4 10 8 2 4 0 1 4 8 2 2 1 3 7 7 10 7 3 8 1 7 9 4 4 4 0 2 1 8 2 5 4 9 3 2 1 3
4 8 3 5 9 3 4 1 2 2 1 9 1 4 8 7 3 3 10 0 1 9 10 7 9 2 1 7 5 10 10 0 8 14 9 5 4 6 2 3 3 3 6 10 2 7 6 5 10 2 7 9 4 6 1 9 2 10 0 0 8 4 3 5 2 6 4 5 5 6 3 2 4 6 1 1 7 8 7 10 2 2 7 0 4 2 6 6 8 10 10 1 1 4 7 8 7 7 10 4 6 10 2 9 1 5 4 8 8 9 9 10 5 2 1 8 4 6 7 1 4 1 3 3 5 3 3 9 7 7 6 9 8 4 2 9 0 6 8 5 10 6 8 3 2 7 7 0 2 10
3 6 8 4 4 7 7 6 1 1 2 7 6 6 0 5 1 3 0 6 2 5 8 3 4 10 10 3 4 2 3 10 10 0 6 7 2 3 2 3 3 5 2 9 1 9 2 4 2 5 5 7 3 0 4 2 10 5 8 5 4 4 8 1 4 6 5 10 5 2 8 6 5 7 9 3 1 2 0 6 8 3 10 2 0 1 8 2 3 6 10 4 10 3 4 5 6 2 2 2 6 9 2 3 5 7 9 2 9 0 0 3 6 2 10 10 0 9 1 3 7 5 6 4 8 0 5 9 5 8 10 8 1 2 8 2 8 4 2 6 0 3 10 9 5 1 0 1 0 0
9 7 1 5 8 7 10 0 10 7 10 8 4 8 8 9 7 7 3 2 3 2 8 8 2 6 7 3 4 10 4 10 0 1 5 8 1 0 3 3 4 1 8 3 8 9 10 1 1 1 10 5 5 8 0 4 9 0 6 0 10 7 2 10 8 6 5 6 4 6 1 7 6 6 1 10 1 8 3 5 6 8 0 10 2 0 0 0 6 1 4 5 5 0 1 5 10 9 10 5 8 4 5 6 5 2 10 10 8 0 5 7 5 1 0 3 0 9 9 2 2 5 9 8 4 3 0 6 2 0 9 10 7 9 3 10 4 7 0 1 7 3 8 5 2 4 2 6 6 8
0 7 6 4 1 0 3 5 8 4 1 5 2 8 3 5 6 6 1 0 9 4 6 4 3 1 5 3 10 4 10 8 1 2 4 9 7 4 2 7 9 1 4 6 8 8 5 1 5 8 7 5 3 5 3 4 2 10 4 9 9 0 6 1 10 1 4 4 1 7 4 9 8 0 7 9 3 2 3 6 3 8 1 0 1 4 0 3 8 1 3 8 3 8 7 3 9 10 7 1 0 10 2 7 6 5 0 2 7 2 7 7 2 1 8 8 2 10 10 3 7 8 8 4 2 4 4 0 3 2 8 5 8 9 5 10 2 1 8 6 3 3 1 3 0 2 7 10 0 6
2 3 2 10 6 1 0 0 2 0 3 9 9 4 6 2 8 5 9 5 0 5 0 2 10 1 9 8 4 4 7 1 10 6 1 7 10 10 1 9 4 0 0 10 1 5 10 9 4 4 3 8 8 5 1 1 6 10 10 7 3 4 7 10 8 0 6 10 10 7 1 2 2 3 6 1 4 2 0 0 9 3 9 9 9 3 5 0 6 2 10 5 9 4 8 8 8 4 5 1 7 4 4 8 2 3 5 1 10 5 1 0 8 2 2 4 7 2 0 6 0 10 2 10 9 3 8 2 2 7 2 7 8 4 4 10 1 0 6 8 2 8 4 9 9 2 3 4 10 1
3 9 2 10 7 8 6 6 5 2 3 4 2 5 4 8 4 0 5 3 4 8 10 8 1 1 2 3 2 6 3 2 8 10 1 4 10 1 9 7 5 2 2 0 8 10 1 2 4 5 6 10 10 5 10 5 0 1 7 6 5 4 4 2 7 0 0 0 0 1 7 10 10 4 7 0 9 0 8 8 1 10 8 2 8 8 6 9 0 7 10 6 6 4 3 3 10 4 2 7 4 8 10 0 2 0 7 6 9 3 5 7 3 1 2 5 9 7 5 3 6 0 3 1 8 4 4 2 8 7 9 10 8 9 8 5 7 5 4 10 0 3 8 1 9 0 8 2 10 5
2 1 8 7 2 9 0 9 9 5 3 5 6 8 6 9 9 8 2 3 5 10 2 9 12 9 8 10 10 2 10 10 2 6 9 0 8 1 4 4 1 4 10 2 1 7 3 9 1 10 2 6 3 4 6 5 2 2 5 8 1 5 5 0 2 7 6 1 4 3 1 9 10 0 9 4 5 5 4 8 10 8 3 3 5 5 8 3 3 0 5 10 1 2 5 6 0 3 4 10 4 8 5 9 7 8 0 1 3 1 0 3 9 9 1 1 9 4 4 2 2 3 8 9 4 2 10 4 3 0 7 1 10 3 7 3 1 9 5 1 1 3 3 3 7 4 10 3 5 2
10 4 0 2 0 6 10 1 8 10 9 9 0 0 2 6 2 5 10 8 5 8 10 3 6 4 4 7 0 10 0 7 7 9 10 6 1 3 4 1 2 9 6 2 10 0 3 7 4 5 3 1 7 10 1 0 5 1 3 4 0 5 1 5 10 5 10 6 6 5 3 7 6 5 5 4 15 7 6 10 7 8 7 5 0 5 2 4 4 10 0 6 9 9 5 9 6 10 8 4 10 6 7 7 7 4 10 7 6 6 3 2 10 7 10 7 0 10 4 3 2 5 6 9 1 9 1 1 5 1 2 6 8 7 1 8 7 5 6 5 0 7 4 0 8 6 10 9 4 8
9 2 8 4 5 1 7 1 6 9 2 10 6 8 0 7 1 1 2 6 7 0 9 9 1 4 10 4 7 4 4 3 0 10 2 3 10 5 10 10 2 0 6 2 10 0 4 8 0 6 4 0 7 1 5 2 0 0 3 2 1 10 8 4 6 3 1 9 1 9 8 0 3 1 1 7 5 1 0 10 8 0 5 6 0 4 3 9 0 2 8 0 9 0 0 9 3 6 1 4 0 4 2 6 5 4 5 2 2 0 5 6 3 0 10 1 3 6 8 9 10 2 2 5 5 9 0 10 3 6 6 4 6 0 0 4 0 7 1 6 10 3 5 3 3 6 1 6 9 9
8 5 5 4 8 1 2 5 8 4 8 0 9 9 4 7 2 2 5 6 4 4 5 5 9 7 0 8 1 5 1 10 1 0 10 5 6 6 10 5 8 10 10 4 1 5 1 0 3 7 9 1 5 3 0 3 7 7 0 9 7 7 4 1 7 2 3 9 8 4 6 5 5 6 1 1 2 2 10 5 0 1 5 0 1 1 1 2 5 1 10 1 0 0 3 2 6 6 7 1 1 5 7 6 3 0 10 3 5 3 1 3 8 7 3 1 5 8 0 0 4 1 7 5 2 9 5 8 1 4 1 9 10 7 0 10 10 7 2 6 10 10 9 1 10 4 2 2 1 6
8 5 0 4 4 9 6 8 10 2 5 9 5 3 10 6 9 7 10 2 4 2 8 8 3 1 3 6 0 10 5 0 9 7 0 4 6 1 6 8 2 1 2 1 7 1 9 2 0 3 9 3 6 6 10 1 6 5 1 8 0 9 8 7 10 9 1 7 2 0 7 8 2 0 10 3 3 10 13 0 2 6 3 6 0 8 0 1 9 9 3 8 9 0 5 7 1 6 5 8 8 10 0 9 2 1 5 4 2 1 8 5 2 0 9 1 0 4 3 5 6 10 5 0 6 10 7 0 9 5 6 7 4 7 2 1 1 3 2 6 9 0 3 3 3 1 10 6 0 9
8 0 4 2 3 8 7 2 1 2 10 2 3 5 3 10 10 1 0 4 8 0 4 1 0 10 0 5 1 6 10 7 7 0 5 2 7 2 9 0 6 10 0 10 10 2 7 5 4 10 0 0 10 5 0 0 0 10 10 4 2 9 1 1 10 7 2 1 9 9 5 7 2 2 5 8 5 0 5 0 9 9 2 9 0 8 7 3 1 7 8 1 4 5 0 7 10 4 1 1 10 7 2 7 2 1 10 9 6 7 7 1 10 6 2 9 6 9 0 4 0 1 7 0 1 6 5 7 0 5 1 8 10 8 4 9 5 5 4 1 2 1 9 9 6 9 1 6 8 5
3 1 5 9 8 1 3 10 0 4 10 10 6 10 7 6 0 1 4 5 1 4 1 6 0 1 9 5 5 4 6 5 8 7 5 3 1 9 9 8 5 2 2 5 7 8 10 5 8 4 3 1 3 0 7 6 6 2 4 6 0 0 7 6 9 1 3 4 2 5 2 9 0 5 3 9 1 1 5 5 9 8 2 0 9 10 5 10 10 7 10 5 1 4 2 0 10 7 7 4 3 4 4 6 4 3 5 10 8 5 2 6 8 4 7 10 2 9 4 4 7 2 4 7 8 9 2 3 10 0 4 2 10 2 10 4 8 3 2 9 9 0 3 6 9 3 7 0 2 10
0 4 4 0 2 9 3 8 0 2 9 0 10 2 9 6 4 1 3 0 5 9 1 7 5 7 6 2 1 5 4 4 10 3 10 10 1 4 0 1 3 4 0 1 4 4 3 6 6 8 1 10 5 4 6 1 1 6 7 10 4 4 2 9 8 0 7 7 1 6 8 4 4 2 9 6 9 5 1 0 10 10 10 1 3 3 3 3 3 7 3 0 8 8 2 0 0 7 5 5 6 7 10 1 2 10 3 6 8 7 5 8 6 6 6 7 5 5 1 2 10 2 1 10 9 5 10 2 3 9 1 6 7 4 9 9 9 3 2 6 0 1 2 6 9 3 6 3 2 6
8 5 10 7 9 2 5 6 8 5 5 3 9 0 3 5 9 9 6 6 0 5 8 4 1 3 3 6 10 2 10 7 0 10 2 0 9 10 4 4 10 3 1 0 10 6 0 2 7 1 2 0 1 7 2 9 9 2 7 2 5 9 8 1 10 7 0 8 6 1 1 0 9 14 2 0 4 2 8 0 1 5 8 8 7 4 10 3 3 1 6 6 6 10 4 1 7 0 7 6 10 3 0 2 1 7 6 5 4 8 8 0 1 2 7 3 3 6 7 7 6 2 6 7 2 8 6 10 0 4 9 0 0 1 8 7 4 0 7 8 0 7 10 6 10 8 2 5 0 8
7 9 0 9 3 3 6 6 1 5 1 6 4 2 9 5 0 2 4 5 8 3 9 6 1 1 4 5 1 8 10 3 9 0 6 0 6 2 10 2 7 5 8 3 5 5 4 6 8 7 4 5 10 8 9 4 8 0 4 4 7 4 0 7 3 8 4 8 9 0 8 1 7 8 6 5 9 1 7 1 9 8 2 3 8 5 4 9 3 2 6 2 6 8 10 0 0 5 0 2 10 9 0 9 0 9 8 1 4 4 3 3 10 5 7 1 0 8 8 1 1 3 7 7 6 4 8 0 9 6 8 3 9 4 2 7 4 0 6 3 0 8 7 7 2 5 0 4 2 2
4 9 6 5 3 9 0 5 9 5 8 8 10 6 4 0 8 7 3 7 8 5 2 1 7 4 7 5 6 2 1 7 6 9 2 8 7 2 2 1 6 10 4 2 10 1 6 10 4 5 9 0 1 1 2 7 7 5 5 4 1 10 0 10 2 9 1 3 6 7 10 2 7 4 2 5 5 4 10 5 0 4 9 5 4 4 9 7 7 8 3 7 5 5 5 0 1 10 6 0 4 4 0 3 2 2 8 0 3 9 3 2 3 6 10 1 7 0 8 0 4 10 6 9 4 9 7 4 7 6 6 9 4 9 9 2 10 1 5 10 3 6 2 2 9 3 4 4 10 9
8 1 1 7 10 4 1 5 0 0 3 1 6 5 2 6 10 5 2 0 9 6 5 5 0 9 1 6 10 3 6 7 5 5 4 1 9 4 8 8 0 8 9 5 10 8 6 5 1 8 4 3 3 6 10 4 1 6 7 8 2 9 7 5 2 5 9 4 10 5 4 0 4 8 8 3 0 1 2 10 5 1 8 8 5 0 3 8 5 7 9 5 3 5 6 2 10 4 2 5 0 8 3 9 7 4 6 9 2 0 9 8 0 0 3 10 8 0 1 3 7 8 5 9 10 8 6 1 5 9 8 4 6 5 4 8 6 8 3 10 8 0 10 10 8 8 1 4 10 0
5 3 9 10 9 6 4 4 8 7 9 7 1 2 6 1 6 7 4 9 9 2 10 5 10 7 2 6 5 7 6 0 0 2 10 2 1 2 7 8 1 10 10 8 5 8 5 2 0 2 6 6 2 1 2 9 1 10 6 7 1 9 5 4 7 7 10 10 10 9 6 4 10 0 8 6 8 7 7 10 10 3 5 8 9 1 1 7 5 9 3 5 3 0 1 3 4 8 4 2 1 0 1 9 3 3 3 8 0 6 4 5 7 0 1 0 5 3 0 8 5 8 2 1 0 8 7 9 6 0 7 3 1 8 0 10 7 6 3 8 0 6 2 3 4 5 5 8 7 7
5 6 3 4 8 2 1 3 3 5 4 3 9 3 4 8 2 4 5 9 3 7 7 3 10 6 0 0 3 10 1 9 2 6 8 5 7 10 5 0 7 9 8 5 2 10 3 5 1 3 6 3 4 2 6 4 5 0 0 2 5 5 3 0 5 4 1 15 6 9 9 9 5 10 6 1 6 5 2 4 5 6 2 5 7 6 7 6 0 2 3 4 8 9 4 4 7 3 4 9 10 5 0 4 1 5 8 1 1 6 5 9 4 5 1 5 8 10 6 8 9 8 9 7 2 7 9 1 0 6 9 7 2 1 10 3 8 3 7 2 3 9 7 9 8 4 1 8 4 0
6 9 10 9 2 0 9 0 5 8 1 7 10 3 5 4 8 0 2 3 1 8 1 8 10 4 2 3 7 3 6 8 8 9 3 6 9 0 8 8 6 6 0 6 9 3 3 6 9 7 5 8 4 5 1 8 10 0 9 2 3 10 5 7 7 1 1 10 2 0 7 5 4 4 0 8 10 5 0 7 4 8 4 1 8 3 0 8 0 6 4 10 5 8 3 3 4 0 5 0 3 4 8 0 9 6 9 8 3 1 5 4 1 6 3 1 1 9 0 2 2 3 2 1 10 7 9 6 6 10 9 10 7 3 2 10 5 4 1 8 8 2 2 1 0 1 6 3 10 10
3 5 7 0 6 0 7 6 8 0 7 6 5 4 3 6 4 2 2 10 3 9 2 5 1 7 1 4 9 5 10 7 7 1 6 3 8 1 2 9 2 8 2 5 3 9 5 1 6 9 10 9 7 3 7 5 10 0 7 5 1 6 7 2 9 7 4 3 8 3 7 10 5 10 3 10 8 9 0 8 7 2 3 5 0 6 9 9 8 4 4 0 3 10 7 9 0 0 1 9 10 4 0 2 0 5 4 7 10 5 3 7 4 2 8 3 6 0 9 1 0 4 4 2 0 10 5 6 4 4 6 0 10 7 2 3 0 4 7 7 10 1 0 4 7 4 9 4 7 7
6 3 7 4 6 7 4 0 10 10 8 1 8 10 5 0 7 9 5 8 2 5 9 7 7 9 2 7 8 9 0 0 3 1 2 4 10 5 9 1 7 8 6 4 3 5 10 8 7 6 5 1 7 1 4 7 4 4 9 5 6 1 4 3 9 9 0 1 4 0 6 4 2 9 6 4 9 4 2 8 3 7 8 1 7 1 2 3 3 6 8 6 9 5 4 2 6 10 1 9 2 5 1 10 8 0 2 5 8 7 7 2 8 5 6 5 9 1 4 4 6 0 7 10 5 4 2 6 7 10 0 0 9 5 8 6 2 0 1 7 4 8 3 8 5 5 0 10 4 4
4 3 10 10 1 3 9 9 2 7 9 9 1 10 6 2 9 10 4 10 8 6 3 9 5 4 4 2 8 6 8 2 0 0 7 8 1 10 6 2 8 0 3 5 1 2 4 2 10 7 3 10 8 7 6 4 6 7 9 4 8 7 8 5 6 7 8 7 8 7 1 5 9 8 1 3 6 5 2 10 1 2 5 9 3 2 6 5 7 5 1 1 4 5 1 3 0 0 8 0 5 5 8 7 10 0 0 0 0 2 0 1 2 7 6 8 2 3 7 4 2 3 1 2 6 9 3 5 5 9 5 2 3 7 0 4 3 10 4 9 4 3 4 0 4 10 7 1 9 2
5 1 9 5 2 3 8 1 8 7 9 1 7 0 9 10 2 0 0 9 0 2 10 3 2 1 9 0 4 9 9 4 7 10 8 1 2 7 1 2 5 7 5 5 9 7 4 8 8 0 9 10 1 4 8 2 4 3 4 6 6 6 10 10 6 7 0 0 8 4 8 6 8 4 8 2 9 9 6 2 3 0 7 7 1 7 10 9 10 4 1 10 3 8 5 6 5 2 0 10 3 7 7 8 6 2 0 0 4 6 10 9 9 6 7 0 9 4 2 8 1 3 0 10 4 8 3 6 2 8 2 9 7 3 4 8 6 6 9 7 7 0 2 7 6 4 2 6 7 3
7 9 6 1 7 7 5 9 5 2 4 5 3 3 8 9 7 10 1 5 3 1 1 10 4 10 9 10 4 9 3 5 4 1 8 1 4 2 5 8 6 4 9 0 5 9 1 9 9 3 9 7 10 7 1 0 0 0 3 2 2 3 10 0 10 8 5 6 10 9 7 1 9 3 9 10 7 10 8 6 4 9 4 9 7 5 9 4 5 4 7 3 6 5 4 4 10 6 4 10 6 3 10 9 1 3 3 0 0 5 0 4 4 0 3 2 6 6 10 6 4 1 9 10 5 7 0 0 8 8 10 9 2 9 6 6 4 9 1 0 4 7 1 5 6 2 9 10 10 2
7 10 3 2 3 7 4 3 7 1 0 1 1 7 9 0 2 9 0 1 1 2 9 3 4 7 0 5 4 2 6 10 2 5 10 0 10 8 5 2 10 9 5 1 10 8 8 10 3 10 5 5 7 2 8 6 0 6 10 9 9 9 10 4 2 2 2 10 7 1 3 9 3 1 5 4 9 3 2 9 0 3 0 2 10 5 3 8 3 1 5 9 2 6 8 8 7 5 7 10 8 7 2 5 10 2 6 1 0 0 9 1 9 10 3 8 7 7 6 8 5 6 7 8 6 9 9 4 7 5 10 10 0 3 5 8 9 5 5 7 1 8 4 2 4 8 10 0 2 3
7 7 0 6 0 3 9 6 7 0 0 6 2 1 4 1 8 1 1 7 0 7 5 1 6 9 5 5 10 5 9 8 6 6 4 7 1 8 9 4 6 3 8 9 8 8 6 1 4 5 7 7 3 1 1 10 8 3 2 7 4 8 0 5 1 4 9 6 1 3 5 0 10 3 3 2 1 5 4 10 3 6 7 4 10 0 3 6 9 6 9 3 10 7 0 0 8 3 4 1 10 2 8 2 9 7 10 2 9 8 0 8 3 7 7 6 4 8 4 1 6 4 6 8 0 4 9 7 2 10 6 2 3 1 8 3 10 5 10 5 2 6 7 5 3 8 5 0 6 5
5 9 3 6 9 6 7 10 3 3 2 6 3 7 0 9 4 7 4 7 5 10 1 7 10 5 7 1 2 5 9 9 9 7 8 0 4 8 9 0 3 7 0 10 3 8 3 7 5 10 1 5 7 8 2 8 1 6 6 2 3 5 1 9 8 6 7 1 5 9 2 6 2 2 3 0 1 9 3 7 9 9 9 6 4 0 8 9 7 1 5 7 1 7 9 4 1 0 6 10 5 2 8 0 3 4 7 5 4 2 8 0 8 7 1 7 6 4 3 5 5 2 4 3 9 7 0 6 10 4 9 6 6 6 10 1 6 1 2 0 7 0 8 1 5 1 4 2 5 3
8 3 5 4 1 7 9 9 9 9 5 0 7 4 0 2 8 10 3 1 4 0 10 1 1 7 1 5 5 2 10 6 1 0 10 4 9 8 2 2 7 8 7 0 9 0 9 2 5 10 5 5 6 10 1 8 0 5 2 4 8 0 7 3 7 5 1 5 2 4 6 7 3 1 2 10 2 9 10 0 1 0 5 1 6 4 0 7 7 2 4 2 8 8 7 8 3 9 8 1 5 6 10 5 2 8 4 9 0 5 1 2 0 0 10 5 9 8 7 0 6 1 4 10 8 3 5 6 4 4 7 4 2 4 0 0 0 6 8 5 7 3 6 8 9 7 5 1 3 1
6 1 6 6 2 5 10 9 3 6 10 5 7 6 5 6 1 10 0 8 7 10 3 11 4 9 1 2 10 6 5 4 10 8 4 7 8 4 9 10 3 4 2 4 3 7 1 4 3 4 7 9 7 0 1 7 2 1 1 7 0 8 7 10 9 0 10 5 4 5 10 9 6 7 4 3 9 9 0 6 7 5 2 8 4 9 7 9 3 10 8 3 3 4 1 1 0 0 10 3 8 4 3 2 6 7 5 5 8 5 1 4 4 0 7 0 10 2 0 2 8 6 7 3 9 4 1 0 3 4 7 1 4 1 0 6 1 10 4 2 3 5 4 5 6 10 4 7 4 8
13 0 7 1 8 8 7 10 10 7 3 1 4 0 8 3 4 5 5 7 7 2 5 8 3 4 2 8 4 6 4 8 6 10 3 3 9 3 5 1 8 8 7 5 0 1 10 10 4 5 3 6 6 2 2 7 2 7 8 5 4 10 4 7 6 10 4 5 2 4 8 2 5 0 5 10 4 3 0 10 5 2 7 8 1 7 5 3 3 0 10 7 1 9 0 1 9 2 4 10 2 4 4 7 6 4 6 9 4 4 10 9 4 1 0 6 0 9 1 6 6 0 6 0 6 1 6 8 9 3 1 1 3 2 3 5 9 4 10 3 4 9 7 5 8 9 7 0 0 9
0 10 7 4 3 1 0 5 1 7 4 1 7 9 0 5 6 9 10 6 6 5 1 3 0 4 9 0 10 15 10 6 4 0 9 4 9 4 3 0 7 5 9 3 10 1 3 6 1 8 9 3 8 4 1 6 3 7 7 8 5 2 2 6 6 2 4 4 7 9 7 8 9 7 4 5 3 5 6 5 5 0 9 0 5 6 4 5 10 6 10 9 0 6 0 6 5 4 2 8 0 2 7 1 6 10 7 1 8 6 7 2 5 7 1 0 5 8 6 3 4 7 10 2 9 2 9 1 3 4 9 4 1 8 1 4 7 0 5 3 1 3 8 4 4 8 10 6 3 0
9 1 4 0 6 9 4 8 2 4 10 4 10 6 9 10 7 9 8 10 10 3 5 6 1 3 11 6 10 5 2 10 9 9 0 9 3 2 0 5 3 9 6 1 6 4 10 10 9 1 5 2 9 10 1 7 5 3 3 3 3 3 1 0 4 7 5 4 6 10 9 1 1 8 1 4 5 7 0 6 10 10 9 10 4 2 5 5 7 5 10 8 7 4 9 2 7 10 9 5 9 2 8 10 5 10 9 10 8 9 2 10 0 1 6 0 0 4 4 4 5 10 5 8 10 1 4 6 4 6 6 1 10 2 8 9 10 3 9 0 8 4 5 4 9 6 9 1 0 3
4 9 1 1 8 6 3 9 0 5 9 8 2 0 9 1 1 3 10 7 8 2 8 8 5 7 9 10 3 1 2 9 8 5 0 6 10 7 9 4 10 11 7 1 4 4 3 1 4 1 9 2 8 10 3 2 5 0 7 3 6 6 2 10 9 4 3 5 0 3 2 1 8 8 8 5 3 2 8 8 1 5 6 5 8 10 4 7 10 3 6 5 8 2 0 5 9 3 10 4 5 9 0 0 2 9 5 1 6 4 6 8 5 9 7 3 3 0 8 5 5 1 10 10 9 0 6 7 8 6 8 8 0 8 2 3 3 7 3 5 6 9 6 0 5 10 4 3 1 10
10 2 1 3 3 4 0 9 4 0 9 6 0 8 5 2 8 7 6 7 6 8 7 9 7 7 6 5 6 10 2 7 2 10 5 0 7 2 5 2 5 7 1 2 3 0 9 3 6 9 4 7 8 2 8 7 10 4 6 1 8 1 7 9 2 9 4 6 1 6 8 2 9 1 7 0 5 5 9 9 6 8 1 6 6 8 0 3 5 9 0 1 8 8 1 5 5 6 8 1 4 7 0 1 9 3 8 1 4 8 4 0 1 4 5 7 2 2 0 6 4 5 8 4 9 2 7 9 9 4 9 10 7 2 9 9 7 0 8 3 9 6 6 0 5 8 3 4 2 0
4 6 2 7 0 6 7 8 9 4 10 0 6 4 2 2 1 3 1 3 2 7 9 9 4 6 0 5 7 0 0 5 2 8 3 2 6 2 7 6 0 8 7 2 7 8 4 8 2 4 5 7 1 5 1 2 1 5 3 0 3 3 5 8 0 1 3 7 7 1 3 8 3 3 4 8 7 3 5 6 0 6 8 4 10 1 5 1 9 1 0 7 8 1 0 9 2 5 10 7 6 2 8 9 9 5 2 3 3 4 2 6 6 10 3 9 0 7 4 0 10 10 6 2 2 6 2 3 6 8 5 2 1 4 4 9 9 2 4 5 1 3 3 0 7 0 9 8 10 1
9 5 4 10 5 1 9 5 2 2 8 2 6 3 8 7 4 1 1 6 1 3 0 4 2 2 7 4 9 7 9 4 2 10 10 0 8 2 10 1 1 2 0 1 6 6 9 5 9 3 6 4 2 9 8 10 6 2 3 8 8 8 7 8 5 9 0 3 0 3 0 10 7 8 2 9 8 7 3 10 5 8 4 6 6 7 7 4 3 10 5 4 6 7 4 6 6 2 7 2 0 6 5 1 5 8 3 2 0 10 4 0 3 1 10 4 0 8 8 7 0 0 9 5 5 4 6 1 1 4 2 3 9 3 1 9 10 4 4 8 5 8 1 7 9 9 2 3 6 4
2 3 2 10 3 5 6 1 6 4 0 7 7 1 0 3 8 0 7 10 10 7 6 8 8 6 0 6 0 0 10 4 5 1 8 9 10 1 0 7 5 6 1 2 3 2 6 4 2 6 7 7 7 10 6 3 2 0 8 10 2 7 3 7 3 8 6 3 6 7 4 6 4 7 3 6 2 4 5 1 6 2 7 7 6 9 4 4 5 8 3 2 5 5 9 5 4 5 2 5 3 7 0 2 6 3 7 4 7 1 3 0 0 8 7 1 6 4 8 6 0 0 1 2 0 2 4 6 7 7 9 0 3 9 10 2 9 2 1 3 8 0 2 11 5 5 4 7 10 4
8 6 2 0 8 4 8 9 10 6 8 1 1 4 7 8 5 3 5 10 3 3 7 2 2 1 7 8 7 9 3 4 4 9 0 4 9 4 4 3 9 10 5 10 3 3 4 8 5 1 9 0 6 3 7 9 1 1 3 4 9 4 9 4 5 6 2 10 8 1 10 5 4 3 0 9 9 2 1 3 9 5 5 3 3 7 5 5 6 2 3 4 10 8 0 3 8 4 7 7 6 10 5 0 10 0 10 0 7 2 0 8 5 9 9 9 9 8 1 1 3 5 0 7 1 4 7 5 5 6 8 4 3 1 0 4 0 2 8 10 6 9 3 8 6 7 10 5 3 4
0 3 6 4 5 8 4 5 5 9 3 0 0 8 4 10 6 6 5 2 7 2 1 7 4 0 10 1 4 5 2 4 1 3 1 9 2 2 0 2 2 1 10 7 3 1 2 4 6 2 3 10 6 7 1 2 5 8 2 4 1 2 7 1 4 4 5 3 6 6 3 9 4 8 10 8 8 5 1 3 2 0 1 5 8 6 2 1 5 5 0 7 7 3 3 3 9 6 3 9 3 1 0 1 0 5 10 9 9 5 0 6 2 9 0 3 1 2 6 1 8 10 3 0 8 2 3 7 5 3 6 7 0 9 0 0 6 8 6 0 5 1 1 4 4 9 4 7 7 8
9 2 1 7 0 9 6 1 10 4 3 2 9 9 4 6 5 8 5 6 10 9 6 7 4 0 10 9 5 2 5 9 7 9 2 6 7 3 10 4 1 5 3 1 3 4 0 5 4 9 5 6 9 6 4 0 8 4 7 8 9 9 0 10 1 0 0 2 9 10 1 1 6 0 9 10 4 1 8 10 2 5 9 8 1 0 1 3 5 8 7 7 6 4 6 5 3 7 9 0 5 9 4 7 2 7 3 2 7 2 1 5 0 7 7 7 2 6 6 4 2 6 9 5 0 5 7 0 0 3 0 5 1 6 3 5 0 7 9 10 4 7 1 7 0 5 6 3 6 7
3 4 5 10 5 9 0 5 6 7 0 0 0 2 6 8 10 9 7 2 9 3 5 2 1 1 10 2 10 8 6 1 6 9 7 8 6 6 3 10 3 0 1 10 8 7 4 10 7 1 2 6 3 1 10 0 9 9 0 6 10 3 4 3 1 7 2 1 5 14 2 9 4 0 9 7 3 2 7 7 6 1 9 7 6 7 9 7 8 0 0 3 1 3 10 0 7 10 4 8 6 9 4 3 8 7 9 10 9 0 9 0 3 0 2 7 0 4 5 9 2 0 8 4 5 0 5 3 9 10 2 8 2 0 3 7 3 8 8 0 4 4 10 8 10 10 0 4 7 10
8 2 5 3 4 8 7 8 6 5 8 1 8 3 8 9 9 0 9 4 0 10 4 5 10 1 10 9 10 0 7 6 7 4 2 2 6 2 6 4 7 5 7 7 5 7 3 8 10 3 10 10 4 4 10 5 3 6 10 8 5 8 1 2 5 1 5 5 10 8 1 8 6 5 3 3 8 7 0 1 7 8 10 10 3 9 4 6 7 0 1 0 7 2 2 6 3 8 6 6 3 0 8 14 7 4 9 2 0 5 7 7 2 5 4 2 9 8 7 0 0 7 7 6 3 4 0 10 2 10 4 3 7 10 7 6 0 5 5 0 9 9 4 4 2 2 10 0 10 3
4 7 10 0 0 2 10 0 3 3 0 7 4 3 0 9 6 8 0 9 3 10 9 6 6 9 6 10 8 10 3 6 3 4 8 2 8 7 7 5 2 10 3 6 10 3 6 3 10 6 5 1 8 3 10 9 7 0 9 3 9 8 6 9 9 7 8 10 7 10 4 9 3 7 4 5 2 3 0 5 1 8 5 1 2 0 0 0 1 3 6 6 0 10 2 5 6 6 5 3 9 10 0 2 6 3 2 9 5 9 10 4 4 5 4 8 4 10 5 2 0 5 10 1 9 6 0 0 9 8 2 9 1 0 6 8 1 9 3 2 9 6 1 3 3 1 0 3 2 5
1 10 10 1 8 2 3 0 7 2 2 7 9 3 10 5 10 9 2 1 2 1 5 3 0 9 6 10 9 6 2 5 4 0 4 2 5 3 6 6 10 4 3 0 5 9 8 4 7 5 1 8 9 2 5 5 0 7 8 5 0 9 5 2 2 5 5 1 10 7 3 3 0 5 3 0 6 0 10 6 9 1 0 7 2 7 2 0 6 2 1 5 4 4 9 6 9 4 0 7 5 7 8 9 1 0 1 4 7 7 7 10 6 8 3 1 1 9 0 7 9 5 4 3 4 8 7 1 0 10 10 8 6 4 6 8 9 7 1 2 3 8 5 1 1 1 2 7 2 2
4 9 4 6 1 4 9 4 2 4 7 5 0 10 5 1 6 0 2 1 2 6 9 2 3 9 7 7 2 10 7 3 7 1 8 0 7 2 1 7 7 9 4 0 5 4 7 8 5 8 6 5 10 10 6 5 5 6 3 7 9 8 10 0 5 6 9 9 5 8 10 5 2 5 10 4 8 8 9 5 4 5 0 10 3 9 8 3 1 2 5 6 1 9 3 0 8 9 3 0 3 4 10 3 3 3 0 9 3 7 6 4 1 10 7 8 9 7 5 1 2 6 7 6 0 7 7 5 2 0 2 7 3 5 6 4 10 0 10 0 9 5 6 0 3 2 1 4 8 8
0 8 7 3 8 6 10 5 1 1 10 2 7 4 7 4 0 7 6 0 7 0 0 4 4 6 4 6 6 3 4 5 5 3 1 5 8 1 9 6 3 3 2 5 3 6 7 9 10 9 5 5 1 3 4 2 2 3 8 4 8 9 5 2 10 10 9 0 10 6 3 9 9 2 7 4 7 2 2 8 3 10 4 3 5 10 10 3 3 7 7 9 2 3 9 6 5 10 9 8 3 10 7 3 7 0 0 4 0 4 3 10 4 4 0 10 1 7 1 6 7 4 3 6 0 10 8 8 0 10 0 5 6 7 0 6 2 5 9 5 9 2 10 9 9 0 7 7 1 10
10 1 9 5 4 6 10 2 1 10 10 5 4 1 10 7 1 8 9 2 9 0 9 7 5 4 1 0 8 1 6 2 4 7 6 6 4 8 5 3 0 1 3 6 6 7 1 5 3 8 2 6 1 10 8 0 1 0 8 7 4 1 1 9 7 4 3 5 0 8 5 0 9 2 6 4 0 4 9 9 8 7 0 10 6 2 9 1 0 9 3 6 9 7 3 1 7 5 7 7 8 2 7 4 6 1 1 5 14 4 8 0 6 7 10 5 0 9 9 8 10 5 6 2 6 0 3 10 8 5 6 0 7 5 1 7 1 10 5 7 4 5 9 1 7 4 3 6 2 0
9 9 8 10 10 2 4 1 8 3 9 2 0 9 3 7 7 14 4 4 6 5 7 9 8 8 9 3 3 7 8 0 6 3 6 1 2 2 1 8 9 1 7 2 9 10 7 8 4 6 7 8 6 6 7 8 7 10 9 10 7 10 6 7 1 5 3 1 2 2 0 9 0 5 8 5 8 7 8 1 4 9 3 3 8 10 10 7 8 1 0 5 0 1 1 3 8 2 10 5 6 1 1 1 10 1 9 0 8 2 1 0 5 8 1 1 2 10 1 5 8 4 3 3 7 6 1 7 0 7 8 2 0 0 7 1 7 0 4 7 0 4 9 2 8 7 3 0 8 4
9 0 8 6 1 10 1 8 2 7 2 3 9 0 1 5 1 1 7 5 4 9 1 4 0 1 8 3 4 2 10 6 3 6 3 7 6 4 2 1 10 2 6 3 5 4 9 4 2 10 7 1 9 4 2 4 0 10 1 8 2 6 6 2 6 9 6 3 7 7 10 1 5 6 1 0 5 8 8 1 10 9 10 4 3 2 6 3 9 8 6 10 6 5 1 7 6 3 5 6 0 10 6 8 8 4 12 10 4 2 3 6 3 9 8 5 6 1 2 5 8 4 3 6 5 3 0 7 4 8 8 5 9 0 0 10 9 9 0 5 1 9 5 10 10 6 5 3 7 10
6 10 10 2 10 8 2 7 8 4 1 5 9 3 6 0 4 3 4 9 8 3 5 4 10 7 2 5 8 2 8 4 2 10 9 2 7 4 10 8 2 8 0 1 1 10 7 7 10 4 4 0 1 8 0 8 1 3 9 2 7 9 7 9 10 0 4 10 9 0 7 9 9 0 1 3 9 0 5 7 10 0 7 6 7 1 8 10 4 4 7 9 10 5 5 0 10 3 2 0 3 2 3 9 9 0 3 2 2 1 10 7 8 0 2 6 6 10 4 8 6 8 9 8 10 2 1 0 9 10 1 3 9 4 0 7 2 10 7 6 1 10 4 8 4 0 5 10 7 6
9 4 10 0 8 3 1 1 3 6 7 2 8 2 9 8 8 0 10 4 7 4 1 2 2 7 10 10 4 4 6 3 7 0 7 6 8 1 5 1 4 7 10 0 9 3 3 5 3 2 0 3 7 5 4 10 7 8 9 9 10 5 2 4 0 4 7 1 6 2 5 0 5 7 1 4 3 2 7 2 6 5 10 9 0 1 2 0 9 4 10 6 10 1 3 2 10 0 3 3 3 7 9 1 2 1 8 2 4 7 7 7 6 1 9 2 1 7 1 10 4 10 7 0 4 8 7 8 2 9 8 7 7 3 12 0 10 8 3 10 10 1 9 8 8 3 3 3 0 1
6 2 1 10 0 3 2 7 6 8 2 3 8 0 7 9 3 4 4 5 7 6 10 3 8 0 6 8 8 0 6 6 4 7 10 8 4 8 3 5 3 9 8 9 7 9 8 2 9 5 3 3 1 0 7 5 9 4 10 3 0 6 0 10 1 2 4 6 4 8 8 4 2 7 3 8 6 9 1 4 3 1 2 8 8 3 10 0 5 1 4 9 10 0 1 0 8 6 2 9 1 0 5 10 6 6 3 4 4 4 6 9 0 6 1 9 1 4 2 0 7 4 9 7 7 6 1 1 8 2 3 7 7 6 1 4 0 8 10 0 9 6 6 5 1 0 0 5 2 6
3 3 1 3 0 5 5 1 3 10 1 10 10 0 7 7 0 6 9 0 3 10 6 4 6 9 5 10 10 1 3 4 9 0 10 0 0 2 6 7 4 10 2 10 7 2 2 0 5 7 10 9 3 1 2 4 10 10 2 5 8 7 2 8 4 2 2 2 6 8 2 8 3 9 4 4 3 4 0 0 6 8 9 7 8 0 5 2 5 8 5 5 5 1 2 2 4 10 4 4 6 4 3 9 2 8 4 1 7 5 6 0 6 3 6 9 4 8 9 0 7 10 7 3 1 4 9 1 7 5 2 1 5 8 0 4 1 0 7 0 0 7 1 9 7 5 4 10 15 5
8 7 8 4 5 6 8 4 7 1 2 5 12 10 2 3 5 8 2 7 2 8 8 8 5 3 0 0 0 3 7 6 3 1 10 7 3 2 10 6 0 5 6 9 7 9 0 0 7 4 5 9 5 0 6 3 0 1 8 9 2 5 7 0 8 4 8 9 0 10 6 9 3 8 1 8 8 1 1 2 3 8 1 4 2 6 8 3 4 6 10 8 3 0 0 1 8 5 0 6 10 3 10 10 10 4 2 3 4 2 7 8 1 3 6 0 9 1 7 5 5 8 4 4 1 4 6 6 0 7 0 10 10 8 5 8 7 9 0 6 10 8 0 6 6 9 7 2 7 10
7 4 9 7 7 6 3 8 3 1 1 6 6 8 5 10 6 0 6 10 4 7 4 3 0 9 1 2 10 5 9 6 2 4 2 0 0 3 1 6 3 5 4 4 8 5 3 7 4 10 6 3 1 3 4 10 8 3 3 2 7 0 1 10 5 6 0 1 0 8 4 4 10 1 6 9 3 4 3 5 2 10 4 2 4 8 6 8 6 0 1 13 1 0 6 10 6 4 4 1 6 0 10 7 2 1 9 5 3 1 3 5 0 1 9 9 2 5 0 5 7 6 8 1 6 8 5 1 4 4 8 3 9 2 1 1 7 3 2 0 1 2 10 5 10 9 5 7 4 3
2 0 3 6 1 8 8 7 3 1 8 2 10 7 8 2 6 9 4 7 8 10 0 9 8 6 1 4 0 0 3 0 5 5 10 2 3 5 2 6 4 9 7 4 6 0 5 0 10 1 7 6 7 8 10 3 2 4 7 1 2 0 4 7 1 5 2 0 0 6 8 3 4 9 2 10 4 10 2 8 10 10 3 1 6 1 4 6 4 1 0 6 7 9 1 3 0 9 1 3 3 9 8 5 0 7 1 7 7 3 1 8 4 6 6 7 7 9 5 3 10 0 7 7 2 1 4 4 9 5 5 8 6 6 4 8 10 8 2 7 0 3 2 10 3 2 5 6 1 0
1 2 9 2 3 3 6 8 10 1 3 10 5 0 6 4 7 8 2 6 4 10 9 3 2 7 2 0 7 6 1 3 2 8 2 3 2 9 5 3 8 2 10 7 9 6 9 7 0 9 2 10 0 4 0 8 9 9 3 8 3 5 0 0 1 4 5 9 5 4 10 10 6 6 2 9 6 9 3 9 0 10 9 5 4 7 6 0 5 8 8 4 3 6 5 10 3 1 8 4 1 1 8 10 4 7 3 1 1 2 9 5 4 6 7 3 4 3 8 3 8 9 10 0 9 10 0 5 1 4 0 9 8 5 9 9 9 2 4 7 2 0 10 8 1 2 10 3 9 6
10 0 2 9 7 10 8 6 5 1 2 2 3 9 0 6 7 3 4 10 5 2 4 3 6 3 7 0 0 5 4 4 7 0 8 3 2 1 10 10 4 8 1 2 9 2 4 4 3 2 8 8 2 1 4 3 8 5 0 5 10 10 5 0 0 1 4 3 6 10 5 5 8 9 6 4 0 9 1 0 7 2 4 8 2 0 2 1 8 2 8 9 2 9 8 7 10 4 10 2 1 10 9 10 0 2 4 2 9 4 6 4 4 9 10 10 4 0 3 6 2 9 0 1 7 2 5 5 8 10 8 2 5 6 0 10 0 2 8 3 4 9 0 8 6 2 8 10 10 9
10 5 4 6 3 0 9 10 9 10 7 10 2 9 5 6 4 10 5 2 7 6 6 1 3 9 3 8 4 5 1 8 2 5 7 4 4 0 2 0 7 5 0 7 7 3 6 7 7 0 5 3 6 3 1 0 1 0 10 3 8 7 0 8 9 3 4 1 7 4 2 10 3 3 0 6 10 10 1 6 10 4 1 6 4 6 5 7 5 0 2 4 5 9 7 2 1 2 5 8 10 4 2 4 9 8 1 3 1 8 10 1 7 3 3 3 7 4 3 6 5 6 1 1 10 3 1 9 7 0 5 6 5 7 4 9 9 9 5 8 10 0 5 0 0 4 0 6 0 0
0 5 6 7 8 9 7 10 8 4 9 9 3 9 7 10 9 4 6 4 5 4 8 0 6 10 8 8 9 9 2 2 4 1 6 4 7 8 1 6 3 10 6 8 0 2 6 7 5 1 1 6 2 0 2 8 4 0 9 6 5 10 4 7 2 0 7 4 6 1 2 1 0 10 9 6 2 7 1 6 8 9 7 6 7 2 6 8 14 8 7 1 10 8 8 7 4 6 4 4 8 2 4 6 10 9 4 1 1 4 5 6 3 10 10 2 2 5 8 4 5 10 8 1 2 5 3 1 6 10 1 1 5 8 10 1 2 3 3 9 2 2 0 7 0 3 8 9 7 9
3 6 6 3 5 4 3 9 3 8 8 9 3 2 5 7 5 8 5 5 6 4 7 6 9 7 9 9 5 6 10 5 3 3 4 5 9 2 8 10 7 9 1 2 4 8 2 4 5 10 5 3 10 9 1 8 3 6 8 3 1 3 5 10 2 7 3 2 2 1 5 8 7 2 8 8 8 7 0 0 4 0 7 3 2 9 9 9 4 8 1 4 5 2 8 1 0 0 3 10 4 0 3 9 10 3 3 0 10 3 9 0 12 2 10 7 6 3 9 10 5 2 6 10 9 10 0 0 2 8 4 0 4 7 4 0 3 4 5 8 2 9 2 10 7 0 10 9 9 5
5 1 5 10 6 8 0 3 8 9 4 5 1 3 8 1 2 0 3 5 6 6 9 6 6 8 8 9 6 1 2 9 7 7 10 4 4 0 1 6 10 0 7 10 9 0 5 9 6 9 0 5 7 2 7 3 5 10 2 10 9 3 5 3 6 9 0 8 3 7 2 1 1 2 9 2 1 5 10 10 4 7 3 2 0 0 7 7 6 7 4 2 1 0 3 2 8 2 1 9 1 6 6 5 4 0 1 8 9 1 3 6 8 3 1 7 0 5 7 2 10 9 3 4 3 1 3 9 2 5 2 1 3 10 3 1 6 3 5 9 3 3 10 5 0 5 0 5 9 5
5 5 3 3 7 0 6 8 5 5 5 0 4 8 2 10 2 0 9 7 1 5 10 9 8 0 2 1 5 9 5 8 1 2 6 5 0 4 6 6 4 2 0 5 1 7 7 5 7 4 9 10 14 1 8 3 3 6 9 10 6 3 1 6 10 5 3 0 1 2 4 7 8 0 7 9 2 1 4 2 4 8 7 9 8 3 8 8 0 1 9 9 9 4 8 0 1 1 7 2 6 10 4 9 6 5 6 0 6 0 2 3 9 4 0 6 1 7 5 6 4 7 10 1 1 1 9 8 3 5 10 1 10 10 4 10 5 8 10 7 6 9 10 8 8 6 7 0 3 8
5 0 3 2 6 0 1 6 0 10 0 0 8 5 4 9 3 2 8 1 5 6 6 4 6 3 8 2 9 3 1 1 6 6 8 3 2 4 0 6 6 5 1 0 2 8 2 7 2 4 7 1 9 0 7 10 7 10 9 6 2 10 4 6 8 1 4 6 0 6 4 5 8 4 7 0 1 1 10 2 10 5 2 9 2 2 10 0 8 10 8 6 0 8 4 5 4 3 4 5 0 2 7 9 6 2 7 9 1 7 6 8 9 0 4 1 10 4 7 8 10 1 7 6 3 10 6 3 10 1 8 9 5 6 8 7 4 6 10 8 7 5 3 0 7 1 6 0 0 6
10 5 6 5 7 8 6 4 2 10 8 4 6 2 0 9 6 5 0 2 4 7 0 10 2 0 6 3 9 4 5 1 2 4 6 3 6 10 7 5 7 5 2 7 5 9 3 0 6 6 7 7 8 8 3 4 2 9 4 10 1 5 7 4 9 6 1 8 2 1 5 8 1 0 10 4 4 5 2 7 1 1 9 8 2 8 10 0 8 4 7 9 7 4 4 9 2 6 2 5 1 5 1 5 8 3 10 3 10 10 9 0 0 9 10 7 1 6 1 9 7 6 0 5 1 9 5 1 9 4 15 0 9 5 7 7 5 4 10 8 9 5 1 4 10 7 1 7 9 0
