50
50 39 47 10 38 1409
48 33 7 31 9 1353
37 22 37 8 24 1353
30 41 29 34 27 1386
28 32 46 38 28 1397
9 30 34 31 40 1369
21 42 19 13 25 1345
38 27 10 15 23 3053
17 15 16 12 24 1309
24 13 27 29 35 3068
32 16 39 30 50 3107
14 46 10 9 21 1325
6 48 23 23 42 1367
16 5 6 15 23 3005
12 49 48 14 45 3108
6 17 29 7 46 1330
16 11 14 46 11 3038
13 11 13 12 20 3009
10 12 25 23 11 3021
16 28 41 46 20 3091
34 18 38 30 8 3068
19 24 28 40 45 1381
19 31 50 29 44 1398
18 23 40 8 44 3073
14 17 9 39 17 1321
36 40 11 18 40 3085
41 16 8 8 49 1347
18 17 24 6 6 3011
6 12 47 49 12 1351
10 43 47 20 9 3069
49 47 7 28 12 1368
48 5 12 29 5 1324
49 33 48 36 36 1427
26 15 7 49 47 3084
39 42 24 9 28 3082
6 10 11 35 33 3035
6 34 14 40 10 3044
13 14 11 7 42 1312
46 13 19 42 41 3101
22 40 35 25 27 3089
35 21 20 19 8 1328
23 27 48 42 40 3120
24 11 46 28 44 1378
41 24 37 13 25 1365
30 5 27 38 17 3057
6 18 35 23 33 1340
16 39 48 25 39 1392
18 20 17 38 44 1362
50 10 35 40 34 3109
46 5 19 32 38 3080
0 49 27 50 11 11 43 29 37 29 3 9 6 2 18 35 4 35 32 36 4 37 37 80 34 4 47 59 81 67 43 14 15 27 51 18 22 47 50 56 27 41 39 52 29 38 46 24 15 46
22 0 46 41 18 6 20 2 41 37 23 31 39 83 7 10 16 20 22 16 49 41 17 35 49 38 24 35 12 37 37 23 72 51 51 30 85 13 38 54 65 23 12 50 26 25 54 25 48 29
45 20 0 29 43 14 38 27 48 30 39 31 1 25 48 15 50 26 7 47 40 42 29 10 18 8 8 37 38 33 26 76 10 48 50 39 39 34 46 34 33 31 50 39 55 53 39 25 45 49
6 50 18 0 3 92 46 19 35 28 35 37 20 36 32 30 24 61 50 23 3 55 7 32 13 37 7 34 42 46 35 29 44 44 50 59 24 15 45 19 16 52 74 28 19 38 23 17 60 60
52 10 7 19 0 11 72 13 18 11 37 10 27 49 41 45 24 19 16 24 20 22 37 24 28 45 20 39 21 34 23 10 41 25 16 35 29 44 60 65 60 69 51 44 32 57 54 19 60 39
33 4 11 25 81 0 26 27 93 38 48 32 1 24 43 1 30 34 40 15 47 6 50 37 44 18 66 9 15 10 23 10 24 54 48 52 36 36 17 41 53 17 22 34 19 18 55 55 39 29
39 30 72 20 39 16 0 65 14 30 46 3 21 19 41 11 47 33 50 4 16 7 22 15 32 36 3 27 49 47 2 12 61 62 29 30 42 29 40 37 45 34 38 22 11 29 28 15 37 66
40 34 13 2 19 35 17 0 20 90 27 27 67 34 40 5 57 42 39 36 16 14 24 10 47 5 56 44 24 3 9 46 30 41 58 31 56 36 31 41 15 35 51 40 51 46 39 42 23 73
8 68 30 42 49 4 21 52 0 11 8 1 5 77 46 23 38 11 28 12 13 10 22 39 8 23 26 15 32 17 4 50 4 26 36 25 34 15 10 23 50 84 30 27 47 16 22 67 59 61
68 42 49 59 2 49 28 33 46 0 24 29 76 16 67 42 36 4 31 8 75 21 44 10 27 48 17 36 21 45 35 24 63 25 11 26 45 51 37 39 41 84 49 49 38 9 24 70 42 52
24 44 5 63 19 9 18 18 6 21 0 6 49 49 24 25 45 43 49 17 43 19 40 22 16 25 38 1 12 3 35 32 55 19 53 50 66 51 31 33 30 62 49 54 21 32 53 52 37 46
2 6 30 38 6 2 47 4 2 26 28 0 49 16 29 20 37 24 28 39 12 23 3 23 20 8 29 16 18 23 39 14 48 41 1 6 13 53 53 108 55 57 66 26 45 58 26 36 30 35
10 36 49 37 27 10 31 66 36 33 8 9 0 50 26 52 29 42 19 7 6 41 28 20 49 28 36 3 97 10 35 1 27 47 16 19 41 25 34 28 42 56 34 26 28 21 47 55 51 24
46 47 25 43 4 48 23 21 21 43 2 4 8 0 9 63 48 32 32 17 33 25 35 40 18 2 1 19 78 27 18 33 40 44 9 7 13 43 33 100 36 19 48 46 61 52 71 61 49 13
18 47 28 10 21 22 62 11 14 39 50 36 26 14 0 39 12 18 49 10 36 24 21 7 19 39 80 62 18 52 32 88 51 41 2 17 29 50 24 39 25 56 17 70 33 68 29 49 23 43
24 38 45 48 66 41 11 16 49 41 43 30 31 34 41 0 30 4 12 45 50 4 33 60 21 50 18 34 5 18 66 20 40 33 15 34 19 50 23 40 45 41 43 40 40 37 36 39 38 14
19 3 45 6 44 19 43 49 32 1 4 12 76 10 25 71 0 54 13 16 10 7 13 31 1 5 8 36 49 47 84 29 3 47 19 16 14 74 20 5 44 32 85 14 12 35 36 31 61 28
17 74 36 63 47 34 40 17 31 5 5 42 22 41 11 45 24 0 11 33 43 44 36 24 29 3 13 26 23 15 50 49 41 4 4 45 14 3 38 16 40 34 35 16 55 65 49 14 27 39
27 3 25 33 19 11 11 45 20 19 42 1 44 30 14 30 21 25 0 41 43 15 29 49 45 22 49 39 46 39 8 33 41 11 17 20 41 5 41 97 28 24 6 25 19 28 24 59 49 17
6 12 15 48 40 44 42 41 34 19 29 36 5 2 26 39 42 8 1 0 10 15 18 32 5 9 6 36 11 62 73 21 48 43 46 23 10 24 44 24 10 40 16 25 3 52 47 35 38 46
42 23 4 44 18 46 13 27 37 31 90 43 27 38 20 35 26 33 8 25 0 6 12 13 23 2 19 43 26 18 27 90 38 27 47 17 41 12 40 18 37 18 40 56 46 17 25 17 63 33
10 37 67 40 17 45 29 24 15 13 49 93 39 50 50 23 16 22 38 19 44 0 11 30 2 59 44 33 34 2 30 35 27 49 22 49 20 5 63 11 44 50 42 57 4 3 20 20 40 13
19 10 9 25 20 25 1 17 46 16 19 18 40 11 31 50 37 45 16 16 36 7 0 47 47 6 14 42 4 48 23 34 1 43 31 45 36 13 48 32 18 17 42 24 30 9 34 13 103 54
48 39 13 7 26 42 33 21 36 4 12 43 23 34 24 49 18 60 12 13 49 4 15 0 29 12 2 31 49 54 35 28 33 4 25 49 61 24 6 40 41 20 15 12 18 41 13 20 29 65
28 8 22 14 34 38 29 32 50 7 34 40 1 18 23 21 40 10 22 26 30 19 41 49 0 31 28 46 39 33 42 11 40 44 69 28 46 30 80 99 48 29 34 60 30 37 3 36 68 37
15 34 1 69 38 29 48 34 26 5 30 17 25 31 9 13 17 34 48 3 20 17 32 21 38 0 19 27 30 3 45 23 44 15 67 31 69 44 36 48 42 66 5 12 2 18 17 33 2 1
8 25 24 50 60 27 18 37 50 16 21 3 32 19 37 22 27 73 16 46 2 12 36 28 27 44 0 43 19 17 40 12 14 49 1 25 24 40 44 2 4 26 14 46 22 43 20 29 26 50
40 60 12 29 46 27 47 67 36 38 49 39 20 11 32 8 21 49 26 24 40 37 45 24 22 31 10 0 5 37 12 27 36 48 7 11 44 19 46 30 9 30 33 59 20 18 15 20 39 13
23 13 52 45 33 41 55 80 25 13 18 53 47 14 14 34 47 31 25 1 35 42 22 19 37 21 71 32 0 20 22 6 26 13 50 51 35 65 11 12 7 39 17 40 10 45 4 12 38 52
59 39 33 26 30 1 39 16 19 6 24 32 41 36 30 46 37 40 48 25 30 6 49 22 26 21 14 1 36 0 26 60 30 5 36 42 44 17 21 44 17 33 31 7 23 22 50 16 40 33
15 41 22 23 28 7 19 28 19 13 59 50 31 15 10 48 46 19 65 32 42 25 23 36 26 47 25 41 4 57 0 44 64 48 30 35 26 24 19 40 4 42 48 5 6 36 18 19 7 29
44 26 29 37 31 36 18 5 2 50 22 9 21 50 12 46 22 34 14 14 11 15 34 47 6 4 39 33 19 17 30 0 48 28 22 34 24 58 56 92 41 44 3 27 6 39 7 26 8 10
54 15 68 31 44 106 31 33 5 51 77 3 31 23 33 14 28 11 18 28 49 24 23 44 9 39 39 48 4 41 34 28 0 18 48 23 37 43 12 46 11 67 8 34 20 4 3 15 26 39
23 51 30 41 43 35 21 45 73 15 5 48 10 10 44 47 39 1 14 15 83 21 17 42 11 47 24 10 47 35 35 25 4 0 19 12 39 8 3 9 22 20 8 41 18 22 10 41 46 82
44 30 62 57 46 54 77 34 58 32 9 17 48 43 16 19 57 10 42 26 19 52 1 16 29 9 15 63 8 14 13 28 44 83 0 14 38 1 7 24 42 17 28 24 56 49 18 22 45 14
42 28 50 29 70 26 20 38 50 51 46 33 13 40 15 25 8 42 42 26 19 25 1 38 16 22 15 42 62 13 50 19 2 32 50 0 24 40 7 58 47 33 45 19 38 48 5 39 31 30
84 83 44 34 59 37 7 47 62 32 36 25 19 9 33 48 6 5 14 19 40 48 39 40 39 38 39 39 32 21 10 13 67 27 29 34 0 33 73 20 40 44 16 18 30 72 32 46 20 2
35 22 63 66 19 24 60 28 10 26 14 41 50 31 7 1 3 32 18 3 37 3 23 25 16 3 48 35 49 38 11 45 21 11 46 16 19 0 19 15 39 21 88 37 13 48 9 10 6 62
46 33 39 39 50 45 43 28 45 34 33 50 20 32 53 77 47 48 2 8 49 26 2 40 41 27 11 26 46 31 1 17 42 2 25 26 50 37 0 63 3 5 24 43 15 43 25 18 22 15
31 32 54 27 42 64 96 65 38 22 109 28 71 21 41 28 6 44 22 19 25 31 13 45 18 35 17 38 26 45 12 33 50 35 16 4 46 46 25 0 84 1 71 29 3 17 6 20 42 4
22 64 62 27 18 78 43 58 42 24 9 55 24 84 30 10 33 1 38 40 48 23 22 11 28 10 12 34 20 38 2 13 10 15 17 43 41 11 39 32 0 22 24 17 48 38 38 49 36 10
31 45 29 43 28 22 48 63 54 50 99 34 23 35 8 58 19 9 15 37 83 36 38 49 16 49 51 4 3 27 49 33 10 8 35 1 1 15 27 24 69 0 64 48 40 5 5 32 13 16
12 24 33 13 42 34 32 62 52 37 41 22 19 65 51 74 32 4 40 2 46 37 34 36 68 46 43 39 40 42 43 41 12 12 23 20 16 8 47 21 34 49 0 26 36 20 2 41 47 34
63 47 27 45 27 32 20 17 53 58 22 20 62 52 23 17 45 52 44 1 8 22 36 35 34 39 12 98 21 27 20 21 47 27 4 8 45 2 33 55 1 8 30 0 46 17 30 49 1 41
31 28 19 47 27 21 25 13 67 42 49 25 23 37 56 50 47 11 64 32 3 15 4 33 23 36 49 34 6 28 52 12 16 35 5 78 36 46 16 19 80 13 25 36 0 12 73 42 42 41
48 30 12 52 33 41 62 84 35 80 59 39 65 36 11 7 35 35 32 46 50 20 46 34 38 48 17 49 35 49 23 22 10 30 44 4 41 44 41 7 75 41 1 44 48 0 5 44 32 8
51 63 23 39 21 41 55 49 20 55 29 19 17 73 64 91 20 70 60 36 71 15 29 17 4 36 9 5 30 11 50 41 23 43 12 35 10 50 76 15 5 39 49 41 12 1 0 9 33 43
60 25 17 44 49 18 27 114 36 17 25 66 42 55 97 35 61 68 40 46 10 61 17 26 49 17 7 16 10 36 37 18 12 2 15 7 29 22 35 43 23 48 49 18 36 49 48 0 42 11
18 39 55 69 41 45 25 20 73 53 73 60 40 28 52 57 48 18 36 57 60 50 39 31 51 35 10 26 37 29 26 40 59 28 47 24 20 8 39 35 41 37 34 94 38 22 23 18 0 18
27 23 23 34 21 54 24 67 68 56 26 48 66 45 61 48 62 25 52 44 57 11 25 39 75 62 21 12 2 49 21 14 36 24 36 39 24 25 47 49 27 38 34 21 42 17 68 50 53 0
