100
17 25 50 34 8 2286
42 22 13 37 45 3089
23 38 45 18 6 709
1 53 6 36 47 1092
8 29 9 47 19 475
7 42 49 28 47 3178
1 1 55 7 42 922
8 43 61 20 39 2466
26 2 43 25 21 466
1 51 9 49 8 987
41 26 46 53 39 1601
40 46 29 43 3 3214
27 40 56 20 5 2837
18 17 11 41 15 141
13 2 55 17 50 1396
30 13 36 56 26 2475
49 55 38 56 12 1657
39 18 12 32 26 527
33 1 2 49 10 931
37 62 22 7 25 2828
24 12 39 13 37 229
38 36 35 1 6 353
1 37 48 44 23 1129
22 28 33 40 23 2169
25 1 2 29 6 408
1 23 1 34 1 801
32 3 1 28 42 3296
14 17 29 21 13 583
17 1 37 7 5 871
28 48 49 43 49 1592
40 27 19 39 50 2393
1 1 36 6 40 399
44 52 49 23 12 1120
36 9 1 31 9 747
17 16 28 18 42 2942
1 36 1 1 49 862
13 21 32 47 25 718
14 65 19 14 50 1695
20 39 52 42 9 2631
58 2 30 44 48 1083
15 34 14 35 26 2998
14 31 33 34 1 289
26 3 42 24 12 3412
36 55 26 46 49 2578
4 18 10 27 11 2951
46 45 26 14 13 1203
31 12 6 23 36 675
59 12 8 52 16 1307
34 39 16 3 27 756
37 29 25 32 44 2103
20 38 7 1 33 3305
21 42 21 44 50 1487
28 14 44 46 32 3187
44 4 53 6 35 978
15 16 59 18 12 1231
7 32 53 33 21 1858
56 23 5 22 11 2895
57 15 41 14 44 1496
43 6 42 42 37 2707
17 17 9 37 49 1786
4 46 26 18 48 3525
6 44 22 18 25 536
16 12 19 34 50 666
45 23 28 41 38 2027
17 23 37 34 31 2018
40 8 37 30 30 298
43 45 24 12 19 2244
18 45 28 12 41 2402
18 24 24 52 31 2475
13 14 32 49 37 1867
15 44 13 32 23 220
2 4 27 35 17 3378
22 10 18 55 14 1240
56 38 16 33 37 1937
40 23 40 9 7 3205
58 39 50 11 21 1648
32 12 40 20 21 2989
39 28 1 2 35 344
39 24 18 24 46 2235
50 43 1 35 36 2716
17 10 19 4 34 2886
41 34 34 50 21 2783
16 5 28 6 38 810
32 48 41 2 37 2622
6 42 24 20 42 3098
1 62 12 44 12 1387
9 24 12 11 35 1795
40 4 24 17 6 1666
12 34 18 11 18 574
17 32 29 24 35 2112
35 44 8 22 15 1695
42 23 23 51 37 3516
31 39 39 17 18 2160
47 26 16 19 48 1194
30 22 9 38 29 3421
37 14 15 9 42 150
33 58 37 15 29 1946
7 42 40 37 45 2792
61 23 40 46 35 2569
10 30 28 13 44 3369
0 4 4 6 1 5 2 3 1 10 5 9 6 1 6 1 6 0 3 0 5 4 8 9 7 1 0 2 10 10 0 5 0 6 2 6 0 9 6 10 5 9 4 2 1 8 4 10 5 3 7 3 0 4 6 0 0 3 7 3 8 1 5 5 5 5 10 6 13 3 8 5 10 10 6 6 7 10 0 1 0 9 5 7 1 10 2 3 9 5 2 4 1 1 6 6 8 5 10 5
9 0 4 4 5 4 3 3 10 6 2 0 3 5 3 10 10 9 9 2 6 9 8 5 1 4 3 6 2 5 4 6 2 8 4 8 0 1 7 5 4 9 6 8 10 0 0 2 10 0 9 1 4 3 9 10 2 4 7 8 0 8 2 10 3 3 8 1 9 8 10 2 10 8 6 6 8 7 8 2 0 6 1 6 15 5 9 4 0 9 1 0 1 8 6 6 6 9 2 4
8 5 0 6 2 4 0 1 2 0 1 8 10 7 2 1 4 3 0 0 7 10 0 3 0 6 8 7 3 7 1 9 0 5 9 6 16 3 8 8 3 10 9 9 10 4 4 8 1 2 2 8 8 3 8 9 5 6 10 9 3 4 1 1 6 6 4 10 1 1 0 2 9 9 0 5 1 7 7 2 2 7 9 6 5 2 0 1 5 8 7 3 7 8 6 9 10 8 8 2
6 4 5 0 4 1 9 6 2 6 10 8 5 7 5 8 4 10 7 7 10 2 7 2 10 6 4 0 0 2 7 5 2 0 9 5 2 9 1 5 3 9 9 10 9 6 7 8 6 3 0 2 7 2 0 6 9 6 0 1 0 6 7 9 4 2 4 1 10 10 2 7 7 5 4 1 10 2 9 8 10 9 5 0 8 10 9 7 3 7 4 5 8 7 0 5 3 6 2 3
5 3 9 7 0 9 5 4 7 5 1 6 8 5 5 4 9 10 10 2 2 1 5 0 3 2 10 2 1 8 8 10 6 1 6 10 5 4 1 2 2 7 8 8 9 0 4 7 1 10 1 1 10 2 1 4 10 8 9 6 4 5 4 5 5 10 3 2 4 1 5 9 4 3 0 4 7 2 3 3 10 8 5 10 8 4 2 2 0 8 7 0 4 10 2 5 1 0 2 5
5 3 3 9 7 0 4 10 10 8 0 8 10 9 10 3 4 6 0 3 1 10 8 7 7 2 9 8 6 3 1 6 4 6 1 2 10 10 10 9 6 3 4 4 9 8 4 4 5 5 9 7 14 5 0 2 9 3 2 1 1 1 6 4 7 8 9 8 8 5 5 10 7 2 7 0 5 2 0 2 5 4 3 10 8 3 9 0 9 2 4 7 9 0 6 1 2 5 6 9
8 9 0 2 4 7 0 1 8 8 6 8 1 7 4 9 3 2 14 3 4 6 10 10 2 9 10 10 0 1 0 9 3 10 0 3 9 2 1 3 10 2 5 9 0 8 10 8 9 4 7 1 8 2 7 8 9 8 1 3 7 2 6 2 5 10 3 2 3 0 7 6 1 6 1 1 1 3 8 5 5 9 1 10 9 9 5 2 10 5 0 6 6 2 8 3 4 7 3 10
9 4 2 9 5 0 9 0 3 5 2 7 0 1 8 16 1 0 4 10 3 4 4 7 9 3 0 8 4 4 5 3 3 5 7 10 1 9 1 3 0 1 4 10 4 0 3 2 1 4 1 6 0 5 9 6 0 5 7 2 3 0 0 10 5 4 4 1 6 3 10 2 0 0 9 9 3 1 1 6 3 4 3 0 10 0 7 8 10 10 0 1 9 7 6 4 6 6 1 4
8 8 4 10 15 4 10 3 0 3 5 7 1 9 8 9 8 7 2 8 9 7 5 8 4 7 8 3 5 9 0 7 2 7 8 7 1 3 4 4 4 0 6 2 0 5 7 8 10 9 8 2 1 1 5 2 9 7 10 0 5 3 8 2 5 1 5 9 9 6 3 9 1 3 9 5 1 10 4 7 0 2 2 8 10 1 1 3 2 2 7 9 8 9 4 4 10 0 1 4
10 1 0 6 6 1 7 2 6 0 4 4 1 1 1 6 3 6 2 4 2 6 1 10 5 2 1 1 7 10 8 1 6 7 9 8 8 3 4 7 5 7 3 3 9 6 2 1 6 8 9 9 3 5 0 5 5 1 8 1 10 1 6 8 0 9 5 7 2 5 1 1 3 2 6 1 1 10 1 1 8 2 10 2 9 8 5 3 2 2 0 9 6 10 2 1 0 4 8 7
3 1 8 10 1 7 9 5 5 10 0 1 0 10 5 7 3 4 10 8 0 9 2 0 9 10 7 5 9 5 1 2 1 0 9 3 5 10 6 5 5 1 8 9 8 1 2 10 0 7 2 10 7 7 2 4 6 2 5 2 4 1 0 10 4 9 1 4 3 1 6 8 9 0 7 9 0 8 2 3 7 3 5 2 10 3 8 6 0 5 3 3 9 2 6 3 7 3 7 10
2 4 9 2 6 1 1 8 7 9 3 0 9 8 5 0 2 4 4 8 10 10 8 1 0 9 9 3 10 1 4 1 6 3 0 2 10 0 9 9 3 8 8 5 2 5 0 4 5 5 5 7 9 7 1 8 9 5 5 6 6 0 6 7 9 2 5 2 10 4 8 2 4 9 9 8 8 8 10 5 4 6 6 10 2 0 8 4 5 3 0 3 3 5 2 6 5 8 5 10
2 9 8 10 3 4 7 10 3 2 9 2 0 3 0 2 6 5 7 6 9 5 2 6 10 9 0 8 3 7 3 1 10 3 6 9 6 7 4 5 5 4 0 1 2 2 3 10 5 5 8 4 9 7 6 6 10 7 6 10 8 10 2 2 4 3 5 8 5 9 7 7 2 4 9 8 4 9 8 1 5 9 5 8 9 4 9 10 3 10 5 5 3 5 6 9 4 10 9 5
2 10 3 1 4 4 8 8 10 3 2 9 9 0 2 2 0 2 10 10 10 1 5 4 7 6 3 9 10 0 7 6 4 7 5 2 3 8 2 2 0 4 9 4 7 0 10 0 2 8 2 8 5 10 10 6 4 10 8 9 5 5 1 8 0 6 4 8 5 5 4 6 7 5 1 4 0 5 8 6 2 5 2 10 1 2 4 1 3 6 9 2 5 9 4 18 8 4 8 0
1 10 9 8 10 3 6 6 2 10 10 10 4 7 0 7 0 8 9 5 2 10 3 1 5 8 10 2 7 10 1 3 3 5 2 10 7 7 2 5 1 8 9 8 4 10 7 9 9 6 1 1 8 2 0 2 4 4 3 5 3 1 10 7 2 9 0 1 3 8 0 7 8 0 7 10 0 6 8 9 7 4 0 1 8 8 2 8 7 4 6 7 3 4 5 2 7 7 0 2
6 3 4 0 7 8 9 2 9 2 4 5 3 4 10 0 8 0 9 5 4 6 9 2 4 4 8 2 5 5 0 10 5 0 1 10 6 2 5 5 3 4 7 6 3 7 2 8 7 6 3 10 4 8 3 4 6 6 5 10 10 8 1 10 0 5 10 6 6 3 2 5 3 2 2 8 5 0 0 4 4 6 0 5 3 8 1 1 9 1 4 5 10 7 9 8 5 1 1 5
3 6 6 4 9 0 8 7 0 6 8 7 6 5 1 6 0 3 2 5 10 4 10 3 8 3 6 1 1 4 0 4 5 4 1 4 5 2 5 6 8 3 10 3 4 3 4 0 1 5 1 5 0 8 1 4 1 0 4 10 9 6 2 9 9 8 3 10 1 8 3 0 5 3 7 7 5 1 9 10 6 6 4 7 2 8 10 10 4 2 4 6 5 7 5 6 8 5 6 9
10 10 9 3 3 5 10 6 4 0 4 10 4 4 2 6 5 0 5 3 0 9 8 4 0 2 4 7 3 8 1 5 9 8 4 0 3 5 5 9 0 3 1 5 6 2 9 3 4 1 7 6 8 2 7 1 3 8 10 3 7 17 5 2 9 8 5 6 1 2 4 1 2 8 4 4 8 3 9 4 9 6 6 2 3 9 6 6 5 10 6 8 0 7 10 3 0 7 4 8
6 1 10 4 5 9 2 8 2 1 0 5 8 7 8 10 10 5 0 2 5 6 7 2 1 6 9 9 10 10 0 2 3 5 7 1 9 2 0 2 6 9 8 1 8 10 10 2 6 6 7 3 10 2 3 3 1 5 4 7 5 2 7 1 8 5 1 10 6 0 7 1 9 2 5 5 2 5 9 4 7 4 6 5 5 4 4 0 2 9 1 10 7 4 2 10 10 2 1 10
2 9 7 3 1 6 7 6 2 3 8 3 14 4 10 7 9 2 4 0 3 8 0 5 7 1 8 5 7 2 4 3 2 8 10 0 2 9 9 8 5 10 8 4 1 4 0 0 10 0 6 10 1 2 1 6 4 4 7 9 6 3 1 1 2 0 5 4 6 8 6 10 7 1 5 6 2 1 3 2 7 8 3 7 0 8 5 1 9 10 10 9 8 4 7 8 5 4 4 9
8 2 9 9 3 6 8 5 0 7 3 4 8 0 3 3 5 6 0 1 0 4 9 9 8 7 1 7 1 6 6 8 1 4 0 10 9 1 5 1 1 3 6 1 7 7 4 2 0 3 3 2 1 8 7 3 5 5 10 9 5 7 5 1 0 10 8 1 0 7 2 6 2 2 2 7 0 1 1 10 4 5 10 9 7 1 2 9 2 8 9 6 3 6 0 0 5 3 10 7
2 6 4 1 7 4 8 2 8 2 10 4 8 8 5 5 2 5 4 2 7 0 1 10 5 4 9 6 3 2 8 8 2 4 9 2 1 3 1 6 1 2 9 1 9 6 2 4 0 9 6 5 4 3 4 7 3 6 1 5 5 2 7 8 5 9 9 7 2 9 9 5 9 0 0 7 7 7 1 6 4 9 10 10 5 9 4 0 2 7 3 8 6 8 5 3 9 9 10 5
1 6 6 0 8 5 10 4 4 10 8 1 7 9 9 8 6 7 2 10 7 6 0 7 6 6 6 4 0 4 7 2 0 6 8 9 9 2 8 6 10 4 1 4 3 5 8 2 1 4 1 4 10 10 3 10 9 8 0 10 9 3 2 1 10 7 2 0 8 8 7 9 7 10 4 0 6 3 8 10 4 6 9 2 2 7 7 8 6 0 8 5 10 8 10 2 0 6 10 9
8 1 0 10 2 6 7 3 3 9 5 3 6 8 9 3 6 8 1 6 8 0 0 0 7 3 9 8 9 8 5 2 1 9 0 0 1 2 4 4 10 5 8 8 6 9 5 1 0 6 2 0 3 4 4 8 6 2 8 2 9 1 1 9 5 9 9 8 7 6 6 4 6 9 10 0 7 2 2 1 0 1 9 4 1 4 5 10 4 5 3 4 9 2 6 2 0 5 1 9
6 7 3 0 7 9 0 8 6 5 4 7 8 2 1 7 10 4 4 2 0 2 0 1 0 9 2 10 7 4 0 5 3 2 7 0 9 7 5 9 0 3 6 2 1 4 5 8 6 7 7 9 3 4 0 2 3 5 5 1 1 0 3 5 8 9 1 1 9 4 2 5 10 7 1 9 6 2 4 10 7 7 9 7 4 6 1 1 10 9 9 1 10 4 2 1 9 4 1 1
2 10 10 2 2 4 7 8 1 10 5 7 6 1 0 0 2 5 6 8 5 0 1 9 3 0 4 5 3 2 0 8 4 1 7 3 7 6 7 0 4 10 8 8 10 2 2 4 7 5 6 0 10 7 8 1 0 3 0 1 9 4 5 4 9 5 5 4 3 1 1 1 6 9 6 1 10 4 6 3 9 9 17 9 5 4 5 2 6 0 6 3 1 10 3 4 7 9 1 2
1 5 4 8 5 7 2 3 6 9 2 1 4 2 0 7 6 5 2 6 2 8 4 7 8 10 0 7 3 8 5 2 6 7 2 2 0 7 4 0 10 8 1 9 10 0 10 8 5 10 18 1 6 4 8 8 8 6 0 2 3 3 7 4 0 0 4 9 9 4 4 6 9 3 1 9 7 10 5 4 2 6 2 3 8 1 9 0 8 7 9 9 4 5 8 9 4 5 9 4
4 7 8 2 5 2 0 0 7 8 6 5 4 7 10 9 3 5 10 3 10 3 3 0 7 4 3 0 2 7 6 3 0 3 1 5 5 5 5 4 10 0 1 10 0 10 4 2 5 4 1 6 0 1 5 5 2 3 7 0 4 4 5 2 0 0 1 2 1 0 10 5 2 8 9 10 3 10 5 7 0 5 1 9 8 10 8 3 9 2 5 6 0 8 10 5 1 8 7 3
1 0 8 3 8 9 6 2 7 6 5 10 0 3 8 3 2 0 6 7 4 3 1 0 7 0 4 0 0 1 8 9 7 3 8 4 0 9 1 4 5 9 4 6 8 6 10 4 1 1 7 8 8 10 3 0 1 3 2 2 3 0 2 0 6 7 1 4 9 2 10 1 5 9 9 5 2 4 5 3 0 0 9 5 5 7 2 8 4 5 1 7 1 2 10 4 5 2 3 5
3 10 4 1 5 4 7 3 4 4 14 1 4 8 4 7 9 4 4 4 6 4 7 7 5 10 6 6 10 0 10 6 1 3 0 9 10 2 5 5 3 8 1 3 4 6 10 10 10 9 9 5 6 8 3 7 6 6 5 10 0 6 0 4 7 2 8 7 1 8 7 9 3 7 0 9 4 8 10 10 3 10 8 2 5 4 5 3 8 5 6 2 6 10 0 2 7 10 7 10
6 7 0 2 4 4 1 1 5 2 3 8 1 5 5 6 3 1 6 3 5 8 3 10 9 2 10 3 10 3 0 6 10 7 3 7 10 1 3 7 0 10 3 8 3 1 10 4 4 10 5 9 4 8 2 7 1 2 6 10 5 5 10 0 8 5 3 18 1 5 5 10 1 5 5 5 7 1 10 3 10 9 10 0 7 9 6 6 6 6 3 1 9 10 8 2 8 9 10 2
8 9 7 9 7 9 2 6 6 3 3 7 3 10 9 1 6 6 3 8 3 1 10 1 13 7 0 4 10 5 0 0 0 7 3 5 9 3 0 10 1 5 8 10 2 3 7 3 7 10 8 4 5 4 8 10 6 0 3 0 8 10 0 1 3 6 7 10 8 7 9 0 10 7 7 4 6 8 1 9 6 1 6 2 4 6 9 2 1 7 10 0 6 2 8 0 2 9 7 4
5 2 9 6 2 7 5 9 8 10 3 8 2 0 1 10 3 9 3 7 7 2 12 4 9 10 9 0 10 7 7 7 0 5 4 1 5 2 1 0 10 9 8 4 3 3 7 8 10 9 3 7 9 7 7 9 9 4 2 6 1 9 3 2 0 7 7 10 5 2 3 2 6 4 10 8 9 6 0 0 1 10 7 4 2 5 4 4 3 5 0 3 7 7 0 2 4 9 9 2
6 0 10 0 6 8 6 7 9 3 0 1 0 1 9 9 9 10 8 8 0 10 8 8 1 7 0 6 5 4 0 0 6 0 2 0 1 7 5 2 9 0 0 9 1 5 1 6 13 0 3 7 10 8 1 0 7 1 8 6 2 3 10 6 2 3 7 10 5 1 7 3 2 8 3 6 1 0 1 3 10 8 6 4 10 0 1 0 6 8 5 5 1 7 9 10 0 0 1 8
8 3 8 8 0 2 5 10 2 8 5 7 1 5 10 7 9 7 2 0 0 9 7 9 9 7 4 8 2 3 4 5 7 2 0 6 5 7 4 10 0 5 10 3 9 8 8 1 10 7 1 7 5 2 0 6 5 2 7 4 7 1 2 5 7 4 0 9 10 7 5 5 8 9 10 6 0 0 4 3 1 4 5 6 0 3 7 7 9 2 2 10 10 1 10 4 7 4 2 2
7 10 2 3 0 1 1 9 7 0 9 5 2 9 8 1 7 3 6 8 0 2 2 7 1 5 9 2 12 2 4 4 10 6 6 0 8 9 7 7 8 6 10 4 4 1 7 10 6 2 6 3 0 0 4 3 3 9 4 4 7 2 2 7 8 6 5 6 7 7 2 6 2 10 10 10 7 9 8 7 4 8 10 2 2 9 3 6 1 0 2 7 8 8 9 0 10 5 4 3
0 9 4 0 3 10 3 9 4 10 6 3 9 9 8 3 10 9 9 9 4 10 1 8 10 2 9 4 0 5 7 1 3 8 0 5 0 4 4 4 8 7 8 1 4 0 0 1 9 8 1 4 7 10 0 3 6 9 9 4 4 5 9 6 1 3 6 0 9 3 9 2 5 9 8 2 9 6 7 5 0 5 3 7 7 1 3 4 9 0 0 7 3 3 0 0 9 9 9 0
5 0 6 0 10 2 9 9 3 7 4 1 9 6 8 7 0 0 6 8 6 9 6 8 3 5 2 10 2 5 6 3 9 4 7 10 4 0 1 7 9 3 5 9 8 3 7 9 5 8 4 7 5 9 4 8 8 5 3 9 9 4 6 1 9 0 6 10 0 0 2 10 6 8 4 3 1 1 4 8 6 10 3 8 1 6 3 10 2 4 7 4 5 4 5 3 4 4 8 9
9 1 5 3 4 2 7 4 8 0 5 4 10 2 8 7 5 3 7 0 10 8 1 10 9 0 3 9 8 1 9 2 3 3 8 2 1 3 0 7 3 1 2 6 5 10 2 10 6 4 7 3 5 4 8 4 9 9 5 4 2 4 9 10 4 4 10 4 7 4 7 5 9 10 0 6 7 5 4 9 3 0 1 5 6 9 3 8 5 2 0 0 7 7 5 6 3 5 7 3
10 9 3 18 5 2 10 9 4 2 2 8 7 1 0 3 8 4 8 6 3 5 2 5 1 9 1 6 8 8 1 6 7 2 10 7 3 1 2 0 1 8 1 7 2 7 2 2 10 10 1 7 5 2 8 4 2 2 1 0 3 5 9 3 7 1 4 4 3 0 4 8 10 7 6 10 7 5 6 3 0 6 5 10 1 7 3 4 2 1 10 10 4 3 9 3 8 10 3 1
10 6 9 4 4 7 9 5 10 5 3 3 6 10 6 6 6 0 0 0 0 4 9 0 4 7 7 2 6 6 2 10 8 9 5 7 9 3 3 6 0 0 3 1 9 4 10 7 1 9 10 10 4 8 6 10 5 9 1 10 8 6 3 7 6 6 9 8 10 0 7 3 6 9 8 6 0 4 3 7 5 3 7 5 10 5 9 1 9 4 5 2 4 0 4 3 0 3 1 4
3 10 4 1 9 6 5 9 4 1 9 0 2 5 0 2 7 1 4 8 0 5 3 6 8 1 1 7 6 0 0 0 0 3 5 1 5 7 6 1 10 0 1 2 0 4 8 3 6 0 1 3 2 3 2 0 0 1 5 9 1 0 9 1 6 18 4 9 0 7 6 6 3 7 8 10 3 0 9 0 6 1 8 9 5 8 0 1 9 5 2 4 2 5 9 10 5 3 9 4
1 4 7 5 2 10 3 0 8 8 9 7 10 8 4 7 8 8 7 5 4 7 8 0 2 2 9 2 1 1 3 3 8 4 10 0 1 9 4 7 6 1 0 6 8 2 1 3 5 9 0 9 2 4 4 2 3 10 6 9 10 8 9 3 1 10 8 5 2 6 1 2 1 7 8 9 1 8 9 8 10 10 7 6 9 9 2 8 3 6 4 7 2 1 12 4 3 10 3 5
2 2 4 10 6 10 7 6 7 7 9 6 1 3 4 3 8 4 3 9 5 2 0 9 9 1 8 7 0 5 7 10 1 5 0 5 7 8 6 10 6 2 3 0 3 9 6 10 7 7 10 2 1 3 0 4 5 4 5 0 4 9 3 0 10 7 9 8 0 3 4 3 6 0 5 9 5 6 3 6 9 7 10 0 4 5 0 7 9 2 2 3 0 10 5 0 4 1 9 5
9 6 9 5 1 0 4 10 4 1 4 10 6 4 6 1 9 0 7 10 5 1 1 1 9 7 7 7 3 4 9 4 4 5 1 4 6 3 4 2 5 7 2 9 0 9 0 4 4 7 0 3 2 1 3 8 8 3 0 4 2 6 0 8 4 9 7 1 3 9 5 2 7 2 9 2 2 6 1 10 5 5 2 5 4 2 5 6 3 6 6 4 4 0 7 2 6 7 9 1
4 5 10 5 10 3 9 5 9 9 6 10 0 6 10 7 7 6 2 1 9 2 5 2 1 3 3 5 10 4 5 8 1 8 8 5 4 7 0 5 2 2 1 10 1 0 0 4 0 6 3 1 10 3 5 5 6 5 9 8 3 9 3 7 1 4 9 5 1 5 10 8 8 10 3 7 5 8 1 1 2 7 7 1 6 9 2 3 10 2 0 8 10 10 7 6 3 2 3 8
4 7 5 10 0 3 8 0 10 6 10 5 0 2 0 3 0 2 0 5 0 3 5 3 7 1 4 8 4 0 10 1 8 7 10 3 8 8 5 5 9 9 2 1 5 8 0 10 2 4 0 10 5 3 7 5 8 6 5 8 2 3 3 10 9 6 2 2 2 4 9 1 9 4 10 2 5 1 5 4 0 4 4 0 1 2 9 7 0 6 4 2 5 0 9 10 0 0 4 2
6 7 10 4 9 1 1 2 5 7 9 7 0 4 9 6 7 3 9 6 4 7 0 4 0 5 7 2 2 8 1 2 9 9 9 8 0 17 6 4 7 9 5 10 5 7 6 0 8 10 6 6 2 2 10 0 3 6 4 6 0 3 7 3 1 1 5 2 7 7 0 1 10 2 10 10 3 10 8 9 6 1 0 6 1 10 7 9 8 4 9 6 6 1 6 2 2 2 8 0
2 6 1 10 5 2 3 3 0 6 9 6 2 5 9 5 10 10 9 7 10 6 5 4 9 8 4 7 9 8 10 5 7 1 3 0 10 5 9 3 4 9 4 3 3 2 3 1 0 4 4 10 0 0 4 4 8 1 9 9 4 8 3 10 8 2 0 7 8 10 1 6 5 0 5 5 5 7 10 10 0 4 0 10 1 6 8 1 0 6 1 6 1 1 0 10 7 5 5 10
7 6 5 10 5 0 8 0 10 10 0 7 0 0 3 0 4 3 3 6 4 5 4 7 2 6 4 8 10 3 3 5 7 0 0 3 7 6 0 2 6 5 0 1 2 8 5 2 1 0 9 0 2 3 2 8 4 8 1 2 0 2 8 1 0 5 6 1 9 9 2 8 0 6 8 9 3 4 7 4 2 4 4 10 7 0 3 6 7 18 0 8 6 0 9 7 5 0 8 9
3 2 0 4 0 8 6 7 10 1 7 9 9 0 8 2 7 3 1 3 7 2 7 5 7 0 10 7 4 8 4 0 3 0 8 9 8 2 10 2 2 4 7 5 5 2 9 5 1 5 0 2 0 10 3 8 8 9 2 8 0 6 2 1 6 8 7 1 2 9 9 9 4 5 6 8 5 3 8 8 3 2 2 8 2 5 8 6 5 7 0 0 5 7 8 7 10 6 0 5
0 6 6 6 6 2 5 1 3 0 9 1 10 7 10 0 1 7 0 2 7 8 4 3 8 3 3 6 4 7 0 10 2 5 5 4 2 5 4 0 2 3 6 4 5 1 6 3 9 6 5 0 5 7 7 7 2 17 3 0 5 7 4 0 9 9 3 4 10 9 3 8 3 3 7 10 8 8 3 4 1 4 8 3 8 0 9 2 9 7 2 1 5 10 1 0 0 5 0 0
0 1 7 0 9 6 6 4 2 5 9 7 8 0 0 6 2 8 2 5 6 7 4 6 10 3 7 3 7 2 5 4 4 2 4 5 3 1 8 7 2 2 3 8 7 0 8 9 10 2 1 5 0 6 7 8 8 4 4 10 0 9 9 0 6 4 2 2 0 5 1 6 7 6 2 10 7 10 2 4 5 8 6 5 4 4 3 1 3 4 10 0 7 6 7 6 5 4 3 0
6 7 0 5 2 10 0 5 7 13 1 9 5 1 3 5 7 9 4 7 0 0 0 4 3 5 2 7 8 3 3 7 0 3 5 6 2 2 2 9 3 2 0 0 2 6 6 5 3 3 8 5 4 0 0 10 3 4 10 0 7 9 6 4 3 10 7 8 6 1 2 9 2 9 5 1 8 5 6 2 10 1 1 3 9 0 4 6 1 2 0 1 4 9 4 7 5 10 5 5
3 5 10 4 6 8 10 3 5 8 9 6 3 5 4 4 9 8 7 0 3 7 1 7 3 9 1 2 10 10 8 0 0 0 0 5 10 0 7 7 1 8 3 2 10 2 6 8 2 3 9 5 2 8 0 0 7 4 10 8 6 8 1 4 0 2 7 10 10 6 7 8 13 2 7 5 5 5 1 0 10 10 9 3 0 6 7 1 10 7 6 4 5 8 6 9 7 6 3 4
10 5 3 7 6 4 2 4 5 7 0 7 6 1 10 0 8 10 10 7 10 10 3 8 6 8 10 5 8 8 4 7 6 1 10 7 2 9 7 2 9 10 4 4 10 3 4 5 7 2 2 0 5 1 8 0 0 8 1 4 3 4 9 8 5 6 8 2 5 14 6 9 0 10 5 0 1 4 7 9 10 4 10 1 9 5 8 6 4 2 3 7 7 0 3 4 7 6 7 0
5 5 0 1 5 8 2 6 2 5 0 7 7 1 7 10 1 5 10 10 5 2 3 6 4 4 2 10 1 1 9 5 10 4 7 0 2 5 8 10 10 9 6 3 1 8 0 6 9 2 5 3 2 1 0 2 0 5 0 8 8 10 8 7 2 4 8 4 3 9 4 4 2 4 2 3 4 0 10 1 9 8 8 10 9 7 6 2 0 7 3 5 0 6 6 10 8 7 10 5
10 8 8 3 10 5 7 7 7 6 3 3 7 10 7 7 7 3 1 2 1 7 6 9 6 7 3 8 0 8 9 5 5 7 7 2 1 7 1 2 4 2 5 0 6 1 6 10 1 3 3 6 8 9 5 1 7 0 5 2 1 6 2 8 7 6 5 0 10 2 6 2 5 10 4 10 8 6 3 10 7 1 3 4 9 5 4 6 3 8 4 9 8 3 3 3 6 1 0 10
0 4 9 1 8 6 5 6 4 6 2 7 7 8 8 7 0 3 3 8 5 7 10 2 2 10 1 1 9 2 3 5 4 2 7 2 6 5 7 3 3 0 0 3 1 2 0 1 8 5 10 6 4 6 9 4 7 2 0 5 5 9 9 4 5 8 7 1 2 4 10 7 1 6 9 6 0 2 5 14 0 3 5 7 6 9 7 7 1 4 10 6 2 3 8 0 3 4 5 10
0 10 0 2 7 2 6 5 1 4 2 8 3 3 6 8 2 7 1 10 6 5 5 6 6 5 4 6 0 5 9 2 8 1 1 0 5 1 5 5 6 8 3 8 4 2 7 9 8 2 10 4 9 8 6 10 6 10 9 0 4 10 2 4 5 10 4 4 4 8 4 6 10 9 3 4 5 0 5 5 6 2 10 0 6 2 10 10 10 8 5 0 8 1 8 2 4 10 4 2
9 9 9 4 10 8 9 1 9 5 2 0 2 6 10 10 1 3 5 8 2 7 6 2 2 3 6 4 6 5 6 8 9 6 9 5 2 0 1 3 0 2 2 1 6 3 3 9 6 9 1 10 9 1 2 4 4 6 10 5 0 8 8 4 9 8 0 4 9 2 7 2 7 7 10 3 9 4 8 9 5 2 0 1 0 6 0 4 3 5 4 9 8 3 4 0 2 2 3 5
5 1 5 9 7 0 8 0 1 6 5 7 10 9 3 6 2 3 3 7 8 9 10 1 0 0 1 2 2 0 10 2 3 1 8 9 0 6 4 3 7 2 10 2 9 8 2 10 6 5 7 7 4 1 5 6 4 6 1 5 10 0 5 9 6 9 6 10 5 6 3 10 3 1 2 6 8 1 9 10 8 10 8 8 10 1 8 1 4 3 0 1 2 5 3 1 0 5 1 4
4 4 5 7 6 2 7 0 7 6 0 0 7 1 5 3 3 1 3 0 7 1 8 9 6 2 8 1 6 6 3 4 0 2 8 2 8 2 0 2 0 3 9 1 1 5 11 10 8 7 10 1 4 7 3 1 6 8 0 7 1 8 0 9 0 2 0 0 3 6 4 0 6 10 5 1 9 6 8 1 2 6 2 6 5 8 6 10 9 4 6 7 4 10 0 6 7 8 9 6
2 1 2 6 8 10 6 3 7 4 1 6 6 10 6 1 8 0 0 6 6 7 1 5 10 10 6 8 5 4 10 4 10 9 2 10 3 5 3 10 6 5 10 4 7 7 7 3 5 10 10 2 10 3 7 1 9 5 2 0 2 6 7 0 10 4 4 6 4 3 5 5 0 8 10 2 7 6 0 5 3 5 3 1 4 10 10 3 10 0 1 8 8 4 6 10 3 7 8 9
1 6 0 10 7 9 10 1 0 10 5 4 7 10 2 8 4 10 4 7 4 0 4 6 8 7 10 6 0 7 1 9 9 9 2 1 9 5 2 1 7 9 10 4 2 10 8 1 3 9 0 4 3 1 9 7 5 10 7 1 4 3 2 18 0 10 10 0 3 5 5 10 9 7 9 3 2 10 4 0 2 7 8 8 1 8 8 2 2 4 2 5 4 8 1 8 0 5 2 4
7 6 9 2 9 6 10 6 2 7 6 9 4 1 6 10 7 9 1 0 3 1 6 6 1 6 9 7 2 6 8 6 10 8 8 2 3 6 7 6 6 10 8 2 9 8 4 3 8 8 10 9 6 6 2 5 6 5 7 3 0 10 6 3 1 0 7 0 10 7 2 3 6 10 2 9 8 9 2 4 7 2 9 2 4 2 7 8 6 10 2 8 10 0 7 10 0 2 5 8
6 6 4 1 3 1 0 5 5 2 7 8 2 8 0 9 9 2 7 4 7 5 7 9 7 2 3 5 2 9 7 7 7 4 7 1 10 4 5 4 0 5 5 9 5 3 6 7 2 0 7 4 2 4 0 7 4 7 6 10 3 9 2 7 5 5 0 9 0 1 4 0 5 3 5 6 1 8 7 3 7 1 4 0 2 1 5 7 8 9 4 10 10 5 2 5 8 3 0 8
2 4 9 6 7 5 4 1 10 6 8 3 9 5 0 1 3 0 2 10 10 4 2 8 3 6 2 5 3 4 10 4 9 10 7 2 10 4 7 9 6 2 10 0 6 4 6 4 4 10 5 7 5 4 7 5 7 6 10 10 7 7 7 4 3 3 6 0 7 7 3 8 1 8 9 2 7 5 3 3 8 2 8 9 6 4 0 2 10 9 2 2 5 5 2 7 2 1 9 6
5 10 9 9 7 6 9 5 5 5 0 0 4 10 10 7 8 4 8 1 6 1 1 0 7 4 7 0 2 2 3 0 9 7 6 6 8 6 4 3 7 0 0 10 0 5 1 7 0 6 10 6 1 2 3 7 2 1 0 3 7 5 5 9 2 5 7 4 0 8 5 1 10 4 10 4 4 3 5 3 3 4 4 0 4 7 7 8 5 9 6 9 6 10 3 8 4 9 4 0
4 5 6 10 0 0 1 3 10 1 2 8 5 8 9 8 1 4 8 2 9 9 6 6 7 4 10 6 10 2 6 7 7 6 6 6 4 0 9 10 1 8 3 10 3 3 8 3 7 10 10 3 0 0 3 6 7 3 6 1 1 4 0 9 6 10 5 0 1 0 5 6 1 6 8 10 10 5 10 2 9 8 6 2 1 2 9 1 5 1 9 4 5 10 9 8 5 5 1 3
9 0 4 9 8 8 6 6 1 4 0 2 7 0 10 10 9 7 4 4 14 5 4 6 7 1 3 10 7 5 7 4 3 10 0 6 0 1 4 1 5 0 3 0 3 0 9 2 4 8 2 9 0 2 5 3 2 8 9 9 2 7 2 1 9 9 0 7 0 5 0 9 2 9 5 2 4 3 5 4 10 9 10 7 3 6 1 6 3 1 7 10 2 4 10 8 8 10 4 8
3 10 1 1 1 8 2 3 4 9 7 1 2 2 6 2 7 5 2 0 2 7 5 6 7 8 8 3 2 2 9 5 2 3 0 6 10 3 4 6 3 0 9 5 1 8 4 7 6 8 6 5 9 5 7 0 8 1 2 8 2 0 5 7 0 4 0 7 6 6 3 0 3 8 7 5 3 3 3 7 5 9 0 3 5 3 10 2 6 10 7 9 0 0 0 7 1 4 0 6
1 6 1 6 5 0 5 1 7 9 1 0 10 4 9 8 1 0 1 10 5 8 10 5 8 6 5 1 3 3 6 7 5 3 3 7 5 5 3 8 5 7 8 9 8 1 2 5 3 7 10 7 7 1 4 1 10 8 9 10 10 4 2 6 5 9 2 4 0 5 1 4 0 8 5 10 0 2 3 4 4 10 8 8 0 0 10 7 6 8 6 4 10 2 2 5 3 2 3 10
7 4 8 1 6 10 10 9 5 4 9 1 3 1 6 6 10 1 7 8 8 3 2 9 0 3 4 0 1 10 4 9 5 0 5 3 1 7 5 7 3 4 7 7 5 1 6 6 4 0 3 6 0 2 5 1 4 8 8 8 9 1 6 2 1 0 8 6 3 3 2 10 9 0 8 1 5 7 5 0 3 0 3 9 3 1 0 2 1 4 9 3 8 10 5 0 16 10 5 7
9 4 1 2 7 7 3 3 3 6 6 17 7 10 6 0 2 3 4 3 2 9 0 1 6 1 9 6 9 3 8 2 1 8 0 6 2 9 1 6 4 10 7 1 6 7 2 2 4 6 6 7 1 2 3 7 2 4 6 2 2 8 6 5 7 10 3 8 3 5 10 5 2 5 0 8 10 2 2 6 8 0 0 0 9 1 10 2 10 8 9 9 5 8 9 7 3 8 2 1
2 5 9 1 9 4 3 6 0 9 7 10 8 9 7 1 15 10 9 9 9 8 3 9 10 9 2 2 8 4 6 10 7 3 5 3 2 9 7 6 8 5 2 3 6 9 5 4 3 5 3 10 5 0 7 3 2 5 3 7 8 2 10 5 9 1 4 8 5 6 7 4 5 7 2 0 10 10 6 4 8 3 7 5 4 8 2 7 7 0 5 9 4 4 6 10 5 6 1 9
10 1 2 5 0 9 9 4 2 2 7 6 7 6 7 5 2 8 5 4 8 9 10 6 0 1 10 4 10 6 7 8 4 1 4 4 8 3 3 7 8 1 2 4 10 9 1 9 5 9 6 4 8 6 3 6 8 9 2 10 5 8 2 10 6 5 3 0 0 8 1 5 3 0 8 5 0 1 9 10 0 5 5 3 6 6 2 3 8 1 8 6 5 2 8 3 0 7 10 9
9 6 5 2 5 8 5 8 0 10 8 1 7 0 6 3 0 5 1 4 1 15 7 8 4 8 3 4 5 7 3 8 10 6 0 1 10 10 9 2 2 5 9 4 8 2 2 2 4 0 0 9 3 6 4 3 2 5 10 8 6 8 10 0 3 0 7 9 2 10 10 8 7 3 4 2 8 0 4 1 3 9 9 6 10 6 3 2 0 5 1 1 1 8 6 6 2 2 8 10
8 1 8 7 3 10 1 9 9 7 0 4 7 1 2 5 9 8 5 2 6 7 10 4 3 1 3 7 7 5 1 8 7 9 1 10 6 2 5 4 8 0 6 10 1 0 4 3 4 0 9 3 3 7 6 10 2 6 7 5 4 1 6 10 10 6 17 0 7 7 7 3 7 10 0 3 3 8 0 2 2 6 2 4 5 7 6 5 6 4 1 3 6 3 9 10 7 6 5 8
0 0 9 10 5 9 7 2 5 6 2 3 4 10 6 3 9 4 3 8 4 1 10 3 4 1 0 7 7 0 4 5 1 0 7 9 6 7 8 5 8 3 4 2 8 5 9 0 8 7 9 8 1 2 3 6 3 4 6 1 10 7 5 6 8 1 8 2 8 10 2 9 10 10 7 3 9 10 6 0 4 10 4 6 3 5 0 4 5 0 4 8 3 10 1 0 9 2 3 10
6 9 6 9 0 10 8 7 8 4 3 2 5 1 4 2 9 1 3 5 5 0 0 5 0 9 9 0 1 0 6 10 9 2 5 0 2 6 6 10 0 2 8 4 2 10 7 1 0 4 6 0 1 0 3 7 17 5 4 4 8 9 9 3 7 2 9 5 10 6 2 1 2 8 2 3 6 9 5 1 0 2 2 0 9 8 4 2 6 4 6 4 2 2 2 3 4 2 0 5
0 5 10 4 10 10 9 3 0 4 2 1 9 3 9 8 0 1 10 1 5 10 7 4 10 1 6 2 9 1 4 4 1 2 0 0 1 1 3 2 7 0 3 7 7 4 5 6 9 1 5 4 8 7 6 9 3 3 1 7 8 5 9 4 9 10 3 2 2 9 10 4 9 6 6 3 9 10 6 10 9 0 8 2 2 1 5 1 6 7 5 9 10 6 9 2 9 14 0 6
9 0 7 1 1 2 4 4 3 8 3 7 1 9 7 7 9 0 5 8 4 7 9 8 0 9 9 6 6 8 4 8 8 0 4 4 6 1 1 1 5 5 2 7 0 5 10 3 5 7 1 9 6 6 2 0 9 1 1 6 5 8 1 6 0 5 5 5 10 7 4 6 5 0 5 7 4 7 6 3 1 2 0 0 10 0 1 5 4 2 5 10 10 1 0 4 4 7 5 5
9 0 5 7 7 1 7 10 9 5 2 9 8 1 7 2 9 2 9 4 0 2 8 4 5 9 6 4 4 1 8 6 8 5 2 3 3 6 13 10 3 3 5 2 6 3 5 4 3 7 8 7 9 3 5 2 8 8 7 7 6 5 4 6 8 9 2 6 0 8 6 5 2 0 2 5 4 8 8 6 3 4 1 0 4 9 5 8 6 10 8 0 4 10 6 5 6 4 5 3
6 7 4 2 9 5 10 10 6 8 9 7 0 4 0 4 8 5 6 6 3 2 4 4 10 2 3 1 7 0 10 5 2 1 5 5 4 6 1 9 3 9 8 3 8 7 7 5 6 7 1 9 8 2 9 7 3 8 3 5 5 10 5 8 5 6 3 10 3 6 6 0 7 3 3 4 3 0 10 7 1 0 7 0 0 1 1 5 8 4 10 0 0 8 6 8 5 10 2 4
8 8 3 6 5 9 5 10 3 3 0 10 2 2 16 4 9 10 3 3 2 3 5 8 10 2 3 9 6 5 6 9 4 5 6 1 5 9 0 6 1 1 0 9 3 1 4 1 10 2 0 3 8 3 4 3 4 0 10 9 1 2 2 5 4 9 0 2 4 6 10 7 3 7 4 2 3 0 4 8 9 3 4 0 10 0 5 2 7 5 4 8 3 9 8 5 2 0 8 9
4 4 10 3 2 6 2 8 0 6 1 9 5 6 4 9 10 7 2 2 9 2 3 1 0 1 3 6 9 3 1 4 1 2 2 8 0 8 8 10 5 10 10 2 10 9 2 9 8 4 3 10 6 4 10 6 1 4 6 2 1 5 5 9 3 5 9 7 1 7 9 5 0 1 7 0 9 8 2 0 10 1 4 2 2 7 0 1 8 0 2 5 10 8 9 7 7 3 0 7
2 5 9 6 9 1 9 6 3 6 8 6 7 0 8 9 0 7 6 7 8 5 1 8 3 0 6 4 1 4 0 10 2 10 8 6 3 6 0 1 1 7 8 4 0 3 6 0 0 1 10 6 9 0 3 9 2 0 8 4 1 4 7 2 10 8 3 2 0 1 8 5 9 8 9 6 1 3 9 7 2 3 6 10 6 6 7 0 0 3 18 5 3 9 6 5 3 3 10 1
3 9 4 0 3 9 0 10 10 10 5 8 7 2 4 10 2 5 3 7 8 10 7 6 10 5 0 17 4 4 5 2 5 10 7 8 6 5 7 7 0 5 6 2 9 1 3 7 9 9 10 6 2 1 9 0 0 0 3 0 4 5 1 2 3 0 5 9 5 10 4 7 3 9 5 9 7 1 10 8 5 0 3 7 6 4 7 5 0 5 3 10 7 2 5 9 9 10 1 1
10 2 10 6 3 10 2 8 10 6 1 9 8 0 5 7 2 6 2 7 8 8 5 4 0 0 10 6 8 4 7 1 1 4 4 4 0 2 4 4 1 4 4 7 5 0 8 2 9 2 3 9 10 0 9 10 9 9 4 7 2 10 5 6 8 3 10 8 10 7 0 4 5 6 6 9 3 6 3 5 3 3 7 8 7 9 5 4 7 0 1 2 4 4 10 9 2 3 0 2
10 2 2 3 1 1 7 7 7 9 3 0 4 6 7 7 8 4 3 0 5 7 5 1 5 7 0 3 3 4 0 2 4 4 2 7 4 2 7 1 10 6 7 4 7 0 10 5 1 10 9 3 3 3 10 9 3 2 5 3 7 0 2 7 10 8 0 8 0 7 8 1 5 4 9 8 1 3 6 8 6 2 8 2 1 0 3 10 3 1 0 10 5 3 2 4 8 4 6 1
6 6 4 2 6 9 2 1 6 9 4 5 1 6 0 6 3 7 8 2 8 9 3 7 10 8 10 8 6 8 6 5 9 8 1 3 0 7 3 7 9 1 6 7 8 10 10 2 9 8 4 7 4 0 5 4 7 5 2 2 17 0 10 7 0 0 4 7 4 5 2 7 1 8 2 2 0 2 1 7 1 3 4 8 8 3 1 4 2 6 1 0 9 1 1 2 3 1 1 10
4 9 8 8 4 10 4 9 2 7 1 6 4 4 3 7 3 8 10 5 2 10 2 17 1 7 3 8 9 9 9 3 4 0 6 10 4 8 6 8 8 2 3 10 3 8 3 7 7 1 4 2 6 10 7 10 9 10 9 7 7 9 10 5 1 10 3 2 7 9 9 0 7 8 6 9 2 10 7 5 5 4 9 10 2 4 7 10 8 3 6 9 0 6 6 0 3 9 5 0
5 9 4 8 8 2 10 5 0 8 4 1 8 8 0 1 10 6 1 6 0 0 1 8 8 4 3 8 1 8 6 3 6 0 5 6 10 5 5 2 3 9 3 0 5 18 4 7 10 1 6 1 8 10 1 7 10 6 4 8 3 3 6 8 5 7 10 4 6 4 2 6 7 2 3 6 9 6 2 6 10 7 6 2 8 10 0 3 7 5 2 9 8 0 0 2 5 10 10 4
4 0 6 8 3 2 9 9 6 3 0 8 7 5 9 2 1 8 2 7 9 7 1 9 1 9 6 7 1 3 1 9 5 9 6 8 7 9 0 7 8 3 2 3 9 2 5 8 7 6 5 4 6 2 7 1 3 0 10 7 8 6 8 5 7 9 1 6 9 1 7 3 7 0 2 3 7 10 5 1 3 2 10 9 3 3 9 7 5 6 7 2 1 1 0 8 0 7 4 4
7 2 6 1 2 9 6 8 10 2 10 1 2 10 7 1 7 7 6 10 9 0 10 1 4 1 2 1 10 7 0 5 4 6 4 9 0 8 4 9 7 1 8 4 3 4 2 7 2 7 4 3 5 8 10 0 8 8 4 1 3 6 6 3 2 10 7 3 3 1 6 6 4 4 7 10 10 4 5 5 7 2 3 6 6 2 10 10 8 0 7 5 6 7 3 0 4 10 7 9
10 8 10 1 4 0 7 7 2 4 1 3 6 0 7 9 7 10 2 0 9 4 3 9 6 7 2 6 8 2 5 10 3 6 3 8 5 2 9 7 10 9 6 8 10 8 3 2 0 9 6 0 10 3 4 2 4 8 1 1 9 9 7 8 2 1 10 0 9 5 5 6 4 6 1 8 1 9 1 4 9 10 6 3 3 3 7 0 10 5 5 2 1 2 6 4 0 10 10 10
8 1 8 2 6 7 7 3 2 4 7 0 2 0 2 0 8 0 7 0 8 5 8 7 6 4 9 3 7 1 5 6 5 10 5 6 3 2 2 9 6 9 0 1 0 7 1 4 9 10 2 6 10 5 5 2 2 7 8 7 5 0 0 10 0 1 6 4 7 4 8 10 9 2 7 4 3 8 1 5 6 6 2 7 6 2 10 2 2 4 8 0 3 0 8 8 9 0 1 10
4 2 6 10 3 6 6 6 1 8 4 0 1 2 6 3 3 8 1 5 1 8 4 7 10 7 6 10 10 2 3 6 4 4 2 2 8 4 2 0 7 1 3 17 6 9 9 4 5 4 10 1 9 3 5 3 3 3 5 4 6 3 6 4 1 8 0 5 3 3 7 9 6 10 1 8 1 6 2 9 7 2 4 1 7 9 3 8 1 1 4 3 1 9 7 1 4 8 0 7
8 7 4 6 8 9 0 6 4 1 3 5 4 2 0 4 4 2 3 9 3 3 0 10 10 2 7 9 8 2 1 5 0 5 7 4 5 2 4 3 3 1 8 4 1 4 10 0 0 1 4 3 4 9 0 3 4 0 0 3 2 3 9 7 3 9 3 3 8 10 1 14 3 4 1 3 8 3 10 2 7 0 4 6 2 1 0 9 2 4 5 4 2 9 0 7 5 2 6 0
