50
6 9 15 12 10 315
16 9 13 15 15 362
11 9 6 14 17 291
14 8 10 7 7 345
17 17 7 12 19 491
18 17 9 13 17 516
10 18 14 7 10 252
15 18 14 18 14 552
18 16 12 15 9 437
17 8 16 15 20 542
20 14 20 14 15 451
12 7 12 8 15 288
18 14 13 11 6 434
17 10 11 6 8 337
13 15 8 17 9 471
15 12 16 9 6 316
19 14 8 18 13 447
20 13 18 16 13 475
13 15 11 7 5 324
9 6 11 10 5 189
16 19 12 18 17 542
14 11 15 19 7 364
11 10 16 8 7 294
13 9 20 9 11 392
8 11 19 9 11 397
6 8 18 18 18 393
16 14 17 14 12 324
9 11 20 13 18 512
14 8 6 17 7 288
20 11 17 18 20 619
16 10 5 5 20 362
12 20 12 11 18 513
15 17 15 14 17 493
10 18 11 5 10 411
16 6 17 9 6 347
11 16 14 5 18 295
13 18 15 8 16 575
15 20 6 7 8 384
16 11 11 16 5 301
5 16 14 5 17 466
19 8 12 20 9 372
20 15 14 8 12 310
6 15 11 11 7 411
17 8 6 6 10 345
18 18 5 7 6 328
17 8 15 13 9 408
20 17 9 7 6 400
20 6 13 12 20 422
7 10 16 14 15 337
9 12 15 15 11 396
0 7 3 5 6 9 4 4 4 2 4 10 7 5 3 3 3 2 9 9 7 5 5 6 3 5 6 9 2 10 9 2 3 7 5 4 7 6 4 10 3 7 5 6 10 3 6 2 9 9
10 0 6 4 6 7 4 10 2 4 9 5 3 10 5 4 2 4 2 4 4 3 4 9 8 4 7 8 4 2 5 10 5 5 2 8 10 4 7 5 2 8 6 10 10 6 5 10 10 10
7 6 0 3 3 4 2 7 7 9 3 5 9 2 5 4 2 7 10 6 8 4 3 10 7 7 10 2 5 7 7 2 3 10 7 9 7 4 5 2 9 6 7 5 7 9 7 9 3 2
5 3 7 0 10 8 2 8 3 8 9 8 6 4 7 10 9 3 9 5 10 2 6 4 4 5 9 7 6 3 10 9 6 7 2 9 3 7 8 5 10 7 2 10 8 4 6 8 3 8
9 5 4 10 0 4 4 8 6 10 3 3 7 4 6 3 6 2 9 7 5 6 4 9 8 10 10 5 7 10 9 2 10 8 5 2 2 10 4 3 6 8 4 2 8 4 5 6 8 6
3 3 6 4 6 0 7 10 8 6 5 5 10 2 5 10 8 5 2 4 3 10 3 5 4 10 5 2 9 4 7 5 2 9 6 7 6 9 10 7 2 9 8 5 10 4 7 4 8 8
6 10 5 5 3 10 0 8 9 2 2 2 7 2 10 9 8 8 7 2 3 2 2 2 9 10 4 8 4 9 4 2 10 7 3 9 6 8 6 9 8 6 9 4 4 6 8 2 2 3
3 3 2 6 7 2 5 0 10 10 7 6 8 9 3 7 9 9 9 9 7 5 10 10 2 10 6 4 10 7 2 4 7 4 3 6 8 8 5 9 10 8 10 7 5 5 9 2 2 8
2 4 7 5 4 5 8 6 0 7 6 6 9 9 9 3 4 3 2 3 7 9 8 6 5 8 10 2 8 5 4 3 7 9 7 5 10 10 2 4 9 9 7 8 3 2 6 7 8 10
6 7 9 7 4 5 3 3 3 0 6 6 8 2 9 10 3 6 10 9 8 6 4 3 6 5 3 6 2 3 6 6 10 5 8 10 6 10 3 5 3 10 8 8 10 2 9 5 5 4
6 10 3 8 5 4 10 5 8 10 0 6 3 8 7 3 6 10 6 2 9 9 7 8 2 7 9 3 5 2 8 8 9 6 10 2 3 9 2 9 8 9 5 5 5 5 6 2 8 4
10 9 5 6 2 7 6 10 4 6 6 0 9 8 5 10 2 2 2 7 10 7 9 4 4 8 8 6 8 3 2 3 5 8 8 10 9 2 2 7 6 7 3 10 8 5 10 2 5 10
10 4 10 5 3 9 6 8 2 7 7 9 0 6 4 6 10 9 3 4 9 5 3 5 8 8 5 10 5 9 2 4 6 5 6 2 4 9 4 7 5 3 7 2 6 8 2 10 10 9
3 5 6 3 9 4 4 4 6 6 2 6 2 0 4 3 7 6 5 3 4 3 9 7 3 10 2 3 6 9 7 7 7 9 3 9 5 8 4 4 5 5 7 7 6 6 6 5 4 8
10 9 4 2 9 5 8 2 9 6 5 8 3 6 0 5 6 7 4 6 9 3 9 3 9 3 4 6 2 5 10 6 9 5 4 5 7 8 2 5 8 5 6 5 4 2 3 8 10 7
4 5 4 5 5 4 2 7 3 3 7 4 7 2 2 0 4 7 3 7 5 5 7 9 7 10 2 8 2 9 10 7 8 4 4 4 5 7 9 9 5 2 6 4 6 5 10 6 7 10
5 10 5 3 9 7 2 9 10 4 9 10 7 4 2 7 0 3 10 4 10 6 6 7 2 4 9 8 3 2 4 4 9 6 8 4 7 2 4 3 2 2 7 8 2 5 6 5 9 6
2 6 8 8 4 5 7 4 4 7 5 3 10 9 2 8 5 0 8 4 9 10 10 10 6 7 7 10 9 10 5 5 2 8 8 5 10 3 3 4 2 6 7 2 6 2 4 3 5 9
8 3 2 3 4 10 5 2 2 3 2 2 7 9 8 3 10 10 0 10 3 4 4 5 10 6 9 10 3 9 9 9 2 10 9 10 9 2 8 6 4 9 7 6 10 2 7 10 7 6
3 3 4 8 10 8 2 10 8 8 3 8 8 7 2 2 5 5 9 0 3 8 5 9 6 3 7 9 7 10 7 2 4 4 3 6 2 4 7 9 9 8 2 4 3 10 10 9 6 5
8 6 2 6 7 6 8 3 6 6 7 8 4 3 6 4 8 5 4 4 0 2 3 2 9 7 9 4 3 2 10 7 6 3 2 3 10 9 4 9 9 8 2 7 5 4 4 5 4 4
2 8 10 10 6 3 2 9 6 8 7 3 3 3 10 6 9 4 3 10 3 0 6 10 6 7 10 4 8 5 3 10 7 4 5 9 4 9 7 6 5 3 8 3 6 2 4 8 5 4
3 9 8 10 5 9 6 6 8 5 7 9 2 2 6 7 3 4 9 2 6 6 0 6 6 10 9 10 3 7 5 5 9 8 7 2 6 3 6 9 7 9 10 5 5 4 3 9 6 8
10 4 7 5 2 5 5 3 2 10 9 2 2 9 8 6 6 6 2 9 3 9 2 0 2 9 9 2 5 4 10 3 8 4 10 9 4 10 2 4 10 10 7 6 6 8 10 5 5 9
5 10 3 8 7 10 2 6 6 5 4 4 8 4 7 10 7 9 7 10 2 3 7 6 0 8 4 10 3 5 2 10 3 2 10 4 3 3 10 7 4 6 9 9 3 5 10 6 9 7
3 6 6 5 6 3 3 10 8 7 2 8 8 7 5 4 3 2 5 5 9 5 2 10 6 0 4 3 3 9 3 9 9 6 3 7 4 3 5 3 2 6 5 4 3 2 3 7 3 9
3 9 10 6 10 2 5 10 8 5 4 9 6 6 6 5 10 10 6 9 10 10 3 8 5 3 0 5 5 5 7 9 3 10 2 2 3 8 7 4 5 10 7 9 5 9 5 2 10 4
9 3 6 6 8 8 6 8 10 9 6 4 5 5 3 2 6 10 9 7 6 3 5 4 3 5 8 0 8 7 7 10 9 5 9 5 2 8 2 3 9 9 4 8 6 8 4 9 7 8
7 9 7 8 4 8 7 4 2 3 6 6 4 7 5 5 8 5 2 2 10 3 6 6 10 7 4 3 0 2 6 9 6 10 3 8 9 7 10 6 9 7 9 8 3 3 8 6 7 8
3 6 3 3 8 7 5 7 8 9 10 9 4 2 6 9 3 9 3 9 6 9 6 3 9 9 9 8 7 0 2 9 7 7 5 7 8 9 7 9 6 6 5 8 3 2 6 7 2 8
7 3 2 4 10 8 2 8 10 5 5 8 7 9 7 5 7 10 10 5 2 9 9 7 2 2 10 5 8 7 0 2 2 7 10 9 2 5 4 7 5 10 4 9 7 10 3 4 3 3
6 4 4 3 2 4 5 2 3 3 8 6 2 6 2 3 10 8 9 7 6 2 9 7 2 5 4 5 10 2 3 0 2 7 6 9 3 6 4 8 8 6 2 3 6 2 9 6 5 8
6 5 8 5 6 9 5 9 3 2 9 8 3 2 5 4 5 3 10 6 2 4 7 4 7 4 2 9 4 3 7 3 0 6 10 10 7 5 5 6 8 9 10 5 4 4 10 4 5 8
10 5 7 3 8 8 10 7 9 6 3 7 5 9 6 4 4 6 2 2 4 2 7 8 6 3 10 10 7 6 2 8 8 0 7 4 5 10 7 2 5 6 7 2 7 3 8 4 5 9
8 7 10 8 5 10 3 3 8 4 2 9 5 7 5 4 6 4 8 4 2 4 9 2 5 5 3 7 2 8 3 10 2 7 0 7 10 3 3 7 5 4 2 5 5 4 3 7 8 9
8 3 6 5 10 8 3 6 8 10 10 10 9 10 10 8 5 7 6 9 7 3 3 5 7 8 5 2 10 5 9 3 8 4 7 0 5 10 10 2 2 2 2 9 2 4 9 6 8 3
6 9 10 5 8 10 7 9 7 6 2 5 9 9 2 5 5 4 3 10 8 4 3 6 5 10 8 7 6 2 6 9 3 6 9 7 0 5 5 6 2 3 6 4 6 7 10 6 9 3
8 6 9 2 4 9 3 8 2 9 2 7 4 5 6 8 10 4 4 9 9 4 7 2 9 10 6 2 6 8 6 10 7 7 9 5 3 0 9 5 10 2 5 7 8 2 8 3 10 8
5 6 6 9 8 6 9 7 8 7 8 2 2 6 10 8 9 10 5 9 7 3 2 2 4 10 8 7 7 9 7 4 9 8 7 9 3 10 0 6 9 10 4 8 5 9 8 10 6 6
3 10 4 2 8 5 6 9 8 10 4 2 4 10 10 7 3 9 9 9 4 3 8 6 5 2 5 6 6 8 8 5 5 5 4 7 8 6 6 0 8 9 8 7 6 5 6 7 6 4
5 6 7 4 4 7 10 2 10 2 10 6 9 4 4 6 4 5 7 7 6 8 3 5 9 4 8 8 3 9 2 2 10 7 9 9 8 5 10 2 0 8 2 10 8 2 3 7 3 4
8 2 5 10 7 8 6 8 4 4 4 3 10 2 6 9 10 3 3 3 7 3 9 6 6 2 8 5 6 7 7 7 5 10 8 10 5 7 4 4 10 0 4 4 3 9 7 5 6 10
10 4 5 3 7 7 5 10 8 9 10 8 3 9 3 10 4 5 6 2 2 5 5 2 9 5 9 10 9 7 2 4 5 2 2 10 3 2 8 7 3 2 0 7 5 4 4 3 7 4
7 8 2 6 3 10 4 7 10 3 4 6 10 9 9 5 5 8 7 5 4 9 6 2 4 6 2 7 9 10 2 4 7 5 3 10 6 4 9 5 2 7 3 0 4 3 9 5 2 5
6 3 3 8 9 6 10 3 4 2 5 6 9 2 2 5 5 2 10 8 4 8 2 6 8 8 5 5 2 5 5 2 5 2 3 9 10 4 7 5 9 9 10 8 0 4 10 4 2 4
7 7 10 9 7 5 6 7 6 5 8 5 9 3 10 4 10 3 5 2 2 10 4 5 3 6 7 7 3 3 4 9 4 2 2 6 3 5 3 2 5 8 4 2 10 0 4 10 7 9
7 10 3 6 3 5 10 10 4 4 8 9 9 3 8 5 3 7 6 9 4 9 5 9 7 9 3 5 7 2 7 9 3 7 3 9 6 6 4 8 8 4 2 2 4 9 0 6 8 3
10 9 4 3 3 4 6 6 7 3 4 6 6 2 9 2 7 10 4 10 6 10 8 9 7 3 4 4 5 2 5 5 7 10 3 10 5 3 9 5 9 9 3 2 2 6 2 0 10 5
8 4 6 8 9 4 9 2 9 5 2 6 4 2 4 4 9 3 8 5 3 9 2 9 8 7 6 2 5 8 5 6 6 2 3 5 10 5 5 9 3 9 8 10 10 9 9 2 0 3
5 8 7 9 7 3 6 8 9 6 7 8 3 2 3 10 8 5 9 9 4 10 2 9 2 9 6 5 4 7 10 10 4 8 10 2 7 5 6 8 8 3 4 8 6 2 9 10 5 0
