100
19 14 11 47 7 2573
22 46 50 11 43 6112
46 48 24 22 48 2663
45 12 48 27 6 2613
5 9 14 32 17 6017
39 41 12 30 47 6109
14 5 40 12 19 6030
39 7 19 16 39 6060
13 38 6 46 44 2622
7 49 41 11 21 6069
30 46 41 24 7 6088
25 15 39 13 33 2600
14 14 48 32 27 2610
47 19 47 18 32 6103
23 8 17 21 27 2571
49 9 33 28 50 2644
41 45 49 8 19 6102
19 17 28 19 8 2566
16 43 17 40 25 6081
45 26 8 6 30 6055
10 36 30 36 14 2601
14 31 8 29 23 2580
31 18 7 19 25 2575
22 20 6 44 38 6070
45 13 37 16 26 2612
33 21 28 39 16 6077
45 7 27 20 27 6066
14 47 33 12 25 6071
36 26 47 29 19 6097
38 40 7 41 50 2651
24 34 12 10 17 2572
6 26 34 15 29 6050
9 32 13 34 36 2599
9 29 19 12 44 6053
28 16 18 11 22 2570
41 50 18 27 8 6084
24 32 46 39 9 2625
35 20 35 32 19 2616
30 49 41 39 19 6118
30 10 33 9 45 2602
32 25 10 21 6 2569
28 22 5 48 32 2610
26 29 26 27 10 2593
23 26 11 35 38 2608
30 49 41 7 36 6103
48 20 35 39 8 2625
14 49 36 28 28 2630
15 48 20 26 20 6069
50 36 9 13 13 2596
37 24 20 8 37 6066
48 17 29 25 37 2631
32 9 11 36 17 6045
7 30 28 45 45 2630
39 29 41 24 47 2655
42 48 21 7 40 2633
10 13 20 12 50 2580
20 30 28 45 35 2633
34 42 27 50 13 6106
19 5 21 45 45 6075
28 24 17 30 24 6063
8 50 21 7 21 2582
7 32 38 16 15 2583
7 5 27 15 32 6026
27 16 40 35 30 2623
44 30 36 14 38 6102
13 30 23 16 24 6046
30 23 30 10 12 6045
16 32 34 38 37 2632
40 35 46 23 15 2634
46 8 44 23 31 6092
19 42 47 36 26 6110
42 41 30 19 15 6087
24 41 34 16 16 6071
29 45 43 12 48 2652
13 18 19 29 12 2566
35 23 6 26 37 6067
21 48 7 31 43 2625
38 13 38 37 33 6099
16 32 46 22 37 6093
7 45 18 10 31 2586
24 9 44 39 38 6094
44 18 25 32 37 6096
41 18 43 29 5 2611
48 25 27 6 47 2628
46 16 22 34 8 2601
48 48 31 11 14 6092
5 36 20 12 49 2597
24 17 44 18 28 2606
39 5 13 12 27 2571
7 5 36 22 19 6029
20 6 15 43 19 6043
7 30 26 39 41 2618
20 38 28 15 20 2596
32 9 16 20 30 6047
29 32 10 13 14 2573
20 40 47 9 22 2613
12 36 24 21 25 2593
25 38 10 25 32 2605
20 46 35 30 21 2627
47 34 21 26 24 2627
0 26 23 26 12 12 49 10 25 18 31 35 49 50 8 41 44 19 38 8 15 20 50 50 83 39 39 12 45 8 30 11 33 7 6 22 40 45 9 8 3 33 20 22 16 7 33 93 44 7 50 13 93 44 78 62 84 41 29 60 55 39 40 38 16 38 35 31 80 19 50 59 59 15 20 33 19 67 46 70 33 33 19 49 10 100 58 7 8 83 51 25 22 70 51 40 65 14 54 15
35 0 42 6 23 32 19 23 43 45 29 9 36 23 32 17 12 12 7 50 22 36 5 40 31 5 24 27 67 47 28 6 35 14 44 34 26 36 30 11 31 10 29 16 18 1 51 39 28 11 26 66 39 29 51 83 28 20 11 78 45 58 34 48 27 49 11 59 50 57 60 48 41 43 55 18 42 30 24 58 81 46 69 57 21 36 42 67 54 49 12 43 25 43 16 29 20 91 59 55
7 5 0 12 20 21 12 11 47 36 48 22 72 37 10 17 21 22 21 26 43 15 27 25 2 76 36 35 21 6 27 43 15 45 19 19 22 52 11 32 35 15 19 22 21 18 25 39 35 44 81 7 28 17 9 48 92 31 56 38 82 47 79 27 42 21 35 34 21 51 55 28 55 55 42 38 46 20 18 14 43 13 62 46 32 44 51 12 64 50 34 64 85 48 52 44 35 37 38 32
52 11 21 0 29 48 44 46 47 40 40 27 14 4 73 14 18 49 66 21 46 23 6 42 21 15 31 20 32 28 16 5 45 32 75 34 50 71 47 46 30 48 42 83 8 7 38 7 48 12 49 2 33 1 22 47 41 47 22 47 21 37 19 42 67 21 60 56 40 55 22 42 36 51 30 35 30 39 17 47 9 13 40 31 63 17 28 53 19 57 10 22 26 36 28 53 55 41 56 46
11 37 8 14 0 40 33 7 10 25 33 27 27 18 24 43 23 16 27 19 75 1 85 33 49 29 27 4 2 50 47 50 45 3 22 8 16 46 43 34 7 49 35 12 28 26 19 6 31 75 50 58 18 4 4 11 25 55 32 27 42 15 32 25 51 68 32 100 43 39 49 21 59 11 29 28 56 12 56 23 37 49 61 18 41 43 19 72 46 47 42 65 33 45 42 35 40 39 58 54
29 88 34 42 38 0 2 26 39 47 50 42 19 37 31 24 17 46 22 1 18 35 11 35 26 33 15 24 9 42 27 24 27 33 41 25 11 3 36 1 31 50 18 13 45 34 39 2 32 43 48 37 3 13 37 19 23 65 60 57 48 30 35 35 22 19 35 50 109 87 43 18 51 17 29 43 11 16 15 40 49 62 98 56 45 12 32 24 32 40 88 52 59 35 19 28 61 66 56 8
30 16 47 10 17 38 0 35 54 26 34 49 27 89 61 23 41 85 47 31 14 29 23 32 23 6 36 16 40 15 39 27 15 23 26 7 75 19 10 37 6 12 48 13 32 14 1 26 86 26 43 34 24 31 17 27 33 28 20 32 32 37 55 54 37 27 37 35 60 50 44 14 60 31 62 50 19 40 39 54 61 33 30 28 30 18 32 56 47 36 17 57 48 63 41 56 44 39 25 59
12 29 14 13 80 49 25 0 5 28 37 31 43 49 42 12 26 28 27 26 2 5 41 3 17 5 58 39 10 1 15 39 28 14 29 45 63 40 3 49 40 9 21 27 13 50 35 37 34 4 32 25 33 4 47 25 18 52 10 20 37 55 26 24 14 31 26 23 99 21 32 21 63 30 24 54 38 27 51 34 56 20 10 9 52 34 62 50 65 22 45 27 22 54 28 9 54 37 56 42
41 28 8 20 38 37 28 17 0 1 36 6 14 6 4 34 50 37 36 18 44 21 33 14 64 6 4 50 6 16 9 3 34 20 46 15 3 32 30 42 33 32 26 49 34 23 28 26 42 22 46 18 27 42 14 46 6 21 10 43 7 19 55 100 41 52 55 62 10 40 56 39 41 51 14 38 56 33 66 19 43 44 36 35 26 47 15 38 32 17 44 95 40 57 50 32 76 35 48 65
14 4 23 18 26 33 36 37 2 0 29 37 38 35 29 55 8 32 26 12 35 19 1 26 4 31 70 46 17 38 1 41 28 36 5 70 5 58 33 34 23 37 10 42 11 20 44 6 10 19 32 9 6 38 78 26 32 18 47 84 50 59 28 8 61 59 27 38 55 43 42 20 61 20 49 57 23 39 45 30 30 28 59 31 39 48 100 66 26 65 49 57 16 26 41 45 26 41 36 47
28 12 26 28 5 16 49 33 31 5 0 25 4 31 1 38 48 5 29 10 21 49 2 46 47 5 25 17 22 59 8 43 13 10 49 6 39 3 43 10 33 50 17 5 17 29 42 34 69 4 43 29 22 37 38 16 16 49 39 45 48 42 56 63 33 57 25 32 38 88 32 54 35 23 55 25 58 25 48 24 54 22 28 16 63 24 10 41 42 35 56 36 24 77 48 47 46 35 18 43
41 24 6 50 32 32 47 19 3 6 46 0 52 28 23 9 26 5 72 16 37 78 43 11 25 7 21 34 49 2 39 24 26 49 36 39 28 19 76 43 4 22 44 14 68 10 12 18 41 50 11 75 26 5 5 43 46 15 43 9 25 26 8 29 34 12 34 42 20 63 59 46 53 52 58 44 8 43 16 16 54 17 33 113 43 22 29 32 58 25 54 52 55 30 16 62 20 36 31 51
38 12 23 53 18 39 35 8 15 37 19 43 0 45 16 49 40 9 1 59 42 34 18 7 61 15 18 18 34 36 3 36 5 11 2 8 79 17 31 28 22 27 50 33 21 8 1 23 48 17 33 12 5 38 30 15 3 3 3 33 4 1 47 51 28 62 37 38 60 46 15 46 54 22 108 56 56 76 53 61 32 64 66 63 66 28 22 51 28 40 45 29 59 31 50 14 19 59 30 80
18 14 13 43 45 5 7 4 1 23 34 22 31 0 52 5 2 42 21 20 49 50 74 15 28 2 27 21 29 33 1 50 35 19 16 7 36 2 47 43 24 5 33 25 19 14 33 30 32 20 7 47 17 30 35 23 7 41 9 38 25 36 66 44 18 76 23 48 82 71 17 33 23 51 12 12 50 38 50 48 15 87 33 44 43 29 36 51 56 21 33 63 16 10 64 24 11 32 37 82
19 8 46 11 9 24 27 10 37 20 32 4 1 1 0 21 1 44 48 20 5 20 13 19 32 43 37 22 2 47 29 18 49 34 38 16 46 48 31 42 1 17 14 42 35 19 12 15 34 22 43 45 28 5 12 19 28 32 22 1 23 44 10 33 20 33 63 46 35 61 56 66 47 59 66 52 39 15 62 66 38 43 49 33 53 55 25 58 10 47 46 30 48 28 41 36 43 66 101 56
45 30 24 1 31 48 25 38 93 46 50 31 4 28 17 0 40 30 4 43 67 66 44 49 35 26 12 47 30 46 31 26 48 37 75 33 14 67 45 86 47 47 17 66 42 32 31 89 34 28 15 38 9 44 9 46 64 42 42 10 31 8 43 24 30 25 33 44 25 44 41 53 18 19 40 43 21 63 32 79 21 32 70 35 70 46 33 41 26 52 58 17 17 31 39 62 21 28 55 25
2 38 41 33 1 19 59 18 39 32 34 25 32 18 66 41 0 38 52 34 48 25 22 50 13 44 21 24 76 45 13 44 24 46 89 12 37 15 34 4 25 6 47 27 47 19 6 17 42 21 71 1 28 4 5 77 60 45 34 26 49 13 25 21 31 50 17 31 32 32 45 57 53 41 66 40 68 14 34 25 38 37 59 64 96 47 82 58 8 67 47 41 56 51 58 34 31 43 26 26
43 36 23 25 31 2 38 21 36 43 26 35 27 47 7 1 29 0 55 11 24 31 42 28 10 9 39 37 18 47 39 68 18 14 40 38 46 16 39 10 36 16 5 3 16 27 55 21 41 32 36 36 75 41 43 32 27 50 34 59 25 22 21 25 45 12 43 30 58 31 40 11 26 49 86 55 60 20 45 51 53 64 20 50 39 87 55 22 24 56 37 29 24 89 48 40 45 53 27 82
11 24 50 24 7 50 36 21 36 38 77 48 42 35 72 39 14 3 0 48 1 19 16 5 2 25 50 77 20 21 28 6 74 42 36 17 17 28 47 70 8 23 23 26 40 28 5 45 16 72 3 40 38 49 27 41 22 41 46 45 50 19 49 44 6 7 5 16 47 32 14 50 30 42 13 24 63 16 17 54 31 82 20 11 30 103 18 24 37 20 50 20 43 24 47 56 48 52 53 34
1 20 39 12 29 22 28 1 27 45 64 46 23 26 46 6 28 30 34 0 17 7 22 48 13 22 18 22 36 20 32 4 30 48 48 24 16 62 8 31 12 24 34 24 47 17 19 8 11 7 23 13 20 46 14 8 9 27 2 37 7 7 29 1 10 23 48 23 7 31 49 32 63 72 57 29 55 76 43 17 64 39 48 36 13 11 68 18 29 23 16 34 9 96 33 61 51 51 30 54
65 32 32 6 26 93 41 38 43 7 25 41 10 14 33 1 22 25 2 40 0 49 34 41 47 44 9 49 11 29 43 9 31 59 12 33 19 23 46 27 35 8 20 21 41 24 74 35 5 3 25 11 8 21 46 36 44 50 48 25 72 41 41 19 40 53 25 41 25 50 17 38 59 9 43 32 49 26 61 21 54 34 19 32 32 45 68 60 27 12 62 34 68 21 60 36 15 58 40 29
5 28 23 31 14 20 49 48 2 6 19 17 44 42 49 59 31 10 40 34 40 0 61 32 34 47 17 2 5 48 48 32 67 49 37 78 8 11 36 3 24 22 10 27 45 32 39 40 12 17 40 19 67 45 50 9 6 39 3 34 37 92 47 43 9 18 37 42 29 12 24 40 102 59 18 18 44 24 11 51 44 40 21 32 57 14 63 53 23 50 47 23 16 36 54 44 24 45 62 34
32 30 34 57 72 30 11 17 16 1 40 33 11 31 43 7 37 13 51 17 38 17 0 77 1 3 7 4 43 43 3 2 53 33 40 27 35 11 52 35 27 12 46 1 6 40 8 39 34 30 10 16 37 38 19 30 2 43 49 5 10 12 27 27 20 23 27 9 36 50 32 37 56 15 46 26 47 54 81 38 58 68 34 29 55 23 39 21 51 29 22 48 9 38 63 35 45 56 62 31
41 18 20 11 19 26 4 25 38 24 48 50 35 40 7 32 9 31 3 47 10 22 17 0 5 42 28 31 35 8 40 11 49 54 2 31 32 48 41 18 65 36 18 33 32 37 45 32 19 3 19 37 41 14 31 20 24 8 46 20 22 7 56 9 45 50 34 97 3 39 49 10 36 16 25 27 40 53 59 52 33 47 40 34 44 45 60 25 10 28 43 24 22 36 24 56 45 21 33 21
20 43 47 26 41 43 28 13 5 26 29 36 48 39 15 46 17 10 6 26 9 47 37 22 0 29 39 21 7 15 65 33 29 26 44 15 2 15 5 21 37 36 15 65 1 72 57 11 30 22 66 12 42 8 17 41 31 40 35 28 21 58 8 26 81 2 44 53 32 19 29 11 35 44 35 57 26 91 40 69 61 14 61 13 52 66 19 43 44 61 82 36 33 36 62 79 56 56 20 35
47 13 44 46 25 28 34 49 22 21 5 50 88 39 11 9 42 25 27 12 12 13 12 26 16 0 47 14 18 16 39 53 30 44 25 77 37 42 78 38 45 21 30 5 37 46 32 7 56 32 7 20 9 16 15 13 23 24 17 42 31 35 24 1 7 40 40 47 39 37 44 22 47 43 24 51 73 29 55 29 100 26 22 18 36 45 38 16 55 64 81 35 20 46 12 61 52 30 58 66
18 60 20 23 49 2 36 35 25 32 43 43 1 47 11 30 50 10 22 50 47 42 38 8 15 45 0 49 42 19 4 37 15 15 38 5 50 50 37 12 4 39 5 18 40 40 12 27 33 43 60 77 47 23 11 50 6 32 47 46 16 34 43 43 50 95 3 14 31 20 20 12 7 42 24 19 25 33 39 52 47 61 49 61 48 20 50 45 39 23 27 99 35 104 21 41 61 18 73 66
73 17 3 28 20 47 26 41 5 5 43 26 48 14 5 43 6 43 50 17 43 24 18 44 50 8 14 0 49 38 3 45 19 47 44 6 13 48 24 76 4 27 39 12 21 39 34 78 49 20 6 33 35 12 34 42 28 74 46 3 49 48 11 8 30 4 41 27 40 13 9 9 2 14 58 8 32 29 49 62 18 49 47 57 34 15 18 31 36 32 60 37 57 61 19 70 42 57 50 58
5 41 49 47 13 7 25 20 67 49 2 45 12 39 4 11 35 48 13 42 10 10 32 22 40 33 59 7 0 18 27 21 49 33 29 48 12 43 32 47 13 42 79 1 26 29 14 16 30 12 27 42 34 10 41 40 31 27 51 27 54 9 38 27 4 45 35 30 29 18 30 49 49 42 32 22 57 31 24 52 83 63 19 47 29 50 31 30 29 46 21 66 29 25 41 20 27 15 36 19
17 73 29 25 1 40 12 13 30 37 29 19 48 10 1 2 19 22 33 12 13 39 28 10 42 3 87 25 30 0 25 45 49 43 26 1 35 7 36 24 21 48 15 36 48 48 28 28 51 82 6 18 2 17 4 19 36 49 17 16 9 31 50 22 8 48 81 36 15 41 20 16 32 4 15 37 84 15 15 20 41 15 63 48 90 16 38 40 23 42 43 61 37 13 53 59 17 67 53 33
41 41 47 1 24 13 2 6 26 2 34 47 5 69 26 48 28 5 25 12 29 31 33 50 34 26 15 12 10 15 0 7 32 39 7 29 27 30 83 40 37 38 17 19 22 35 41 28 4 54 27 59 25 16 49 64 18 32 2 21 37 35 38 34 34 19 43 80 10 1 6 27 49 18 31 40 43 31 41 39 16 28 53 31 53 25 81 24 14 62 44 45 47 32 32 44 20 62 34 26
30 49 30 86 41 6 42 16 61 77 14 27 34 27 42 1 36 33 64 26 37 24 41 7 50 8 32 31 50 30 3 0 45 31 35 40 56 87 7 8 33 44 7 39 39 4 39 24 29 26 49 33 12 44 33 19 30 39 22 39 22 36 9 20 6 24 17 80 32 32 11 31 20 45 36 5 47 19 41 2 10 10 18 41 47 34 65 44 49 25 54 27 80 15 45 43 50 54 64 70
10 17 7 44 45 36 4 31 28 12 17 8 17 94 22 22 54 37 16 29 1 14 5 24 33 51 46 1 32 21 1 6 0 43 31 8 31 23 75 16 29 47 1 52 12 37 34 41 6 16 52 80 83 45 48 73 5 22 10 37 22 24 24 43 2 61 41 25 44 5 17 1 33 21 14 38 47 38 41 27 19 13 50 47 51 61 27 63 36 19 35 28 51 52 28 24 66 44 58 11
80 82 25 30 14 11 44 45 5 41 7 12 44 40 15 5 7 45 23 80 29 73 6 46 43 29 44 64 23 4 36 68 50 0 76 8 48 7 13 39 9 16 44 13 20 26 11 7 6 49 32 37 28 42 14 43 47 32 34 25 5 6 32 30 33 44 77 69 22 50 44 33 84 9 22 42 38 3 22 46 1 43 16 90 42 62 32 53 88 46 42 18 52 74 28 70 80 22 54 46
35 75 20 34 46 36 19 49 30 16 43 44 21 1 27 22 29 20 24 9 12 21 17 26 76 47 39 38 7 45 38 7 14 7 0 22 42 42 7 25 43 28 36 39 29 11 16 8 18 41 59 28 37 43 49 37 50 26 56 47 79 26 41 16 47 15 17 11 32 44 44 34 42 13 9 23 43 37 60 21 3 38 32 16 13 22 18 83 62 43 60 63 24 38 14 23 22 26 51 30
51 48 1 37 36 15 37 17 46 41 10 32 4 50 18 5 24 8 39 5 33 41 5 45 44 8 63 24 34 35 42 24 22 41 40 0 3 37 49 4 45 43 40 26 15 36 83 26 36 14 28 25 12 44 26 4 1 21 39 24 13 27 19 7 48 17 22 2 25 10 31 37 22 20 4 48 2 72 3 65 45 39 6 32 15 39 36 45 66 52 22 59 25 63 62 47 46 61 27 16
6 30 20 40 31 45 13 11 22 2 39 11 14 29 23 5 21 31 3 49 36 9 6 15 5 20 17 22 48 4 42 16 6 16 32 36 0 50 88 46 45 45 29 8 39 30 35 29 22 19 44 21 27 3 27 8 49 25 13 7 40 39 37 12 17 28 25 41 43 24 43 35 1 48 68 20 36 6 29 12 38 33 28 4 42 47 29 89 60 9 18 11 6 102 18 18 9 37 31 65
29 25 25 35 23 15 3 14 42 68 15 27 50 49 49 37 8 35 15 39 16 28 41 20 6 39 24 7 2 10 4 9 42 17 45 10 18 0 42 39 17 33 13 44 49 9 22 21 50 5 48 41 11 40 33 6 33 31 8 38 20 44 23 5 7 14 28 13 39 17 43 1 88 7 3 29 5 24 36 4 4 29 45 12 14 38 35 19 66 37 37 23 25 26 71 28 60 6 22 37
7 12 68 38 69 16 4 3 18 48 59 7 45 23 41 44 66 48 6 21 43 7 28 36 43 12 46 40 23 40 50 8 24 43 38 2 42 13 0 30 8 26 11 44 27 16 65 19 46 23 10 69 37 13 8 47 11 46 48 3 16 92 24 78 23 4 2 38 64 7 16 10 74 16 12 21 19 6 10 38 72 17 57 70 41 81 43 18 45 52 48 31 38 54 9 32 10 19 50 70
16 37 23 10 13 15 12 35 3 9 46 27 5 20 7 43 44 21 50 32 29 9 36 11 16 42 47 50 23 34 12 1 38 30 20 44 47 18 33 0 3 54 35 41 27 82 16 5 70 44 24 14 37 5 8 27 16 43 74 15 50 38 7 5 6 76 8 10 29 43 26 31 3 6 40 7 49 29 46 45 40 78 24 40 16 3 44 10 95 32 17 27 47 44 33 53 61 29 69 61
48 38 40 24 12 47 53 43 2 48 22 45 13 31 32 53 69 36 26 64 19 29 12 44 32 5 26 45 19 5 30 28 26 5 18 41 48 19 9 43 0 12 39 26 46 49 23 49 50 1 23 36 30 50 37 39 47 73 26 32 23 41 11 28 42 36 11 44 14 27 28 15 25 43 28 9 41 48 30 14 11 39 42 53 44 46 25 41 43 13 58 36 37 43 34 32 34 40 58 9
10 31 52 8 66 1 26 41 5 29 9 47 14 38 47 14 48 4 44 29 40 26 38 38 32 29 36 50 27 14 21 15 38 46 18 43 31 50 6 63 50 0 23 40 8 13 46 48 42 33 33 26 21 1 10 44 40 50 7 29 6 49 14 39 8 45 46 14 38 19 29 45 45 41 12 48 37 53 84 29 79 2 34 29 19 1 27 48 3 39 33 17 21 82 48 11 41 14 33 51
11 34 14 50 36 17 19 44 7 66 9 73 50 10 44 27 3 44 38 48 25 30 27 32 19 50 36 5 25 20 10 27 78 91 35 16 53 14 57 37 30 9 0 36 35 17 42 3 16 50 90 29 31 36 10 25 47 43 31 53 19 65 49 39 33 8 50 20 39 33 9 93 50 10 5 24 5 15 11 61 26 49 48 29 66 27 38 29 33 19 14 17 20 16 37 47 32 72 12 20
36 39 28 16 47 41 43 36 43 18 42 51 42 41 9 16 40 38 10 4 28 6 9 52 18 51 45 70 29 35 15 45 18 31 13 9 17 16 27 5 31 24 25 0 33 66 75 43 8 29 45 7 7 9 55 34 40 28 43 74 46 34 47 50 2 39 13 1 31 48 37 38 18 23 41 9 63 33 37 20 18 32 37 2 26 37 7 18 37 16 9 37 40 45 48 41 23 64 46 61
10 36 2 43 23 49 50 34 6 39 34 15 19 31 14 6 54 19 38 7 24 31 22 47 31 11 3 4 1 41 9 17 43 16 2 39 49 42 44 36 26 9 48 69 0 78 17 69 56 44 27 40 45 31 12 25 26 39 13 5 42 10 85 5 19 37 8 86 5 33 17 31 20 8 6 49 35 30 61 40 35 50 47 39 5 46 54 4 48 40 48 32 10 44 28 54 58 36 53 15
12 38 4 5 50 23 40 23 16 16 40 23 25 39 34 3 28 9 3 2 15 25 34 44 85 7 4 26 24 18 13 6 34 29 12 14 28 32 50 48 44 34 49 46 3 0 3 6 35 29 28 36 13 19 29 15 67 6 29 31 10 22 28 27 5 41 41 12 41 42 38 20 34 37 80 47 12 10 21 46 6 43 15 7 5 39 48 29 19 74 36 15 45 43 45 43 23 41 44 37
13 2 36 40 46 49 26 2 5 45 34 4 38 32 2 5 3 44 11 44 2 31 61 10 24 42 35 41 4 26 27 14 5 33 5 21 50 28 12 79 36 23 47 52 15 11 0 21 78 10 16 61 43 22 16 11 28 14 45 10 27 16 8 85 67 30 8 30 41 42 15 2 33 34 35 55 4 35 39 28 35 35 25 15 46 36 28 4 26 1 43 81 10 7 73 1 26 44 63 43
79 38 3 50 9 34 41 10 21 30 38 33 25 38 9 9 27 14 47 9 19 47 39 54 18 41 28 19 41 47 33 25 40 50 9 31 39 28 49 8 39 36 14 49 41 44 11 0 69 21 21 4 12 11 46 40 46 32 48 36 50 29 20 1 18 33 15 5 37 7 35 34 39 21 25 20 20 12 66 2 5 23 33 35 12 46 15 23 49 27 25 27 3 21 18 30 77 70 47 64
35 7 32 39 72 34 36 20 6 24 16 48 6 37 25 45 9 18 36 27 74 21 30 1 7 16 34 50 9 2 22 40 39 7 22 19 12 38 58 22 16 35 50 46 47 11 17 27 0 10 10 42 16 33 38 29 49 46 40 50 15 25 2 48 11 21 34 49 38 40 39 40 72 2 9 34 31 35 5 1 54 11 13 14 29 45 67 4 39 2 49 45 33 38 7 39 63 35 24 37
12 46 3 14 18 42 11 28 32 26 10 6 27 40 12 22 1 62 44 44 8 35 7 25 47 31 86 33 10 70 7 33 4 35 43 35 24 33 16 6 30 6 2 34 47 7 70 63 8 0 30 14 38 4 49 4 31 1 72 48 18 12 21 21 33 22 3 38 33 30 50 8 22 49 44 43 40 20 51 43 37 39 27 1 23 42 53 12 17 23 6 50 31 25 16 29 5 36 28 37
19 1 22 5 28 11 27 29 3 50 32 16 8 42 45 1 35 4 24 9 6 46 23 50 15 19 12 37 33 32 44 10 27 42 27 49 35 12 7 11 5 8 30 3 44 40 10 74 26 4 0 48 41 42 6 62 24 20 31 27 34 39 23 11 28 7 19 1 2 2 28 36 38 66 11 17 8 31 31 41 26 34 25 2 23 18 22 41 28 7 7 25 20 42 2 1 18 34 4 2
12 38 28 28 34 41 41 36 64 38 42 19 1 84 29 45 38 34 41 3 34 50 4 78 31 29 32 29 8 41 20 3 46 34 40 39 80 49 9 38 39 3 26 24 24 14 22 46 41 17 31 0 13 7 50 25 28 45 16 32 76 4 8 24 31 49 50 50 31 60 41 47 18 7 45 22 8 11 9 33 41 9 31 64 31 44 15 45 40 17 16 39 19 41 4 36 18 29 62 18
16 43 46 2 41 12 39 40 13 1 43 4 2 29 35 40 4 21 6 27 36 16 33 45 17 6 34 21 21 6 86 67 11 2 60 35 58 35 32 36 40 20 33 4 20 28 8 11 44 1 34 16 0 18 18 27 12 32 4 31 88 44 26 50 13 83 18 41 57 11 26 9 15 32 70 12 29 18 28 39 13 15 31 20 2 29 44 67 32 35 15 75 31 19 73 13 13 57 5 21
57 87 19 16 33 9 5 2 41 48 4 20 13 28 47 1 31 1 85 54 1 21 48 13 33 21 5 24 15 14 48 8 61 33 41 7 41 30 11 21 28 5 5 21 27 50 11 46 7 43 11 75 44 0 49 35 49 2 16 40 42 67 51 38 12 48 13 8 49 29 29 8 46 33 4 3 39 4 49 10 49 8 9 42 19 50 21 18 6 16 46 38 12 48 25 18 22 46 38 33
30 53 48 50 14 39 4 37 33 29 29 28 33 37 41 32 48 47 29 46 29 30 43 32 22 23 30 28 9 36 3 21 19 46 15 37 9 48 33 7 45 11 28 1 23 45 7 32 30 44 36 28 26 26 0 41 36 41 76 24 28 8 50 10 25 45 9 48 50 22 62 41 23 47 31 35 7 19 29 18 2 21 48 30 39 19 50 25 39 23 18 38 46 8 2 47 33 33 49 27
58 67 109 44 58 22 35 5 19 17 10 43 37 3 8 40 28 22 25 21 26 29 10 12 9 4 18 40 23 29 29 20 50 22 41 41 37 17 26 21 74 2 9 33 3 46 11 46 18 47 24 33 27 32 21 0 11 35 32 6 24 7 38 41 11 44 13 20 36 3 47 41 24 16 35 38 20 7 64 7 47 38 36 44 22 32 49 25 59 15 7 14 19 49 12 47 9 47 26 29
50 38 47 17 17 34 13 33 8 11 2 26 38 24 18 17 15 21 40 48 19 8 37 45 44 72 7 31 29 43 31 50 37 59 36 2 27 25 17 45 73 26 16 2 65 38 30 19 40 23 48 58 24 5 10 17 0 5 17 48 11 28 14 15 18 34 31 21 1 7 21 8 1 25 41 19 21 22 10 17 57 22 15 6 25 7 27 49 6 15 12 13 37 12 28 22 5 8 35 28
47 25 27 41 29 20 100 9 41 7 36 10 89 44 47 12 13 7 41 13 26 38 22 16 12 29 37 13 1 10 24 4 37 6 19 25 10 40 88 41 39 12 40 49 83 17 21 28 1 13 67 24 46 17 34 1 26 0 37 48 22 15 19 40 36 29 43 46 87 12 39 16 45 21 11 7 39 36 86 20 24 30 49 3 7 69 2 46 16 55 7 2 21 36 34 28 46 30 21 16
59 25 12 46 34 49 43 27 14 48 39 39 20 42 21 12 41 5 5 25 43 15 24 48 8 64 8 7 39 86 32 20 40 3 48 12 70 30 42 57 21 6 60 33 34 51 49 49 16 12 47 34 38 12 12 6 3 44 0 41 29 47 30 2 13 14 14 47 30 12 46 40 21 45 5 49 48 43 14 50 47 13 80 35 38 37 81 4 6 8 19 43 5 15 8 39 24 26 41 39
54 52 67 28 38 32 59 56 28 75 44 7 48 19 24 20 42 25 7 89 20 18 38 16 11 37 5 45 1 68 35 7 37 26 13 2 33 6 62 8 47 88 16 27 8 26 45 8 20 19 27 14 1 48 31 29 24 34 53 0 30 36 7 16 37 47 17 31 42 44 2 2 17 49 26 30 66 42 2 48 13 43 4 16 35 13 3 42 31 5 17 31 45 7 2 37 42 34 25 49
39 42 41 26 20 30 66 47 49 45 43 37 8 18 27 28 15 2 10 23 49 22 5 23 12 48 26 41 25 33 30 25 3 24 47 56 16 33 47 2 49 44 8 44 1 31 52 24 13 44 9 39 58 29 3 49 16 45 7 42 0 32 18 43 16 10 17 31 9 10 36 49 46 2 42 24 43 16 64 14 39 46 6 44 39 5 63 24 22 37 13 63 41 15 31 19 18 25 35 19
56 65 67 53 51 23 51 57 44 57 21 29 39 6 48 76 43 15 46 8 77 39 30 13 26 46 10 33 36 27 77 32 16 4 16 25 34 17 14 14 15 45 16 31 28 25 14 47 39 20 21 58 47 22 28 31 8 39 25 67 17 0 45 30 45 2 27 15 5 25 38 20 28 13 40 4 9 13 45 22 43 51 4 47 11 43 10 22 16 31 39 83 5 32 45 44 97 32 41 39
12 23 34 28 45 32 21 66 16 43 30 41 18 43 32 5 45 3 39 49 52 15 47 45 84 67 46 13 31 58 6 50 26 6 27 48 22 11 25 37 30 44 50 13 21 20 1 16 22 41 27 25 33 1 30 21 50 23 45 30 29 42 0 78 7 8 3 36 6 41 16 25 44 43 38 40 29 50 12 80 17 19 4 30 45 30 20 22 31 40 46 16 48 40 49 23 45 41 74 31
40 55 34 27 56 36 55 63 74 13 100 21 59 22 48 65 21 13 30 43 48 2 23 1 25 47 38 35 25 29 44 61 34 21 11 25 10 6 47 21 39 7 4 43 3 43 49 39 46 31 41 50 50 22 10 42 94 14 28 35 45 48 50 0 19 46 35 59 39 34 45 30 38 79 9 31 6 51 30 19 12 31 10 39 49 43 49 31 6 20 29 1 6 24 38 39 8 7 2 44
66 38 16 51 16 16 49 25 43 21 40 38 25 25 14 42 79 21 47 23 37 5 18 40 2 21 47 50 23 50 44 5 9 67 36 17 28 16 15 72 42 25 29 22 87 68 46 43 2 27 1 22 4 21 7 45 26 70 32 47 32 46 26 74 0 17 13 38 49 35 9 12 43 16 12 15 72 35 6 45 34 19 29 36 21 22 7 16 7 42 36 23 23 33 45 29 30 29 27 3
39 28 43 52 41 22 70 11 27 61 56 42 44 98 56 7 4 34 47 20 31 31 18 42 9 15 36 20 5 18 14 7 15 54 18 1 32 31 13 5 37 76 18 31 39 39 14 48 13 2 36 37 11 33 16 13 50 6 41 72 42 31 15 9 25 0 5 6 29 28 15 22 36 26 21 73 38 10 50 30 5 7 33 23 7 21 13 7 43 25 49 28 14 46 11 20 45 8 27 4
45 21 18 53 34 12 28 48 36 67 55 50 18 51 41 51 19 13 29 4 22 48 4 22 15 48 45 71 47 38 26 47 25 17 31 24 16 47 78 42 31 7 77 28 46 28 1 8 33 75 43 12 19 62 3 99 41 8 3 12 47 44 72 19 15 29 0 25 9 36 24 28 11 33 20 9 15 2 30 17 16 43 6 36 48 1 40 76 12 2 5 44 39 27 36 3 7 22 64 46
49 59 21 23 36 39 27 47 39 23 28 32 47 62 37 44 37 69 46 1 50 44 11 2 80 35 10 46 32 52 16 23 41 5 46 22 44 8 28 19 38 24 46 38 60 18 19 46 22 25 5 48 10 20 23 44 23 39 27 41 42 8 7 44 30 28 28 0 24 28 31 14 22 44 18 2 44 34 14 27 28 6 23 9 23 31 71 14 47 58 2 38 69 27 31 24 43 38 25 31
84 47 24 42 47 89 41 50 47 58 56 25 39 66 42 23 34 23 50 21 28 17 58 19 37 12 44 22 38 17 44 4 30 12 29 18 3 4 8 24 2 42 15 34 6 38 26 10 13 12 15 10 65 37 45 40 73 4 51 34 35 46 40 29 49 27 36 49 0 34 10 22 48 8 58 20 47 28 43 26 12 48 44 45 23 2 7 46 39 41 9 24 48 17 43 26 13 75 34 38
22 62 31 20 62 40 24 54 41 56 16 49 15 29 104 50 40 27 24 80 10 44 21 8 32 7 14 42 29 50 4 8 8 8 14 11 28 73 15 16 12 48 1 39 31 17 12 7 30 72 11 10 46 37 9 9 16 11 85 41 46 31 11 74 13 33 14 16 37 0 26 1 22 20 16 6 42 13 37 42 3 10 43 45 2 27 12 46 6 50 25 44 34 31 50 27 21 3 15 14
38 43 32 48 14 12 56 47 43 59 29 20 23 29 17 99 66 31 62 59 46 67 34 33 37 11 30 36 50 40 67 40 44 32 23 10 19 12 35 50 65 17 27 17 32 15 20 36 3 16 33 77 50 30 30 25 28 47 34 21 26 7 8 47 11 16 48 20 6 17 0 63 2 13 28 42 16 27 42 38 48 42 46 18 3 27 37 22 38 37 75 42 8 25 27 29 44 12 36 33
49 32 50 49 63 58 66 51 22 41 63 52 53 58 42 50 63 38 12 40 37 16 21 42 4 16 33 16 4 8 27 21 40 17 39 7 3 36 39 33 10 41 29 49 4 6 7 92 47 47 84 36 15 53 32 31 18 50 31 34 43 41 32 32 3 10 32 21 70 13 25 0 36 32 19 5 26 49 46 4 43 26 25 35 18 31 26 12 67 26 47 39 45 35 45 43 16 8 47 11
32 6 12 42 15 45 31 40 75 21 51 25 58 41 18 13 32 45 8 38 26 53 5 2 22 27 56 7 31 10 33 40 38 15 31 18 55 56 27 35 82 39 16 22 8 34 55 49 31 21 22 22 10 12 7 27 48 28 16 20 28 38 38 25 45 14 11 39 44 44 46 26 0 30 37 25 30 28 8 38 42 45 38 37 21 16 22 15 19 43 7 23 38 55 48 11 16 20 10 7
16 56 45 22 32 17 60 83 18 17 61 59 45 54 14 46 67 28 59 72 17 44 22 1 2 71 12 56 61 40 35 28 43 22 50 23 37 10 33 4 52 50 1 22 46 14 24 48 45 22 46 45 1 18 44 18 39 38 45 12 4 17 50 40 15 3 21 67 42 3 20 19 40 0 11 1 3 47 88 28 6 49 16 36 22 44 22 42 15 29 67 26 2 42 15 37 36 32 13 4
39 42 66 44 32 21 17 26 53 113 39 57 44 19 71 64 28 35 24 14 63 22 41 31 12 27 35 46 19 70 26 27 20 42 27 22 34 37 7 32 17 4 69 2 26 6 46 11 21 83 12 8 10 23 2 1 41 33 16 49 46 38 49 28 44 40 48 48 26 8 9 25 42 6 0 20 21 42 24 50 23 30 25 19 28 14 38 34 42 3 5 36 26 6 16 14 30 14 29 36
42 51 53 98 32 46 24 32 37 32 58 44 21 18 49 28 50 11 34 55 53 17 28 13 32 21 4 28 16 26 34 12 33 15 40 39 21 5 7 24 7 41 26 26 27 21 80 42 48 66 62 2 23 19 26 9 18 39 25 50 23 57 17 44 52 38 24 30 9 35 33 47 2 6 44 0 49 27 29 16 49 42 32 31 48 27 10 24 34 26 3 15 41 20 23 43 8 7 35 55
59 20 28 56 32 47 32 18 46 49 46 46 51 29 90 24 48 27 22 50 24 43 27 15 58 46 18 40 24 35 39 60 21 6 49 3 25 8 38 4 38 49 29 25 30 49 26 2 49 17 7 18 22 6 22 49 47 50 14 21 11 4 36 36 28 7 41 44 6 17 14 16 29 23 7 46 0 32 31 43 15 30 43 18 60 32 5 26 24 11 70 31 31 22 41 35 16 44 47 41
58 53 57 31 57 63 25 41 63 36 22 46 11 27 35 64 41 21 8 53 46 40 26 43 65 69 22 36 35 19 7 38 39 26 30 46 2 44 14 46 15 17 6 32 10 33 15 27 48 22 41 31 89 10 5 26 10 42 3 28 20 16 48 14 10 21 16 38 29 45 48 30 25 24 34 24 30 0 22 6 25 31 40 47 60 8 30 30 15 36 1 31 50 35 45 47 11 30 12 32
57 51 90 69 27 35 21 48 86 61 58 53 29 24 44 75 39 32 15 18 12 42 37 18 29 57 40 38 8 14 21 35 21 5 45 19 24 33 48 4 26 35 21 50 43 36 36 40 34 16 3 45 16 38 40 31 21 1 44 12 9 54 82 21 76 47 44 47 27 99 60 28 50 39 50 37 8 15 0 3 27 55 29 57 12 11 17 8 37 16 24 7 5 22 45 22 10 16 27 8
35 28 31 17 40 56 35 47 103 58 44 16 60 28 53 54 43 44 51 22 18 56 74 36 34 55 55 28 42 48 45 24 46 5 7 77 4 10 41 28 14 47 18 17 71 2 23 21 23 28 17 83 40 39 49 3 42 7 46 25 26 31 21 49 1 7 48 48 5 9 82 4 45 6 22 90 85 26 33 0 48 29 9 4 44 31 41 8 3 5 19 49 32 41 24 33 34 50 25 25
16 32 39 63 19 42 24 12 52 45 53 61 22 62 27 67 53 17 48 27 19 56 11 11 29 99 45 67 38 50 50 22 39 5 7 35 27 72 27 40 8 49 42 28 1 24 48 18 19 15 36 4 50 24 22 44 2 6 18 18 41 29 22 47 49 47 32 42 42 37 34 15 50 41 26 19 31 38 27 3 0 39 41 47 30 10 38 44 38 32 38 4 38 42 36 25 48 44 39 38
26 37 31 32 21 56 29 16 57 53 63 68 64 59 41 23 48 15 34 53 61 68 48 48 25 54 37 28 29 21 32 41 18 65 4 9 9 46 3 32 12 83 48 50 31 10 56 49 30 39 23 29 81 41 1 81 23 3 6 37 34 18 73 14 22 23 15 28 29 39 35 20 7 33 10 30 86 30 23 43 5 0 9 5 6 4 14 53 25 28 13 11 3 2 17 41 18 27 25 49
23 21 77 50 24 22 49 20 45 55 53 11 49 72 39 27 37 17 47 30 11 38 54 50 22 58 56 41 24 72 51 24 6 16 66 5 26 13 5 8 46 41 36 33 5 16 25 63 50 27 3 14 31 38 46 36 14 4 24 4 37 25 50 53 31 33 41 22 40 25 15 25 44 35 11 88 53 44 3 70 34 6 0 19 81 20 20 26 18 37 4 31 9 42 38 24 40 48 41 32
31 82 51 24 38 60 21 38 40 63 59 13 10 30 56 28 59 26 32 61 63 33 36 15 45 59 53 25 29 21 34 9 27 26 46 31 26 32 16 22 6 50 21 20 3 29 1 49 1 50 5 48 50 26 14 16 15 12 49 13 22 46 31 60 43 13 44 11 42 23 59 43 38 47 5 33 3 48 48 2 26 40 36 0 7 17 1 9 1 29 36 28 13 76 10 65 11 44 26 22
19 42 56 94 40 96 48 32 61 13 49 41 24 57 24 21 23 33 82 41 44 56 98 64 65 48 82 39 34 56 23 37 59 20 1 39 15 13 9 49 23 2 38 16 46 95 1 41 14 5 10 25 17 33 33 30 28 33 7 40 32 21 47 7 5 23 5 49 29 43 28 34 5 30 44 45 6 40 28 13 8 50 37 23 0 20 22 49 47 32 50 32 17 46 44 24 41 24 32 18
33 46 62 50 57 75 20 34 37 27 16 35 32 34 47 52 38 42 15 34 60 50 18 27 14 32 74 16 54 24 30 48 54 49 91 19 29 38 44 45 18 10 38 16 43 17 71 16 29 20 19 18 48 1 42 21 67 34 34 46 18 42 8 32 27 4 37 3 4 44 16 32 46 49 33 42 17 49 22 48 26 5 34 41 38 0 20 12 32 6 38 35 49 25 82 21 45 57 2 45
100 46 52 101 66 55 43 50 31 45 55 11 33 13 55 64 52 19 18 51 63 46 26 50 26 48 68 55 13 54 53 36 41 40 33 18 34 21 14 50 12 39 90 16 21 12 39 33 46 17 14 6 45 27 42 12 32 29 33 37 50 44 5 40 50 11 33 70 44 15 54 38 17 67 13 6 12 63 4 39 8 45 50 71 20 43 0 26 22 3 31 39 13 40 28 16 45 50 46 28
37 38 41 46 37 38 38 36 55 61 54 61 9 16 58 54 17 61 36 38 88 45 53 53 35 25 55 47 69 33 55 53 15 40 33 57 80 36 39 30 45 21 16 39 37 28 67 12 33 40 46 20 35 19 36 23 21 47 15 4 32 41 16 11 72 5 68 27 41 48 10 39 15 48 12 7 41 46 31 67 49 46 14 17 39 5 14 0 19 21 19 35 40 34 21 70 39 26 79 36
37 54 60 43 23 45 39 50 50 23 39 58 26 40 30 53 46 40 38 47 62 25 31 43 25 20 42 27 31 69 58 88 42 56 27 45 13 30 11 40 12 12 16 50 11 11 3 4 45 10 9 32 3 32 20 70 6 12 6 7 19 45 9 29 17 23 16 63 16 14 21 35 12 28 13 14 38 33 49 23 40 45 49 1 30 18 14 32 0 26 34 7 48 31 5 27 13 42 40 29
46 52 27 55 32 25 51 64 18 30 30 54 24 56 39 51 19 17 22 14 40 38 14 40 50 33 67 51 20 57 87 51 40 66 32 36 66 22 33 8 30 46 4 45 41 40 1 34 17 26 12 45 1 35 22 31 21 72 1 16 47 48 50 30 72 31 37 2 9 6 31 13 43 9 41 34 38 49 35 38 17 26 43 15 42 10 17 49 17 0 9 46 37 51 46 26 20 11 30 12
30 54 39 26 29 36 27 32 39 18 33 40 16 43 22 38 20 73 42 39 42 15 48 52 56 74 31 49 49 51 53 31 55 56 55 22 43 20 41 39 45 49 41 13 34 93 33 40 26 28 64 19 50 3 45 21 5 35 19 70 43 43 13 28 9 44 50 66 30 31 39 28 16 61 10 48 50 79 7 26 21 36 38 18 29 16 30 5 33 35 0 13 32 46 15 37 5 23 47 28
28 26 46 27 86 60 66 75 28 32 34 43 19 17 19 15 20 20 47 68 40 25 36 47 50 36 28 48 45 58 46 26 22 55 22 34 39 31 31 42 28 35 16 46 24 5 11 18 43 47 12 23 16 22 10 12 29 57 32 33 37 11 44 37 60 76 50 16 45 50 39 20 54 19 7 8 18 14 8 12 47 35 3 16 12 39 43 11 44 26 2 0 46 29 7 6 3 38 43 18
36 34 52 37 38 53 57 39 16 31 68 36 35 41 60 42 18 50 36 11 56 36 48 38 28 65 28 48 63 59 25 62 60 52 84 56 40 67 47 17 36 37 3 8 28 71 21 21 11 19 34 1 34 79 49 40 40 16 30 15 1 11 45 2 23 15 45 2 15 25 48 37 38 10 11 5 66 5 39 57 30 43 34 18 33 46 2 13 28 31 35 3 0 39 47 39 9 25 38 3
21 49 38 49 40 54 45 39 99 31 42 29 62 13 60 19 25 48 81 38 47 27 27 41 38 43 84 39 62 65 25 55 21 17 49 37 61 31 16 44 46 22 15 42 28 43 13 38 2 37 13 23 23 43 8 48 33 26 27 61 65 14 15 15 58 16 50 44 46 38 50 33 27 13 8 19 36 44 18 30 64 49 39 18 47 24 33 48 24 31 1 45 32 0 9 42 45 46 42 31
33 25 34 38 93 58 31 20 46 40 81 58 43 25 70 44 36 21 50 40 32 32 22 67 24 58 62 28 28 18 47 38 45 32 48 66 36 51 34 55 68 71 12 61 43 30 70 17 19 46 21 36 33 1 29 48 7 42 40 41 84 4 2 19 20 48 2 14 39 33 13 42 19 9 46 11 18 5 8 11 23 41 35 18 17 10 3 7 40 3 65 19 9 62 0 42 22 44 31 37
16 33 12 10 8 13 32 56 38 32 42 23 42 11 25 61 17 42 27 65 8 51 18 21 45 27 41 31 58 43 51 51 67 39 30 46 33 28 51 8 35 40 22 52 43 43 34 41 3 26 13 5 6 14 65 21 3 36 32 17 24 41 30 22 86 48 34 21 18 32 32 72 17 20 18 47 4 49 24 37 35 5 15 64 45 9 13 27 47 58 35 15 41 15 64 0 22 16 37 13
29 51 88 54 46 47 39 56 77 28 92 28 26 52 33 14 20 11 14 35 69 48 53 47 62 72 22 51 40 45 31 14 36 43 44 30 59 41 44 57 27 36 101 28 51 13 48 6 10 46 15 32 9 45 18 50 49 28 18 48 24 38 11 15 24 16 34 3 44 40 22 28 18 38 40 61 27 25 16 46 68 37 26 33 18 32 23 23 6 48 47 40 36 9 48 22 0 42 46 8
31 76 29 56 49 42 30 28 66 24 58 38 70 62 32 55 17 25 48 34 61 64 61 19 18 89 59 23 37 60 48 59 51 14 22 29 42 17 58 55 34 54 49 31 53 47 21 18 35 50 39 10 48 27 21 32 38 21 78 12 47 2 43 11 18 44 8 46 6 23 48 34 34 38 41 37 5 11 31 21 40 70 36 4 7 38 1 40 17 36 20 28 36 48 13 17 19 0 50 85
62 40 42 47 48 30 33 42 31 18 32 46 30 16 36 51 38 53 51 56 38 41 42 47 31 33 53 19 58 43 15 71 28 41 55 54 46 30 50 61 19 30 24 26 54 19 21 21 33 7 2 36 40 30 6 42 32 27 46 43 24 25 40 2 29 16 22 8 49 2 47 28 23 8 48 48 37 45 9 41 21 9 49 46 49 2 2 52 37 26 3 52 1 30 12 4 6 24 0 50
36 17 11 34 18 57 24 23 35 37 19 24 18 52 63 20 56 51 33 45 28 69 66 31 24 20 16 7 34 48 45 68 21 38 26 36 24 46 29 60 66 20 48 88 51 39 26 39 39 26 8 29 42 43 9 45 31 12 18 22 34 22 37 23 38 16 38 28 10 1 2 56 16 46 4 24 25 19 31 7 12 25 37 23 21 65 46 71 31 38 38 49 61 1 43 9 7 9 12 0
