50
91 45 63 57 24 1471
91 25 52 59 3 1343
41 97 46 23 94 1422
9 33 56 8 27 1560
48 1 11 69 44 1601
89 97 40 56 48 1457
64 6 55 39 91 1362
47 77 10 40 96 1500
27 27 46 45 94 1288
62 86 23 5 72 1292
26 19 64 49 61 1496
47 81 14 66 82 1304
16 17 22 21 34 1686
33 80 82 57 22 1354
96 42 94 59 66 1527
42 78 34 24 27 1333
78 90 10 28 22 1407
16 42 73 29 93 1294
72 13 38 66 9 1791
55 70 90 10 22 1484
30 71 55 24 63 1584
88 76 97 15 79 1511
15 64 2 98 47 1323
19 62 77 69 32 1730
30 18 8 58 90 1522
22 13 39 48 81 1755
28 16 3 61 94 1308
53 76 67 69 6 1670
99 67 27 17 30 1753
87 88 61 68 78 1544
14 57 49 5 71 1433
71 35 39 70 70 1528
88 98 49 4 89 1297
2 4 98 78 44 1666
77 70 57 82 91 1707
85 80 17 1 26 1336
32 41 10 46 20 1343
80 88 65 76 5 1401
44 32 85 21 28 1389
86 93 26 34 97 1556
19 17 95 73 91 1310
14 80 11 25 67 1502
87 39 28 54 84 1743
77 55 20 90 71 1329
85 75 23 89 46 1290
78 98 73 87 89 1726
74 85 56 19 76 1434
32 81 51 27 43 1724
28 77 48 43 71 1658
40 20 38 2 12 1427
0 50 32 17 90 41 97 35 54 2 22 26 76 15 100 56 17 13 48 12 18 92 43 28 14 10 12 80 93 83 70 41 26 98 76 65 36 26 55 25 51 51 26 68 14 12 62 43 24 67
10 0 85 87 42 23 57 55 26 74 99 6 77 84 95 1 38 6 96 100 37 95 27 27 80 87 89 26 34 21 22 99 80 26 2 80 58 69 34 19 22 78 23 35 1 10 10 62 15 81
41 80 0 76 22 90 44 6 90 63 69 73 100 86 78 55 7 56 48 3 9 39 99 16 24 72 10 26 96 61 90 54 52 11 89 86 54 63 74 55 59 67 6 85 79 43 74 71 32 75
12 22 62 0 95 30 15 8 53 58 30 29 39 15 96 54 46 17 99 52 17 24 21 32 93 81 19 100 46 27 18 17 74 64 9 84 92 29 12 59 31 5 81 96 92 57 6 92 55 28
3 80 92 8 0 16 100 70 16 48 9 30 38 98 37 26 3 63 54 52 19 82 8 42 38 33 4 89 12 86 74 50 23 81 97 35 61 61 62 69 71 3 44 38 81 80 64 79 58 72
13 25 98 65 93 0 74 79 29 74 92 14 24 10 17 62 15 97 91 28 93 3 74 70 89 35 15 12 85 47 53 31 10 60 99 13 79 46 3 44 19 59 81 81 5 99 99 97 89 87
25 84 50 25 100 87 0 42 83 19 91 38 14 66 38 78 75 18 49 91 4 57 36 59 65 59 9 20 87 68 81 57 60 98 94 22 77 75 91 31 69 14 26 89 47 90 68 65 92 31
91 39 61 4 72 100 46 0 3 59 85 97 87 44 16 32 69 61 35 83 65 99 81 80 59 33 61 37 41 20 93 23 77 35 30 55 4 20 43 45 32 57 70 44 48 81 15 61 2 99
3 39 46 10 42 100 20 42 0 100 60 41 78 40 29 28 73 19 36 23 21 99 58 61 61 19 74 77 2 93 65 78 65 100 14 84 78 53 83 85 13 10 15 13 100 63 74 83 54 3
54 28 56 74 37 37 20 21 43 0 42 92 41 64 22 6 48 39 78 17 71 75 23 55 87 71 88 60 15 19 33 80 61 20 74 1 14 14 51 56 56 35 95 53 4 26 98 11 1 97
85 94 94 29 29 26 49 49 48 70 0 14 20 1 17 85 89 8 22 31 98 45 39 87 18 78 90 78 2 33 31 26 81 85 79 47 23 9 36 1 40 22 18 24 24 72 26 20 41 53
67 31 47 82 11 88 56 6 81 22 92 0 39 51 29 26 69 97 21 13 93 9 62 71 41 12 51 11 94 57 46 29 68 75 5 67 10 58 72 61 20 91 71 17 16 20 18 29 2 60
49 89 92 12 81 86 25 35 88 81 49 63 0 87 59 18 86 7 63 67 20 50 67 65 18 82 84 31 94 10 33 92 4 41 72 78 43 64 18 37 8 38 81 63 32 33 60 18 34 95
15 97 59 27 22 100 1 36 61 6 28 56 99 0 92 16 52 95 56 19 36 72 67 14 23 11 65 30 13 31 25 26 36 22 2 18 15 15 2 27 99 61 61 23 45 42 94 72 3 58
83 81 15 15 58 26 5 57 55 90 71 95 15 93 0 96 12 86 45 100 57 34 65 97 10 34 65 54 21 85 65 43 63 43 50 61 23 2 40 89 22 1 39 100 25 63 69 6 61 87
68 26 37 70 83 85 24 52 26 54 28 32 10 22 82 0 28 91 10 7 25 60 89 33 65 50 4 4 97 98 3 46 7 4 87 58 23 83 9 49 30 20 9 48 79 32 20 90 63 8
93 26 73 5 90 15 74 77 74 22 79 57 58 85 100 67 0 29 71 29 41 81 2 33 88 1 30 92 30 67 83 27 54 38 88 50 87 14 85 91 79 61 22 51 100 47 15 69 75 59
39 75 20 40 47 67 18 66 34 16 70 100 47 55 32 59 54 0 28 95 76 56 63 74 13 14 91 70 51 32 15 36 9 90 55 23 93 14 63 72 52 36 78 3 26 67 7 19 8 44
21 35 89 28 1 54 25 80 55 11 61 74 1 31 28 42 13 37 0 57 85 25 48 84 46 52 93 46 3 68 82 66 63 20 19 84 75 10 58 83 97 40 37 49 27 14 34 77 76 47
1 29 62 99 100 45 21 49 48 31 71 1 47 68 22 92 70 88 31 0 53 64 88 42 85 79 89 71 7 22 95 54 1 5 44 68 43 15 47 94 5 36 12 82 75 31 88 72 72 67
78 17 2 33 13 14 25 91 84 96 73 100 53 63 16 79 93 81 42 63 0 86 78 20 72 89 33 31 90 71 48 47 22 21 15 44 17 78 84 35 1 2 58 30 10 97 40 69 50 3
1 63 2 87 20 15 97 12 79 49 96 65 15 75 90 26 80 1 48 70 13 0 33 20 38 60 13 66 48 28 17 99 49 57 42 82 34 17 26 37 92 26 57 22 77 25 14 35 25 26
68 26 79 2 53 57 71 70 68 47 35 63 79 41 100 10 52 7 23 98 38 100 0 17 14 58 48 14 17 90 18 27 38 45 84 7 79 17 93 1 38 34 80 74 12 79 90 31 50 66
61 3 26 89 24 91 8 82 3 95 18 76 35 97 99 73 39 8 70 39 36 96 85 0 7 9 44 83 88 86 27 13 46 4 87 73 84 58 87 18 49 47 68 46 40 40 96 19 38 57
48 44 48 71 34 79 74 51 72 77 72 61 52 8 17 60 37 96 14 39 76 20 4 50 0 53 33 54 37 70 68 63 62 97 33 78 6 3 95 47 11 14 79 25 76 71 10 66 13 45
100 3 76 50 25 22 11 68 8 63 38 17 80 1 42 61 46 19 53 30 63 58 36 99 83 0 6 91 40 12 91 75 11 63 72 81 33 20 29 89 26 52 58 21 81 83 83 51 51 75
45 14 8 93 58 72 50 11 48 77 44 26 88 84 18 93 66 12 52 59 5 50 67 17 67 15 0 35 81 7 25 43 22 19 41 30 4 34 94 41 95 33 88 11 49 56 21 82 26 78
7 2 43 26 9 46 54 10 85 100 79 95 99 87 37 24 17 47 29 10 77 3 35 96 34 22 56 0 79 37 85 94 12 57 22 93 93 93 41 86 20 89 6 16 29 87 8 99 78 5
55 74 67 63 60 93 93 86 4 19 40 14 43 75 17 47 19 69 47 24 39 27 92 20 47 74 84 43 0 78 66 16 81 76 57 55 7 74 51 3 31 34 11 85 72 47 28 19 50 12
19 23 11 12 42 20 2 53 84 66 80 82 20 91 41 20 57 9 23 90 16 15 37 24 35 78 20 83 30 0 50 21 92 3 47 73 7 67 38 61 4 76 98 55 4 21 45 82 30 51
69 24 16 69 31 54 56 99 66 1 21 75 90 87 100 32 29 3 90 88 61 82 86 14 40 36 10 31 55 10 0 74 36 13 85 4 52 30 13 97 81 92 8 45 69 64 48 88 54 83
69 96 10 94 85 4 81 31 49 94 64 39 5 43 93 55 11 12 65 40 86 94 62 44 13 37 21 61 40 15 52 0 6 81 46 91 86 4 15 72 64 59 33 52 53 80 55 23 83 48
74 91 53 84 92 48 74 54 21 91 77 31 31 95 100 23 36 67 28 80 74 66 5 27 38 81 38 84 100 78 84 21 0 47 49 85 43 87 54 39 80 14 26 9 5 75 35 30 87 30
38 62 59 10 80 39 48 79 68 29 51 13 14 31 62 28 74 66 9 6 85 59 41 28 5 69 30 39 91 19 25 55 79 0 64 46 60 10 72 56 57 79 7 33 90 7 14 13 83 15
73 78 14 61 28 9 1 82 40 71 8 68 46 2 24 17 43 37 87 37 27 16 24 80 42 6 49 11 11 55 20 61 65 14 0 89 71 55 49 50 39 33 3 26 46 100 59 50 78 11
21 24 91 10 94 23 10 36 97 3 94 46 31 69 8 86 29 25 38 32 13 79 61 47 6 29 51 38 35 3 47 76 81 50 76 0 43 74 19 25 84 5 85 8 14 2 25 26 65 37
39 66 83 4 26 52 90 53 89 50 60 67 23 83 79 74 7 90 79 66 93 27 45 96 58 94 1 92 3 13 88 35 65 12 16 40 0 42 41 29 84 27 6 17 14 69 95 65 94 85
48 46 37 54 99 88 74 25 62 19 41 72 60 39 5 12 12 95 50 35 14 13 40 21 74 58 73 9 71 27 9 48 70 31 3 56 76 0 84 92 54 45 76 57 95 9 78 48 38 37
86 92 30 86 87 72 7 59 45 74 13 7 8 30 1 19 60 11 79 12 79 25 6 25 52 14 29 94 62 13 75 95 40 48 76 18 18 52 0 48 14 72 62 30 21 100 35 51 59 51
98 44 51 13 50 55 3 43 78 31 12 54 54 61 2 25 50 20 70 35 95 76 89 14 17 12 60 33 88 31 85 12 4 54 1 56 37 42 39 0 75 40 63 61 29 91 59 16 29 52
38 25 86 75 78 31 77 7 14 27 12 54 56 43 66 94 94 53 23 88 46 90 2 72 37 55 95 60 73 23 89 21 98 91 79 90 71 62 80 19 0 80 34 87 11 56 36 74 49 25
88 95 43 31 32 27 47 94 63 18 22 32 61 80 20 44 6 30 71 61 67 51 10 7 69 55 10 95 2 13 11 37 58 61 89 30 32 89 30 81 95 0 10 12 48 2 79 100 17 77
82 17 47 54 47 94 23 83 25 96 2 2 71 35 72 95 37 95 53 98 34 17 5 19 8 92 39 49 41 26 75 45 53 17 12 36 34 52 87 14 71 20 0 67 28 56 3 82 38 52
5 37 90 88 69 33 6 55 26 5 12 53 62 20 77 96 31 66 42 83 98 33 38 97 4 49 96 87 64 79 85 32 31 20 69 44 47 64 91 83 35 60 16 0 65 74 69 81 6 15
82 66 6 53 97 65 15 66 29 15 12 13 97 18 50 26 84 54 24 41 49 86 8 34 3 39 66 16 63 6 81 84 44 16 5 5 17 31 41 52 5 43 88 17 0 12 75 33 79 77
47 62 37 88 55 11 58 62 14 31 92 72 38 23 32 69 93 95 77 34 87 39 57 90 54 97 19 65 47 23 100 13 86 74 14 56 50 74 76 33 9 90 36 40 89 0 16 50 22 78
41 76 54 62 36 35 34 74 19 19 14 94 37 74 42 88 95 65 53 5 29 94 99 6 82 92 57 64 46 17 79 50 13 6 25 4 19 67 43 99 50 100 38 40 61 16 0 54 67 78
2 37 55 88 47 72 47 100 58 90 99 94 87 13 1 19 91 71 45 88 100 74 88 7 14 11 88 33 12 44 49 20 33 45 23 66 56 33 97 54 20 75 64 99 97 33 74 0 46 22
72 73 64 39 50 34 37 91 70 19 79 9 67 40 11 92 71 28 77 21 30 63 96 7 10 49 44 6 81 44 29 56 26 86 69 9 8 26 56 94 42 58 31 41 50 72 19 76 0 37
16 9 87 40 20 75 87 85 62 68 32 22 28 31 51 94 17 6 96 32 95 95 47 35 69 4 39 20 66 61 28 74 49 68 13 7 36 93 29 80 61 29 46 98 58 12 15 99 7 0