150
70 81 13 17 13 457
70 10 54 35 76 457
77 28 49 25 68 447
61 52 68 16 20 420
84 81 86 36 68 644
70 80 75 75 79 566
31 67 86 88 25 536
43 29 10 65 26 412
20 19 82 87 81 525
16 58 51 78 55 488
33 48 82 13 71 512
63 21 32 41 81 481
31 22 29 20 31 432
42 52 87 43 12 530
69 62 70 43 64 585
58 63 22 54 78 572
54 44 89 23 14 494
61 29 19 40 12 391
67 32 14 74 40 445
62 34 51 31 36 480
85 38 79 64 62 573
37 49 54 86 61 484
51 51 43 70 84 546
82 68 88 22 14 481
71 24 82 89 10 555
49 66 42 21 90 503
28 46 70 70 21 503
85 81 26 62 33 538
39 45 39 57 41 469
48 48 33 48 40 462
37 49 84 43 70 537
13 83 67 74 32 527
32 30 62 24 57 489
67 59 70 71 54 515
62 22 16 73 78 479
15 32 37 55 80 454
24 51 58 20 61 487
49 72 40 20 27 455
53 90 84 33 73 563
10 28 11 58 11 326
63 78 10 53 39 523
14 30 64 48 83 529
70 13 27 38 10 342
36 69 63 53 58 480
42 20 28 17 90 392
73 45 21 28 49 451
38 33 89 84 13 452
71 28 31 38 79 444
59 78 30 70 74 560
35 24 80 35 19 382
58 15 43 85 10 481
71 45 65 15 81 457
11 83 45 47 74 458
51 19 11 55 35 471
57 61 41 79 63 544
56 29 63 39 15 478
50 61 81 33 36 478
60 31 52 61 25 427
51 72 55 19 38 415
25 14 12 33 34 374
87 24 64 11 28 450
68 25 28 23 26 449
43 19 71 68 45 534
71 72 80 44 30 560
89 21 29 42 48 462
53 53 61 75 86 610
33 22 84 20 33 392
70 38 77 66 60 551
39 28 80 22 39 417
70 61 61 86 19 514
21 30 21 44 22 412
34 85 67 46 86 559
18 72 31 66 74 509
77 41 84 42 51 545
50 45 18 69 13 442
16 25 64 28 50 382
51 62 33 70 37 468
22 29 80 40 84 470
15 12 40 10 18 385
87 67 15 46 53 455
77 58 88 54 71 578
25 87 36 44 79 469
37 74 11 80 23 470
32 10 69 71 79 510
66 13 20 16 82 443
61 63 83 69 81 634
67 43 19 70 13 483
44 50 18 10 42 387
78 18 78 88 39 567
80 65 68 43 76 557
18 20 21 41 49 406
11 19 27 71 45 435
37 45 53 59 60 443
33 83 72 29 72 490
71 16 52 54 76 519
84 43 41 45 23 479
23 14 12 58 58 405
16 78 85 87 61 548
65 24 16 83 65 454
18 22 50 41 85 448
75 69 23 74 13 496
15 87 88 48 75 595
25 79 26 42 73 511
24 39 55 90 64 514
49 18 24 48 36 432
39 79 70 52 13 536
38 18 66 37 15 410
37 54 61 70 46 539
74 42 52 43 71 555
13 68 69 30 22 456
30 32 88 88 66 556
81 80 80 72 22 617
15 86 26 78 51 492
24 83 37 31 89 546
22 60 79 67 23 435
71 11 84 59 43 555
38 73 43 31 17 487
79 57 13 68 47 458
18 18 37 71 47 448
55 67 90 27 66 562
81 80 56 57 69 606
28 39 14 15 58 430
30 27 64 83 32 490
15 77 12 69 13 454
75 88 50 23 53 523
15 84 44 43 72 532
20 53 86 26 44 455
85 76 65 37 42 581
83 87 37 77 30 589
29 41 78 31 90 453
22 66 87 26 72 557
15 84 88 16 22 467
24 74 72 25 21 507
26 31 87 61 89 518
29 63 81 81 11 464
88 46 58 42 70 572
16 39 71 21 26 374
12 81 83 61 82 588
15 88 69 22 31 408
21 70 84 27 60 510
76 18 15 16 54 451
88 60 28 71 90 550
19 87 57 59 57 521
53 90 20 14 75 532
37 86 49 36 52 450
15 68 28 73 81 501
63 53 74 59 30 461
28 67 82 29 85 532
77 88 28 59 24 487
67 13 49 89 17 461
0 40 25 50 11 45 13 42 41 50 31 31 44 16 10 11 14 30 21 11 24 18 40 39 32 13 34 12 46 42 42 33 6 48 22 41 18 43 19 39 14 16 20 19 23 19 44 13 47 37 48 43 19 39 26 50 24 35 42 28 13 49 5 23 40 5 21 9 49 9 10 33 8 22 32 21 10 34 48 33 11 29 36 37 12 17 18 46 10 50 10 27 25 41 17 12 23 6 45 35 27 7 35 39 34 8 12 38 19 48 37 34 29 42 10 49 35 30 38 5 15 35 6 30 34 17 29 29 6 32 9 35 42 24 30 38 28 44 31 27 33 29 40 47 19 27 25 41 23 30
37 0 45 27 44 5 17 11 16 23 11 41 21 6 21 34 28 15 28 6 25 7 38 41 20 5 42 50 36 21 17 41 35 12 33 5 40 41 13 41 10 34 23 25 42 38 27 13 34 41 13 17 50 16 37 46 10 7 7 21 26 20 9 42 6 46 37 17 32 33 29 8 6 15 43 17 32 37 6 17 17 13 32 26 43 34 36 44 15 46 8 48 26 19 19 50 23 9 22 13 34 49 8 6 43 37 8 14 35 48 22 10 36 33 17 12 48 34 39 30 7 33 39 6 34 21 42 11 24 48 34 43 10 9 9 29 42 48 17 35 15 26 12 49 28 28 9 44 17 38
36 27 0 34 30 39 46 27 20 17 18 16 11 14 36 34 36 12 47 33 30 27 44 8 33 9 15 47 34 10 11 14 41 50 11 6 19 24 38 10 39 29 48 23 26 38 36 8 20 34 40 30 7 36 22 25 7 7 37 41 25 16 14 49 34 38 25 40 34 29 45 28 8 33 9 46 11 13 43 8 8 33 28 49 33 14 40 24 44 29 20 28 15 25 50 17 28 23 15 36 40 29 21 26 29 29 22 33 38 11 8 14 12 5 31 47 14 37 37 50 31 26 24 9 13 50 10 38 39 46 5 42 21 23 43 26 20 39 10 45 20 25 5 47 16 27 15 18 18 41
50 47 47 0 21 45 13 9 31 13 20 27 49 33 37 16 32 38 45 5 46 6 34 31 12 21 29 26 28 40 37 31 13 10 23 42 26 29 14 12 19 18 33 48 30 8 30 49 9 34 45 40 40 29 39 28 19 42 30 41 14 31 39 20 6 45 17 50 6 20 18 13 30 27 19 12 41 45 38 25 21 48 24 31 5 45 24 29 33 12 15 33 40 34 10 13 17 29 38 45 30 32 39 38 33 9 25 22 16 39 29 31 5 50 46 26 47 35 39 13 18 38 14 29 19 32 16 45 5 6 8 13 6 22 29 23 26 39 10 37 17 30 29 10 15 26 32 46 50 39
16 37 50 27 0 44 43 36 26 19 31 21 20 13 10 12 29 30 21 16 32 37 42 43 7 28 11 36 24 15 15 30 7 45 34 10 20 47 39 40 26 15 42 12 21 44 24 49 10 20 34 35 30 29 43 31 5 46 34 17 11 11 27 18 28 13 25 47 19 40 24 36 36 23 22 41 29 45 13 9 50 47 22 18 16 22 34 22 25 47 30 18 12 48 5 37 26 21 24 18 13 34 18 24 47 32 39 11 30 37 45 10 50 45 20 26 8 36 9 10 6 17 48 14 22 17 17 25 46 15 24 5 29 38 49 47 45 15 38 40 43 8 34 19 48 44 16 16 30 21
31 23 30 17 13 0 24 49 42 31 6 37 40 50 38 45 43 49 9 36 23 9 24 12 27 11 5 33 7 11 34 50 15 30 28 41 17 26 6 38 44 21 45 16 34 33 21 45 40 47 10 27 34 26 45 32 44 41 39 39 8 46 15 25 47 46 43 9 5 12 9 21 16 38 7 28 10 30 42 14 12 14 21 6 27 33 45 47 9 30 15 34 15 5 15 33 11 20 43 36 15 17 36 48 14 41 50 28 46 29 33 10 34 29 18 34 50 38 42 48 50 20 13 9 20 42 22 16 13 37 10 16 41 27 27 33 7 45 20 44 45 27 16 5 24 17 30 38 23 29
34 19 48 49 44 28 0 46 44 15 10 27 12 33 23 48 44 17 8 49 30 7 15 43 5 16 34 5 29 33 23 20 49 47 43 17 36 41 49 49 5 35 6 34 33 26 48 14 17 19 10 5 13 46 23 42 20 15 31 9 25 10 17 37 13 21 23 38 5 18 21 5 13 10 30 31 18 18 43 32 18 15 8 50 15 30 8 10 15 30 46 35 42 34 33 12 32 31 28 47 8 50 39 34 22 8 11 47 5 21 25 17 8 24 31 24 46 25 9 40 13 26 7 45 7 46 19 5 47 45 10 7 15 18 34 40 46 9 41 5 18 20 20 13 25 31 34 45 41 12
32 31 50 37 19 48 42 0 49 27 40 46 23 22 11 46 33 17 26 30 12 47 29 48 46 38 25 16 35 41 35 8 15 36 13 20 50 25 10 46 43 17 40 22 36 43 29 49 10 48 29 13 34 11 6 18 10 5 31 12 15 29 43 10 44 32 40 44 13 25 34 36 32 18 23 26 17 48 27 50 40 27 28 34 17 49 21 21 24 30 25 29 5 8 20 7 22 30 15 30 42 46 24 45 36 39 13 31 36 6 35 43 46 30 35 5 27 12 36 45 48 32 43 37 48 13 43 36 15 33 36 13 11 37 45 12 10 19 38 6 5 11 49 49 42 20 42 29 30 50
50 12 24 25 8 21 18 31 0 36 8 18 5 14 46 20 24 46 36 44 8 44 27 10 43 23 21 29 13 35 11 39 21 9 15 43 18 5 36 5 50 38 15 10 50 20 40 7 35 18 49 31 23 12 46 13 18 13 25 41 39 33 16 20 17 9 44 40 26 27 14 14 7 20 45 15 37 6 18 11 37 39 44 39 24 37 36 29 38 29 9 27 35 50 16 42 41 22 49 7 7 17 44 50 16 8 12 31 26 44 17 27 23 25 9 10 46 13 8 26 21 46 26 17 27 17 20 49 9 16 43 39 29 38 9 24 41 30 9 44 44 25 18 7 24 23 16 15 43 11
20 46 29 49 18 41 35 24 9 0 42 39 17 33 8 41 24 29 39 17 45 47 41 25 25 23 16 44 23 29 23 36 49 31 42 9 18 32 6 20 14 15 47 28 37 40 17 13 22 33 13 21 23 41 44 8 17 26 24 40 40 16 7 24 43 25 34 12 48 5 26 12 42 27 48 15 47 37 23 27 39 34 41 35 47 5 49 50 27 23 41 27 27 27 37 50 33 21 8 29 12 23 50 44 13 39 36 22 7 13 22 23 38 50 49 47 36 50 18 49 50 18 18 45 28 45 13 15 12 14 5 17 41 39 44 30 10 46 18 33 39 44 46 25 42 20 21 22 40 14
31 19 7 50 15 46 27 23 6 34 0 32 18 11 48 16 16 47 12 13 25 13 37 44 30 42 12 9 29 42 5 14 24 32 33 42 38 37 20 17 30 49 29 22 37 47 34 16 45 34 43 34 25 20 49 43 35 18 9 15 47 42 13 18 36 19 25 44 31 32 27 30 22 17 41 46 14 50 37 47 25 50 31 32 23 14 8 30 23 42 45 39 18 16 46 48 17 49 10 33 22 43 10 19 25 11 50 24 43 7 33 27 33 7 50 37 49 46 46 23 37 5 38 17 49 21 16 20 40 46 11 45 30 50 27 47 8 38 17 42 14 30 16 25 22 26 48 33 39 46
48 22 40 23 46 45 32 48 8 31 20 0 43 37 27 9 9 25 5 46 46 13 22 21 31 19 49 6 44 14 30 17 40 31 18 21 44 23 36 37 48 15 5 5 49 45 36 19 35 6 19 22 27 7 16 12 25 16 42 48 15 32 41 23 43 14 38 34 47 39 49 12 40 14 8 44 29 19 32 8 49 15 18 41 7 9 32 21 49 34 19 30 30 14 26 14 27 13 33 28 50 37 42 33 27 38 40 46 23 50 34 39 10 15 41 23 13 8 13 29 5 27 18 40 10 15 35 9 37 39 36 50 5 39 45 15 14 45 17 8 40 50 16 33 7 6 50 5 42 19
9 26 8 6 18 37 29 28 33 48 16 15 0 6 42 46 20 43 50 50 31 28 12 23 42 12 36 17 22 42 43 6 44 36 42 13 27 8 7 9 13 17 18 8 19 33 43 50 30 13 22 36 48 49 41 30 15 8 17 6 33 48 39 17 34 45 9 32 36 34 9 20 21 13 38 34 27 30 46 8 48 22 22 45 37 37 26 49 43 32 27 20 16 33 29 15 47 18 12 32 7 30 48 48 22 49 6 25 34 15 13 19 48 15 34 35 34 50 17 24 5 17 32 11 46 7 12 17 33 36 13 39 5 23 17 9 35 23 12 34 24 17 49 27 32 24 18 19 15 14
18 42 26 16 34 32 25 31 31 35 37 39 49 0 6 17 10 43 41 41 34 50 40 27 17 38 16 46 8 20 44 12 22 45 43 34 17 47 20 41 48 36 40 29 9 20 26 28 8 15 30 49 41 48 23 19 27 36 22 6 46 48 44 45 42 50 9 31 40 14 24 15 17 21 22 27 27 8 50 28 6 30 5 43 24 37 17 12 20 16 15 15 38 42 5 18 43 44 25 41 17 46 15 23 30 44 24 13 26 20 22 11 48 23 21 47 37 17 17 39 45 45 14 48 21 34 27 9 7 23 25 13 41 17 28 11 31 34 11 37 29 13 12 16 24 8 19 50 16 13
36 37 38 11 22 8 36 25 14 16 43 9 21 50 0 32 47 6 5 49 31 38 15 18 31 29 37 12 5 39 9 47 46 30 9 7 19 48 44 14 44 13 36 32 17 10 13 36 41 12 44 32 48 46 10 46 39 48 21 39 37 16 27 11 49 28 49 29 47 42 45 38 38 27 40 41 15 44 43 37 35 33 46 11 28 25 13 19 30 29 22 30 43 16 44 28 26 46 24 8 37 19 41 36 16 10 31 28 17 8 14 23 50 31 7 16 24 44 39 18 27 44 21 14 7 14 43 24 38 50 9 47 48 30 31 39 17 24 24 7 32 16 8 18 14 34 45 46 36 21
28 36 40 12 39 20 35 12 44 26 36 12 40 26 30 0 40 41 42 14 40 21 15 16 45 43 7 15 38 36 19 5 46 33 17 20 25 12 11 13 43 11 24 36 44 42 47 40 44 46 47 11 21 14 6 35 26 27 43 34 22 12 32 17 43 38 14 17 39 36 6 49 28 44 47 29 6 29 18 47 20 41 15 42 19 11 22 37 23 27 7 23 15 44 43 33 27 37 14 13 25 38 37 11 9 42 19 17 30 42 49 48 19 38 16 30 5 32 22 13 7 16 32 36 44 37 50 36 17 43 45 13 16 12 48 21 21 28 17 48 18 17 50 48 27 24 16 27 29 9
5 19 50 46 23 46 36 26 43 19 7 37 33 14 12 50 0 21 21 36 31 35 34 7 14 9 10 7 12 23 8 25 28 37 11 41 22 49 48 18 21 6 26 41 31 49 43 41 34 13 37 31 9 43 15 40 31 8 16 44 20 7 13 24 27 26 28 6 10 45 48 42 14 47 50 7 45 8 40 34 15 27 43 41 11 8 21 48 15 20 13 44 21 32 28 13 7 8 37 25 17 25 29 27 19 12 8 24 5 34 7 29 13 9 16 39 12 43 41 20 10 33 34 29 9 25 22 24 9 24 25 43 7 31 27 50 13 32 47 40 44 34 7 47 17 24 13 43 49 38
8 37 25 5 7 9 6 11 5 43 10 27 25 34 31 33 17 0 28 13 43 44 49 11 44 27 18 15 7 12 18 10 21 43 9 36 20 21 33 46 12 28 33 21 21 15 47 21 23 19 17 48 36 39 47 43 32 43 19 28 19 39 37 33 47 14 47 36 30 49 28 20 22 25 11 46 45 11 50 40 8 12 47 43 45 13 6 37 9 12 50 35 17 18 11 33 5 47 13 46 13 49 36 36 44 19 5 14 41 10 49 8 13 45 20 40 24 34 19 23 43 6 40 22 42 6 48 42 12 6 27 37 5 38 30 36 46 50 28 28 9 9 15 23 6 11 33 27 25 50
11 45 47 36 41 39 40 23 45 21 44 24 26 17 24 29 35 38 0 15 19 22 27 16 17 32 12 38 33 41 42 45 40 43 39 21 49 30 16 10 27 20 40 17 17 39 20 28 39 18 21 12 27 29 39 12 27 47 46 21 37 15 30 17 31 23 32 43 26 23 26 24 31 41 18 10 47 42 8 36 18 15 42 22 24 39 32 31 43 18 39 6 6 42 34 45 8 50 20 38 37 21 16 41 19 21 8 32 6 24 5 23 42 33 5 16 39 20 17 14 19 11 50 27 34 8 43 33 20 48 31 37 18 47 27 45 42 15 43 23 34 15 20 35 46 30 28 17 31 17
42 33 29 9 46 13 26 28 22 21 9 44 8 31 33 24 16 14 28 0 33 25 13 25 47 44 34 22 30 45 21 12 8 46 13 43 44 9 31 46 37 44 29 33 42 15 17 16 49 13 23 38 31 10 27 44 48 33 26 26 13 27 11 8 38 39 47 36 10 23 26 41 19 32 48 7 10 33 37 38 45 46 24 43 32 48 23 47 39 46 16 45 38 43 45 19 39 23 17 26 17 27 12 7 29 47 33 33 16 21 40 49 47 17 23 33 11 39 30 9 50 13 24 23 34 24 9 29 28 42 46 26 26 6 50 39 32 22 7 25 26 50 31 36 27 47 43 32 10 33
11 12 32 43 16 7 30 43 29 44 49 30 18 28 13 27 48 14 43 6 0 45 8 32 8 21 17 12 50 6 48 28 49 44 16 42 32 13 21 20 32 43 34 28 45 47 33 23 48 37 29 10 9 22 26 26 43 21 7 40 19 13 5 17 42 17 9 34 8 46 11 29 34 39 27 9 9 9 36 31 34 14 26 47 27 27 42 47 47 27 31 16 13 25 16 29 13 44 33 41 26 49 16 29 9 40 36 45 33 43 22 33 23 40 38 31 29 43 35 7 24 8 26 39 12 46 15 44 20 9 27 39 31 49 29 41 45 13 23 10 35 24 32 40 33 13 49 38 25 42
8 7 6 34 30 15 50 31 50 36 21 19 18 19 37 31 6 22 40 27 7 0 14 38 30 27 45 34 35 40 6 35 39 23 22 21 9 32 13 48 49 22 8 19 22 34 21 26 21 7 30 6 44 25 11 17 43 46 31 22 35 15 11 27 6 46 9 24 24 25 37 31 7 13 7 6 20 30 21 36 17 39 24 6 31 18 22 33 38 8 44 49 27 18 36 15 27 16 5 5 38 33 16 25 33 19 41 31 19 48 37 20 20 49 13 35 30 32 44 23 20 26 12 26 50 36 13 12 8 19 44 42 46 16 6 22 39 8 18 44 27 33 40 15 24 18 16 34 19 17
18 44 8 50 10 10 38 39 49 36 48 10 18 11 24 38 32 19 47 14 28 12 0 30 31 25 50 18 39 31 19 47 30 45 27 43 37 41 5 40 47 13 50 40 24 29 47 24 33 35 29 9 36 34 9 16 22 14 19 8 43 45 38 5 8 7 23 42 32 42 44 45 12 9 25 8 43 47 38 49 24 32 19 9 46 38 6 30 19 32 12 38 7 22 41 48 32 5 29 8 49 41 49 17 11 44 27 9 44 28 46 46 14 34 47 37 17 21 20 49 38 35 22 25 23 10 46 6 35 17 40 26 22 9 32 16 16 33 9 17 36 33 39 40 40 18 8 25 13 32
21 31 9 37 5 39 7 10 18 21 13 34 8 17 18 15 26 9 21 13 29 38 15 0 36 23 45 46 37 20 14 25 23 29 22 37 20 6 23 28 12 22 20 38 18 16 31 41 5 43 34 33 19 9 6 26 36 50 43 15 13 33 38 50 48 33 19 8 38 22 37 47 50 48 15 11 24 7 42 38 44 34 15 50 11 39 15 16 40 30 5 27 16 29 29 29 40 16 39 32 19 43 35 11 40 14 18 8 22 7 15 32 11 49 27 7 11 36 25 33 45 40 36 20 41 38 31 41 25 33 29 15 30 37 39 30 46 49 37 32 9 10 28 6 33 50 32 49 19 46
11 40 45 17 20 36 37 7 7 49 11 9 27 27 19 16 31 45 48 23 34 37 30 28 0 28 37 40 14 11 24 41 15 13 23 48 16 32 35 28 7 7 15 11 22 15 12 49 9 18 5 30 28 12 33 25 37 33 43 21 5 33 40 9 49 15 19 18 38 16 8 37 29 32 36 48 40 19 17 49 44 41 42 42 14 27 48 47 38 23 44 9 19 35 15 38 37 49 31 12 39 29 19 8 20 31 28 37 20 48 32 23 15 6 9 32 38 32 12 42 34 49 46 45 20 49 36 24 25 15 36 9 43 38 15 14 42 44 41 28 13 8 21 37 10 42 31 18 23 10
41 31 39 35 35 37 18 47 35 12 25 5 10 5 17 5 40 6 46 37 50 14 16 19 38 0 14 18 47 26 32 36 42 27 32 45 48 28 38 7 16 10 45 47 33 45 40 26 15 10 37 12 24 6 23 17 6 15 30 44 41 14 13 39 16 45 46 6 47 38 28 48 39 30 26 42 49 5 27 36 25 26 28 50 11 37 48 11 33 11 21 39 47 18 5 35 32 21 24 27 44 12 43 10 16 31 34 8 40 43 44 40 37 25 43 35 9 17 41 29 5 27 39 41 11 10 26 22 48 35 14 17 34 27 13 17 33 28 41 33 13 48 24 48 19 41 39 32 20 19
50 36 11 10 6 18 42 14 49 41 49 27 42 36 5 15 26 39 34 7 41 9 47 31 31 33 0 30 41 11 7 9 31 8 13 33 18 42 19 12 25 48 13 18 7 26 29 9 10 9 5 41 16 49 47 26 44 9 13 8 26 49 31 49 10 45 32 44 14 43 8 32 5 11 6 21 25 31 21 11 25 10 9 31 20 23 36 32 9 30 44 8 5 37 7 6 31 16 12 17 26 40 45 45 24 9 7 16 26 30 32 18 8 35 32 11 26 44 22 6 7 11 30 40 13 44 9 5 18 46 6 46 40 42 37 26 13 47 5 19 45 39 26 24 25 30 31 40 12 48
34 19 43 29 37 41 37 37 34 34 35 37 14 26 31 43 43 16 17 16 22 47 16 27 29 39 23 0 23 18 31 27 9 31 12 6 19 36 36 46 33 15 38 15 23 28 39 42 37 45 42 46 21 48 8 22 7 8 8 23 44 8 31 7 23 20 8 9 16 23 28 19 9 17 50 29 5 8 45 46 11 48 38 8 11 6 6 17 9 49 40 19 21 47 27 24 22 50 37 6 45 19 20 32 37 12 40 30 19 19 15 6 15 26 36 48 46 39 30 5 8 13 40 11 44 35 44 27 25 8 45 48 7 32 17 28 24 33 13 11 9 18 22 44 10 46 26 42 28 26
38 37 35 5 42 25 38 6 28 37 33 17 48 5 20 48 46 35 9 21 19 6 50 37 24 48 14 34 0 42 24 36 21 27 34 25 27 12 44 32 29 49 33 44 39 22 12 9 40 11 15 20 5 45 8 39 6 46 37 9 24 22 24 46 13 27 33 25 33 24 47 10 32 46 17 9 7 5 15 43 39 9 49 30 49 5 5 41 35 5 16 28 39 36 21 30 34 21 24 21 21 33 19 36 41 25 38 21 49 27 27 23 35 34 48 22 25 5 33 44 33 11 37 40 41 14 17 35 32 10 36 44 26 45 14 29 47 8 39 14 16 12 25 33 14 11 23 12 50 22
27 49 18 30 42 11 20 17 15 8 48 39 8 50 17 26 40 8 24 37 27 47 6 48 17 16 44 32 7 0 49 46 21 21 38 24 13 40 9 14 23 13 18 35 5 16 7 13 45 44 46 22 23 44 41 30 21 46 48 38 23 40 20 15 45 32 6 25 27 31 30 40 44 38 17 43 46 39 41 44 18 11 13 47 37 22 19 12 23 7 42 11 9 17 40 8 32 47 8 18 34 5 23 36 35 10 44 34 32 28 17 36 19 44 11 44 8 41 5 11 27 8 19 41 44 27 19 40 35 37 15 20 41 23 44 5 29 6 36 36 15 39 33 30 17 37 36 34 8 25
38 40 18 33 36 37 38 26 25 33 9 23 33 46 27 16 41 39 35 20 35 20 47 19 23 12 38 24 15 19 0 20 28 28 13 20 9 6 49 50 15 9 36 38 35 32 46 44 5 24 33 9 45 39 41 13 49 39 44 37 25 15 46 34 48 17 24 7 47 47 11 33 5 40 15 47 35 35 34 35 21 44 32 31 32 17 43 13 19 42 19 9 24 46 37 30 19 37 20 34 17 48 50 37 11 31 7 16 18 27 26 50 18 20 8 13 32 43 19 42 43 17 42 45 50 25 50 17 30 24 41 12 31 21 17 30 5 13 40 33 49 37 50 45 27 31 37 44 47 6
25 30 22 14 45 10 42 47 15 38 13 13 46 42 35 20 22 39 14 31 39 48 17 34 27 38 32 42 19 23 32 0 19 10 43 10 45 37 10 46 27 26 13 32 34 32 27 49 10 47 33 8 25 36 26 29 26 23 24 7 27 24 6 29 16 19 33 45 17 10 46 14 18 17 36 36 5 40 28 42 44 6 45 6 26 44 17 26 22 46 11 16 27 27 33 25 39 17 33 9 44 26 13 46 8 23 13 14 6 7 29 24 40 40 33 44 28 17 25 7 36 36 14 28 36 23 49 40 24 41 36 9 21 6 8 37 42 23 49 38 21 13 31 6 35 42 48 17 13 42
22 10 49 5 45 31 28 6 31 19 33 48 16 5 25 33 30 5 21 14 16 19 23 9 11 28 15 42 29 38 44 38 0 27 9 31 25 47 5 21 47 45 19 41 29 40 35 10 18 8 7 38 21 7 21 30 37 22 17 47 20 46 9 17 31 10 26 40 50 12 46 21 31 10 28 50 19 5 16 8 33 17 40 47 35 33 28 49 22 46 22 27 21 34 27 9 39 6 29 10 9 6 8 41 18 35 10 49 36 23 32 39 27 48 41 50 39 5 49 11 50 37 11 16 44 28 26 8 20 39 32 39 26 6 7 9 43 15 16 5 14 18 39 42 50 11 7 19 5 40
22 30 20 12 8 7 45 27 17 22 20 48 39 39 28 28 42 23 9 26 9 19 45 49 23 7 39 14 33 11 23 38 37 0 5 31 21 11 47 37 24 49 32 24 37 26 45 50 31 22 43 9 49 28 43 12 13 8 31 17 28 45 33 11 16 15 7 14 40 11 40 40 14 49 41 15 43 38 18 39 46 48 40 20 39 40 5 6 29 44 38 21 13 44 49 21 6 5 50 16 27 48 19 11 35 8 37 27 33 41 9 13 17 16 8 16 31 49 18 43 30 43 19 19 44 36 41 39 22 44 40 17 27 17 45 29 7 12 47 42 37 33 39 19 31 26 24 30 21 49
23 11 32 6 45 28 48 36 10 37 42 42 20 39 46 41 14 39 35 14 15 13 47 43 26 25 43 45 8 36 9 6 23 11 0 38 20 29 47 16 45 32 25 9 16 6 24 28 45 11 29 34 40 9 7 14 28 27 39 40 29 11 44 41 21 27 7 25 5 30 18 8 12 33 22 14 29 35 15 14 20 27 8 7 33 49 42 46 36 34 31 33 19 6 41 31 12 7 45 25 21 8 5 29 7 40 12 8 40 35 49 29 15 29 23 33 36 12 49 20 22 37 33 48 22 32 16 26 49 32 13 14 31 36 11 20 28 45 44 18 13 9 25 12 34 10 50 38 36 31
46 13 45 29 12 20 20 45 25 11 43 10 22 20 35 13 15 44 9 29 11 50 24 9 26 47 44 29 12 46 26 16 10 11 48 0 47 41 41 43 14 40 20 44 48 31 35 5 46 31 12 18 28 26 45 50 23 12 6 18 12 14 12 26 9 36 41 30 10 43 32 23 43 23 12 8 45 21 23 16 8 10 24 39 44 48 44 32 37 14 8 31 26 14 14 17 46 16 49 44 16 37 17 40 42 44 24 45 12 25 43 19 7 38 42 5 43 24 5 12 18 43 33 44 9 33 33 34 16 15 5 38 27 23 38 28 28 18 18 48 50 14 42 24 23 20 12 30 42 29
28 19 7 41 46 34 37 14 50 14 26 6 46 25 18 34 39 43 33 17 43 36 49 46 21 5 50 50 8 46 33 18 7 14 42 49 0 14 23 48 6 20 18 36 29 31 28 21 46 25 6 44 26 32 8 46 42 5 10 6 18 47 28 8 40 44 16 20 50 6 36 43 21 15 35 9 8 21 7 20 13 5 31 17 23 48 13 39 27 43 17 24 12 44 26 12 46 41 31 12 48 29 45 45 16 27 16 41 32 24 22 40 48 49 49 8 41 43 40 18 43 9 27 9 40 24 5 50 8 27 18 13 14 9 15 43 21 49 28 27 30 12 9 44 49 48 9 22 26 34
29 13 9 35 15 32 25 42 8 21 40 21 24 43 6 47 26 16 39 13 38 29 25 48 9 43 5 14 14 31 10 24 42 46 35 18 39 0 33 45 34 40 23 36 43 10 28 48 8 40 18 43 41 22 28 29 24 25 5 12 10 14 8 28 28 18 47 10 35 13 49 33 40 21 11 28 39 37 46 47 41 46 8 34 24 17 26 9 30 21 16 37 36 36 44 21 16 15 35 16 19 15 7 39 36 9 41 29 29 45 27 28 22 29 17 15 15 7 47 9 36 15 21 41 45 30 45 30 25 33 38 39 15 22 48 25 42 15 29 18 48 45 12 9 10 18 41 13 23 37
45 39 24 18 42 24 13 37 19 32 8 36 28 26 28 38 17 50 35 31 46 25 40 46 32 43 29 49 49 40 18 45 16 33 42 49 5 48 0 30 46 20 48 6 27 34 20 39 27 13 7 25 49 38 18 41 44 34 14 46 16 6 31 34 6 7 38 48 21 10 9 14 9 9 15 37 40 24 38 31 44 40 16 35 8 25 46 13 9 13 39 22 7 43 36 45 27 16 5 30 8 23 20 32 24 37 49 39 48 9 12 19 48 11 50 40 30 28 29 13 38 27 45 21 42 46 36 9 36 20 33 34 5 13 13 26 5 29 36 6 33 28 38 6 50 48 8 30 43 8
25 21 40 35 17 20 5 5 18 46 36 21 33 28 41 23 23 20 25 8 38 38 23 34 6 41 34 20 31 34 5 33 10 11 49 25 24 15 28 0 22 47 50 9 24 13 43 15 7 41 15 40 41 48 6 45 34 19 13 28 41 24 40 27 12 26 18 20 22 40 38 29 7 37 42 47 48 18 33 5 28 49 36 20 27 32 20 44 27 7 38 21 43 11 20 36 10 38 21 32 28 36 24 21 39 13 12 23 6 20 34 41 41 17 10 30 13 22 50 33 40 17 11 31 16 20 50 23 42 11 50 44 32 44 40 24 5 20 8 21 11 33 31 15 9 12 9 37 20 42
5 34 25 17 24 28 9 47 49 16 21 48 30 26 14 5 32 16 15 43 6 13 10 16 41 27 41 8 42 11 17 18 10 9 7 7 22 18 9 15 0 22 31 14 34 17 33 33 36 28 15 26 20 47 22 15 24 38 34 48 16 24 22 19 6 42 7 21 27 25 21 13 28 18 42 46 6 17 49 29 23 32 24 45 47 14 15 24 40 31 41 41 25 18 38 40 8 36 21 15 14 19 21 46 20 38 29 32 27 7 32 17 8 10 12 32 15 25 29 36 41 32 18 43 20 32 45 48 48 50 44 19 17 24 9 20 12 31 39 32 34 31 39 26 10 20 36 38 8 27
36 5 35 18 5 12 9 15 49 29 39 18 27 50 15 49 20 24 45 30 38 48 42 38 13 32 22 36 39 50 32 23 23 39 38 21 22 37 20 11 9 0 39 46 48 43 36 34 20 9 49 38 24 7 29 29 18 13 38 20 30 40 19 21 22 31 29 48 27 36 41 40 24 42 50 27 45 23 12 45 43 35 20 26 45 50 8 34 48 36 38 31 8 21 36 5 39 25 30 46 41 7 40 33 32 36 45 21 39 49 23 36 45 24 32 47 6 15 34 21 26 28 24 41 48 49 29 29 32 42 33 28 8 20 21 43 12 29 25 34 5 33 44 38 43 30 26 45 22 22
48 18 43 17 46 30 44 44 29 47 30 13 37 14 17 27 21 36 13 14 12 26 11 18 45 33 25 40 40 18 46 37 19 19 49 50 41 44 29 25 36 25 0 17 18 49 32 19 46 26 31 21 41 6 40 11 13 36 5 18 40 9 30 16 9 30 44 17 26 37 15 33 34 17 28 31 46 21 14 29 8 38 17 21 25 33 16 6 49 5 7 37 9 41 29 46 27 19 17 24 37 7 31 44 17 43 8 48 16 19 45 40 14 18 21 36 41 41 15 50 26 14 28 37 15 6 44 15 41 44 31 32 47 46 25 26 19 28 6 15 32 13 8 16 43 40 34 11 22 40
26 15 19 43 12 8 26 11 41 38 42 5 37 48 32 16 13 41 12 19 38 8 5 11 12 44 38 22 35 36 5 36 48 22 43 13 50 5 42 22 37 10 19 0 37 10 5 36 39 16 41 28 14 21 44 39 21 26 6 22 28 7 46 15 19 19 24 12 5 46 17 10 21 38 12 48 22 43 23 31 47 39 25 45 45 22 28 40 20 36 20 40 16 49 27 29 30 26 27 32 29 31 18 39 22 19 28 5 26 21 6 43 43 50 32 33 39 50 35 8 20 35 6 24 7 5 10 16 43 32 43 16 40 19 36 6 10 29 35 19 34 33 15 36 29 19 40 11 23 24
17 47 38 23 50 33 33 38 24 15 32 7 36 27 26 28 49 35 17 20 50 34 49 13 38 22 5 9 16 36 32 10 33 8 19 16 36 15 35 37 48 22 7 37 0 43 14 23 24 44 14 39 50 49 27 39 29 14 42 9 36 46 46 24 48 33 22 31 43 10 30 15 11 7 14 17 34 25 20 33 36 29 5 29 39 41 37 24 16 12 19 29 10 50 5 29 12 21 8 6 39 12 32 25 42 23 6 36 18 34 29 23 5 34 8 45 15 32 17 20 8 22 20 11 44 19 47 41 25 31 35 40 35 19 25 28 47 41 37 47 10 17 29 14 23 46 40 48 42 34
32 27 48 25 27 29 25 13 22 32 18 7 8 10 46 34 31 13 14 20 42 12 26 25 49 49 44 35 22 44 23 42 34 8 42 19 38 14 28 25 23 10 9 35 5 0 35 6 5 13 10 19 21 49 28 15 24 26 19 46 7 27 13 48 26 49 46 41 27 43 25 10 27 24 27 33 32 25 12 8 50 36 32 20 50 20 18 18 27 32 23 45 19 47 24 26 47 16 18 15 33 19 10 39 30 24 5 40 17 35 12 27 28 50 32 39 46 15 29 6 41 29 31 46 7 32 5 29 47 13 5 6 26 44 17 26 6 15 16 24 9 35 44 21 49 24 18 27 41 37
12 18 47 40 20 43 24 10 5 8 35 32 9 49 40 27 6 11 48 31 36 32 9 12 32 6 43 50 16 49 22 39 46 22 27 12 18 15 25 33 21 12 39 36 13 9 0 36 23 27 45 45 42 11 36 40 18 13 50 42 47 47 8 30 46 44 21 27 23 46 13 14 35 12 14 6 8 45 12 48 20 13 23 44 50 46 7 36 30 35 49 33 44 37 41 16 45 27 46 8 20 7 34 31 11 10 23 30 9 49 49 29 26 13 9 20 7 39 31 11 42 10 39 30 8 32 7 46 43 15 47 25 28 49 12 23 21 10 41 7 27 9 16 50 31 17 36 6 22 33
46 30 37 18 37 49 11 37 33 17 7 38 40 22 33 14 46 12 20 38 5 43 30 6 12 35 28 17 29 5 14 23 48 5 46 42 43 10 14 29 8 50 5 20 18 40 12 0 27 38 47 31 27 5 26 23 48 43 28 18 12 42 17 22 19 34 24 17 44 11 33 23 50 46 49 26 21 49 50 50 49 9 48 17 44 24 14 36 46 7 45 26 37 40 37 6 34 15 20 28 42 22 12 21 38 32 21 41 35 11 28 8 37 11 11 28 17 34 33 47 24 32 26 48 10 47 18 18 25 42 46 47 6 47 20 33 18 38 39 31 35 6 44 9 45 35 36 30 45 21
36 43 37 18 25 14 13 47 13 14 11 21 25 22 12 5 33 7 42 10 31 10 9 17 9 9 6 21 40 37 23 27 50 17 7 38 16 28 14 46 32 39 49 22 27 36 36 39 0 9 7 40 34 30 47 45 48 15 26 9 18 40 31 35 22 18 44 27 41 25 31 25 18 41 26 32 41 47 23 12 27 15 7 37 5 48 22 48 15 18 42 48 45 17 18 12 28 35 45 6 14 17 45 22 28 8 47 9 42 31 18 44 46 15 46 18 24 20 34 31 24 16 41 28 20 12 30 25 6 35 7 8 35 35 39 49 12 17 45 33 26 39 29 32 18 37 43 26 43 14
33 5 23 8 46 49 5 31 50 22 25 50 49 14 34 15 15 47 43 38 29 11 31 36 19 11 46 13 14 34 42 24 44 30 15 9 43 30 42 26 8 17 23 31 32 13 20 43 32 0 25 47 50 15 36 15 45 20 25 21 13 10 49 39 39 20 48 12 23 12 12 6 47 29 50 24 27 25 27 18 5 32 6 28 24 24 15 31 12 17 40 12 48 42 35 35 39 18 11 25 32 20 5 26 5 32 21 42 23 46 40 11 46 6 47 40 14 17 22 24 25 42 6 11 47 24 11 31 27 39 27 34 28 15 33 47 26 19 49 23 15 15 46 13 36 7 28 10 38 45
34 25 13 44 31 19 18 20 49 17 42 27 15 50 8 17 31 19 23 10 32 24 11 38 5 48 48 42 6 39 31 16 16 19 43 29 22 48 8 24 12 15 37 31 19 14 36 50 31 21 0 45 18 47 35 23 35 32 18 34 40 48 45 48 44 28 31 28 20 50 28 34 19 6 19 18 7 5 42 26 42 24 23 8 33 41 9 42 49 48 48 20 31 25 41 50 5 46 49 46 21 32 48 44 40 36 29 33 42 35 28 17 14 45 49 10 16 37 12 30 14 27 50 34 32 30 34 8 30 13 45 25 21 34 23 29 21 32 5 41 45 42 48 28 12 11 37 25 5 19
8 7 5 40 10 7 21 32 29 15 27 32 25 48 9 46 16 6 34 37 6 33 30 14 24 31 23 26 13 26 26 11 7 10 31 49 48 26 17 36 33 7 46 18 23 14 18 46 17 44 10 0 25 8 34 14 24 27 37 30 11 40 36 40 28 19 10 45 30 21 26 11 33 28 17 37 13 21 50 34 30 14 18 34 7 25 12 46 29 12 17 16 41 16 18 8 9 10 49 16 20 17 46 21 37 28 39 31 35 35 33 34 35 40 49 12 26 9 38 10 21 5 46 16 29 31 44 12 34 29 42 35 7 13 44 37 48 31 50 42 46 47 26 48 48 21 33 46 8 39
34 26 47 43 16 44 34 9 30 34 30 31 35 12 7 44 30 7 18 38 33 17 28 10 7 8 6 27 15 26 35 12 13 17 34 41 6 40 8 39 8 48 13 45 43 47 46 9 38 16 43 49 0 29 47 23 50 43 23 27 16 44 28 39 18 33 27 35 25 22 6 27 35 30 46 29 45 49 24 29 18 39 19 41 42 13 23 34 26 33 17 20 46 50 49 40 34 22 19 32 16 23 11 8 22 46 37 18 34 37 38 9 24 49 42 24 41 12 7 26 20 43 22 39 43 49 47 50 25 13 41 24 25 46 5 17 38 16 40 47 33 44 20 46 36 47 35 8 5 50
20 16 46 28 34 38 20 27 28 8 6 10 38 14 14 17 24 43 7 34 37 30 49 6 19 31 45 39 46 31 21 19 24 39 27 43 39 48 24 27 25 37 27 10 40 48 43 50 15 10 15 15 27 0 13 18 8 5 18 20 39 44 28 33 36 42 47 19 9 32 8 16 16 24 7 16 49 17 34 50 9 28 39 22 13 28 36 13 15 19 38 9 38 41 14 32 12 33 21 50 40 25 36 36 29 40 41 37 35 45 11 15 32 43 45 49 20 13 13 21 45 14 10 7 35 42 19 34 15 21 31 33 36 26 45 6 15 41 34 29 42 24 37 47 49 21 25 49 35 9
14 43 35 49 7 45 25 8 40 48 20 21 6 26 21 43 34 38 47 6 13 6 26 30 28 28 21 9 36 28 49 43 30 15 42 10 17 23 21 32 40 41 43 9 34 43 50 35 21 14 24 24 7 24 0 43 40 42 12 49 45 15 19 33 39 5 48 25 44 48 7 19 16 35 19 16 46 8 14 46 24 33 34 32 48 42 21 21 28 23 17 9 8 38 19 21 25 27 27 21 46 14 10 17 22 25 34 31 23 17 39 50 20 50 27 40 32 14 34 25 10 38 35 13 37 34 47 30 16 25 43 35 8 44 50 9 43 40 11 8 23 22 39 14 28 16 33 40 23 14
46 40 17 29 16 12 42 37 10 47 14 48 21 25 48 19 34 33 38 47 8 46 44 32 26 13 23 9 42 47 38 33 14 50 31 45 8 39 27 40 18 36 50 49 29 23 46 30 29 24 12 33 20 20 44 0 47 48 12 7 35 22 45 26 44 31 6 25 27 31 12 36 23 20 39 25 41 26 21 26 44 22 16 21 10 11 35 47 11 21 18 39 45 6 44 39 50 22 8 48 12 28 28 36 44 18 35 13 15 38 23 49 37 27 38 17 25 14 7 11 5 48 7 9 35 32 11 9 40 10 8 13 20 31 20 13 19 12 28 26 42 5 47 7 30 46 31 15 22 38
33 21 18 15 9 13 23 48 11 18 38 34 22 8 19 45 41 6 8 19 21 9 12 32 19 31 30 32 29 44 19 49 35 36 25 17 49 14 47 5 46 10 47 16 49 14 21 9 47 37 44 44 12 47 42 22 0 33 11 6 32 27 31 26 47 32 28 12 6 43 39 36 45 9 32 7 16 50 29 35 8 5 7 5 11 48 14 39 50 25 19 15 44 26 38 47 22 41 17 13 47 45 8 26 17 7 32 8 36 32 13 20 38 25 15 18 22 48 29 35 44 6 13 28 45 7 37 10 18 9 40 46 44 5 41 13 26 32 38 35 6 49 36 36 6 12 6 14 29 9
24 45 12 18 13 48 18 20 14 37 27 18 16 41 38 14 12 50 28 12 39 19 48 16 25 10 10 8 43 34 35 33 14 20 27 47 29 9 50 11 28 29 42 30 46 13 47 29 29 38 29 32 7 47 23 48 28 0 47 50 16 22 40 28 14 7 34 39 20 5 6 42 23 46 19 18 49 17 17 24 40 12 48 29 48 16 50 36 19 6 28 25 35 5 15 42 46 47 36 23 12 49 41 45 13 44 15 29 36 46 36 44 32 47 45 20 18 36 41 43 20 25 21 13 49 22 43 21 47 11 16 8 11 39 37 18 21 26 6 13 50 29 7 37 18 42 18 24 41 43
5 6 48 25 44 46 36 5 26 21 19 8 37 48 13 20 42 49 20 47 34 36 32 48 24 39 30 30 42 39 31 46 22 50 46 8 33 38 45 12 15 32 29 37 36 18 15 29 49 40 30 44 45 37 26 49 19 34 0 11 34 11 43 48 47 32 8 21 16 23 19 12 27 47 19 19 12 48 36 50 25 42 20 15 49 31 24 27 18 37 23 11 17 9 25 24 43 33 41 46 45 47 48 29 19 29 37 20 32 13 39 39 17 30 38 20 19 36 19 21 35 5 8 48 17 26 39 10 16 47 26 42 50 49 17 39 13 27 10 41 7 45 34 41 5 35 46 35 50 17
32 36 8 47 48 43 36 23 35 21 38 28 46 21 28 41 47 6 38 37 11 17 5 33 48 9 47 48 13 22 36 50 10 19 32 26 49 27 33 36 17 37 12 31 35 7 17 27 19 30 32 20 24 39 25 27 17 32 24 0 36 28 41 41 22 44 19 9 7 27 25 25 36 8 7 27 43 27 15 45 28 19 8 7 9 19 8 50 47 17 30 16 50 20 24 14 37 7 37 27 32 18 12 36 35 35 42 8 49 50 43 11 50 37 22 22 5 27 7 20 43 46 38 44 24 46 29 36 25 5 43 47 21 21 25 13 13 33 14 10 27 26 42 25 26 11 49 30 30 17
47 32 8 42 9 28 43 27 20 48 45 38 38 13 46 8 44 7 20 18 22 40 20 22 43 7 40 39 47 11 33 8 29 41 33 40 14 37 18 13 13 6 25 34 35 31 11 16 14 31 13 44 39 47 42 10 6 37 36 49 0 28 17 46 25 25 21 9 10 24 37 31 10 15 8 13 34 12 10 36 41 41 35 28 47 37 20 17 6 18 48 16 31 39 49 19 14 13 21 21 42 31 31 10 27 37 37 48 49 5 39 26 16 34 45 14 9 5 36 34 19 29 34 13 18 26 39 10 13 17 20 26 35 25 12 42 27 33 23 42 6 23 27 17 20 19 39 26 5 41
8 28 28 48 50 19 7 5 28 40 33 43 34 16 8 42 9 22 24 47 11 28 37 44 47 43 42 40 28 20 31 28 39 32 34 36 43 12 49 38 7 40 39 37 36 34 39 35 5 24 29 11 32 13 48 48 43 26 39 23 30 0 16 47 15 36 22 42 9 39 36 23 42 15 40 20 21 6 35 7 7 15 35 26 11 32 33 16 46 38 36 43 44 21 18 6 5 41 20 33 29 19 25 7 35 37 8 38 17 9 31 21 27 28 26 7 37 12 5 22 13 21 36 28 31 38 13 20 17 47 33 33 34 24 22 21 11 10 39 42 8 40 25 30 45 47 23 18 11 48
11 43 35 9 23 36 41 23 21 18 5 37 28 37 12 46 28 33 21 42 19 30 15 28 7 9 19 16 25 28 45 48 34 18 7 7 29 20 6 30 44 48 26 8 50 42 24 27 25 10 6 19 15 17 10 9 30 35 44 20 13 31 0 36 21 16 44 16 15 18 37 32 17 43 24 18 23 42 39 40 8 18 20 8 38 40 9 47 17 48 6 19 34 28 32 33 48 6 11 29 26 40 26 45 6 49 40 27 38 33 19 11 33 49 15 38 17 40 49 26 50 28 31 12 30 14 13 25 15 35 9 5 29 24 36 42 8 33 14 46 35 30 11 13 27 47 40 50 42 5
24 13 20 9 20 33 42 19 11 19 10 35 38 48 44 21 6 32 35 19 34 29 21 50 40 19 39 25 34 33 44 29 11 39 39 41 7 23 29 26 18 11 41 20 25 45 18 30 15 29 16 39 29 44 32 44 36 26 46 48 6 45 45 0 27 23 17 15 19 40 21 12 5 12 37 46 23 31 21 31 50 33 23 44 50 50 12 49 30 6 48 37 7 44 13 23 20 18 40 38 6 12 44 17 15 49 17 19 15 47 7 48 34 11 39 14 33 38 19 24 18 22 45 37 30 9 36 7 12 17 21 11 47 27 28 50 10 21 36 39 32 5 26 24 25 8 9 43 26 40
6 20 24 11 10 39 6 31 38 23 20 43 43 28 23 20 5 28 45 48 5 27 29 42 50 49 23 41 50 36 49 28 45 20 39 24 49 39 10 41 8 38 24 23 22 26 48 37 32 29 9 43 48 49 22 10 29 15 34 10 22 23 16 13 0 39 39 18 12 33 15 8 21 40 49 32 42 40 17 24 35 48 49 44 36 29 6 32 15 37 6 49 38 5 17 41 27 36 21 30 22 26 50 39 38 41 27 25 27 46 8 44 21 5 40 25 19 50 46 5 44 45 28 27 28 42 30 48 36 8 8 44 20 26 42 43 5 8 50 50 49 17 34 49 5 28 45 11 9 19
21 20 6 41 35 22 32 39 12 34 39 20 50 34 11 15 33 16 43 17 44 21 21 21 43 32 35 47 25 40 28 23 6 44 16 12 27 24 21 38 50 46 50 48 30 39 49 40 36 21 5 39 29 44 5 17 35 20 5 41 44 24 20 5 36 0 37 48 48 10 46 23 43 20 22 10 22 35 13 42 12 44 7 13 21 19 38 42 16 20 10 26 13 33 33 29 49 33 9 27 5 34 42 40 12 49 40 8 45 41 49 29 42 7 29 23 48 46 23 41 41 43 36 42 28 11 43 46 12 45 42 33 38 11 49 7 23 50 26 48 17 33 26 18 11 13 35 43 15 44
35 24 7 25 30 46 35 42 39 32 46 12 5 24 27 34 30 46 13 33 50 9 7 35 44 41 8 49 6 6 29 9 31 10 32 39 14 24 15 45 49 40 35 22 37 37 47 5 15 21 13 46 17 30 50 30 27 21 5 9 43 39 15 49 45 25 0 14 19 13 10 43 22 7 37 17 48 33 29 40 10 8 27 21 17 5 28 12 46 18 24 44 37 5 34 29 35 9 31 25 48 17 13 16 20 29 8 18 16 14 48 29 20 43 42 14 21 49 32 36 40 19 19 32 46 41 33 14 6 21 11 28 49 8 50 38 22 42 35 28 5 33 34 28 29 38 10 26 29 17
7 40 44 34 14 18 22 25 8 17 34 21 8 5 5 24 7 25 20 18 9 43 11 33 39 16 6 34 48 32 43 31 34 25 27 9 16 35 36 16 27 11 42 22 19 28 35 14 10 18 32 23 19 18 30 38 34 49 47 23 7 46 42 6 15 9 14 0 13 10 26 46 27 11 28 21 19 39 42 40 43 23 19 35 29 20 21 40 37 27 23 38 50 39 21 18 24 14 6 47 47 12 46 14 15 13 6 40 7 46 5 38 29 27 48 22 33 47 32 27 29 30 17 25 35 45 28 37 6 31 5 5 14 25 15 41 44 47 22 24 32 35 23 36 9 50 6 9 38 27
26 45 38 30 41 47 21 11 33 37 32 14 30 26 9 19 47 30 44 25 13 10 8 43 11 48 50 18 19 15 9 36 35 16 34 8 45 41 16 32 24 29 46 46 23 23 42 39 45 22 40 36 40 29 12 44 26 9 9 10 42 37 11 26 26 43 31 32 0 39 42 25 46 28 11 28 39 5 5 9 43 43 6 47 15 23 29 17 15 23 24 20 44 42 32 8 5 24 34 38 38 24 50 29 13 17 22 34 32 26 19 22 43 21 19 44 41 9 27 21 41 25 36 28 29 44 19 50 48 17 8 7 32 40 47 37 6 9 34 50 16 13 25 43 28 21 26 33 38 50
8 9 32 37 50 44 17 34 26 47 41 28 42 49 45 33 38 9 40 25 43 17 34 49 8 40 32 31 27 12 33 42 31 20 13 48 9 19 18 39 20 18 29 35 14 21 15 41 25 15 13 17 8 24 36 45 7 28 6 5 33 34 17 13 44 40 36 28 7 0 14 26 15 25 29 18 49 45 10 43 21 45 14 31 24 14 24 19 35 43 42 17 21 34 22 13 21 43 42 24 46 17 36 41 31 17 32 33 16 33 7 48 50 16 5 47 21 47 30 49 33 17 50 10 29 39 22 49 12 17 40 17 16 27 26 50 30 34 40 23 44 47 25 50 29 42 43 37 27 26
32 25 41 8 11 28 49 26 42 32 34 20 21 22 14 34 11 42 32 10 35 21 41 11 36 46 37 42 28 22 42 12 40 40 31 30 36 11 26 21 27 28 37 39 17 20 29 11 20 27 38 13 11 9 18 22 50 12 23 50 43 11 45 24 26 35 19 42 29 18 0 49 42 31 37 20 39 8 47 39 32 23 21 9 40 29 43 45 21 42 6 33 27 7 13 41 44 15 44 34 38 36 41 11 38 43 42 46 9 7 44 10 35 26 36 41 24 14 44 34 28 30 43 20 37 7 23 13 27 49 49 20 21 23 16 6 45 47 30 9 39 8 45 18 36 21 43 36 14 28
29 34 41 39 47 6 27 25 12 32 34 17 28 36 6 29 29 22 30 32 28 48 49 47 23 32 45 47 5 40 33 19 26 46 41 22 23 33 29 22 31 28 44 5 18 49 34 47 22 18 17 13 27 15 16 6 13 49 44 46 9 14 42 44 27 31 13 45 41 28 44 0 22 47 49 5 43 42 17 19 15 34 41 16 33 29 26 35 37 19 21 23 6 18 43 8 30 21 36 10 36 10 20 43 16 37 25 46 45 38 32 50 31 32 21 25 13 49 16 48 48 27 17 26 23 50 15 10 35 29 48 43 41 21 25 42 11 36 40 13 49 13 30 26 12 44 19 40 43 39
33 39 43 10 50 29 42 17 48 46 40 22 26 18 46 46 50 25 22 42 30 6 46 42 22 24 23 45 9 33 29 9 45 14 19 32 44 27 35 28 40 9 34 42 38 49 50 29 39 39 25 36 41 8 43 5 31 32 36 7 15 42 34 39 18 37 40 45 35 33 29 32 0 25 36 48 29 12 15 8 49 13 34 22 41 32 16 39 24 48 23 8 35 15 43 28 29 28 40 29 21 24 34 18 13 7 45 12 42 33 37 41 46 35 25 15 33 16 6 21 41 9 45 22 37 40 38 38 49 40 12 39 5 17 18 24 26 18 48 42 15 27 15 23 45 10 14 27 10 49
9 28 30 41 17 39 44 17 26 42 13 50 9 35 12 40 5 8 28 44 5 9 16 26 48 47 44 49 7 38 48 36 21 27 10 6 41 36 41 40 24 8 26 12 20 38 44 16 18 6 36 22 13 38 50 39 50 27 38 21 46 35 43 40 21 10 24 16 46 40 38 17 20 0 28 49 8 35 37 10 22 33 28 43 6 38 31 7 40 6 45 37 48 18 27 28 48 6 17 47 6 22 11 29 38 44 33 13 50 35 33 44 50 21 14 10 39 18 48 42 8 44 34 15 49 34 30 20 24 23 5 48 49 21 38 22 26 25 24 47 11 29 39 27 43 15 17 47 38 30
46 20 22 46 48 24 11 18 17 15 30 35 6 40 31 33 36 15 6 40 13 27 38 27 6 45 42 23 20 15 25 30 33 20 30 15 14 35 6 48 46 40 19 14 14 37 26 6 5 21 25 22 28 22 12 23 26 20 23 13 9 39 14 5 12 9 7 45 35 10 10 44 32 13 0 18 39 19 21 49 42 11 42 27 31 10 33 9 47 23 30 50 19 42 14 34 25 47 8 13 43 21 22 39 30 6 11 8 44 47 5 13 15 16 13 12 33 21 46 36 50 9 29 19 16 11 14 33 48 18 9 27 29 37 49 15 21 20 25 33 9 10 25 44 25 42 50 10 32 6
35 21 27 14 16 39 50 30 45 6 46 24 17 28 30 39 25 36 16 49 25 42 47 9 7 10 38 37 20 45 40 40 34 49 39 34 12 50 20 41 6 31 49 14 37 40 21 27 41 32 16 26 17 13 14 31 17 50 26 30 7 7 6 47 42 32 50 18 23 46 40 10 7 50 25 0 30 31 33 14 6 30 32 5 25 50 38 20 38 32 16 9 44 11 18 21 26 31 38 30 22 10 10 36 19 36 25 32 11 20 11 26 23 49 30 35 34 24 37 17 26 15 23 21 46 39 41 10 50 9 37 23 27 27 25 12 48 20 25 13 47 17 32 48 18 31 37 9 40 29
49 14 43 5 34 46 50 48 30 24 10 6 20 28 40 17 46 26 12 23 23 35 29 13 43 14 25 40 34 39 10 14 31 30 47 43 33 21 5 50 5 42 11 6 14 26 44 21 25 44 42 25 12 12 24 7 43 13 28 29 22 32 17 20 15 17 22 35 7 5 19 47 33 6 35 15 0 37 38 11 41 43 9 22 34 30 13 30 17 46 17 14 40 48 30 24 22 49 16 20 21 42 6 33 45 10 49 46 5 15 15 39 50 28 28 49 39 38 27 27 22 27 43 30 20 13 10 36 34 50 45 39 33 15 17 9 27 35 30 18 29 5 7 23 47 26 16 47 9 45
36 15 6 13 14 26 14 30 40 29 23 49 5 30 14 5 7 34 44 36 42 28 49 16 39 19 33 45 9 34 17 46 50 43 17 37 9 19 33 7 12 38 32 47 39 18 34 48 34 8 22 35 17 42 32 33 46 11 13 9 32 25 8 18 22 49 22 6 33 29 29 37 28 12 46 12 19 0 43 27 27 47 18 41 50 27 20 21 38 37 31 10 30 41 21 40 50 20 21 40 6 10 23 44 34 41 17 10 46 6 19 5 24 12 38 10 21 24 27 22 20 6 48 49 40 50 24 30 10 26 23 14 41 16 11 31 26 30 16 14 41 36 49 16 11 14 18 15 30 18
27 39 34 47 34 8 38 48 45 30 6 6 36 23 39 9 21 48 49 37 34 9 38 39 33 32 27 38 37 34 21 5 50 31 38 33 38 6 15 8 44 33 36 38 19 36 46 50 6 24 23 28 24 42 26 28 33 38 23 36 7 35 21 26 40 22 49 26 31 41 50 46 11 37 45 40 28 30 0 50 29 47 8 31 20 47 18 35 29 29 17 46 8 42 41 41 35 32 28 17 37 30 42 14 20 39 34 34 30 12 31 38 37 47 9 28 16 34 44 16 48 25 11 35 40 27 31 16 9 25 11 16 15 6 30 33 25 11 33 10 9 24 16 14 32 35 39 12 25 5
49 35 18 5 9 41 37 14 11 18 14 33 11 50 39 40 11 46 17 9 49 20 21 6 35 25 30 44 6 12 6 44 50 13 47 11 5 11 20 40 31 12 6 19 10 43 6 21 13 30 43 46 49 5 38 41 22 46 40 16 29 15 14 31 17 11 10 23 38 33 18 37 18 20 49 15 18 35 47 0 21 7 15 36 36 44 25 30 17 16 33 49 6 47 50 6 27 36 40 20 50 49 29 10 42 21 44 26 20 9 39 13 6 22 6 46 15 50 32 37 32 12 50 19 34 24 8 44 26 12 6 9 37 35 50 32 13 44 8 8 11 13 50 26 43 46 17 24 43 6
48 31 47 36 24 11 46 42 9 15 48 16 34 29 18 19 19 36 37 38 35 23 32 23 38 46 32 5 20 9 37 8 43 28 28 10 47 37 36 26 6 7 20 14 14 50 27 39 36 10 26 49 33 37 6 18 27 17 48 5 41 37 40 37 48 46 33 27 48 10 21 50 37 25 41 27 9 34 44 43 0 32 27 28 15 36 21 29 42 8 14 32 25 26 40 26 36 25 25 12 5 39 5 33 43 18 37 27 44 39 40 17 27 10 50 35 10 25 46 5 19 40 42 28 32 21 8 47 17 27 18 17 48 32 32 27 26 31 7 35 38 14 6 9 20 48 50 14 12 29
5 41 6 31 14 28 35 45 37 11 49 11 17 46 23 43 45 11 41 7 20 23 9 5 11 29 15 14 7 11 43 15 25 20 28 46 41 33 9 32 50 22 42 40 32 14 36 29 42 7 24 14 29 6 14 41 33 12 35 12 36 19 18 23 9 47 25 17 49 48 49 36 18 18 49 7 28 26 40 30 22 0 23 32 38 22 50 44 16 30 5 30 45 14 46 5 19 34 37 29 46 45 40 43 36 11 39 14 28 25 12 38 22 14 15 18 13 49 26 10 11 37 22 30 9 32 38 16 29 24 37 20 19 41 6 18 16 48 26 33 33 50 45 15 40 48 15 23 29 42
10 8 32 28 11 30 34 14 18 5 34 43 36 6 27 31 49 21 44 15 15 25 12 27 42 22 12 26 39 44 35 39 44 19 30 15 38 39 40 5 37 35 30 8 17 19 9 28 26 19 30 27 33 38 46 21 8 11 15 37 24 23 11 16 31 39 35 15 40 32 17 38 41 35 46 46 44 33 44 38 28 34 0 22 43 42 30 24 45 39 22 43 40 42 42 44 11 17 41 8 39 19 47 14 50 23 44 7 5 49 20 18 14 31 35 36 43 41 49 30 18 6 18 20 43 48 40 17 30 6 46 6 37 9 21 26 42 33 12 16 43 25 33 30 32 48 29 40 14 24
42 15 25 10 35 15 37 8 50 5 36 48 21 11 39 20 13 18 48 16 44 9 14 39 50 23 46 5 5 15 23 21 33 35 39 25 14 49 49 12 13 34 16 35 18 26 10 18 31 24 27 44 29 37 6 27 7 37 28 5 21 6 12 40 16 43 35 41 22 9 8 29 15 37 15 35 42 21 32 29 35 17 24 0 19 21 32 16 7 5 17 12 36 34 33 14 12 9 18 12 10 30 41 44 49 49 25 11 17 39 49 10 20 33 27 35 33 46 9 31 10 47 15 26 11 38 35 6 12 37 31 27 7 47 22 10 45 12 48 21 15 23 5 19 29 23 23 14 32 48
8 39 46 14 20 41 29 9 9 43 14 42 28 45 34 35 50 27 5 8 5 23 13 45 17 11 29 5 26 11 47 25 50 38 31 6 26 6 9 36 48 42 9 30 20 22 28 48 24 10 49 6 45 25 45 33 36 31 35 25 10 24 11 20 28 47 35 36 6 10 39 26 5 27 16 43 25 32 43 29 7 48 13 30 0 38 23 21 35 13 42 37 33 30 46 12 23 18 42 43 41 15 22 34 28 40 34 19 24 14 39 48 30 9 30 21 42 43 28 32 30 43 41 35 49 7 10 6 30 50 36 49 46 11 8 38 34 43 22 34 10 21 48 32 41 50 42 48 49 27
22 50 7 34 28 11 23 31 40 15 16 45 13 20 7 29 17 23 30 13 27 31 14 44 24 25 41 15 47 49 21 40 13 24 15 20 41 21 32 24 44 35 34 19 35 41 25 8 23 46 50 9 24 25 18 48 40 26 16 10 46 44 19 41 16 50 9 34 46 19 22 25 36 30 9 14 44 37 18 39 43 21 19 50 33 0 45 36 20 25 21 45 9 46 44 22 38 41 19 38 5 32 16 9 39 24 27 26 34 30 24 35 10 39 30 49 8 10 41 22 38 45 28 15 43 39 19 31 26 16 28 13 14 37 40 32 9 30 48 23 47 20 49 50 9 18 14 41 37 19
29 43 25 47 48 8 41 43 28 9 23 31 48 8 25 18 45 10 38 13 11 35 48 28 43 32 50 8 34 34 6 11 37 32 14 23 25 44 8 8 36 29 32 20 33 35 7 50 9 22 34 37 48 40 38 28 33 30 27 45 24 18 18 39 17 38 40 31 40 27 50 7 28 36 40 29 24 23 43 16 7 28 47 11 31 50 0 14 50 33 22 44 32 48 25 29 30 24 22 32 50 47 12 16 11 48 39 42 11 40 31 18 9 19 50 24 17 45 39 47 45 10 16 43 12 25 37 23 18 38 14 45 17 30 49 15 37 24 31 11 12 40 27 10 38 19 28 12 50 43
31 44 17 16 39 45 5 27 12 41 18 18 17 37 34 32 44 48 23 47 35 12 32 35 28 48 15 32 45 19 26 27 27 14 11 15 10 27 26 24 19 21 46 27 50 36 7 22 11 16 42 16 13 36 26 50 26 50 25 27 14 8 28 30 27 37 13 32 36 24 50 46 47 45 26 28 29 19 27 17 25 17 17 25 38 13 47 0 12 15 20 13 31 23 17 13 43 32 7 42 29 7 41 30 45 41 16 47 29 8 35 13 33 19 34 37 23 50 15 43 45 12 25 16 26 36 37 40 24 27 19 7 19 46 47 5 15 27 34 11 49 9 14 18 12 38 7 47 23 26
32 32 23 25 23 19 7 25 8 47 36 32 13 34 33 15 26 8 49 16 30 23 8 17 43 5 22 27 17 10 40 34 47 48 24 27 37 22 5 23 45 36 21 41 14 14 46 17 43 24 10 18 49 13 18 24 24 17 28 48 6 6 49 42 46 31 32 19 32 18 50 33 48 43 37 8 7 12 19 23 31 45 50 7 23 38 5 23 0 12 36 32 11 40 27 16 30 11 19 49 20 36 35 43 42 40 15 19 15 15 8 49 47 44 34 34 27 32 28 22 50 8 6 49 16 26 29 36 15 50 39 31 13 48 47 47 40 14 38 20 33 28 38 43 48 46 10 17 21 6
24 19 48 20 33 12 42 47 14 41 44 35 44 18 50 45 23 20 19 28 20 35 21 15 21 11 37 43 36 27 12 13 38 11 32 17 10 36 10 16 26 20 9 25 14 48 49 8 40 28 13 25 43 26 22 41 10 44 43 45 37 35 49 5 25 27 40 36 10 20 14 18 44 46 7 20 5 49 14 44 39 17 19 9 47 26 8 28 14 0 15 27 9 8 35 50 18 22 15 6 10 27 27 39 22 5 5 10 24 33 18 28 14 20 44 32 7 36 9 20 41 49 47 16 43 45 12 23 7 34 33 7 32 32 25 46 29 45 20 42 50 8 36 33 18 40 22 15 48 14
50 32 20 41 22 38 20 12 16 26 43 36 27 47 50 28 16 20 32 5 40 15 11 11 47 17 16 20 37 10 13 15 6 12 46 17 15 35 45 9 34 5 6 14 32 5 31 48 19 45 42 12 23 21 12 44 39 5 19 27 41 44 28 19 6 6 29 12 44 26 31 42 17 34 37 45 25 47 7 19 45 50 24 29 8 33 8 47 26 12 0 32 13 34 11 41 21 34 42 25 28 41 38 34 27 27 45 33 41 15 12 41 42 25 12 44 29 42 5 40 26 11 43 12 35 38 42 39 39 27 10 20 13 9 20 29 34 22 41 38 48 6 19 7 25 17 17 6 29 11
6 9 7 33 35 12 23 14 12 21 35 6 22 30 43 22 47 30 24 50 18 40 20 42 42 6 31 9 6 40 42 9 46 18 15 44 7 47 33 35 29 24 31 28 30 50 15 43 33 36 36 23 21 30 39 18 24 32 19 44 40 25 17 14 32 41 42 35 49 9 16 35 46 16 25 32 23 42 19 28 40 18 30 50 44 32 43 43 10 19 43 0 24 35 43 50 39 35 10 42 45 21 41 15 40 35 14 50 7 6 25 35 18 38 22 29 12 49 46 24 33 44 39 12 40 32 22 44 14 9 40 14 31 26 26 23 44 37 42 49 13 12 14 21 48 37 10 19 41 26
43 36 15 29 14 11 14 17 5 42 24 47 21 25 40 32 12 5 39 18 19 42 8 7 44 24 13 26 46 40 25 43 49 20 14 9 8 31 38 27 10 15 26 37 9 30 31 17 14 7 22 45 9 42 50 42 43 8 11 17 50 11 14 45 46 34 14 50 50 23 16 12 13 37 20 31 17 7 9 29 42 9 12 43 24 15 15 19 8 25 28 35 0 14 43 22 6 15 9 44 21 22 46 33 13 30 20 32 49 13 5 18 41 34 26 27 17 50 17 41 28 43 49 28 14 46 28 32 22 17 47 37 27 37 15 47 23 49 19 28 43 48 43 5 48 9 48 13 40 8
6 24 21 29 37 46 16 11 32 16 13 24 46 43 40 22 35 17 14 43 17 44 20 24 28 28 44 21 41 48 9 10 42 49 47 10 14 36 37 42 21 9 31 12 34 24 11 25 25 14 28 30 43 27 46 21 47 34 5 34 18 44 28 30 43 9 35 29 19 44 18 49 48 39 14 24 7 33 49 24 33 32 26 25 36 12 49 27 16 47 41 32 28 0 25 49 15 34 41 49 11 27 50 32 20 18 10 39 31 29 12 26 47 11 22 7 28 49 24 36 11 40 36 22 33 40 45 9 11 29 8 43 12 47 35 12 43 38 26 7 25 37 33 19 40 7 33 7 16 45
43 44 31 31 40 48 46 47 36 31 31 9 45 22 30 48 12 19 7 34 8 44 7 7 27 12 35 5 35 38 31 20 13 47 33 34 49 33 23 46 23 17 14 37 14 45 33 37 16 41 23 23 28 7 40 10 37 43 41 46 19 9 20 39 32 34 36 21 35 49 6 19 12 35 36 15 20 47 34 9 15 32 14 44 23 20 38 15 6 28 10 49 19 7 0 50 39 17 9 50 10 22 28 9 20 9 36 11 16 36 41 23 18 21 38 47 46 23 21 29 16 40 41 46 27 35 41 26 45 8 29 10 17 41 35 43 21 38 37 46 31 9 20 40 11 11 26 32 38 26
10 22 41 8 46 15 23 48 35 32 23 24 26 5 27 47 28 49 28 26 19 8 22 45 27 43 31 34 24 37 33 13 41 32 44 46 17 45 14 32 13 40 36 27 49 37 26 6 6 5 23 33 28 15 37 42 45 33 33 14 12 26 36 9 15 38 23 39 36 6 39 49 32 24 5 46 25 27 40 31 27 41 39 6 44 49 10 17 15 7 49 37 38 44 8 0 33 41 47 35 17 11 48 22 25 11 18 40 24 12 5 24 5 32 41 49 44 13 7 27 23 39 36 30 40 19 46 24 7 30 39 50 24 19 5 48 46 29 31 46 17 30 16 46 24 39 23 47 7 16
23 34 50 33 14 40 18 37 10 45 46 37 46 14 29 27 27 47 22 32 23 15 12 45 31 11 29 36 26 43 28 17 30 6 35 47 15 6 24 6 49 14 38 30 24 38 45 22 11 32 36 21 26 41 46 48 15 44 48 33 42 47 32 36 8 32 40 33 35 39 36 30 22 47 49 31 10 14 22 28 35 39 17 25 7 30 48 31 25 46 47 50 26 40 40 29 0 19 11 20 8 25 33 25 22 45 7 36 49 29 35 14 47 40 49 42 39 33 33 10 34 35 41 6 10 49 11 42 33 34 27 47 29 28 13 45 15 6 15 39 15 20 18 21 35 9 32 12 24 40
13 24 50 44 46 39 43 37 36 50 39 26 28 24 23 10 50 21 40 19 9 34 18 24 50 43 40 21 50 35 5 17 44 27 42 39 44 23 7 23 8 5 5 26 27 12 34 29 18 45 47 39 11 37 45 32 49 38 20 42 39 40 38 31 44 44 16 21 18 31 50 21 34 48 15 33 14 28 41 30 8 16 40 41 43 15 21 19 39 6 6 24 15 5 15 8 25 0 15 27 23 10 49 13 14 19 24 13 7 18 12 47 24 33 48 17 34 19 40 20 5 9 30 24 8 39 29 25 42 14 9 8 25 29 8 35 17 5 49 12 25 44 24 21 24 22 14 35 35 42
6 7 27 15 24 31 6 6 22 15 10 18 48 14 14 44 21 9 15 44 43 5 45 36 33 10 21 47 11 46 34 40 23 47 44 12 18 42 39 33 5 17 48 23 15 32 17 44 18 44 49 26 39 30 38 10 29 50 47 23 25 39 12 16 15 19 50 50 37 5 14 50 39 50 47 46 11 19 20 9 44 36 12 24 11 11 50 32 38 32 41 8 25 27 35 13 18 9 0 21 49 35 32 33 26 9 32 16 40 22 30 41 32 42 28 14 50 42 21 30 29 27 35 13 19 49 18 32 14 49 34 44 16 45 12 48 27 6 27 8 22 8 14 13 20 9 33 18 37 43
30 39 23 45 9 23 8 38 9 15 18 35 21 16 17 23 26 46 13 39 47 47 37 34 32 15 24 47 9 40 8 50 44 30 31 36 39 36 37 46 9 11 26 32 23 49 45 5 19 12 42 36 17 34 25 24 38 30 21 36 28 49 38 27 16 50 26 15 46 27 45 27 25 37 13 17 39 38 28 11 20 45 21 25 20 34 30 47 41 31 13 5 47 43 12 9 16 48 26 0 26 46 12 18 18 39 16 45 24 16 39 13 50 16 43 16 49 18 22 29 50 36 10 36 46 20 20 16 39 45 8 39 28 30 23 31 25 45 48 12 13 14 26 24 43 14 46 9 30 36
12 50 17 37 15 43 11 45 15 31 50 48 50 41 25 28 20 31 12 25 48 49 39 34 25 33 24 32 41 38 39 16 39 13 35 24 13 12 8 39 29 8 13 16 38 11 25 7 50 20 9 19 49 7 32 5 23 20 13 35 41 41 13 29 38 26 31 6 17 41 11 13 30 50 5 27 29 43 42 48 21 18 21 40 46 30 26 41 33 26 15 23 11 19 33 30 32 29 37 22 0 45 38 5 8 44 38 29 44 15 10 7 7 46 25 49 9 35 50 29 24 15 43 35 18 9 30 46 9 30 37 23 47 17 22 17 42 23 41 37 30 18 32 17 7 15 34 17 28 34
7 40 36 22 12 43 14 43 33 48 9 27 25 6 18 31 33 44 49 31 28 49 7 23 27 14 10 9 41 14 48 41 16 7 6 43 21 8 32 8 43 32 14 47 37 39 20 15 18 40 44 35 49 28 37 49 5 8 13 42 31 41 31 38 19 20 15 12 24 16 31 17 41 30 41 46 20 45 27 40 42 6 43 44 13 44 9 7 15 24 43 15 26 47 7 23 34 28 49 44 26 0 27 43 36 6 18 35 42 36 21 27 47 22 27 9 20 35 20 13 9 10 38 30 22 8 18 43 22 40 38 40 20 25 18 24 32 7 26 44 29 10 16 41 39 23 6 19 39 46
13 34 9 14 34 49 6 32 19 48 47 17 23 37 37 17 26 32 43 29 29 38 9 39 12 30 15 27 41 12 46 27 7 22 33 42 49 46 6 39 13 37 18 49 22 23 36 12 44 27 21 36 28 28 35 45 5 42 37 42 15 6 37 49 10 50 45 26 31 48 34 5 42 34 21 47 38 15 24 27 10 37 7 28 38 14 8 22 21 41 45 37 8 33 15 38 41 47 26 40 39 16 0 17 49 45 30 30 30 26 10 25 19 9 35 26 20 8 45 48 32 41 17 34 7 33 13 35 39 31 47 13 21 17 39 7 17 37 23 46 49 19 21 21 37 20 29 7 23 41
46 37 11 29 46 13 14 28 22 10 44 22 27 33 37 25 6 22 50 33 49 8 38 33 32 25 38 14 13 26 42 43 45 47 47 37 23 28 23 16 39 49 29 20 47 16 38 20 34 33 46 17 40 22 8 23 32 16 19 9 8 39 11 21 20 16 43 34 43 28 23 19 28 17 27 50 13 24 17 20 47 44 8 38 24 6 23 41 28 37 26 20 49 6 11 18 9 45 26 15 19 29 40 0 26 28 32 33 36 15 24 41 25 15 14 41 5 35 5 31 6 23 36 41 41 20 49 9 43 37 10 6 34 29 10 13 29 27 31 45 21 16 36 34 17 20 21 38 32 35
20 41 42 23 12 36 16 43 48 45 25 49 30 8 11 49 43 32 44 46 33 34 12 31 9 35 21 25 10 23 34 12 39 14 18 43 18 9 42 36 31 5 15 38 12 8 42 8 34 39 29 42 15 29 5 29 40 43 15 42 31 38 42 44 8 16 18 35 41 26 29 43 27 41 12 37 14 45 11 19 39 42 7 49 34 7 49 16 48 25 35 15 13 13 16 30 40 5 15 43 43 37 28 47 0 32 50 43 16 6 43 47 29 32 6 23 11 42 29 48 9 13 6 45 32 50 6 17 14 47 37 14 41 17 29 33 41 48 21 19 50 35 40 25 46 42 39 8 43 15
30 45 32 49 25 50 21 48 38 31 20 13 50 44 36 24 37 37 15 42 43 18 13 32 16 23 46 7 45 24 48 39 45 25 25 11 40 18 9 43 6 37 12 16 42 50 44 11 26 37 23 35 11 50 16 36 29 34 11 32 18 11 18 14 48 13 30 24 13 48 10 25 43 11 24 23 7 47 24 6 45 40 49 14 44 30 25 29 25 7 32 29 23 6 44 14 27 36 21 49 7 44 23 22 16 0 10 6 40 6 17 49 22 32 29 32 11 23 24 50 40 35 15 23 29 31 27 23 28 10 39 50 7 37 39 11 45 36 13 15 23 37 50 6 31 37 16 48 5 50
15 30 19 34 41 13 27 31 12 10 17 36 45 43 49 42 20 21 15 20 30 19 30 45 14 24 15 38 19 47 39 46 50 25 11 46 10 24 29 15 30 27 9 34 36 14 34 44 35 42 33 40 39 47 22 36 37 16 49 14 20 42 17 24 5 21 26 47 43 42 47 13 28 25 38 14 27 46 25 24 33 49 35 28 40 50 23 25 6 25 49 23 19 17 15 24 33 13 17 9 43 49 14 9 22 47 0 9 39 7 41 36 43 47 48 14 26 19 30 7 35 31 41 27 18 5 41 37 9 44 15 26 16 35 48 17 11 7 47 33 29 47 40 13 27 44 29 48 20 15
48 31 17 18 13 21 50 35 13 11 40 10 38 33 32 26 22 21 45 10 12 16 25 50 49 22 32 26 33 8 11 10 15 45 46 14 24 26 11 45 11 10 23 38 44 43 29 39 25 44 23 14 31 19 22 40 22 8 32 28 7 22 27 18 16 17 20 30 38 23 21 33 34 24 15 44 15 37 28 27 44 14 32 7 23 32 28 45 48 11 18 46 11 17 38 7 26 31 32 10 7 29 26 46 24 41 46 0 40 13 43 27 32 31 46 23 35 47 35 21 29 24 43 5 43 50 17 36 25 28 36 5 21 32 17 43 7 45 30 26 25 15 35 9 18 50 37 23 29 6
27 39 32 18 11 22 9 38 49 46 24 18 39 15 47 42 39 35 12 13 49 12 6 27 15 23 47 50 50 49 37 44 6 49 46 49 38 13 12 44 46 20 9 46 22 24 25 30 21 14 42 11 35 50 18 15 18 33 36 15 10 18 23 34 35 9 13 45 36 12 36 35 6 22 29 34 7 14 36 20 37 47 12 22 21 9 45 39 12 9 50 49 27 12 21 24 32 27 40 49 33 11 32 16 46 35 34 23 0 14 11 33 28 38 46 49 21 30 23 37 30 19 20 30 41 45 24 17 16 23 19 18 24 47 9 10 6 19 44 13 25 44 19 26 47 16 44 44 23 27
44 29 29 23 46 36 22 26 20 44 37 40 16 22 29 50 8 39 26 7 36 30 39 5 25 9 37 30 24 11 42 35 32 5 26 20 12 25 42 33 49 39 28 18 49 39 47 18 30 25 5 12 24 40 41 19 41 35 5 35 44 43 50 48 12 36 25 49 22 21 22 34 45 34 42 25 7 10 37 18 33 8 20 40 33 25 5 47 13 7 39 14 32 11 46 6 15 36 36 7 11 43 46 42 50 31 39 9 9 0 36 44 7 41 50 33 40 23 12 42 10 36 14 38 45 15 41 20 18 33 33 9 26 16 41 42 42 33 37 46 22 8 13 10 33 13 9 22 18 27
47 33 17 45 34 17 28 22 40 24 9 45 7 46 40 29 11 5 44 38 8 21 25 30 29 12 42 34 30 41 23 36 34 17 35 6 16 31 27 15 39 24 25 37 16 48 31 45 41 19 7 28 10 40 47 49 8 47 20 39 29 43 14 11 45 49 7 47 23 22 29 29 18 30 19 29 45 35 45 17 5 50 49 9 42 7 42 34 21 30 34 8 41 41 5 39 28 38 29 30 28 7 12 26 26 26 47 45 8 32 0 43 50 17 16 49 24 39 15 24 50 40 31 31 47 49 40 32 13 20 19 7 13 23 24 31 42 40 7 16 33 6 31 6 8 41 25 11 16 33
20 23 48 12 31 18 23 27 48 32 47 19 39 30 23 50 23 14 9 21 31 17 11 35 24 46 35 47 20 33 43 45 13 13 13 31 38 28 22 20 15 15 27 26 17 15 41 11 45 16 14 14 8 46 31 31 50 48 47 5 7 12 33 22 38 46 46 23 20 33 10 11 41 47 22 11 32 9 45 35 14 29 48 48 49 30 7 11 44 41 46 40 21 46 43 27 44 42 29 27 14 18 15 39 48 21 46 25 41 39 22 0 26 27 19 7 5 41 7 10 41 31 44 14 6 17 7 36 6 35 30 31 9 18 24 29 33 32 47 45 30 9 50 22 9 25 28 49 26 12
28 9 12 31 10 35 7 24 9 13 18 49 6 41 46 28 50 47 29 32 41 20 27 41 28 22 37 40 49 8 49 36 17 21 10 27 11 44 33 21 39 5 27 36 50 44 6 19 42 30 22 6 18 47 5 49 30 43 32 12 20 37 38 23 49 13 39 32 14 14 26 50 19 35 24 30 16 19 12 20 41 45 13 7 19 27 19 6 18 27 30 46 29 9 25 12 22 19 49 33 23 40 20 46 15 23 25 36 48 49 35 13 0 21 37 10 8 44 28 18 25 19 15 50 41 18 23 22 41 11 23 34 7 19 27 13 29 47 43 24 27 48 29 46 22 38 6 24 26 29
8 32 33 45 8 34 42 19 12 11 44 50 33 28 36 24 33 32 30 40 5 7 44 45 37 30 6 34 46 49 46 5 49 34 48 42 34 27 24 18 46 41 10 50 10 15 45 6 14 16 50 23 35 11 48 8 17 41 18 28 8 39 39 6 26 25 6 27 15 48 13 23 9 7 27 20 31 34 23 8 35 49 5 29 29 41 31 30 49 8 40 29 27 34 23 16 12 46 28 22 33 44 38 30 39 47 46 23 28 46 11 22 45 0 26 28 22 48 48 7 10 20 44 6 17 26 40 15 33 47 26 35 10 26 49 30 29 37 28 44 24 30 25 10 39 8 34 42 19 49
12 22 39 37 39 19 27 32 8 8 10 27 5 27 43 32 7 31 5 23 22 41 16 10 18 17 16 10 38 5 9 24 13 29 16 7 5 40 14 19 40 35 25 28 8 8 10 7 8 13 50 34 39 46 25 39 16 29 13 31 38 25 26 14 48 35 5 27 15 49 29 5 35 24 10 29 48 31 39 50 28 10 17 25 9 7 33 46 38 6 26 19 10 19 30 37 45 26 19 26 50 28 38 9 45 35 19 44 32 38 17 41 39 37 0 5 41 32 49 18 8 40 12 25 33 41 32 20 19 21 17 38 17 17 13 12 21 14 6 26 44 28 44 46 47 31 14 11 31 20
26 38 41 16 7 5 9 15 24 9 32 21 36 36 7 41 17 10 17 26 35 43 26 26 17 22 43 48 22 16 24 17 14 43 41 23 19 50 9 32 39 10 25 27 35 16 40 14 14 19 12 26 8 42 33 25 34 15 21 28 19 31 6 8 31 5 17 34 6 44 5 36 24 35 25 11 30 42 17 41 17 6 17 47 43 13 43 12 16 44 37 50 25 18 17 28 11 40 28 31 49 36 11 12 15 38 19 6 35 32 26 15 10 40 27 0 35 7 40 31 26 11 45 26 26 45 38 40 27 27 11 36 22 18 35 41 25 46 37 47 40 46 39 42 39 31 6 40 27 43
19 34 28 7 41 48 38 30 7 21 7 11 5 23 37 41 32 15 40 44 36 39 15 5 7 40 49 45 17 40 37 5 40 19 30 22 19 14 39 34 9 16 26 5 22 20 6 17 46 12 46 33 19 28 40 43 15 49 23 6 20 10 28 17 19 26 7 47 14 15 15 46 42 38 34 17 18 50 38 21 25 17 14 28 46 22 43 13 13 10 8 30 39 5 37 35 39 15 32 41 16 17 43 21 49 17 18 10 29 7 17 32 20 50 44 30 0 5 14 5 22 18 10 45 50 45 42 31 45 50 44 6 25 30 22 20 9 27 24 7 8 27 28 17 36 18 24 49 21 37
41 18 32 6 31 37 22 15 6 12 22 24 16 43 11 12 42 5 17 28 35 40 46 49 5 48 17 32 34 12 31 48 42 37 34 25 39 35 41 13 18 9 16 40 40 19 7 33 8 7 9 23 16 24 8 32 15 15 35 29 46 5 24 49 27 50 9 29 22 34 17 36 26 25 40 24 33 50 43 19 20 34 16 37 26 16 8 24 41 30 23 20 10 48 46 30 19 23 9 30 33 21 21 21 41 43 11 32 21 43 34 35 18 25 38 25 26 0 43 47 42 46 29 30 40 13 18 15 38 45 19 47 12 5 38 30 43 46 40 46 7 50 41 50 26 21 37 47 44 22
50 42 38 25 30 13 31 35 13 48 46 47 28 31 36 13 5 37 38 18 22 18 16 17 38 49 41 17 30 6 48 49 6 18 17 42 7 35 17 44 18 43 44 10 31 19 42 28 27 19 24 15 9 21 46 15 17 39 47 12 46 9 9 48 7 34 10 26 42 23 34 39 40 34 50 5 43 12 25 48 32 17 14 30 50 31 31 18 25 8 40 50 10 46 11 25 28 10 41 26 35 50 47 49 14 10 13 28 17 27 29 43 45 20 12 37 37 41 0 16 37 34 5 34 5 14 20 38 33 38 39 47 35 46 39 17 35 38 25 9 19 32 30 6 22 27 6 25 17 39
28 24 9 17 20 23 17 49 41 22 14 12 8 25 44 12 28 21 9 42 39 28 38 46 43 47 35 39 32 47 49 10 24 29 14 13 22 8 41 38 24 13 12 48 45 42 33 41 11 33 13 25 36 11 38 10 18 8 29 37 35 27 30 45 46 20 31 46 27 35 12 13 30 18 11 8 43 48 13 43 22 48 40 5 31 24 7 27 15 19 32 21 12 50 13 49 50 9 39 36 30 21 27 44 43 50 37 50 25 23 41 17 12 11 48 29 31 38 49 0 5 12 6 8 28 11 31 20 15 10 18 27 19 10 29 17 7 11 26 43 5 43 50 45 33 43 35 10 46 7
36 42 46 32 18 17 6 38 28 15 6 23 18 7 13 39 49 16 38 7 8 34 15 17 33 10 41 11 15 47 20 35 32 39 46 43 48 30 30 46 44 46 48 50 29 26 44 41 14 19 11 37 46 7 33 39 11 32 15 20 38 5 29 26 48 13 39 48 11 39 44 17 34 50 42 26 41 46 28 9 11 37 29 50 5 44 50 32 22 15 16 27 21 39 16 10 32 11 30 18 20 37 24 42 44 25 27 5 17 39 13 28 19 50 27 46 12 15 35 48 0 11 6 32 42 30 50 50 45 45 28 10 48 16 7 39 34 10 34 32 26 24 47 18 6 47 21 14 8 42
7 40 25 39 27 25 8 18 36 38 15 27 31 17 41 49 28 17 7 11 38 49 16 20 39 34 33 30 6 27 36 6 46 18 5 44 11 47 22 29 17 8 34 31 29 24 45 44 35 43 14 43 16 25 7 26 24 49 29 28 41 34 29 33 6 33 36 36 28 17 41 13 14 27 42 27 29 44 50 16 45 5 16 28 30 5 22 15 22 20 27 20 20 29 48 5 24 43 8 39 8 46 32 43 9 41 44 49 40 31 21 27 13 38 45 14 7 44 19 24 36 0 28 29 28 15 42 17 24 21 34 31 43 41 45 16 8 26 44 13 48 26 42 46 46 43 32 40 45 47
24 26 49 45 21 9 15 49 26 40 35 30 9 33 38 46 49 28 32 37 8 33 48 11 50 31 21 20 26 12 10 33 46 9 35 50 41 27 9 13 5 33 34 8 5 20 15 18 11 13 40 28 23 49 35 16 39 13 30 39 5 47 11 6 26 24 48 34 43 35 7 19 32 16 40 20 37 36 28 29 40 36 41 28 15 12 6 13 27 29 30 15 8 36 10 50 36 27 48 9 13 23 8 18 10 13 35 37 11 39 49 46 32 16 14 32 31 49 42 9 22 33 0 42 15 35 31 6 31 42 46 49 8 42 34 14 8 39 46 46 17 36 37 16 7 36 39 22 19 36
14 44 41 7 11 20 8 46 33 50 48 14 49 47 30 39 47 21 32 37 36 41 33 44 39 49 32 20 30 35 46 50 42 50 48 18 45 44 37 38 41 8 20 16 6 22 48 29 35 25 28 46 30 14 18 13 34 9 13 29 18 41 42 22 24 41 14 12 34 21 44 26 44 10 5 13 19 5 42 31 41 41 40 34 18 16 5 14 32 9 35 40 18 13 16 33 50 43 50 14 42 41 21 30 17 21 49 48 11 12 39 8 50 29 46 15 19 34 22 17 49 38 19 0 34 24 15 26 10 23 26 14 6 49 48 43 40 40 46 12 48 38 43 45 35 40 28 37 48 18
41 8 44 23 24 25 34 9 26 6 20 33 18 5 20 16 15 37 17 29 45 40 30 12 49 24 23 35 14 39 19 44 33 43 13 34 40 44 13 30 13 9 21 31 48 17 13 37 5 38 44 5 22 9 17 37 38 8 48 45 46 17 30 5 28 11 46 13 9 47 12 17 22 32 15 10 50 49 33 13 18 29 24 43 24 16 20 19 14 11 33 43 37 47 22 29 43 28 37 23 8 6 31 50 36 13 20 22 42 41 37 36 20 16 47 39 20 10 9 19 36 46 12 37 0 43 36 48 37 11 50 7 32 15 36 23 41 49 40 20 27 37 7 44 35 32 14 50 10 40
32 21 36 33 49 23 5 12 35 18 20 42 19 50 29 16 18 17 24 31 12 35 37 20 34 46 15 6 46 35 44 7 15 17 23 32 15 33 25 13 44 50 26 14 38 18 28 36 16 46 8 44 9 41 6 7 50 50 23 49 21 17 33 15 5 33 25 19 15 8 5 21 30 41 10 34 5 33 44 18 47 49 12 41 19 7 31 6 28 47 21 14 10 16 22 40 34 33 43 31 41 38 39 5 29 24 33 29 22 17 19 40 16 17 15 38 40 49 25 38 5 20 5 32 25 0 22 49 8 16 46 24 34 6 45 34 9 12 20 43 11 8 21 18 18 42 8 17 7 6
37 43 44 44 19 17 38 12 8 7 39 45 5 41 31 22 16 12 44 25 29 44 11 15 49 6 48 20 5 25 45 15 7 10 24 48 31 38 29 31 35 28 38 31 15 22 12 9 31 48 31 31 18 29 45 49 21 41 33 25 47 40 23 7 19 44 17 34 49 16 46 13 10 40 15 49 30 34 27 35 47 16 10 17 17 12 46 22 34 22 44 6 29 7 25 16 36 35 33 48 42 19 49 24 16 12 35 43 46 48 8 47 19 13 26 14 18 46 28 5 30 27 16 19 12 45 0 49 42 38 26 41 5 9 44 21 48 7 34 17 33 28 29 5 49 9 50 22 17 33
23 28 23 44 24 21 50 25 43 42 25 13 43 26 9 50 25 46 44 33 28 38 37 27 27 35 43 9 36 45 39 50 30 16 16 32 24 21 46 32 27 46 40 30 47 16 35 22 34 43 34 34 9 18 24 35 18 6 27 10 16 13 13 8 36 28 12 39 50 6 39 6 49 39 37 25 50 29 24 31 22 36 12 49 19 16 41 26 22 11 25 35 7 6 25 40 14 7 11 32 28 5 38 31 7 21 5 28 39 26 45 17 27 23 21 41 29 14 37 19 25 41 48 6 40 33 40 0 18 5 35 38 17 30 49 8 7 11 34 13 37 34 41 34 19 34 45 27 47 23
23 13 14 35 17 33 9 43 17 37 27 49 8 26 17 22 15 44 29 34 7 29 16 24 23 15 30 26 45 18 27 17 29 8 13 23 46 6 39 48 33 13 23 6 24 30 24 14 23 41 31 18 31 12 41 11 37 13 6 27 17 16 11 40 46 33 36 16 41 48 25 38 44 47 31 7 32 38 34 33 11 8 36 10 34 36 38 8 23 39 22 43 41 46 42 6 34 8 12 9 12 33 5 27 21 17 46 42 33 34 22 7 22 35 21 45 34 30 40 22 11 30 36 47 33 17 34 27 0 19 38 44 28 39 40 49 40 42 28 16 15 41 8 22 17 40 25 30 21 30
41 41 44 33 41 50 27 28 38 15 34 39 21 18 40 49 47 15 25 43 36 44 44 29 21 22 28 12 20 31 50 20 32 49 33 17 22 15 26 46 29 27 27 24 9 5 30 36 41 12 31 26 9 49 16 28 8 14 46 44 29 25 20 26 40 17 34 11 9 25 46 46 36 35 6 44 17 25 33 16 44 45 37 6 37 34 13 25 35 16 22 6 32 21 29 38 38 15 45 34 17 25 14 43 9 41 19 44 26 33 36 19 36 29 34 34 27 33 8 7 33 29 26 44 30 28 22 45 33 0 32 13 42 13 40 29 22 14 38 31 39 6 44 26 17 37 34 32 41 25
36 46 13 11 6 35 47 10 5 43 13 17 24 29 18 45 32 10 25 36 25 16 19 28 43 23 48 10 48 50 26 25 30 37 5 10 26 45 23 29 32 39 49 43 30 37 13 33 13 6 28 20 36 37 49 38 27 16 7 44 5 22 28 31 23 44 38 29 25 38 20 42 39 26 22 35 29 47 24 31 13 39 47 41 41 32 9 8 33 22 48 20 10 22 12 43 19 6 19 38 47 14 35 12 29 22 16 30 39 29 29 21 38 36 17 42 42 7 32 33 31 14 20 48 35 48 9 6 13 15 0 5 5 37 50 47 12 19 7 5 42 47 47 23 49 26 23 30 7 33
45 40 11 9 35 48 28 23 30 36 5 7 7 11 12 45 15 17 12 34 36 30 41 39 22 20 12 46 35 26 23 9 8 42 17 10 5 17 24 12 37 33 10 44 18 50 33 23 44 22 15 44 37 46 46 45 31 45 21 12 10 9 34 23 24 16 17 24 19 32 37 21 28 34 42 14 40 7 11 32 26 23 39 32 30 25 50 34 22 49 49 40 6 36 5 11 13 25 45 16 41 12 15 46 18 5 5 47 20 13 6 41 26 17 22 33 11 42 23 21 49 48 34 41 33 11 50 14 33 49 40 0 38 42 42 16 34 18 44 47 25 32 6 14 33 32 35 5 25 40
49 19 39 25 22 14 5 31 48 45 18 35 23 6 42 44 43 38 10 45 40 22 14 16 14 41 19 44 20 31 39 50 30 31 40 35 16 43 34 16 16 5 25 9 43 21 33 46 5 17 44 26 22 50 43 28 24 46 49 21 34 32 48 40 30 8 23 27 50 34 22 23 8 23 37 46 20 35 6 44 29 49 7 25 10 34 37 47 38 32 31 39 5 17 37 27 9 49 17 39 44 8 22 32 21 18 38 47 14 7 26 6 48 44 25 22 23 36 32 23 47 46 11 30 11 18 41 25 11 45 44 47 0 37 49 21 9 29 20 33 25 23 12 25 5 48 16 35 12 24
11 43 39 38 39 37 22 30 22 30 48 30 19 29 15 27 35 36 36 26 30 35 36 24 39 31 31 16 35 47 35 22 33 9 46 42 28 31 42 9 36 46 48 25 16 20 13 18 33 29 15 38 21 26 9 12 26 19 29 16 47 50 19 22 42 31 6 36 21 46 24 10 38 9 25 42 22 35 6 20 32 25 41 46 44 50 45 43 42 24 10 7 16 6 16 42 5 33 38 48 5 18 33 25 31 37 45 29 47 22 38 13 39 44 30 8 48 21 34 16 32 11 19 18 45 20 17 10 9 14 15 22 45 0 13 16 30 47 26 27 12 50 48 19 50 9 42 11 17 22
44 22 26 23 33 25 8 29 32 36 46 14 6 31 13 34 13 5 6 40 27 7 30 33 39 50 13 44 27 13 24 8 45 45 46 42 9 8 9 35 26 35 17 44 37 37 38 36 14 43 48 13 46 25 13 37 15 14 34 46 32 26 12 20 16 9 11 45 11 42 19 16 36 36 31 9 5 38 12 39 16 46 6 50 50 5 12 27 20 23 6 40 16 8 13 29 26 5 48 6 28 13 13 40 44 35 7 28 21 17 13 45 10 7 16 11 36 17 44 8 28 23 30 18 49 27 33 36 6 38 17 6 10 46 0 43 20 30 28 5 30 17 6 11 32 46 32 44 33 50
45 49 14 19 9 45 35 46 47 7 28 39 28 8 7 28 16 14 27 27 44 13 49 42 9 9 15 19 28 47 39 50 17 23 43 48 34 15 19 22 15 19 48 47 37 22 12 42 8 35 48 23 25 23 44 24 17 13 28 45 10 39 8 10 37 23 26 23 11 42 36 45 12 41 14 17 45 30 24 31 22 28 26 15 29 40 9 37 36 44 22 34 25 50 12 41 44 48 8 12 49 43 29 41 48 21 21 38 10 15 17 39 12 20 9 29 26 20 27 25 14 42 49 19 38 11 23 14 28 24 38 16 43 25 40 0 45 47 23 11 29 49 6 25 49 19 17 29 5 7
15 14 47 30 37 29 10 24 42 24 34 16 33 48 20 36 24 31 35 46 6 14 44 50 16 16 7 15 16 30 12 19 15 41 27 48 43 27 39 15 34 5 9 7 31 17 47 46 37 42 25 43 46 6 8 16 16 31 9 39 46 13 32 31 17 37 41 13 37 21 40 20 7 22 21 40 27 22 40 19 18 31 6 45 16 16 19 28 46 34 48 46 35 44 19 7 33 31 32 12 36 46 23 29 36 21 12 20 48 5 48 17 20 15 46 12 48 49 42 41 23 12 6 33 38 15 45 39 38 21 37 32 50 27 36 39 0 27 19 27 34 34 11 5 19 6 29 43 18 50
16 28 22 48 8 32 19 30 33 19 33 16 32 25 38 27 13 14 41 47 31 30 5 8 42 28 29 20 14 42 24 47 31 17 18 10 19 25 26 20 24 29 36 5 15 8 12 5 47 30 35 27 12 14 8 49 34 37 39 15 41 45 9 18 48 24 24 20 33 10 35 6 13 48 36 17 19 50 8 15 24 19 46 8 48 23 48 18 17 46 7 22 46 9 28 21 8 40 45 31 26 10 30 21 35 12 38 25 30 18 6 25 32 16 16 22 47 38 8 24 50 17 18 14 17 46 44 33 37 15 43 49 19 10 34 33 39 0 34 29 23 10 22 23 48 36 46 47 39 48
16 20 26 47 22 8 39 35 50 33 50 12 50 31 19 23 26 23 30 10 23 14 37 9 6 35 30 25 12 5 30 41 9 5 5 15 43 17 13 9 10 24 15 9 41 35 19 45 47 6 6 32 26 39 25 41 26 16 10 31 39 28 34 49 13 29 39 14 12 16 12 45 34 43 47 11 32 47 23 32 38 20 29 5 18 41 48 10 8 31 27 50 43 33 46 39 47 28 38 18 49 9 16 49 19 36 28 10 38 39 27 41 46 15 30 26 23 25 45 12 44 6 44 8 46 31 34 44 12 14 25 22 48 35 36 13 40 25 0 28 35 34 40 17 22 42 21 27 16 20
44 47 18 43 15 21 27 5 6 15 45 38 20 45 40 20 29 24 34 19 12 15 21 46 31 34 28 22 18 23 47 13 15 15 41 28 7 37 15 44 11 9 17 22 40 27 16 21 5 23 15 32 38 39 47 30 39 29 33 30 27 27 34 48 31 25 50 29 21 44 48 22 27 50 38 39 31 31 5 11 23 10 34 12 26 44 35 25 7 13 50 36 37 23 37 40 12 34 21 12 39 5 28 50 10 42 31 45 26 12 27 15 50 38 46 37 46 9 15 34 31 37 13 41 15 40 38 20 5 28 35 28 20 7 11 8 25 30 48 0 8 41 9 6 27 20 22 46 25 8
36 5 16 7 49 9 29 18 45 20 33 11 15 44 29 46 39 23 11 50 6 23 9 21 33 17 46 24 32 47 32 40 44 29 24 15 47 39 30 33 23 39 30 13 18 21 28 47 43 22 16 10 21 23 11 49 33 32 38 45 20 29 31 49 13 20 21 13 25 8 11 32 47 26 18 29 39 6 48 50 38 37 12 34 30 19 43 12 22 11 5 5 35 10 31 39 46 12 17 12 7 37 9 24 29 19 34 24 19 24 39 48 17 50 43 8 46 36 16 27 15 17 30 29 41 31 22 44 17 35 46 48 17 41 15 48 48 42 47 17 0 22 38 38 11 14 12 9 31 15
12 25 47 15 41 27 49 38 37 42 25 37 43 34 48 22 34 27 14 37 47 7 36 47 28 6 20 37 11 32 36 38 37 8 5 43 50 35 42 31 38 5 47 42 34 11 9 31 17 29 45 23 32 6 13 5 41 28 43 6 13 12 26 9 30 42 24 50 50 37 47 16 14 32 26 50 15 15 18 31 48 48 40 11 43 6 35 45 40 26 10 11 19 22 28 35 22 19 7 13 49 9 8 40 32 22 44 45 42 41 9 19 19 22 25 39 26 8 29 48 36 6 47 8 22 49 27 29 38 5 15 20 13 40 42 31 46 29 26 24 39 0 12 28 7 47 44 7 48 23
23 42 36 11 22 20 44 37 32 5 14 16 14 32 22 37 31 30 9 5 5 29 15 14 26 47 49 26 41 29 7 13 34 26 26 22 17 45 25 45 37 34 26 7 9 23 19 17 32 41 5 43 8 22 23 35 26 12 12 49 24 11 6 5 29 32 32 6 46 48 28 23 36 27 21 22 5 6 30 39 28 43 9 27 40 48 23 17 35 29 30 7 22 32 44 26 12 26 18 7 19 44 48 14 8 24 16 21 28 23 30 25 50 11 37 37 12 13 10 35 21 15 22 46 23 7 46 44 49 46 18 41 15 45 14 27 23 6 30 36 40 11 0 10 19 20 19 8 45 16
41 6 5 8 26 15 34 32 44 38 29 26 45 29 17 20 45 26 16 12 42 36 48 18 32 43 8 10 21 6 45 14 5 31 19 37 10 5 23 9 13 32 22 6 25 33 23 33 47 23 12 29 36 10 9 21 30 28 8 33 41 15 13 24 23 43 24 18 19 23 26 34 42 26 21 31 37 25 50 34 20 47 38 13 30 10 40 26 41 14 30 7 23 36 5 37 31 40 32 45 25 41 50 15 39 17 6 36 21 29 21 8 27 12 16 29 29 6 39 49 20 9 27 12 35 8 41 9 7 45 29 41 35 40 18 50 11 5 10 26 33 16 11 0 31 40 50 7 31 20
36 9 45 49 21 8 17 46 37 22 46 26 20 29 12 9 25 48 23 19 18 5 50 25 42 27 40 14 44 29 46 45 41 9 24 37 22 10 19 47 12 20 36 5 27 13 26 39 49 6 7 15 17 6 20 13 38 47 24 9 7 26 39 43 44 49 41 5 22 5 22 33 8 6 30 11 6 26 30 5 25 36 22 27 6 17 8 50 47 18 49 29 31 31 40 35 24 38 10 39 6 35 35 35 36 17 31 26 14 50 47 31 15 48 46 31 43 47 20 21 50 16 47 5 26 31 6 31 36 27 42 10 36 28 44 45 5 42 35 29 24 31 40 38 0 49 13 27 42 25
5 5 14 39 16 10 11 10 38 42 6 14 9 30 29 36 27 9 6 8 43 34 48 28 42 20 5 15 33 29 41 33 22 27 30 13 24 7 13 43 43 44 32 39 13 21 45 31 38 43 47 15 36 24 28 38 32 20 13 14 43 44 37 37 8 9 33 7 20 11 15 15 40 11 36 37 50 36 17 23 33 22 12 14 6 47 13 41 30 36 33 43 17 23 9 18 7 32 11 37 40 20 46 10 12 32 31 46 32 40 32 33 33 11 30 38 43 45 19 15 45 33 29 34 33 35 32 7 30 7 35 35 36 6 43 13 22 34 49 33 41 36 12 15 36 0 42 44 6 30
49 37 19 41 19 44 47 27 49 17 47 35 8 50 20 28 46 47 39 25 36 46 8 6 40 29 49 36 19 25 28 36 34 42 48 26 47 15 33 9 49 21 24 32 37 20 10 43 31 6 33 50 26 24 34 25 24 8 46 14 7 18 34 6 22 21 12 39 9 7 5 27 44 33 27 47 13 34 20 18 45 20 11 12 28 44 25 28 17 16 40 34 31 22 38 29 28 23 48 32 35 24 7 35 26 5 19 30 28 20 48 31 19 28 11 36 21 24 24 40 28 17 17 32 49 46 37 32 38 35 30 45 24 20 39 40 49 39 8 20 37 21 24 7 23 16 0 38 31 48
44 21 35 43 42 30 8 32 29 38 36 29 39 35 45 34 44 34 40 43 7 8 50 33 12 22 5 19 8 9 43 43 19 18 29 48 48 25 21 6 48 8 25 41 13 29 12 43 39 41 31 26 8 40 7 23 16 14 42 25 23 11 37 13 10 24 10 47 7 33 35 12 20 26 17 31 29 7 42 46 26 20 43 25 36 17 39 11 38 18 15 24 24 39 22 15 29 47 9 16 21 47 28 34 20 44 21 30 16 24 46 16 50 7 13 19 18 9 49 30 16 7 29 29 39 47 5 37 6 34 24 15 28 33 9 43 25 36 31 32 42 42 30 50 6 27 32 0 38 9
23 32 49 41 44 22 39 22 6 38 9 7 7 35 33 48 38 48 22 47 9 48 17 31 19 29 49 48 26 21 23 27 8 31 36 48 42 45 44 29 38 30 34 18 15 21 34 20 14 29 36 35 41 7 42 44 42 32 32 47 29 33 7 15 28 39 6 44 50 43 34 33 29 11 13 9 35 27 32 47 16 39 13 17 18 16 19 25 18 45 27 13 23 43 6 38 49 30 23 26 29 46 14 34 36 34 38 13 21 27 39 5 23 7 50 11 18 46 30 5 49 25 46 8 14 49 7 28 29 48 38 16 11 17 18 15 19 49 21 33 11 5 13 29 30 45 24 35 0 39
44 31 42 49 49 18 34 42 22 13 18 45 27 26 16 15 6 10 15 36 11 11 38 25 14 44 10 16 46 41 47 21 24 49 6 27 33 18 22 28 13 33 16 24 31 9 34 10 41 38 35 49 29 38 38 24 8 16 36 27 26 14 40 43 13 41 28 18 14 43 26 23 19 17 18 49 30 31 44 5 12 33 27 38 7 35 8 26 28 34 24 47 8 35 18 15 37 15 25 21 35 43 32 41 14 8 26 40 45 10 36 42 22 32 50 30 8 33 9 15 17 33 8 30 9 48 37 49 11 28 31 50 26 30 50 12 41 38 30 40 10 15 14 19 16 45 37 5 41 0
