50
1080506034135 1106908888818 1442596584810 1122457514794 1484926929638 31392185116436
408407546808 1234248413196 1081479930225 1387226075398 1337301989359 47386773771357
1658166497426 1039379250096 1025268114150 1291297368214 1422862878530 33683045448780
1006775212197 1448520016767 791450251168 282441260416 838276670557 47049409573846
941310303150 972862624202 1436657159635 1505323259385 1131882848322 13266221028454
1104702747192 1191368631297 825150269752 914643739948 712180631174 25637536141653
1044189033370 1246154907351 736240333230 1295082805936 1353733933775 23595925557455
1292830792913 1455143338077 1328084766680 721763527991 899582058388 35508856784762
1028762655274 1674416813472 702208946090 1876926992346 376077709340 28892921597701
999723549864 245511613784 232969703374 1257230066896 1376761456401 24840132904764
1542733213012 1511885251431 525565037547 517272994152 1326130147333 10307670614030
306027537892 1308773278484 946611500787 697281661587 1274081711796 28208085131134
913321382757 1568272893909 741697832963 944796512783 1166078351139 41007417917250
998323090832 1016992342662 1192724604188 1019449902822 1028192836134 31536435164444
903749073662 1242774101350 1093746046214 513064527296 816245285837 24657809069988
872591618519 930364932037 1650753011118 516627418704 1019244460832 27436980843678
1121067573474 1002133437521 935361671408 1655192427790 1632019418215 40682467207865
765225010724 1101115458782 1292071811381 1062034803036 637124213352 27038687319714
346779575464 1665207749836 1075385100543 1032322415638 708425320293 32855525434492
1633981090156 1718836685334 1222666234207 1416352208164 1235742160584 19178207261932
1337459235167 678379646559 1626610775098 1177550671101 790820626984 31752500013975
1170518667684 1207872230237 854246137458 207462376778 917921244616 14011548387507
848675173668 1431334278825 373983341513 1785914730129 759587697207 37998756660985
1104248043201 814856186106 1551248320027 145653335915 801438638958 39272769610374
978991073359 1344307895783 814233448899 1409193935367 1206069683716 45918098702081
985401910419 1185993465952 942087229305 1694308273005 1434259241008 11507756555710
1408081110684 735034131720 1147176876407 618568992783 908051097435 29466355737710
590580452946 1544004016609 635254077531 926297403448 1681988316851 30696934599504
1463650233672 784103919791 889300435501 1253599633998 973901124191 28917515991699
1691522264543 927195155784 810253686052 784227202474 1639952100157 35812105087811
1602052136433 1203016577289 1863291322508 1199523123290 669300691430 33245445996910
326249414090 784035713659 440632550129 321787963755 354505921399 14204976741027
776196130698 893471485901 638010830309 1033197185940 1531453803584 44240682967535
1654957234040 904856065502 1042526733464 1527040024158 1320564665760 36824780243837
448759640111 1171697664736 1825201849730 653551733104 910411382257 26331495649393
800608492873 1291036169325 749101315916 1821948356310 1216944907907 25110989007729
1482244248663 494376530215 827598629924 819079474826 1093077506657 32298238038093
826436426331 153697933634 245509090913 1520772760554 999357660316 28964752305561
1034876204587 1244470032540 1617152552391 485048796612 1008643036597 43641948668442
243706984943 527151834087 595949993488 507484513399 1179175228525 45158359343519
913385830217 1433084920833 857717274924 1164368037203 1730161848390 47289562189551
540293712752 264385959990 948165606113 695927988383 1447026974032 36270988551937
519418017857 765226501891 1023559497512 1721389770503 163245200389 31024299954606
937373007780 1144480213506 773839200776 308406222670 1048241256701 27263819646693
1104295001105 1194135519442 881276335933 830747896954 1059897111108 26575826653581
1009156600740 635138694600 855828694419 628570002171 1048941140350 16584977616070
1113693948674 1346525846681 1601493624199 326983461343 1079507412075 27512379578229
1082679999392 1293308979188 356112552538 1343303456675 993798074206 52229441898283
187254679118 173039849527 920825329949 1206740794135 800754786301 20351257892989
752530112245 1188824891786 595601570512 217543962090 861135315176 39353620444719
0 756333697584 578453935844 483618980275 181209866173 383558054672 640885993884 520748734362 119491762176 900278541753 561534274803 358727469143 317943961210 455707537754 418341623032 672104120184 481688568323 565359975462 453695779082 847409508278 628225833047 89843651305 841749583957 825088548356 799666128623 665949637788 136400334548 95712674842 709064116886 711406359549 498812676278 627990123907 885548045926 710658475045 441651877407 765709015825 721233038777 195805823564 510833951579 816000781370 485691534267 716768917601 819738375234 347581692270 654179136001 362338331567 733008753215 467232075256 368939945481 435769001810
117400585323 0 611355371739 699279523099 481499716306 889119780863 670651432996 382838841027 693466009601 201186037070 402600949556 256448605811 555042666061 212373095846 420427466972 578198881214 472131247914 601322480272 338382812947 99574804850 263766721898 661871619434 472381956685 692490327083 478462778790 614826716343 684210481914 184322482263 388204688694 276809200321 258308003907 488903877837 898941916975 538933896113 541923016378 810357934662 602593081046 387080249797 390242641849 524650765422 376273786865 712454457083 102196431470 873590763189 620782571796 415620966992 320769810626 646581620348 984093639585 395554424166
541309546091 361475648401 0 818587912296 704028859560 625256037538 537594742483 844030412024 770214261632 181281605211 543103033528 399326013209 473564816017 309773076323 542368308800 917194027438 427697356632 443709446814 480390679419 364927290597 567813983442 525127175272 209650888974 478535190379 278392748041 576998859577 240813292751 624951632567 589474764611 647025754523 302921894715 588002414182 401045033553 36205308653 749476750737 880086672415 296711917057 102846508957 605722452865 519104161768 192805138790 259700411228 170899817821 334226448338 476358497947 919698539723 506598514844 325409242846 529295672486 306176804777
416793983266 524908235354 185138345597 0 542218543054 797425974020 775884103041 488514571667 572673786273 600891089493 546527882554 568945469517 237478406683 599945109391 434609639311 384322870957 724618653161 815006981654 689939189886 421061708567 580986548265 293522350655 969307375566 565293140896 121179369378 512554510352 333704149851 516118640669 668358538556 725192906366 758256354244 569023012030 376912696943 678810457862 499854492189 246898103272 444639877625 533825623643 683441437981 453261665836 229465743435 525032045622 452016719217 317489879358 599655305454 734611934782 250059745016 377180502164 211363768790 580276964262
557152641416 792598022023 651569401563 639524099596 0 562798309775 338105498789 488795269583 718013884501 712702339081 484481571431 363717528296 687901904220 323258183435 305285475227 497241197324 284314705752 674669842474 412171772803 125234647402 814822488203 237516972923 255855993030 356243337736 466750290162 648231711137 356367532840 287828508820 648605410014 341134892875 632779608543 642353169680 392498698027 505859042495 365205091780 752642013837 583707807276 545233923843 600547027229 410130133434 582769220637 122545466968 439180868232 574866296998 385885428764 326474248218 843909449411 331080008944 642357168900 874022455888
812562515983 724172205633 627751924589 116758325400 325703543248 0 460649871243 250067705117 432780564965 928896326738 390829213302 170728421076 346472621617 461407720625 295167563879 598099741794 433869509556 644019821427 478440841231 497152751730 157117995565 517260915926 561154277036 454945310067 432905158300 524894034356 527627563708 598793983970 820957397001 416960500592 84328843786 334582462849 61799573630 300326624283 435923333226 756750970138 714499572194 112707787223 601254382226 371076774078 724774464058 784131034354 410940693308 564896305279 460660086249 15416709969 470300665297 587866531053 290405653635 366213497708
429050644564 537756881291 206694168280 165457754088 598886324622 483085131865 0 100667491199 722945406976 505393215538 662985323722 634675236909 414040673468 720258228471 650616483107 546352093712 759134012489 514097907684 811659166322 542332460864 539561578924 707952063773 484924278922 467185274498 584620148980 353672599443 211392591639 546786046791 268618103927 832985480866 715252746867 470415193515 447612896707 472995813704 800938234772 531490589819 201498562485 580316584769 676965792204 711028899307 504491258766 469131959470 235922719772 672503856730 434479154839 697511498438 695784250261 755590836513 667007550868 395919531333
815998468380 416658139138 277002451509 471442449464 235079647926 460382683426 578018625518 0 566946443264 566071946009 783013684864 872479564230 483524456712 427156144983 145072034101 418190559634 518996296233 606668848936 340614505560 832333217837 429272919798 318147771058 703759144561 561812129983 823784574469 614636010851 171962291461 570202570292 837431549864 346589784746 785810802617 783018524899 431592876681 392330075908 624707776013 60439215237 578026590956 781403762679 481101439326 292305600199 419451157592 589715732228 448086870232 488898355206 425586766022 498961311162 473883854542 588574266463 313140198600 910925326970
141314391064 354914588561 605546199683 469219659701 665271922451 288306666273 769219599447 529815657615 0 529390946776 778021434860 570875928427 832942115322 58911916294 754740149026 190010128869 152052610441 308982221214 248280249288 435454788123 316986921258 167869242239 686731448846 865839799586 396934461407 76868158751 387205373147 360366450687 628500132186 247328190673 133554028365 360440604382 534870728766 462381603080 376902237651 192391533978 221913849255 589433745875 559575271889 544159718850 583826274629 751347666542 487081780115 269234683680 342098064808 614858172514 793905903631 601812496543 407473983762 229921764178
417389566835 793404598545 847188096070 393244096384 195914014333 328785569958 604601024987 449505053852 105777526628 0 668305723311 72855441099 375207463574 895624792939 145273357110 469167589418 695334101716 187878862543 354005842459 302465275544 588339721895 259977221483 558920457388 335786828604 570090328261 206357105961 494003342675 903448578927 841173779152 76085444036 312922860860 638902612235 28292523860 607511857681 730305398580 771894359255 774833413961 330758914610 490998658514 192655171619 298429702337 412804391734 450811243140 671190123025 363174519660 304895781849 722816076934 610447070461 899152843624 372257441536
753043026872 430301101253 87411746944 638236074359 175065454580 416165743605 660544179272 584477593190 467092969228 696430774503 0 698302408885 727614582502 283780621177 400865427024 401110806117 363903830338 390525383134 388573374598 668037048859 91549573261 533594393990 495185422469 94824344220 879055530540 488711753402 496337909050 976995731983 669481456213 650443171249 411973574900 623722184857 552844873000 810959766703 870245403930 346321394748 261797070472 409604795713 812349680969 483914435766 362816499035 254020252820 385052841628 705502024105 651679591697 157257341715 577760116800 801220237688 657257341134 817590077328
729096500623 618624138694 547600932013 556378068609 558683392489 823038913126 607574336750 872930705391 853538521261 650841489613 673663088825 0 578856775281 208927296956 573355245190 424565405882 270567513878 714296569746 576036319193 551912390600 891739959300 367236229416 222832745318 461632316000 140695390613 852516289085 826921226234 768675381937 188344160423 44927546105 198241240078 858011568460 547247092371 256134552667 680981833296 306009536458 644824398187 367497449701 707066959429 543115431472 428366044857 233652751148 685019455352 396207384723 77661692852 653918882444 358917300104 610678918750 341075960317 310843002476
325526737943 626763581918 503553529480 214831651808 409158696517 542407953876 583297147725 611421472047 686791802844 482966622029 685250476586 354693564470 0 530961363047 310564924029 356478925768 592974499700 427679670887 833583464138 534778177640 387648568425 233505140221 157745268245 923518096345 581095962632 433030871097 393591557304 563650362175 591495589547 412835463673 510800234297 813542865488 510877913579 191742210326 565670857943 832319207259 499364691775 421576768306 414866564073 420293289992 574677683895 364434782810 666249861177 186908497462 729740163297 253725141455 450003694903 534043520797 519908541398 377360274053
775234291982 902646728917 836630015722 148542238221 598119782692 665208284738 361107025657 440832356721 682514107978 746982136845 401180637888 783601293344 406476608271 0 743292271206 262725664776 220566303044 680281420934 365677350151 722929408190 922844561360 421791392086 380576880836 517983526068 555182523846 743609903010 373602079997 208144262948 474009623055 462951122424 659080830195 357723082162 564110202956 526206838211 932043486343 563464096050 340740401147 429133409590 562393144282 540506625256 819937347612 132163450896 406693000387 700504786635 551458105977 323925414567 492930516996 642026721066 555700297411 256628722305
506812181806 627998880339 803310074178 905769480337 798186900230 191511270876 618721708562 65529030752 181656299731 562605315264 458490349852 704216137033 539560683673 662132272120 0 204290846488 277342073781 364125709702 790451309626 407715766053 401342955549 593447333725 473335253952 153807600954 293433648175 438873536528 610675962173 766908531305 568725496712 778856929509 839371922182 645812635859 779339875673 435849118494 289187203203 477477863594 287027696939 475900091302 545168908578 395140408146 385851013912 576548830716 587334954346 682060541282 956143892494 243371630380 784993661575 340075838366 236811198010 780767678785
716093641565 474182195736 407057605259 600777300851 470781541914 398282842479 627519351971 501151414176 282361926588 665169721000 460550137299 534579632541 616686662499 340977104239 702487775899 0 642601750655 73875383799 621714491264 554154437969 411942689151 583377022800 508297879068 430233290410 693710049689 24782550851 780969459539 833837138533 601228160107 635992795992 299083845931 837861347102 398623924300 440048961698 658311546392 164112355982 286643793359 226761126383 288475010387 461252339806 675765859885 360310294736 594318568163 137958167069 518430412719 784622534343 612277660069 657973469952 663893256014 430075638499
665544702364 740074728438 353439803924 354382450561 262384664132 552586713720 518792131601 786188947942 550590899681 512181323090 333674424074 521536486743 748272913557 729280564617 521961145660 55174958169 0 587538619433 403629450645 786386472573 441053868656 557460413801 656026925346 492148064523 763755464732 352496367493 691897094760 712477313248 98542870907 794203666000 402484589166 141386772702 414526111100 195996030664 175555388326 709882355663 931719021347 537351918105 365787618597 224395433081 241196394702 813439636453 549547123637 523416629655 483001102600 586713412900 521632942696 243425330229 728657137265 237145988017
627187640971 709037947568 601926876528 669824570522 606951956848 310291620937 861655891103 390811965579 214829468459 218739559550 496956826091 377236901984 346176218437 241501280440 595735657304 159075173406 627691759535 0 484452081589 496667555344 542844394407 313391315399 808010469434 187998155639 248186612471 511060673969 498253083494 532494047683 513692834067 814347865628 176616268959 601671172559 464515413815 868744387713 646013240313 244163351222 686430183878 156544538304 431484188389 452456506327 213946228451 378482573526 720227188454 588846755739 690957391363 661896126394 262514372662 463868273660 699750611675 439546816582
531236627226 584364364650 410156011106 875046331116 772058394449 683313026949 608374296848 412187834643 522871660626 700802654325 650446569540 399136406785 677046795336 832624200716 570091171220 845592008384 695884158518 795727914173 0 480174395278 786001105032 333155795534 242138958596 561531551493 499964338373 239036878333 109180783114 418272087106 552833070772 537732965439 456785782377 715656052797 485319167452 662032414107 166849714174 428460825524 471921642983 856849436630 501351104169 565397921834 601005169247 849076780948 619544285386 502600008742 619623410418 510914819676 184936838521 706776197899 550326099891 452916077593
478863972354 361732725200 416540350404 405605238810 561544185081 647813896814 48659828008 683521238690 419661122302 357321884045 431800692230 868158546141 761418101428 433714799011 351342266131 432210844995 391890069579 393771405270 240598538913 0 164691132743 737959394206 860842554513 275420264434 613242311403 332587771248 710977152414 692881299653 701022681998 835351176435 325241090282 318847444863 597549666063 402410008744 398643681727 696683116136 492379315393 267291476880 381878943658 593839994915 306104106419 507665495011 743737366537 547191059350 347345828950 664690912752 465210627677 536463230028 936898897286 364161033299
518566902418 619219324329 559595996051 196200003452 366291471106 628591116641 480128175713 452812994660 750159316430 796058630540 141935211618 466576125304 319829070697 299701622919 704704658991 707060330285 663018751094 664163371890 574685345872 789203195332 0 540329715731 676829899401 351505389871 672604316885 447350513278 560741944434 830175832660 496687864007 552808828677 364789564639 484204272743 202988565458 798027781455 630508004454 411066242521 322881395783 688859374317 964979678319 248059955104 298024606682 296969555409 316012511081 120290486248 369118252959 491882006541 69898424420 791797044875 578302572260 514708651767
794569351829 572440985393 309755589726 326339447085 752036345702 518845512157 750981751936 307555731310 682833143320 603217166864 683311484410 927837581051 872467904517 380234771253 956368930072 494349702399 523013080845 269518606130 449603164654 365250454248 613797472979 0 196275657243 534262635552 681731409987 612297894188 277674219781 722588653534 911467638255 366758333601 732489071850 662692518348 797413022188 776625509339 624296658744 105044795574 488740293208 462202861147 411942206487 534325931069 616745758827 483093176902 218818264643 486283936704 555689778907 561433920913 803223414014 742968540074 278486611527 789053154158
578131587862 549433164986 376686167553 418249132466 656422264634 549952390023 165596062729 282553256472 620989005261 807726608803 238766449660 337404055542 466779295354 223196721740 625264507111 788225941199 268873649640 527728302753 808611200775 746306711170 317934652882 619254334610 0 401569679327 141654825127 280582999857 541586012249 674654944754 757582406853 697544780188 510085539739 268962625207 101351350399 675403482649 688546582662 572652105671 777687783299 231811897572 310887689793 368440374309 424995070341 939676860791 162876613985 538482048082 324026516998 777382493452 514595300728 516884000629 248253119756 362579579868
176907600371 392085061431 77993983834 189789461434 543814437707 592663586191 896407944986 603672411259 467540051139 399481478380 557648479966 417185962111 644367347093 491082952817 759721058930 695281966846 338873328030 326913148371 739756851174 520797904504 362857323201 229638203119 947920550597 0 343705255653 277551508046 453086864020 242788167333 607032118085 452597588405 511362402922 668995656170 354973610358 423545221413 673014877822 564783749250 229955123711 327301808136 849696882355 298588574193 481010760546 509274608282 705553242554 424337522453 720662716555 513057955952 696649385424 331072075617 501276552339 761591113756
303342213033 879134661212 470522362061 597127955339 589285960332 319377394388 650781966017 650405083570 598709767571 419681073625 732689669541 353844964519 745816632029 758598449133 457643640460 448345970453 451112363585 486452498055 797310782798 840462380198 543331891778 396779041428 397363535453 275988156643 0 172866087140 350306347593 421070337433 179117275862 662013845596 292142158447 504377858606 842503817290 729766744938 617379026238 817019498808 456204745182 875285434586 592396610652 210611517012 593838466278 447882898630 619746431294 597731035731 505797175356 427883410390 668216133713 298932376009 742965884425 313735796703
620886050098 493094378760 597816676712 301088914760 590440256427 837537668768 165078734214 182921900776 427724127217 365882350935 192828100319 356224153011 106410446230 503212233631 435044407521 584713949900 794547891348 542124868873 431920114823 229454545504 460335016487 623451492042 129491870331 280351563123 343792109378 0 695777672143 399016501164 152594216393 773672161024 477828416200 113898789119 543971303459 718585308239 657651905265 275033927428 286788610035 556658195271 559535070130 718698462064 178894415491 269070234875 800206927319 303775158338 686142933970 247715370491 336593614490 615200791729 207497382774 111956110236
490349427227 268918972437 580454805484 276191192932 429363746408 447875988099 670643281253 50033762218 706108040677 519270622945 176072164200 674079813952 697917031667 216287022410 603950811473 775001968139 414144944947 323531853663 366923139584 512396011709 398278904036 948148180496 44090594647 262470035034 607727989215 717480880492 0 227548066892 218744873720 634555071734 60631744907 778682265742 177077052295 738815139785 454876473023 402862490732 734979596816 254905520981 770026499895 511894652956 573738184552 256624498757 644099149539 590908677455 393156242452 707186745261 335855327088 632343334375 554675154878 456119192851
375760694021 471329244174 422961456965 886103232948 531610133482 658008793699 870409171493 533299571316 164777687015 866955255890 595212719323 271717842957 913717011355 435758108558 447422315478 445631184447 49214836821 616853750505 370625249939 492124862159 614220617985 514210971138 151463311630 625955347416 400581409408 839413159406 449110937986 0 471843533238 358687043962 338032100068 721970059211 341747984417 467116548504 730991611410 206293195697 526758937753 305774055028 790638489798 482333946952 551400599641 617565489835 518141489857 108392530192 398162463936 165994955318 448365465832 267855435878 122001810687 409575409914
190221042656 412981527605 642891711681 694430149641 540387422231 713127777373 269633546980 297047961998 620694736438 505136140955 496749816869 205326484074 493383470819 167712555108 625527562918 448365423850 188801746920 168982289462 210977864479 261819972545 891885552543 241004166466 355110416032 317715868652 646466713068 940370523164 848670417345 516366526288 0 457027805932 732809325871 95097108366 711137810006 152865966509 85630889560 843280656869 217167316077 560574851837 443934902663 349250704438 710824507068 407991167934 313668522720 150139157317 488477717463 245959357908 763203631821 751180353196 507560699229 694434252382
376919175116 346619468462 375665742999 416726256618 697412612223 726050165865 615851969568 591667113967 427470766108 420460663082 512523910829 611137020358 625452763254 651231266588 364909527234 628385440929 604515145735 646820561425 355896495181 774419254956 813284608039 539177331758 662007118578 914036820970 559807322495 672065299219 353360971070 548233405414 507573921566 0 745625402904 384947514522 544500315432 370010619731 773978829000 125339284069 441983547529 371682274531 234416576513 865615855054 127825791653 468550329481 711576184959 751947211049 963089689287 688951345521 170872710738 617544996573 544888269607 633787435686
453865877307 509898457946 372648166985 553287990226 822803194992 816025473889 925339359474 229578537829 210421750874 118161045318 517452428887 477331207136 215366516158 553365415442 826545060589 474552322067 288273778965 47477934551 553930483932 424993580414 556236386642 505506068020 381947799513 562825387283 567607715740 357935180526 440364598127 657232672825 564266667508 869648042338 0 896243593561 189007683003 364829438449 313308055263 704202481840 603089574234 454365208261 417112559871 534790632022 599981585619 749291184254 184295738395 364874102573 726444427285 487030716007 594900052516 428418957022 377049103105 666321423902
192786682944 481356350500 474175261730 206596260082 522894908692 70433226271 480795533517 423185806640 65801976356 798536247628 510708261858 532311706439 435040042847 597738249375 637875244269 115845795185 609471047713 776856014972 501283842805 396631098771 209304426511 339574009182 150587332759 681287224893 366733111820 292636910867 142374295575 397619313684 457928531096 144645784553 171827445417 0 515502476361 157205165539 562955004181 242231716472 390591183052 533996711565 160736285950 339316070239 647451540961 579679409056 625883141989 611116270074 948931429290 266297869317 630694619204 534367771851 494462810120 383867396730
126655332468 637796154584 165025080116 314477438920 415883898365 104251523757 634778892534 849997288188 617377632814 386398579643 181891051190 442169386846 379270670733 576442086304 831739529556 792177144375 944657221123 855922461088 435729825381 941064133916 375776302435 462817259864 483970510614 525358653608 739777815142 691833480402 336750322546 503130373876 556697419739 817713676166 369621532474 527267509838 0 490514742418 709973434452 368636096622 393073874654 591131865733 451492965233 402749395565 841321104751 528074036439 198866300266 494915470167 142453723946 597928094555 534528264976 341783841508 942555581475 291319332249
245806610953 578783947329 254861147695 390026076036 615901566858 328227186859 518649763556 670665154183 701438201794 344828589651 767804166206 167860174710 451984224773 701964425209 806469572324 465029710444 779486334329 525708024985 379371839686 151897100634 443127395504 330765635961 142139555967 729155702660 418110068070 705451246088 371107184469 808254252975 393600374259 711126247669 590562472998 518861518996 802094774531 0 815549767077 246896885489 588325194317 852497147918 634635309810 474945442588 824776332774 731840163027 544532293620 507429674928 424785284930 229157116453 443287091630 615577215218 265340300100 136651198866
470848481699 437863253515 442312669920 457318832981 588642488505 178229316164 530180016704 239171730163 715996118060 600151428273 514301486193 249267634017 761563854275 813630388872 430797329049 490259576568 447418217773 406047933249 192177525907 550247372990 823596162795 762897559385 363190800465 643579654403 567086316654 400583852652 408555375849 831959672910 857559717042 364664174835 639634986405 295977088247 408518540535 559039366154 0 698974630473 522405340344 703592611305 109835364280 842484083795 526094781786 635943496088 663740383570 376321009166 504525888392 446735813743 328953301909 832123124613 324649012446 542473147790
782911753712 366181142429 669251739018 865031080088 668291907170 228884829748 576834430167 135796797234 598997627420 735663501714 161442128123 857546492453 828375424301 271238634894 542950907708 711997083689 558832892114 592921801247 242296026209 506668663540 589294751148 747353288516 265450874374 678754152816 694900850910 748924015685 638545403821 340128310421 445887840067 275475245358 572065461436 511390372566 580651875820 399520282541 678150465987 0 839243842227 642785351931 584749235186 871358546913 262367789617 568271268434 441829034104 551699654313 566394384253 701953658073 558462210678 541656809103 303929884092 822568794926
498018590635 140369301501 232593274416 650527783142 419738031052 559743519857 808322062051 591000734334 313728513367 608584759216 670660972736 98816512258 462803957214 379754063437 306008482308 593384381582 552258548145 504319370823 376473150816 513447909840 835870723890 306714925074 650043499526 179739629468 578398649035 443127006234 479144632579 587592875788 433745597158 352396352844 406746635476 644903809989 823196774236 540298702926 720715016363 705797702017 0 767079525492 470594397577 593366277334 521122296356 723133048767 340201329675 963077400131 920212283340 574176050673 341243197868 381930188998 272599816963 132457151242
401196819432 879826403926 602782706376 234100899119 540536961613 375656516665 325355032393 465778040952 512742491209 653866476291 252160926517 364758599024 454459680765 513036951213 680098905028 355403048572 718424612800 721602059372 319422021801 121052292910 717771945776 469723001647 237103977125 918043198847 424610994627 337971012150 373742351454 557591842770 565561618688 206701211796 365704762140 932138135616 330780763296 365022492894 616517664689 698186149870 202218223021 0 456960316483 426301795258 954976272998 345558641874 566822170819 488272972502 523114984735 232783738489 816309774724 601023420144 452867012516 304028222906
479973070804 622765090479 449976919964 65581471831 444553202450 531301502892 48654481026 739210655076 760814701204 443895195751 565824475864 607346399274 580485895861 219928123769 252003691948 806186586965 595520156181 310652180746 467047552604 126762281279 500712494370 119112794479 805549682144 409731635948 452837629663 464446495823 505015452795 203618741219 448301773181 553890611662 715948597905 511625713341 426657534786 696222765628 323869427111 437669609492 318802348529 552756501863 0 674385118378 572619310160 479873656919 271908297775 401237542911 646458427504 546584652937 872776924275 555548019042 519675533334 652689188609
798936163494 184597659049 697113555345 662478951925 847101253488 437198941221 581994974360 307723117450 550388860613 255591629076 369158326194 423655180105 185167718699 255260104979 422737758758 514692002720 269285114015 853835371981 577793502869 113105166918 740285785290 711346196112 421434229133 629772113836 758572907498 679364188975 975426307749 775231392602 725019347890 516496714752 148168475280 364840435774 602401556534 688198873799 767396754672 433357211251 521956324520 148307577026 423971867674 0 752788745983 591398079684 655106233055 425740500369 297719638337 824553710736 640669053679 604166142368 819040465174 654578817850
763429654771 571931649180 459301870141 548893755934 475636092720 673650506853 568773044679 40151982419 507059935348 552106127407 469820292153 467885538660 583296943855 574139511178 789182772448 718193593501 529443802503 437714625752 440250321920 619985208371 355112798764 740528024631 623598892600 345971095770 395038109057 527758750321 584848228850 528563200592 268834022957 683143614977 244337514891 581580994256 484601472772 558951924101 434773824284 555585808794 341268438429 702893285704 658782369233 464959547042 0 405361898538 516064974435 576399566428 596771914296 501986181553 287808682530 470705342551 507596048975 477434197887
564545173688 459549347169 626447920828 510181934683 261594861560 604570540857 235016488131 432510947869 805639413375 461495201111 419732928692 209273709435 473966865660 462031145338 326246143557 254065412517 529417408950 731544553414 581871916164 317420155570 199481638759 756472060183 624330332911 749061018019 239147216462 475112905468 400611822511 554547656244 236272814283 336605396818 371127230098 604381070294 563791960704 32292608708 733604051133 438422489970 372124975717 529372254044 689922983077 824491665255 701483792818 0 811977544540 669614814563 810858568907 605253934705 715829267518 532022149820 936805657646 654126802085
657490811777 834038244395 206145182121 467821763114 410705780555 538704377618 596893477717 337153267890 343051998612 333847624709 390825150869 631966227715 514442720544 873695526508 769982792649 614688856166 853421876954 508989084216 717856671577 722047892500 468140972068 254886582901 327600869243 282200191234 585377983701 186419759068 178809234803 635676366077 500701356257 612755034486 471678800005 519319745843 330998830469 614004011937 557981311764 607466542585 821203908578 159410102841 379826552375 233215763868 628294325140 317574431508 0 218166084712 634458862721 369491320511 266260411097 188256526904 586282918712 914876384815
635286836987 511912261205 775864462737 392523082272 503390799326 430224192388 708522060798 643154599459 880341075916 692930014857 543290704320 313201602635 624500660886 245338082170 557494851659 620216601478 689859808550 252435991003 312233298675 538637300269 808015581502 600256398286 380457834557 598054324079 205356144125 421287685434 340456078964 455155692970 422598706615 274023421697 365750646509 478161494539 489255794667 205013647172 642375305751 709312864331 184712246456 592198155971 620990511189 142044392726 182154556290 736868790528 694125235840 0 534687476543 785933147726 237486517623 277296903353 663460079987 705722562818
489297792892 572875988256 695511399756 495098163040 600277430404 629266616562 84335533163 477660143446 706761753203 550674847949 371916610994 361779495039 398903195257 712657791105 496185484418 606060533870 695779912239 891899423024 627712352556 430162576095 339255174341 774285219618 74615168437 197479591638 417372472720 681041404923 315007940466 613989321530 300123420799 333677287847 463955182250 532174315732 285887650662 633525699857 503116067656 351043469330 682663203697 860138253048 310077940598 417289414608 458521766955 602255415206 690733298816 268700640498 0 221597922478 391749283573 882272723139 545867004458 406361528512
757367646788 218031112708 226095524825 455211618535 494592349367 423656475268 682393046054 68837964517 518058672406 379121250089 462350002590 609272752766 171576509869 682371659175 627969246562 574612443033 249584313027 645291178136 501451346408 416313489903 407217812161 480971512345 512298207408 505319448188 206588465627 28887942629 396545140327 119563050235 376705562019 638321848847 582834172933 146056435370 316533214266 968799926318 464253011563 605362231439 429343003285 593700044960 259274143926 30832494961 423255039489 234351364701 716786712398 714991525988 877564106739 0 660349162918 961115725465 455550968121 227049953908
601967382652 611362277449 610775177920 468774939071 765883141435 404076746288 223400524589 540574222636 664054961684 680068977881 541631706909 311405424411 275516634432 737708229712 508884293030 271623391946 486930318277 626505687793 276871733304 536953383690 319824161805 249454724562 412414651591 285024155030 571633531955 465338868544 450895114003 545157440282 519648537860 390091926883 507983933897 308655823122 436213830453 524106797193 298540419363 453463891158 404851596842 405555685032 149463018533 550309937045 54824647185 267793590518 960770955764 556279984614 628860735130 506066895236 0 642381722585 241684217799 850965105321
863503533961 273891698516 638083422142 453559267695 392850056170 905652636650 276446487072 617471895268 626939958085 444108407026 644916130936 708141089340 337907851235 590264639757 431788410148 434724608137 734462519098 781779142066 348814981266 239964291672 47268486211 676728642310 663701935853 386675396126 224301872344 442251558725 755110429350 161987930837 259390377578 302279272573 453239545274 564902835616 440209062299 477850892095 555906042902 101657065881 334254386991 586345646582 390646509483 890498318421 855741797267 716380734479 376457031280 64735485566 424015425995 724853976695 401103726215 0 545546925369 551085473786
376798837647 443034401806 614478107035 465567587484 441023599691 206932839460 436813040086 405787338437 533685729522 482239563256 738393573754 411846109492 625764713343 498371929350 524206172598 682029408809 484586539087 623810999687 421516719239 808631225990 651398260357 481629522959 699502504090 523706932550 571216546419 574984018823 804382210583 508716065633 505204106820 771651405237 676933465199 682134627080 282297681409 540756432230 254122482563 698089860713 674325820240 360320187460 508329652056 325005748566 380934866631 425556644573 463342998048 604714824444 639909267124 90700705577 651180717424 69457564345 0 824500947478
233724471374 623173147787 729293279684 516681291584 235000157525 803621803587 283291676232 672868039186 359165484617 534279674259 804182212595 534052705240 625225774199 444315912038 878027452084 244880903409 390362968810 654155563704 706958249595 845429546030 673373661294 506658436502 284871448768 871976119100 799531860340 404712512432 811131025412 680700806106 344177927652 698672566508 456195115245 737065997994 760430745831 619891830510 812788505618 513611383553 511946421290 343432406003 218129722485 552299578452 353187199963 771577491758 278746024283 597549636955 525835604075 585172758062 496868123846 562880764464 338878723418 0
