150
189 128 209 15 41 721
18 32 7 43 73 277
87 121 280 43 83 634
76 170 210 56 106 638
14 107 204 105 131 614
46 80 66 162 32 442
139 253 75 55 278 845
36 7 58 157 84 444
276 91 106 117 188 854
42 253 203 111 170 811
44 281 123 138 58 719
149 17 233 216 162 817
142 148 239 23 47 607
42 100 212 68 24 535
219 102 9 265 18 722
40 30 289 94 23 579
27 265 64 138 290 816
73 39 89 121 136 497
42 43 262 236 113 762
31 42 5 123 20 248
213 61 102 45 247 780
78 12 67 181 42 490
54 79 287 240 207 967
151 300 182 84 89 849
215 58 144 140 45 638
89 39 222 256 74 719
122 45 42 39 97 361
212 78 77 61 8 503
73 43 8 147 77 366
38 162 61 69 212 571
127 58 145 176 5 563
273 222 147 218 44 973
38 11 221 154 5 439
82 149 110 72 12 484
150 8 248 105 147 700
73 82 261 289 127 946
36 122 7 81 79 412
41 57 12 203 37 407
136 200 8 45 251 774
71 297 294 37 131 876
139 33 115 99 129 633
135 11 107 33 291 681
86 28 158 36 274 655
192 192 32 225 48 713
110 12 120 195 147 702
123 47 183 28 66 506
69 10 126 31 250 549
207 142 92 28 48 638
143 70 127 53 39 453
104 75 220 76 64 617
80 34 163 163 73 632
65 232 82 16 74 601
53 86 27 19 76 307
51 284 162 28 30 652
116 123 298 55 152 788
140 127 100 47 244 806
131 232 27 38 133 646
295 28 225 73 51 744
178 31 85 50 139 508
42 222 96 80 79 552
244 49 32 73 112 610
98 75 277 74 207 867
108 61 14 17 48 299
30 112 144 76 61 446
120 255 36 45 64 535
34 111 257 68 223 802
145 20 214 29 50 498
100 240 143 209 119 884
90 185 237 53 145 792
60 247 114 116 148 767
10 42 20 97 191 443
145 126 139 146 257 860
261 139 106 86 295 896
280 200 22 279 65 941
117 7 212 135 169 760
212 20 69 34 207 643
216 7 216 185 10 664
108 258 248 124 26 907
275 28 73 27 72 583
286 140 56 149 174 898
242 99 40 185 148 793
67 51 53 289 82 577
18 32 91 235 182 619
167 34 147 188 79 764
278 37 21 126 13 595
16 49 238 186 25 657
136 125 151 150 61 765
225 128 72 31 277 760
89 27 55 130 19 379
189 190 21 197 157 897
192 27 275 167 106 876
112 53 109 148 125 615
102 194 110 68 6 548
119 115 245 128 13 701
85 37 82 35 102 467
141 48 187 147 135 667
65 274 21 127 120 630
139 114 220 45 86 668
282 65 168 99 53 693
18 42 55 231 13 402
168 79 30 127 171 665
37 147 288 73 103 785
291 37 96 255 72 877
46 55 91 124 139 514
61 134 138 255 101 779
271 111 41 225 150 815
196 139 64 150 58 751
22 28 45 30 61 280
208 134 47 154 124 779
79 181 83 6 11 406
179 75 198 50 30 576
158 230 15 235 72 796
40 75 22 250 34 550
92 260 9 68 170 696
208 102 87 124 49 607
165 64 95 89 21 452
135 32 131 236 56 618
112 221 78 37 22 555
170 163 186 205 233 1074
174 148 132 100 67 642
33 55 239 190 19 667
66 114 75 77 286 620
210 31 83 34 85 544
204 247 74 174 148 895
90 274 116 221 137 861
87 240 295 64 45 741
178 289 216 190 94 980
212 87 271 47 243 937
58 252 298 282 65 1059
122 167 152 150 225 820
31 72 277 293 87 844
129 38 28 95 122 459
18 41 13 240 183 504
10 101 59 115 66 499
43 108 75 49 75 406
177 25 78 130 61 472
35 14 64 179 18 383
74 112 33 35 120 483
37 48 291 62 129 652
57 25 89 16 50 341
35 146 140 31 44 515
5 84 75 143 100 552
149 89 105 161 31 634
69 61 142 42 13 413
20 177 186 31 59 622
123 139 201 66 109 674
91 228 35 126 12 605
108 225 136 57 89 675
66 258 270 64 11 703
171 133 97 199 11 711
0 113 176 242 562 554 33 248 252 401 162 487 195 92 486 268 140 12 396 297 148 189 131 78 352 296 88 445 167 198 39 208 104 101 230 437 198 56 125 146 98 167 147 338 44 332 421 43 483 57 171 247 196 297 408 123 4 185 345 75 222 100 206 361 251 204 340 216 255 277 3 211 66 108 67 70 403 507 269 572 285 106 267 16 464 275 444 523 153 221 273 72 374 14 282 315 235 129 196 342 96 35 141 366 96 202 196 533 581 479 64 29 142 15 223 419 255 557 131 111 348 282 367 161 245 160 204 181 149 119 55 213 27 491 257 299 51 43 42 30 99 183 192 164 590 265 175 208 100 60
34 0 309 63 513 149 34 351 599 597 173 131 1 43 254 312 50 400 124 531 516 273 406 282 186 310 85 251 407 584 49 42 175 554 8 50 306 204 306 475 390 332 39 222 242 493 90 397 130 141 516 589 101 583 365 597 354 270 453 88 68 177 124 536 19 120 445 250 52 292 172 394 588 355 154 13 272 273 71 340 128 583 267 163 460 195 244 194 122 114 240 277 129 42 70 107 161 75 185 456 177 62 570 592 155 214 164 533 68 457 57 172 60 202 190 478 68 14 252 98 279 306 40 464 250 115 188 379 279 258 125 287 112 210 533 201 338 509 98 291 399 62 201 279 200 438 571 338 141 13
218 137 0 66 292 298 74 329 244 458 199 214 55 205 46 282 110 197 283 24 301 587 589 489 159 300 281 183 589 165 307 29 445 342 45 211 293 64 255 195 11 142 521 52 210 203 247 463 124 319 279 295 552 328 444 574 5 478 23 288 490 136 11 30 13 259 384 127 528 13 231 265 521 26 145 169 300 269 383 165 251 177 80 117 193 345 119 225 96 184 91 47 296 22 284 243 86 249 226 52 98 510 70 547 234 221 363 402 67 477 240 99 212 294 475 124 33 31 238 95 106 80 49 464 361 141 571 178 279 155 166 62 234 175 536 177 130 528 183 450 35 149 177 370 502 396 270 564 1 228
466 80 114 0 200 262 534 91 84 252 70 5 524 584 41 408 168 92 230 60 597 345 18 370 446 324 424 238 187 256 256 3 169 577 585 372 510 551 55 79 338 204 33 295 32 559 203 105 77 404 418 116 557 58 31 119 436 222 305 562 171 233 14 343 423 274 273 387 166 226 211 176 551 539 176 252 165 193 230 21 177 86 6 28 576 106 86 16 565 266 74 402 229 149 448 73 282 22 501 136 81 194 70 294 235 214 544 31 339 62 504 115 192 56 573 235 584 180 117 93 12 174 89 500 505 546 33 142 394 179 71 292 143 14 532 21 95 134 168 190 78 353 510 33 154 424 81 54 230 16
493 153 61 302 0 117 252 5 259 267 534 134 114 181 87 337 64 25 258 582 75 234 61 262 160 73 317 433 560 302 548 364 210 14 108 351 249 262 86 559 264 212 123 227 366 5 528 297 279 589 244 593 9 210 262 566 450 279 191 209 420 95 18 167 93 543 260 273 5 342 366 583 111 23 414 178 249 413 279 290 124 58 326 26 222 106 231 193 9 496 196 261 143 452 197 253 70 480 46 237 277 114 37 134 105 52 170 425 304 395 152 84 244 121 525 132 91 219 221 271 67 268 73 258 394 79 494 418 405 25 214 140 268 441 528 17 114 83 139 50 219 104 374 31 379 135 221 116 148 148
161 356 366 378 442 0 538 367 122 138 253 130 39 243 102 229 207 144 179 46 407 323 261 216 173 84 273 23 221 101 121 244 180 327 26 425 90 11 65 340 287 373 363 287 32 132 439 172 200 208 138 168 587 595 1 76 380 26 173 122 12 289 38 102 410 532 205 362 272 26 467 598 77 181 237 67 134 221 281 345 373 272 366 200 207 46 460 66 298 124 362 49 74 201 15 575 589 213 530 460 37 33 23 92 167 257 153 196 572 180 539 148 401 418 66 384 53 206 229 132 227 253 149 40 291 462 434 497 204 529 122 102 106 48 62 55 415 73 335 452 346 174 136 259 85 143 39 4 1 209
492 132 101 208 116 145 0 286 374 367 252 210 300 254 434 219 464 125 195 451 48 144 8 48 160 354 582 487 332 581 292 164 33 220 92 413 377 225 520 498 58 508 252 454 9 467 206 3 335 198 552 273 25 488 155 182 48 144 265 168 226 148 374 37 56 29 222 110 44 315 37 566 537 280 238 60 63 96 54 377 270 319 599 548 31 274 51 2 129 233 490 232 16 52 118 127 49 214 3 308 226 77 580 194 530 71 37 77 165 347 440 292 106 84 532 132 123 311 316 284 589 227 212 279 189 187 118 182 530 449 427 571 554 317 205 235 9 259 454 33 66 155 78 374 6 83 206 105 158 174
48 276 184 255 96 579 472 0 285 73 232 72 2 347 240 203 577 280 577 192 231 21 547 86 341 442 78 122 159 35 492 224 166 166 141 162 81 324 198 225 172 180 411 266 99 422 579 140 246 304 204 558 521 144 296 269 207 157 231 49 433 71 522 219 205 185 61 532 300 326 233 113 444 139 519 51 70 27 295 117 594 259 152 81 238 392 294 118 266 216 247 21 543 42 491 69 459 577 194 282 237 388 118 306 87 260 53 586 277 458 298 321 146 245 394 286 222 26 541 32 419 419 203 366 217 145 132 81 11 413 555 171 205 102 107 101 125 587 576 546 159 80 124 277 473 333 8 417 93 327
328 320 455 416 310 553 180 115 0 504 21 294 407 100 393 345 368 9 482 159 159 167 138 544 139 529 41 128 36 184 270 75 566 26 464 70 261 177 258 46 114 346 241 256 228 330 85 162 212 521 285 65 214 230 363 30 276 102 200 348 223 18 138 67 598 107 257 585 491 145 347 157 182 66 69 263 407 91 127 594 31 483 22 560 382 220 526 326 68 161 2 269 193 270 267 289 335 336 212 285 175 298 176 183 479 101 70 198 300 361 280 17 398 166 187 596 103 447 522 175 149 130 118 429 121 109 49 181 68 213 253 460 435 256 382 39 240 61 104 248 5 117 87 160 295 145 63 154 207 576
181 220 395 312 417 8 254 2 353 0 215 13 380 133 140 586 137 91 399 273 439 129 91 258 133 496 122 231 275 297 450 215 550 231 15 298 101 199 101 40 178 595 150 346 282 59 193 99 47 235 47 48 220 99 482 67 173 377 236 263 212 502 337 140 145 511 57 222 52 206 287 176 39 233 210 430 35 203 129 4 16 170 195 87 72 333 449 518 56 36 547 107 150 562 566 550 548 184 15 193 122 166 168 102 351 155 333 352 28 255 146 580 456 289 58 225 291 35 195 484 493 178 191 132 18 197 80 320 261 564 257 136 112 498 299 53 277 120 378 360 72 202 139 75 74 47 138 334 279 264
38 95 169 307 351 10 450 65 125 578 0 156 225 47 289 490 362 15 426 6 293 62 213 117 346 169 484 443 537 155 162 208 22 68 469 229 236 190 263 204 178 179 213 84 458 224 65 136 586 481 428 490 127 53 153 235 365 18 30 124 580 250 163 116 373 98 534 28 92 192 303 162 228 232 268 223 270 162 73 202 490 199 19 436 332 304 417 255 78 280 327 102 53 122 139 65 552 202 571 120 460 508 276 452 291 222 38 438 177 102 179 342 335 72 272 318 560 295 296 71 278 451 233 482 48 49 116 34 267 85 469 201 404 374 243 292 363 214 150 482 238 271 176 137 230 233 598 337 191 135
416 21 300 100 223 99 389 19 111 514 487 0 273 352 93 188 93 204 52 7 297 553 529 132 482 130 8 216 372 169 297 455 64 213 475 191 544 166 228 332 438 291 30 288 575 214 228 149 143 112 520 11 447 17 4 50 405 375 279 188 61 551 565 569 220 168 48 275 483 296 23 463 89 83 28 9 32 245 257 18 362 404 263 403 466 145 88 595 208 224 102 272 181 70 27 7 340 195 260 328 187 178 36 297 335 378 536 598 445 178 85 517 178 482 119 445 189 256 238 223 276 148 238 100 365 291 48 154 313 50 39 425 94 282 409 100 421 128 87 251 237 246 229 527 470 219 82 393 146 235
11 255 23 77 511 200 149 147 281 492 128 439 0 76 237 181 293 35 6 59 558 514 67 518 281 282 377 130 139 163 8 469 47 476 573 156 7 149 365 67 5 439 177 55 40 394 246 106 127 597 59 197 460 303 451 65 577 142 261 1 28 243 146 499 329 369 284 370 45 55 406 415 266 31 133 261 186 556 18 585 265 48 283 97 135 293 183 126 213 451 10 236 76 311 4 161 57 189 398 440 572 214 274 129 3 299 282 102 120 212 385 362 188 247 562 122 220 263 104 235 313 585 537 138 583 176 582 73 131 567 490 136 119 147 431 12 87 58 118 83 178 86 256 397 38 66 182 268 253 284
97 167 356 341 84 293 334 41 532 146 14 275 34 0 236 233 307 19 305 212 115 98 582 269 44 257 221 235 162 161 157 58 549 246 455 263 50 349 285 185 423 340 524 47 204 426 156 20 279 238 10 171 206 93 135 344 383 215 17 289 85 300 284 217 67 393 535 68 396 84 252 6 413 78 9 3 61 290 109 47 550 56 127 195 288 232 176 100 126 258 242 220 120 97 85 330 481 231 211 171 9 564 92 42 154 426 258 121 85 506 62 257 70 29 79 241 15 178 110 322 318 29 246 260 521 178 293 305 149 493 139 561 262 147 60 34 120 86 240 499 558 245 233 493 80 313 485 37 94 106
342 11 210 187 110 430 119 42 304 403 35 180 346 161 0 219 252 533 168 191 12 49 155 257 496 101 275 56 192 450 465 241 321 394 383 444 48 189 31 373 220 179 42 44 291 133 134 55 323 83 394 2 264 494 23 550 83 188 85 94 38 401 301 545 35 147 196 253 107 34 351 197 48 72 38 90 78 175 418 50 45 176 181 280 274 177 484 236 118 414 14 140 113 273 307 56 242 460 122 434 145 400 567 182 292 171 63 207 272 193 136 244 325 29 47 196 168 183 226 345 30 162 149 230 141 300 175 273 407 115 232 77 30 38 195 306 226 295 587 271 307 315 317 407 66 278 39 149 218 191
167 149 402 160 192 491 188 261 56 164 335 154 274 52 14 0 38 76 391 214 241 113 209 55 510 98 91 182 102 534 165 322 238 203 536 431 278 300 100 12 20 530 165 204 206 328 58 312 234 62 102 219 210 227 490 535 69 439 206 250 102 280 41 33 146 282 10 255 261 272 564 80 37 202 133 184 221 251 95 515 132 468 460 88 203 309 30 57 468 149 383 230 18 48 79 138 51 433 163 45 203 312 369 207 16 331 18 189 471 229 528 122 126 98 20 455 570 319 172 22 142 258 209 87 29 86 201 271 514 63 407 252 516 380 114 158 147 468 194 97 36 352 574 225 83 395 276 335 22 48
266 399 9 343 411 256 230 28 206 190 100 199 16 45 110 357 0 263 149 211 37 98 88 209 63 456 226 10 253 196 39 119 19 83 599 175 77 155 259 119 287 543 106 229 223 169 253 137 404 6 284 57 404 230 141 79 532 287 255 592 455 147 478 92 164 166 594 179 48 106 204 194 552 320 153 442 85 162 190 80 238 201 142 93 380 593 224 456 221 32 253 497 395 216 100 230 582 114 481 56 156 39 274 10 338 329 29 175 238 259 197 566 474 394 23 248 52 272 78 36 48 577 309 256 314 323 115 350 201 589 171 65 107 238 63 4 325 157 444 379 22 186 168 142 458 180 241 10 263 475
65 130 290 439 46 561 482 183 261 176 187 553 68 34 477 143 127 0 588 13 555 215 399 592 192 138 121 89 26 526 212 199 242 278 49 467 221 219 544 599 484 218 594 303 509 52 246 127 207 482 91 20 40 301 119 80 121 176 43 298 28 251 163 27 150 404 374 277 211 297 110 174 211 62 61 122 178 316 172 288 556 189 62 63 580 120 408 344 235 359 149 141 410 464 41 491 224 205 501 68 32 221 415 173 64 133 242 174 467 586 440 5 135 200 36 134 442 439 93 70 73 295 593 291 65 72 51 572 171 207 386 176 482 577 62 38 200 163 524 111 225 83 489 416 38 101 68 29 265 200
395 57 387 191 268 296 151 188 495 342 234 186 213 525 187 368 493 498 0 140 543 75 64 576 45 93 438 574 146 13 208 22 31 140 262 299 249 589 221 97 29 282 573 64 565 321 187 305 69 296 493 247 127 227 293 226 152 83 177 326 425 401 10 182 274 265 49 534 165 244 226 459 144 185 21 520 123 428 440 550 69 70 588 49 254 312 160 258 91 116 553 224 209 78 506 15 200 181 37 161 238 71 5 540 258 140 356 147 237 333 113 250 369 126 76 286 468 362 172 184 115 568 285 293 444 65 196 14 187 486 446 252 306 241 131 249 14 258 41 335 274 335 502 472 558 35 528 219 196 80
207 117 273 210 212 84 188 236 525 589 234 205 11 202 515 421 454 425 302 0 68 576 235 218 119 150 510 179 165 108 16 126 226 174 196 314 234 217 395 79 549 314 217 309 174 446 246 193 108 208 47 131 18 245 260 241 397 234 418 507 69 240 83 269 45 472 115 504 299 57 597 154 298 5 254 220 466 286 52 257 94 328 579 20 234 265 179 465 167 15 289 121 93 216 572 56 40 78 163 461 37 422 188 175 50 232 143 32 30 486 463 141 477 174 475 596 515 11 413 485 60 510 21 452 99 88 52 160 274 224 286 269 264 13 237 576 119 259 81 33 190 48 453 470 232 180 73 421 290 184
213 154 352 272 265 567 170 449 250 331 179 278 94 544 107 89 93 443 21 129 0 435 193 529 19 234 231 258 169 111 298 85 143 146 405 49 219 3 183 285 266 91 219 552 21 44 164 51 363 278 103 418 46 200 203 184 53 482 122 87 125 221 106 79 231 457 221 33 7 57 408 273 16 469 223 86 306 361 599 53 76 437 212 191 279 193 155 589 144 127 507 392 580 376 346 553 111 146 254 216 370 125 302 521 195 351 48 532 132 515 596 295 572 177 298 50 113 1 448 69 257 205 291 318 98 21 257 276 269 29 450 81 115 168 253 209 180 10 511 169 506 546 279 271 399 580 492 369 398 387
26 201 396 94 446 478 246 374 103 132 49 215 403 99 3 369 65 285 54 256 63 0 259 330 119 181 139 327 55 489 365 46 133 408 241 159 224 20 192 127 290 5 229 151 145 219 197 84 516 177 101 266 312 357 142 264 498 323 76 445 53 62 65 541 327 268 70 182 329 318 58 535 231 434 142 104 434 437 407 230 393 504 15 522 599 225 189 207 585 50 139 383 30 573 349 122 89 250 441 473 469 424 6 35 184 138 286 256 96 375 284 233 37 210 246 153 162 62 156 89 458 169 90 502 157 80 299 458 150 231 252 458 72 122 29 370 233 290 271 180 27 279 63 419 239 109 171 217 28 134
520 40 42 319 274 397 512 218 1 106 29 555 111 218 197 214 71 187 264 323 270 124 0 168 86 377 464 97 242 140 257 434 148 282 150 127 179 361 254 226 378 279 580 578 540 403 522 177 120 5 156 382 228 68 213 90 110 385 384 40 138 11 64 170 206 163 185 77 224 319 557 485 569 570 581 214 52 578 218 474 69 137 216 583 290 83 179 300 281 233 73 142 548 203 505 212 71 197 83 552 424 295 269 569 181 240 55 43 532 449 86 293 23 47 90 347 151 251 337 528 298 308 584 136 199 108 368 247 32 541 98 456 154 335 552 281 458 361 290 358 168 67 192 39 430 153 169 103 595 289
235 147 298 216 400 196 409 146 240 481 211 42 210 87 158 123 158 416 89 409 457 570 126 0 219 188 93 450 421 392 226 104 334 13 353 119 297 409 179 154 177 173 358 405 226 521 560 115 536 67 104 17 201 83 30 554 3 252 428 320 385 40 232 537 205 308 192 57 469 336 266 92 341 289 73 200 41 194 489 139 542 160 98 485 32 536 290 127 242 143 41 121 261 234 372 398 200 113 235 483 186 76 155 370 125 208 402 498 532 490 360 517 230 589 476 2 261 388 189 149 239 226 74 134 41 294 76 248 298 17 394 104 98 216 27 104 45 239 412 10 3 139 175 221 125 552 417 57 129 202
502 324 553 257 285 352 116 321 572 269 169 185 380 145 123 33 175 213 145 104 76 102 414 149 0 40 50 295 321 178 237 379 108 141 180 350 392 324 69 550 116 248 233 366 463 318 434 56 29 280 562 382 435 160 145 531 166 581 597 98 43 435 233 509 237 170 138 73 351 387 492 34 340 174 152 212 180 125 319 118 72 541 291 415 157 174 70 117 541 75 169 149 76 105 5 149 5 376 378 46 127 123 210 592 208 138 57 324 3 263 421 363 120 594 130 240 552 583 112 544 221 35 21 525 323 349 9 95 542 184 52 397 365 113 288 379 490 145 497 562 36 582 440 16 237 235 568 240 436 280
166 203 270 155 149 16 486 169 386 208 426 491 241 150 276 84 167 51 60 201 543 272 439 268 526 0 35 484 260 250 369 417 207 190 63 93 145 419 340 490 164 253 165 583 365 355 219 402 419 268 224 241 12 94 67 408 473 13 523 86 174 544 145 448 438 176 378 255 209 550 29 17 24 550 521 224 12 212 267 493 86 64 213 277 529 251 21 341 296 150 373 376 428 174 244 225 404 505 23 115 570 297 124 452 75 393 572 194 369 127 553 112 232 576 23 140 72 337 198 147 144 267 525 186 42 393 252 148 261 131 212 461 371 117 149 79 262 505 220 143 92 16 305 78 240 423 135 95 189 578
270 24 49 175 286 384 153 185 6 478 206 173 156 169 309 331 353 134 253 416 268 543 233 238 522 232 0 394 149 298 266 351 26 146 53 15 488 19 395 184 230 5 260 28 2 146 513 187 490 234 521 249 43 444 199 213 80 119 100 187 86 332 125 138 234 401 185 66 441 384 471 92 64 443 161 277 170 377 82 265 37 434 37 553 162 549 527 120 546 37 321 135 126 166 330 227 599 18 1 183 536 76 277 238 105 79 36 195 64 446 552 380 259 112 170 364 358 172 29 317 2 194 462 111 584 398 85 380 33 362 505 165 286 204 19 15 349 18 510 493 8 287 55 10 104 373 406 28 579 270
440 167 116 62 191 259 405 274 563 107 286 19 48 67 49 268 1 115 131 212 363 224 41 485 291 162 192 0 439 385 476 228 241 232 53 164 153 13 136 137 457 102 363 276 252 277 201 255 263 227 179 24 47 575 502 34 140 449 291 111 178 286 74 569 578 580 177 118 230 380 543 97 347 132 54 171 16 35 515 283 49 393 247 480 256 278 464 562 203 199 302 457 40 136 280 43 134 26 228 438 205 68 379 502 19 268 428 164 133 230 596 224 221 188 80 362 300 172 48 240 1 80 278 87 97 440 175 123 133 67 129 138 523 189 234 369 336 84 5 3 13 53 489 464 165 18 57 190 563 275
253 123 586 560 280 306 143 149 87 2 310 465 186 295 31 285 78 138 309 82 23 346 558 104 78 385 60 408 0 296 84 59 353 220 297 292 17 195 600 201 147 134 239 426 190 263 86 277 98 442 250 159 32 443 277 21 38 36 334 70 223 134 132 280 430 474 84 417 556 186 194 36 532 220 241 296 99 295 216 77 14 135 422 343 54 222 174 345 211 434 460 206 497 428 1 3 264 205 181 259 566 473 184 89 158 385 92 285 506 9 25 28 537 317 283 84 133 400 276 166 18 82 537 508 82 476 593 584 100 157 337 371 523 83 21 86 270 120 78 238 489 58 92 10 250 39 254 479 192 228
39 520 220 61 368 65 169 392 30 313 44 189 149 67 220 222 537 20 149 271 438 219 62 11 479 515 281 347 224 0 36 482 207 438 471 541 45 600 486 535 574 402 258 58 437 192 276 283 321 1 57 115 263 325 212 161 100 73 43 427 307 541 222 251 57 582 20 42 112 442 23 425 134 223 210 60 472 83 40 184 142 163 219 130 184 288 19 200 49 165 224 88 423 82 182 51 35 235 507 518 131 399 155 97 395 146 147 137 139 548 377 99 315 483 279 428 409 143 22 202 514 330 97 228 159 16 328 152 423 18 130 99 178 138 152 111 154 499 520 388 184 64 194 553 54 515 180 342 183 228
4 15 67 89 216 170 19 358 169 137 63 78 438 243 599 175 597 446 266 219 257 105 110 206 189 395 38 294 592 180 0 375 203 18 295 10 158 45 335 160 420 134 181 591 201 65 134 393 338 78 92 395 132 575 151 53 121 16 268 242 56 259 290 80 216 346 129 46 269 505 408 399 248 165 347 329 451 116 290 168 85 86 543 461 566 178 254 19 16 291 279 192 209 243 552 513 12 26 276 176 165 37 264 130 113 217 505 540 242 563 1 49 221 171 431 536 366 532 104 225 283 3 50 505 168 290 220 243 180 108 56 26 490 387 582 203 50 114 55 136 124 392 200 250 159 161 65 68 12 75
191 316 39 115 141 520 349 438 344 77 139 348 521 201 240 142 584 69 2 91 349 495 466 91 556 151 92 209 210 24 192 0 272 258 136 23 187 266 219 195 368 356 574 136 594 123 108 396 295 489 384 238 53 248 298 464 2 226 155 498 200 80 194 25 206 131 65 518 70 148 190 299 155 134 116 30 83 274 255 328 84 564 367 71 300 6 528 66 44 508 286 235 133 184 52 375 129 169 257 203 174 150 185 8 66 36 456 295 218 15 130 526 145 565 500 5 53 127 278 245 351 96 230 335 383 187 424 565 197 64 413 9 348 132 414 288 214 262 219 166 122 204 55 507 194 359 542 34 512 292
226 79 413 483 186 161 467 135 379 269 111 293 552 432 310 436 204 246 569 254 125 185 552 506 118 191 306 173 362 497 195 513 0 167 168 210 409 109 356 295 270 94 34 253 464 167 99 154 300 33 1 42 44 293 553 282 208 14 518 27 14 15 267 304 433 345 518 199 407 449 192 163 115 319 531 377 416 174 254 543 544 379 411 184 377 86 554 410 61 214 272 486 10 538 530 278 152 529 309 28 324 112 590 394 221 168 543 61 247 192 274 172 208 511 4 578 325 365 62 48 266 423 209 277 588 124 156 127 419 135 552 138 136 110 187 254 429 514 265 237 111 567 264 181 162 451 536 6 283 163
266 566 583 575 103 58 232 366 562 455 526 17 172 115 226 508 512 178 39 102 55 71 474 152 373 159 144 82 180 467 180 99 210 0 146 54 1 142 277 111 236 279 69 272 73 75 200 571 113 280 379 557 155 351 323 500 167 298 69 178 238 213 48 393 27 135 376 432 61 49 262 221 178 279 580 176 6 60 202 179 174 582 502 430 574 291 265 156 23 585 72 59 193 274 298 253 256 556 235 90 115 230 123 192 312 202 174 205 113 40 399 57 253 299 79 246 418 180 281 342 34 95 197 30 567 186 600 173 123 372 75 23 516 240 556 348 183 162 61 149 86 8 5 259 12 113 76 68 282 9
525 300 491 106 377 192 9 103 242 234 508 309 397 211 216 45 257 89 276 201 553 430 269 471 243 121 174 156 205 364 111 33 459 158 0 226 270 467 162 38 431 507 78 533 268 78 287 79 273 41 388 79 137 126 187 192 474 243 257 264 283 189 147 445 120 347 116 99 303 133 11 165 112 167 572 156 327 95 433 3 55 197 173 86 399 231 18 256 329 157 110 17 310 120 328 278 234 255 34 499 284 172 549 126 71 67 290 546 261 429 245 32 502 564 90 193 264 334 138 77 72 27 209 151 267 369 157 264 63 143 94 360 435 4 211 110 439 356 503 340 109 69 282 363 325 70 161 95 184 297
102 256 227 13 111 69 65 144 365 425 300 249 75 87 144 398 556 18 25 18 269 6 33 279 78 463 5 164 221 400 540 570 198 132 572 0 160 436 479 292 148 71 27 87 86 246 203 534 112 380 4 214 2 98 269 255 98 101 185 80 500 41 329 7 154 164 277 198 96 565 84 109 257 568 206 205 596 33 356 147 560 2 300 229 157 589 246 266 496 575 297 477 292 119 175 74 153 215 127 9 178 266 250 131 333 230 77 153 81 170 46 88 463 48 68 151 140 291 46 14 467 182 449 204 295 592 168 113 9 483 109 258 305 211 326 462 163 264 216 214 233 2 53 80 472 21 300 213 533 29
115 199 334 277 281 490 65 153 458 118 44 21 143 63 312 112 329 112 23 21 239 106 114 57 180 29 19 161 181 379 140 463 258 322 54 494 0 23 224 271 50 408 252 208 511 159 487 141 128 231 85 178 270 196 437 122 422 202 506 260 587 135 502 134 171 189 306 254 178 332 37 442 229 178 497 309 38 594 286 204 60 297 123 473 74 114 570 546 255 56 83 597 134 213 209 12 276 144 226 46 154 97 569 48 446 98 224 274 51 85 114 134 117 503 303 102 170 224 368 229 194 32 299 120 157 499 272 199 22 559 252 161 552 560 163 139 101 141 197 33 566 149 226 431 94 486 552 216 447 340
235 149 52 356 209 303 273 505 201 8 40 230 231 250 328 72 80 24 390 70 110 284 210 28 46 130 254 97 63 295 311 113 445 156 46 140 366 0 63 226 578 490 42 136 70 425 123 555 116 250 424 9 210 137 93 46 288 308 125 294 215 200 331 171 595 421 146 340 507 5 75 260 203 52 417 240 362 403 192 140 414 338 186 414 458 266 125 10 122 34 541 266 74 574 79 23 194 223 255 122 381 499 203 206 425 248 92 146 128 94 250 92 565 435 337 115 58 64 223 432 101 565 450 359 36 28 140 580 262 241 109 274 269 131 88 145 59 244 42 44 201 156 166 266 383 95 123 296 219 129
103 29 120 536 246 551 114 137 275 20 201 168 220 185 446 279 30 297 316 183 298 36 297 130 184 261 166 220 256 595 212 404 214 548 115 118 84 464 0 34 580 285 248 58 599 418 145 271 236 147 77 444 182 204 370 102 17 472 374 371 416 124 263 87 499 139 281 421 82 542 310 35 367 458 199 102 181 34 472 326 63 272 160 81 122 230 182 46 95 214 595 78 166 94 172 57 31 235 40 3 215 250 20 129 508 488 364 318 279 211 107 426 591 4 380 77 187 396 195 3 97 315 53 592 152 66 11 582 43 87 21 7 417 104 86 130 100 4 30 205 103 230 134 254 62 79 319 552 491 566
296 204 189 315 233 97 113 237 145 332 248 40 107 25 116 120 58 424 241 170 4 22 384 289 192 125 359 281 35 5 170 172 197 478 119 62 196 82 503 0 255 47 350 45 81 62 182 145 17 222 362 291 62 142 510 328 264 125 284 431 84 171 406 293 225 166 229 105 147 57 549 414 475 585 19 400 321 239 136 463 569 336 105 225 118 26 26 46 129 40 594 104 299 135 168 573 41 347 526 582 20 43 527 119 298 63 185 276 197 497 202 542 40 196 412 253 160 196 216 158 325 432 453 122 162 555 171 390 283 92 62 164 151 473 537 519 434 232 214 306 235 118 470 76 227 373 175 182 244 486
91 124 389 92 218 121 91 2 540 284 343 278 94 164 322 58 180 222 307 103 164 11 237 200 187 461 285 369 56 582 81 484 104 51 236 79 108 129 74 319 0 252 123 158 485 78 67 209 227 560 19 150 454 218 225 352 85 34 74 64 146 245 54 444 50 315 501 261 44 396 181 319 1 242 141 94 534 112 293 208 399 510 477 98 499 88 375 249 173 241 51 104 187 81 57 199 23 65 306 217 207 42 163 294 40 101 276 202 89 327 524 221 482 260 122 196 196 95 173 179 526 558 458 34 197 480 282 63 136 165 309 525 84 155 252 103 88 176 172 512 1 81 470 22 133 505 298 194 497 119
22 164 244 405 69 70 541 87 32 35 114 86 35 74 258 70 451 186 136 112 73 523 190 216 195 457 302 278 139 220 554 140 134 128 74 231 24 82 185 435 117 0 253 323 481 472 125 284 298 191 408 396 61 217 269 135 294 157 484 60 48 517 451 322 298 223 43 240 351 200 382 355 493 292 229 74 156 388 557 1 139 513 7 66 170 283 7 292 3 599 238 192 157 244 203 86 388 190 280 79 270 556 79 46 127 97 146 94 270 568 187 332 300 240 329 220 139 355 444 471 364 385 224 55 84 591 62 352 8 434 1 543 464 241 82 198 364 190 278 233 206 125 422 77 110 251 67 126 555 93
282 234 409 42 236 450 197 238 323 11 452 111 234 25 173 129 289 292 3 50 458 174 12 279 128 599 259 442 570 394 221 124 16 68 135 167 517 126 240 76 224 115 0 30 419 245 335 184 408 489 71 11 188 206 236 296 102 196 473 226 99 150 120 328 488 72 175 13 273 266 210 367 576 284 23 29 554 224 9 223 346 203 514 11 375 162 82 212 414 176 11 265 108 329 59 78 584 95 97 122 208 280 224 114 53 115 77 180 85 360 371 140 432 229 69 553 141 138 68 219 281 268 474 92 202 213 157 300 30 435 579 532 212 290 561 77 213 84 396 100 58 475 293 136 410 13 277 444 226 5
254 19 303 470 6 196 211 197 167 546 60 366 54 143 356 21 146 295 23 503 193 188 89 186 260 301 149 113 110 148 120 347 259 257 250 133 300 437 180 19 362 255 596 0 431 385 155 389 550 164 138 167 487 222 257 135 89 570 242 283 299 277 264 112 596 577 181 84 205 378 501 8 537 593 359 51 503 52 3 46 278 261 306 68 22 214 544 230 41 220 60 210 263 55 182 487 63 230 216 412 385 298 275 233 9 138 252 278 60 492 142 83 45 2 124 17 56 65 530 201 353 278 130 148 6 335 244 68 86 2 288 274 549 203 409 8 559 270 507 251 127 275 93 201 377 438 169 170 291 106
131 146 59 221 18 462 275 123 31 500 437 129 157 550 61 211 341 208 126 58 548 154 68 160 514 54 558 292 176 178 103 288 204 60 412 24 169 182 106 80 418 29 4 6 0 226 111 34 262 505 312 589 272 562 225 275 247 229 97 48 90 17 242 481 54 16 95 115 211 278 487 366 144 400 19 19 279 410 60 117 84 226 459 570 102 589 523 90 159 388 263 184 18 95 237 199 213 68 285 187 478 399 193 284 580 152 552 289 274 370 595 489 50 2 207 287 268 235 67 170 593 4 260 280 568 223 510 152 14 212 62 88 400 462 340 251 3 351 85 193 352 497 251 47 56 31 479 275 460 332
210 326 287 239 49 564 127 48 250 462 265 216 101 358 38 216 535 30 108 581 2 51 29 161 445 4 309 225 91 536 261 46 124 481 75 207 202 129 99 286 302 146 7 117 142 0 113 587 58 245 587 171 158 212 539 110 87 13 92 267 479 88 212 186 293 389 189 129 259 215 266 58 542 242 155 279 77 192 199 77 125 368 38 88 27 405 270 236 80 296 252 313 126 274 13 247 82 240 387 285 69 257 226 571 219 294 66 209 371 423 16 301 133 66 249 20 257 274 104 468 239 107 220 232 580 119 148 286 37 126 449 89 219 133 105 92 198 189 156 176 328 282 127 238 87 388 561 541 179 148
23 579 449 422 54 43 217 468 110 519 293 565 135 11 137 32 421 480 233 87 524 530 65 103 567 194 18 414 165 160 501 161 198 129 489 291 257 104 154 300 426 504 226 220 96 502 0 261 58 426 203 569 386 86 235 251 363 6 270 84 493 290 166 31 44 250 597 87 89 237 331 21 249 468 202 343 204 373 6 263 35 62 226 431 129 37 197 584 364 197 216 244 56 162 442 175 379 209 343 459 170 266 265 84 265 44 273 565 6 587 168 205 284 420 493 167 571 108 274 68 108 114 83 291 6 109 600 269 574 62 120 149 130 137 106 164 300 517 228 81 160 195 93 519 396 493 343 179 445 158
379 32 319 242 555 188 116 125 267 295 300 571 155 335 73 535 559 170 82 525 126 180 579 361 142 170 127 270 213 46 129 547 131 183 44 472 460 140 239 238 443 74 162 247 552 300 55 0 522 213 402 300 17 75 225 559 194 508 279 184 547 170 298 41 177 313 370 272 557 256 87 256 71 249 157 203 179 460 217 130 505 47 462 41 463 234 42 3 174 294 34 20 148 57 512 551 132 259 203 104 254 172 213 210 560 220 229 220 209 155 171 356 64 167 497 72 435 286 337 39 54 527 131 191 234 280 386 385 41 472 339 252 275 290 97 10 200 85 524 42 196 492 230 253 373 125 429 148 249 204
45 531 182 257 175 303 175 167 101 495 313 86 55 541 146 284 38 274 105 55 27 350 409 315 260 358 111 60 150 240 160 532 206 498 556 151 251 68 177 597 442 538 385 127 36 294 343 154 0 18 7 358 143 166 189 562 252 338 125 249 326 115 200 202 294 39 312 217 191 118 479 337 273 271 54 570 437 422 598 31 425 27 200 569 168 28 20 321 340 165 345 401 122 59 321 156 428 11 477 540 522 282 174 124 382 586 504 503 361 42 329 99 130 456 117 490 190 586 353 93 347 29 269 297 5 198 48 272 438 207 184 117 140 279 462 183 153 535 577 75 231 128 47 172 357 220 221 597 72 49
127 443 496 411 401 347 10 194 22 82 243 290 119 393 125 68 209 600 2 189 3 278 285 277 183 360 205 239 110 68 345 290 69 64 35 19 264 17 29 483 267 279 107 286 403 584 503 122 79 0 371 30 261 107 198 90 141 203 114 458 268 255 327 483 16 96 40 324 254 169 13 223 218 242 372 268 271 27 199 466 91 244 285 484 330 214 315 594 551 31 139 310 43 192 498 109 293 517 553 427 341 153 463 180 275 485 297 522 494 59 15 559 400 282 360 108 275 168 207 581 359 506 486 419 218 41 401 70 215 439 557 54 228 22 59 142 242 135 40 31 252 182 248 65 63 48 171 248 281 21
110 315 237 593 270 237 106 362 210 189 270 521 482 106 168 27 529 456 95 114 205 470 54 436 155 485 258 70 336 320 198 273 313 131 254 431 468 61 319 3 346 44 288 41 264 214 212 178 85 381 0 175 284 207 278 284 597 180 249 289 271 282 233 42 193 118 316 283 266 252 544 287 484 109 148 280 176 126 104 495 116 186 281 161 357 281 77 42 334 9 311 233 270 580 266 424 4 176 571 564 43 228 95 235 219 130 260 292 261 71 510 234 432 296 26 528 422 345 490 272 541 303 272 354 38 112 10 255 17 401 198 175 587 55 459 119 218 372 14 231 198 498 15 71 187 153 151 26 19 44
67 386 179 236 96 262 548 72 313 263 11 486 111 536 524 241 505 514 351 45 54 77 466 125 420 211 265 118 43 314 80 544 582 599 110 59 240 83 241 299 215 5 455 109 291 225 577 578 228 229 361 0 58 239 86 403 254 198 454 201 258 151 139 255 269 211 41 187 599 165 142 365 348 139 70 120 348 131 40 31 278 176 339 411 257 205 291 413 388 282 276 290 39 5 176 195 254 139 99 159 338 208 241 150 12 323 322 146 75 104 493 111 192 129 548 396 219 132 2 231 203 240 571 42 266 342 102 251 186 80 107 219 388 444 222 6 535 147 234 293 433 452 218 180 332 211 13 223 114 149
422 550 322 106 274 35 170 180 142 269 260 129 470 144 123 522 59 265 49 429 93 14 21 28 152 144 422 435 45 346 488 432 211 581 81 246 239 251 296 399 259 107 348 111 51 85 483 33 371 564 298 215 0 84 274 436 223 193 566 193 247 137 320 534 182 441 51 114 54 392 558 132 325 289 184 78 502 264 297 124 505 234 206 320 4 58 569 486 130 291 209 69 566 166 69 474 566 77 61 11 129 540 345 127 199 299 185 417 101 239 182 485 187 581 174 267 17 2 52 150 13 97 461 504 599 160 39 262 183 113 109 289 35 177 9 261 428 528 554 312 254 409 56 182 468 468 354 302 120 104
234 545 437 150 162 428 406 248 139 523 103 8 33 141 404 253 438 268 584 462 287 83 486 89 34 348 61 165 192 259 286 579 270 175 306 125 25 45 477 204 67 535 82 123 325 186 149 235 430 172 485 292 144 0 6 441 284 304 256 63 449 142 161 111 472 359 134 169 557 33 26 131 22 67 89 464 314 334 255 187 486 36 97 465 110 371 433 294 216 132 61 524 434 216 77 245 393 70 245 49 43 365 268 315 125 259 189 151 295 10 97 150 98 500 398 166 532 418 207 114 585 265 166 166 473 183 454 280 165 104 143 53 512 509 288 110 272 50 58 66 138 191 125 68 235 38 84 274 246 143
375 3 48 255 214 454 579 20 47 90 80 224 116 218 19 26 281 528 48 590 550 156 135 336 279 371 120 159 221 194 277 54 597 205 43 258 268 401 120 11 521 120 190 177 515 296 70 67 34 56 143 117 479 298 0 67 25 117 474 4 280 287 383 94 226 6 299 79 498 114 227 247 44 461 586 244 449 373 166 61 212 13 173 218 559 15 186 67 289 138 114 558 4 173 118 268 239 566 465 356 37 68 299 534 174 58 130 336 127 432 400 319 144 202 45 305 54 423 109 303 151 445 99 138 193 148 19 290 475 63 403 263 297 52 20 124 398 73 533 193 104 298 28 83 318 29 183 133 295 384
496 290 197 473 74 238 104 21 159 426 215 61 173 205 46 28 420 590 55 197 423 93 440 126 158 242 158 241 290 137 82 99 54 215 78 118 97 443 571 279 310 233 17 34 101 394 166 222 282 383 558 209 25 274 93 0 168 145 137 89 12 435 104 122 478 80 292 385 141 36 126 411 453 136 313 77 268 62 559 360 44 319 213 210 163 487 114 259 540 54 267 169 180 206 104 171 527 145 161 242 141 530 193 243 50 468 230 39 20 285 235 75 157 137 228 438 390 163 515 183 39 264 18 546 31 215 20 169 560 382 129 334 118 191 474 256 588 212 87 256 492 142 59 250 102 446 144 119 369 126
202 460 25 228 71 244 143 241 276 12 123 363 568 93 81 560 272 90 160 63 344 422 202 38 173 256 227 70 286 83 442 299 48 98 266 103 51 100 222 495 127 130 298 233 47 532 15 102 180 228 241 438 75 328 102 181 0 444 240 264 25 166 424 12 222 1 538 281 525 29 54 502 18 555 70 92 206 42 375 148 290 235 552 300 427 55 18 120 183 188 20 434 233 541 227 232 157 152 253 125 305 494 197 60 256 207 1 58 567 124 195 294 119 453 191 392 159 4 440 433 139 197 330 330 468 217 317 283 12 576 233 395 530 304 372 160 171 337 186 142 24 74 162 203 215 517 322 457 135 171
324 189 1 140 132 157 539 188 100 126 12 93 254 302 86 422 58 111 487 469 565 201 26 387 482 239 167 204 88 126 62 117 121 263 395 299 7 234 66 408 154 77 586 581 122 139 490 200 544 241 214 248 451 208 398 119 438 0 12 211 26 257 126 298 259 266 393 274 562 290 214 269 332 447 36 509 445 316 47 300 385 178 85 2 31 479 415 287 101 168 209 157 192 155 247 218 280 484 35 168 58 560 448 258 546 19 128 361 94 17 35 260 7 173 166 177 162 108 146 232 197 105 490 122 77 230 259 212 98 462 423 255 352 232 33 73 25 242 398 118 230 146 353 473 99 321 182 377 240 71
147 97 90 78 131 100 249 282 525 475 443 165 133 265 61 300 548 122 345 271 238 52 419 71 3 208 193 194 580 15 178 273 173 229 212 166 114 27 10 563 147 182 224 575 469 483 224 58 25 566 41 46 170 1 40 540 52 337 0 197 353 476 295 17 451 102 564 204 186 69 251 132 96 21 189 194 192 333 347 124 409 127 145 180 77 445 290 292 104 430 444 216 37 166 262 28 423 32 235 25 84 180 194 517 254 62 390 315 330 280 380 532 559 274 60 598 365 370 298 75 178 220 421 577 294 184 423 324 147 77 104 350 208 127 104 175 252 580 196 158 123 110 12 252 5 173 106 544 270 284
228 334 338 146 121 96 531 75 372 99 438 9 173 555 220 419 294 115 509 64 493 163 87 544 545 254 99 62 450 137 261 79 249 265 152 203 145 266 322 314 498 342 123 137 32 84 252 132 175 478 172 148 190 144 535 220 410 133 65 0 8 151 5 489 256 52 375 233 95 209 296 218 97 240 84 114 300 261 58 123 9 263 246 242 180 304 343 178 146 11 595 181 314 252 447 410 510 136 528 124 35 127 465 343 263 265 201 239 2 229 457 434 373 398 66 416 7 95 403 481 582 547 29 165 241 299 248 274 401 39 201 301 43 365 226 281 97 129 224 284 91 179 513 98 55 53 217 439 248 94
188 593 192 383 65 297 72 305 55 255 22 567 469 109 31 226 112 7 401 261 481 50 212 3 160 343 73 538 192 183 397 293 116 275 296 374 385 105 286 285 256 267 259 169 457 99 236 90 81 136 19 98 18 394 293 153 91 242 268 270 0 389 195 234 4 250 334 564 79 225 49 136 36 569 495 182 167 170 578 82 82 327 44 407 94 260 123 112 68 45 204 30 297 486 307 23 199 41 86 51 356 271 72 186 395 168 39 33 3 281 178 187 14 563 595 137 191 322 196 249 587 523 54 251 256 78 432 168 72 156 90 224 161 161 108 17 428 262 81 194 412 276 189 276 20 440 466 216 431 16
69 371 397 589 52 224 397 7 260 533 55 63 598 484 422 53 241 498 372 76 226 51 374 163 188 216 578 205 256 266 296 167 111 105 45 19 25 77 89 256 313 238 530 97 285 335 127 103 448 125 225 312 213 63 155 339 596 25 110 223 207 0 220 567 335 109 256 88 427 70 4 313 412 187 416 183 85 206 74 380 280 453 177 87 475 46 194 200 100 555 61 266 507 34 269 44 245 519 390 328 317 49 330 583 47 297 8 272 506 591 346 2 63 93 102 344 433 123 67 195 228 89 110 49 121 570 190 296 202 408 132 148 592 25 334 249 155 112 363 38 477 252 15 227 270 549 239 221 179 136
331 313 15 432 167 499 192 38 353 165 114 84 185 555 542 360 133 266 427 580 576 141 144 58 491 278 211 80 485 153 394 327 176 467 515 138 424 222 524 297 388 144 117 56 440 2 356 433 266 115 57 286 124 196 115 128 200 19 148 454 441 204 0 83 318 397 243 187 522 99 159 166 261 531 197 132 583 117 40 184 279 436 13 136 480 251 404 179 481 319 538 81 168 21 296 554 167 104 208 176 79 272 572 409 149 81 254 591 513 267 245 529 461 331 91 339 592 298 280 242 39 79 78 93 89 86 397 493 519 148 201 253 372 313 256 160 102 264 465 82 405 92 438 587 338 287 136 347 127 79
190 355 576 499 285 221 90 49 444 98 97 232 350 233 530 511 98 113 283 99 73 390 207 137 160 292 206 571 40 341 59 264 22 269 271 14 244 287 37 273 237 372 229 545 420 169 69 144 295 448 204 60 124 1 349 592 520 234 50 33 351 365 34 0 509 473 258 226 282 232 245 113 25 151 511 68 167 500 213 245 277 120 60 14 366 595 137 24 76 90 278 169 237 193 188 220 183 18 580 146 512 426 139 563 259 184 34 246 67 89 45 290 403 64 118 53 468 260 110 301 169 371 109 581 182 93 359 96 492 224 60 374 450 290 304 111 551 500 270 6 83 158 223 245 254 380 274 440 226 252
314 328 404 40 133 185 82 378 190 2 179 276 41 89 298 232 22 178 158 314 86 253 290 159 448 8 467 78 33 11 144 163 70 55 504 201 4 293 154 340 81 414 84 156 246 350 311 268 54 465 559 290 450 497 565 414 253 466 283 186 237 251 403 100 0 34 164 35 175 102 123 429 274 179 138 381 543 188 289 217 97 176 397 57 342 167 209 67 331 121 73 71 584 297 178 243 101 213 597 45 541 304 267 169 503 265 234 461 152 1 271 17 88 470 593 284 206 53 173 236 281 568 183 50 173 19 492 82 97 66 100 139 221 526 248 117 357 472 327 568 27 65 278 589 55 287 169 154 287 261
121 204 600 57 191 282 171 293 235 286 27 165 110 59 162 26 151 10 47 257 175 424 520 257 480 250 350 14 164 474 29 473 236 241 34 56 212 367 162 136 199 517 240 36 169 501 282 244 387 47 199 424 242 185 212 257 186 411 283 582 19 482 318 137 35 0 11 8 64 337 33 173 600 263 266 291 115 148 182 399 449 65 599 346 244 148 190 211 324 96 181 187 246 474 150 227 290 600 107 417 417 176 15 324 120 508 253 149 254 128 290 169 277 198 368 428 173 242 89 236 128 581 155 117 93 586 262 111 545 108 432 170 557 75 134 179 362 291 593 590 247 77 17 222 138 270 462 312 269 139
168 140 172 213 476 44 286 291 293 226 476 297 141 564 92 11 382 95 154 363 581 239 227 276 180 152 390 542 527 380 564 591 225 99 170 131 487 270 562 538 372 286 78 170 62 300 67 504 430 90 243 126 96 327 353 33 28 167 495 4 99 22 118 561 17 147 0 228 14 207 560 338 370 111 573 72 284 176 365 458 332 119 284 234 37 103 115 39 77 191 203 290 582 201 23 137 450 487 560 94 310 40 184 192 77 124 321 156 108 571 105 80 421 294 22 367 260 389 69 19 483 131 353 459 207 137 19 196 71 205 222 285 192 60 299 510 279 128 224 163 108 171 411 503 33 278 506 146 516 51
50 593 240 441 153 291 213 16 550 537 15 348 296 331 442 27 169 219 262 419 23 182 92 35 2 413 34 275 414 37 23 454 297 67 498 198 35 139 271 214 175 264 144 95 29 175 360 217 552 118 513 17 486 69 249 62 501 227 98 52 21 223 145 126 77 333 22 0 90 475 99 85 86 128 152 252 251 153 68 211 157 225 4 267 271 116 102 1 287 82 193 88 316 451 345 48 31 364 187 408 178 490 300 388 1 582 187 566 6 519 237 288 533 208 60 430 145 244 144 495 583 505 87 135 473 227 565 51 168 193 233 192 469 400 538 92 461 491 302 248 371 486 476 368 59 578 220 383 160 271
539 143 162 68 418 147 207 429 130 480 209 44 257 198 479 80 549 128 261 359 274 296 279 127 297 553 375 354 176 245 199 553 459 166 75 228 422 365 44 35 270 424 96 354 36 550 13 203 231 267 65 393 299 285 148 105 78 178 503 144 139 81 124 7 154 157 163 178 0 152 69 191 373 248 308 84 525 141 141 273 320 47 26 33 59 293 58 280 422 297 9 279 126 277 70 442 154 364 311 531 280 70 234 579 552 127 537 355 90 152 581 34 338 235 111 128 123 507 238 37 580 29 175 291 51 203 41 213 352 79 101 149 150 523 291 287 51 445 367 157 428 317 461 426 279 199 534 218 28 461
235 212 110 184 407 50 417 555 119 583 345 250 543 42 564 497 17 481 322 153 257 372 61 522 34 152 491 232 125 134 180 151 57 189 339 489 171 457 107 46 91 31 49 294 398 525 83 274 132 325 4 85 474 319 430 126 306 145 9 486 474 154 188 431 463 381 160 101 566 0 600 199 279 268 86 317 239 66 95 33 194 30 83 522 162 548 331 141 131 412 45 107 165 331 270 445 475 41 59 206 450 16 501 67 100 429 354 583 112 300 486 516 162 349 379 84 539 511 249 31 58 334 34 482 32 236 46 267 112 69 250 564 64 169 238 200 56 31 78 224 507 297 247 75 218 251 534 112 90 153
43 65 83 263 410 440 122 235 11 203 82 118 440 111 276 337 76 9 191 213 244 103 255 6 230 274 322 83 27 279 163 497 507 148 106 448 267 443 48 340 443 184 166 136 507 116 79 422 273 113 431 121 175 73 336 488 474 272 238 196 73 141 299 430 280 358 285 486 596 219 0 23 27 401 323 132 50 403 365 171 547 85 47 119 550 584 493 232 35 16 16 374 172 355 308 115 339 273 70 522 351 181 279 352 171 287 112 273 501 236 487 162 130 446 6 34 14 209 134 137 252 205 324 78 216 524 225 232 548 137 597 224 248 220 44 482 64 148 415 556 391 42 57 111 230 63 24 207 183 399
153 187 165 418 114 86 447 94 200 554 549 479 519 134 375 141 509 249 412 545 184 478 363 112 600 382 205 328 88 570 108 146 332 571 235 336 127 480 19 434 128 86 597 193 86 549 244 45 246 260 285 77 413 245 206 207 367 91 412 226 429 588 586 71 1 62 354 203 115 217 16 0 158 177 137 253 310 67 86 504 125 51 506 493 344 283 70 37 444 209 203 165 218 141 20 246 166 78 235 305 17 583 200 200 202 123 441 228 189 320 268 35 108 79 161 99 76 190 154 197 99 178 236 479 560 223 358 25 347 12 517 90 263 242 323 435 170 165 346 573 586 107 322 153 164 176 296 139 398 547
317 429 386 277 166 82 321 505 94 48 252 18 587 128 84 114 132 228 576 263 37 532 481 327 29 279 256 481 206 599 429 234 569 70 517 87 457 48 465 145 457 452 31 82 380 350 180 173 161 174 159 275 83 127 238 200 282 270 272 51 93 112 327 488 121 110 9 207 60 243 216 235 0 275 346 322 219 23 87 534 343 234 164 141 35 500 597 79 230 162 402 554 196 108 216 82 552 215 13 242 189 232 529 450 288 258 421 62 444 494 110 5 332 463 191 134 118 20 123 69 350 199 28 205 57 473 575 230 236 152 468 382 555 106 223 211 33 471 36 470 456 267 144 230 258 158 258 171 319 293
95 260 437 122 22 389 51 212 352 493 476 123 350 432 196 395 25 408 290 550 55 73 483 95 145 50 327 298 221 300 36 49 62 583 31 211 188 7 583 487 447 365 558 66 219 74 219 203 169 217 105 294 74 106 103 507 538 94 198 244 84 99 200 88 109 556 216 104 37 494 581 354 404 0 188 292 72 196 230 182 87 213 350 25 31 26 588 3 170 175 113 135 313 532 389 43 224 339 183 300 156 89 435 464 275 340 168 222 390 89 273 170 251 189 57 384 31 596 70 423 556 227 283 545 346 134 491 166 587 306 71 83 57 252 109 296 343 146 191 107 588 178 155 111 250 536 79 233 365 232
9 588 302 260 60 468 184 476 208 2 552 34 195 162 525 202 161 514 248 265 521 263 279 76 178 224 30 93 198 265 500 139 356 404 293 80 582 471 98 54 477 277 136 173 155 122 116 369 363 261 256 346 423 558 253 187 211 530 130 207 56 290 2 137 186 274 538 77 83 367 109 458 562 135 0 31 356 164 586 155 552 591 229 186 580 166 276 290 537 26 300 277 179 223 196 352 315 185 448 7 156 57 6 201 98 477 353 248 74 267 211 425 268 252 540 146 394 521 60 42 268 122 267 51 490 15 398 531 584 145 97 137 34 555 237 176 141 55 30 577 77 281 147 144 502 146 48 219 595 592
157 397 491 3 22 278 531 4 113 161 241 127 541 229 391 464 236 159 1 256 11 48 393 72 308 143 68 42 472 229 213 283 289 68 212 345 14 46 400 15 91 470 236 144 403 52 9 248 343 21 187 377 288 85 45 112 330 207 188 507 220 21 313 475 424 165 148 204 411 238 96 300 236 238 138 0 23 166 46 477 39 35 221 467 442 26 105 238 403 75 72 178 413 3 58 267 415 560 274 234 568 515 60 283 164 584 92 40 356 276 156 445 200 200 485 335 199 274 216 78 246 493 505 11 576 368 394 145 134 158 516 361 44 383 139 336 189 341 200 359 464 106 168 203 196 271 595 239 540 17
56 480 522 30 278 399 103 271 2 373 199 257 72 112 160 50 65 299 84 463 215 403 140 263 23 131 487 20 38 169 8 164 98 101 158 320 294 76 113 163 111 220 347 19 98 473 122 224 387 138 557 236 233 180 314 297 15 115 163 45 66 38 230 245 189 530 278 261 199 173 201 593 352 211 510 147 0 100 79 490 516 219 134 432 552 421 5 177 284 243 538 234 541 367 257 436 9 226 111 25 21 594 27 344 569 98 406 175 522 158 350 162 67 423 287 60 577 295 293 65 195 11 198 445 401 496 71 81 544 41 65 461 169 494 181 341 588 48 292 241 552 275 400 582 160 416 554 288 575 433
323 165 507 73 439 45 87 137 126 539 332 229 561 171 233 3 81 573 278 86 243 113 80 235 110 30 45 120 170 173 245 226 362 79 3 163 452 351 156 60 445 285 42 449 206 180 307 156 267 546 277 115 345 232 285 279 292 157 104 530 171 150 379 265 119 196 554 200 474 81 15 18 215 600 56 335 165 0 575 171 151 504 534 138 76 295 208 231 176 213 334 170 368 159 467 30 253 230 217 157 590 207 277 234 181 34 110 103 360 210 51 335 255 267 499 121 15 92 183 250 295 230 60 362 438 212 178 411 461 297 114 70 248 592 130 404 480 482 120 413 257 114 598 311 101 109 49 176 193 512
505 73 219 280 72 294 369 484 206 282 231 121 156 104 241 555 58 299 142 147 427 143 124 295 451 355 284 539 494 54 258 222 378 102 124 420 378 600 383 34 136 306 61 283 441 257 186 374 90 493 293 119 262 93 52 258 376 295 301 240 491 81 190 528 197 441 35 256 241 185 286 354 176 147 216 24 190 259 0 176 111 175 121 151 58 183 366 256 224 174 110 533 221 228 492 483 142 187 239 80 155 192 388 600 501 414 180 250 92 219 315 259 220 573 258 68 19 90 58 67 124 204 42 166 218 272 485 225 523 219 260 251 598 491 525 137 154 102 168 194 69 22 246 157 184 254 220 164 345 28
536 176 379 212 224 267 205 43 149 128 293 586 120 14 227 255 88 297 568 25 129 238 488 276 494 139 252 29 113 380 104 291 93 105 412 214 200 431 263 284 453 64 41 168 214 326 32 131 507 44 187 364 282 477 564 285 132 42 275 172 134 367 28 54 103 269 246 509 115 100 79 495 587 422 102 291 56 37 244 0 359 381 92 415 210 64 84 15 36 277 17 132 183 142 48 36 276 250 251 251 166 423 378 109 349 237 368 268 288 122 160 592 75 496 210 594 34 150 18 460 205 542 185 179 195 21 471 489 143 51 539 269 59 208 156 450 280 294 298 189 200 244 543 354 504 296 173 60 13 240
269 363 75 146 423 456 264 150 517 55 273 20 462 148 18 250 196 456 38 224 256 7 100 229 583 221 196 22 263 373 510 172 166 59 158 174 259 293 91 231 483 132 452 32 557 439 51 301 108 501 101 532 47 600 28 219 570 175 203 550 113 470 36 234 136 470 90 12 458 376 292 180 322 417 225 53 379 317 72 258 0 69 529 275 211 125 222 270 337 549 93 421 307 340 375 30 39 207 378 454 98 186 307 270 80 87 256 450 176 592 567 259 277 234 521 437 299 280 223 485 9 130 219 393 141 287 290 288 284 55 360 61 88 256 103 248 382 401 177 271 118 137 522 116 253 64 8 71 275 588
461 580 184 85 106 56 196 425 443 355 256 47 543 70 142 56 546 45 136 173 292 102 292 182 137 536 577 48 96 295 395 88 22 160 102 190 1 274 150 276 108 139 474 566 557 333 215 166 463 351 588 76 222 269 155 316 161 36 249 69 264 522 566 83 245 249 59 266 7 593 98 521 138 235 38 18 202 320 289 124 152 0 197 41 282 78 199 316 127 272 328 190 337 49 112 194 233 413 120 119 40 44 540 115 70 478 532 156 220 198 484 36 117 554 420 192 74 266 263 435 518 163 300 61 279 229 183 235 210 116 386 160 410 514 299 172 79 353 83 565 516 460 126 318 107 264 168 2 523 91
16 27 120 280 583 5 80 369 386 237 457 184 488 163 160 485 39 63 144 267 532 328 95 122 66 281 265 184 79 16 413 281 381 367 23 10 210 487 128 123 591 225 336 348 5 546 128 54 219 98 593 437 106 263 511 266 33 217 29 153 124 18 197 192 253 445 294 126 468 57 283 198 257 157 132 69 442 517 538 285 496 400 0 265 191 204 152 75 198 141 224 464 113 121 551 235 23 250 310 202 18 53 253 221 81 134 271 438 76 21 241 227 164 471 574 486 561 9 49 35 443 186 212 511 60 25 292 465 519 70 132 104 312 382 247 119 97 232 417 278 106 180 164 274 522 64 424 116 164 154
195 136 152 234 231 168 444 70 183 127 182 119 1 278 276 143 593 489 208 358 221 406 224 154 128 36 278 135 317 383 50 147 77 344 482 546 201 57 101 182 444 336 192 6 185 82 276 253 93 269 23 113 31 354 353 162 224 459 512 13 161 237 143 251 12 167 548 138 356 287 140 516 79 55 335 296 473 330 257 249 119 174 271 0 365 380 208 443 7 128 270 7 566 212 57 93 584 133 414 277 67 322 31 565 600 550 479 402 162 137 36 36 221 130 560 502 294 153 90 173 194 438 113 397 500 55 222 68 149 7 384 556 117 149 155 299 69 124 318 135 96 555 191 53 315 83 66 165 86 237
248 73 276 514 475 149 66 99 594 416 90 198 518 316 384 4 496 175 75 240 211 199 204 156 181 300 199 241 320 251 17 67 415 187 54 328 507 268 147 553 580 523 564 97 410 59 587 258 243 274 262 299 285 431 171 275 146 135 82 152 152 310 501 220 85 36 334 433 275 491 481 472 487 235 46 302 3 280 20 90 61 225 330 293 0 40 114 157 324 348 83 180 120 286 166 234 290 16 171 314 64 129 86 403 287 410 264 261 578 357 214 382 188 402 17 20 114 292 221 82 36 463 358 247 382 399 51 192 382 214 263 350 131 209 255 273 337 196 69 406 379 83 127 306 18 182 219 262 176 582
257 253 142 118 273 530 376 281 521 234 268 531 289 481 391 474 222 595 393 97 6 99 47 272 334 256 125 187 36 181 38 225 421 145 474 151 337 60 48 251 90 192 35 94 251 219 598 487 265 17 105 100 134 98 352 14 552 144 235 63 98 152 323 158 69 316 253 277 364 101 518 97 72 6 282 88 98 160 138 225 348 427 432 404 159 0 255 229 39 514 1 459 111 440 211 482 50 486 211 460 298 297 293 520 75 117 148 595 450 529 592 412 19 582 159 556 315 419 8 390 107 110 192 60 65 249 299 132 417 258 377 54 71 288 473 8 315 74 33 180 212 214 37 146 37 418 117 503 240 43
85 557 77 473 265 27 491 39 273 125 123 105 116 128 156 24 172 195 436 291 68 203 362 195 219 75 233 544 291 176 476 164 513 436 332 402 185 221 559 218 224 11 192 209 297 405 213 141 94 216 26 159 22 1 569 6 76 125 219 46 567 5 149 484 74 352 558 504 514 189 31 82 329 501 225 191 115 130 13 573 353 537 82 94 145 446 0 574 1 182 268 73 518 100 577 283 227 306 56 562 96 90 213 27 131 182 84 547 423 222 188 313 482 93 253 334 110 20 203 219 251 19 393 545 249 308 233 57 571 97 189 200 58 49 6 36 212 299 288 594 131 127 74 280 31 542 12 380 147 174
268 5 81 518 492 349 338 291 7 195 73 197 298 99 228 105 431 147 561 86 100 106 139 239 67 180 32 268 278 403 386 368 344 428 122 207 83 134 254 116 137 293 125 181 581 114 332 151 156 164 300 296 247 37 45 131 426 142 162 143 447 540 99 599 249 267 421 91 218 60 383 264 440 87 279 120 462 32 261 365 101 107 192 249 223 105 220 0 5 293 540 529 492 367 473 117 97 136 174 19 88 454 174 232 149 297 333 303 88 107 77 62 5 25 251 198 258 129 344 482 2 509 98 62 161 97 343 246 586 49 341 388 580 252 124 431 280 479 199 35 240 56 396 517 280 129 77 188 50 240
472 177 104 170 135 535 62 204 516 208 234 307 205 373 135 262 256 200 268 195 86 47 2 399 169 219 427 184 389 196 401 358 43 344 497 450 37 192 253 29 431 94 80 159 37 131 324 575 258 336 593 386 15 26 301 430 595 249 30 13 121 186 578 94 346 55 592 319 403 101 210 42 153 149 68 186 591 234 75 59 477 217 58 518 589 34 387 18 0 9 15 104 261 100 36 121 148 214 423 540 362 500 273 3 96 82 185 343 308 257 232 192 298 48 64 162 343 446 203 275 445 44 403 233 337 62 167 271 59 225 434 5 566 51 585 424 92 220 214 472 58 599 154 129 166 154 36 226 298 184
276 190 46 308 11 51 467 200 591 115 519 18 209 563 67 132 446 42 240 498 124 415 518 563 548 224 361 16 503 218 138 117 213 248 481 199 105 467 54 160 252 145 597 256 404 338 178 239 233 466 582 400 98 68 196 378 342 257 149 61 342 580 20 51 115 60 425 305 507 181 258 29 503 88 175 89 38 187 109 587 329 21 35 78 548 269 575 564 159 0 252 212 257 196 49 278 451 262 116 45 177 249 438 120 84 196 234 244 378 99 42 101 525 265 573 148 422 444 374 365 103 124 265 246 319 583 36 114 10 20 50 246 558 137 54 23 193 93 480 336 67 192 455 98 186 100 244 118 581 575
49 91 491 273 360 541 105 368 55 12 249 345 63 300 368 152 150 31 48 232 525 526 282 472 30 527 579 256 175 34 350 122 243 415 121 141 169 119 67 149 282 465 148 155 229 538 423 119 575 474 284 229 176 174 71 530 582 11 479 111 510 402 252 275 594 173 74 70 85 87 401 395 10 153 86 325 379 567 518 225 48 514 544 261 185 42 138 110 105 124 0 53 2 430 351 211 150 123 149 149 12 101 473 593 161 20 461 485 232 197 395 162 112 150 62 72 236 135 145 28 24 261 127 31 193 156 153 401 245 96 598 337 37 541 35 125 406 430 273 115 185 384 161 270 399 263 270 565 237 401
304 185 220 490 41 446 83 273 139 128 295 106 163 168 227 254 337 147 170 232 140 181 318 198 52 245 20 217 279 77 166 141 209 46 166 286 3 102 56 4 552 576 414 7 289 286 235 593 581 212 90 528 47 293 535 62 393 279 429 3 517 519 87 92 154 304 464 162 508 150 544 503 80 289 47 102 265 168 162 258 237 593 344 53 250 161 345 507 31 68 302 0 155 117 340 378 270 69 111 49 261 180 230 45 127 32 158 448 203 125 164 291 335 167 125 338 70 19 600 413 417 202 34 84 45 109 195 205 12 452 170 166 264 133 32 172 505 211 436 347 218 61 151 451 189 207 363 244 278 149
32 218 504 203 132 184 191 68 533 67 516 23 197 249 249 285 109 108 313 533 270 277 231 133 290 20 167 390 176 224 282 452 350 571 280 66 86 158 84 211 94 272 535 239 63 11 88 211 219 71 144 385 169 142 29 212 293 419 203 66 505 444 336 133 274 257 288 476 545 269 199 13 296 55 172 249 355 6 106 3 6 227 251 464 218 523 270 279 458 377 179 202 0 201 529 87 20 68 233 31 548 14 346 384 244 476 201 178 164 63 252 103 94 325 145 385 61 242 291 222 182 499 93 91 242 291 328 277 337 167 60 310 96 332 108 288 188 235 188 11 35 88 273 389 441 122 176 132 487 391
47 282 154 364 350 212 182 233 223 164 390 301 348 199 48 241 214 162 71 185 112 195 221 36 200 74 29 141 97 518 247 69 580 36 144 567 527 200 177 259 318 487 291 23 578 233 262 201 250 423 131 70 306 402 435 39 264 243 223 118 80 228 91 354 489 422 120 300 128 139 25 262 15 319 352 250 280 280 380 420 148 389 295 198 483 268 458 23 239 202 170 328 586 0 215 541 486 167 206 301 111 595 78 218 518 209 461 600 45 93 296 108 367 285 382 468 251 111 151 179 295 129 251 234 146 308 528 276 43 250 596 36 93 431 206 523 186 459 63 169 238 592 226 276 241 266 60 27 106 417
204 551 527 262 100 35 279 39 21 18 215 160 81 529 21 26 41 172 263 188 411 502 172 131 146 225 188 79 596 351 114 524 208 273 266 510 574 252 435 190 62 119 159 198 183 503 208 483 286 444 104 17 209 526 240 517 218 412 311 264 213 39 318 260 194 122 85 293 265 223 279 498 108 51 36 250 131 148 243 106 500 398 174 288 30 448 146 437 411 115 428 211 509 433 0 203 518 27 205 346 153 88 34 274 248 200 22 52 289 3 392 180 295 160 499 89 66 530 553 18 165 144 137 590 211 48 498 181 75 429 10 77 360 518 442 166 255 173 38 429 43 246 113 35 172 552 180 151 377 190
517 154 226 512 181 123 409 55 51 283 172 463 87 48 236 208 335 130 156 219 219 117 211 60 97 69 492 76 249 156 222 238 150 128 272 73 355 220 381 170 239 300 187 112 594 39 255 535 156 174 281 584 439 55 85 80 485 554 259 301 208 184 63 249 210 405 163 281 285 354 148 327 73 104 221 60 591 171 323 156 222 149 74 31 445 75 260 84 283 61 259 337 276 297 521 0 213 45 259 159 529 216 81 203 260 201 26 346 271 32 105 1 540 341 64 25 503 204 179 461 65 498 195 11 173 452 163 120 27 343 357 301 180 11 212 538 480 581 489 313 18 517 52 1 118 12 242 391 104 130
376 133 249 429 181 495 256 250 103 130 190 295 552 74 76 117 259 219 97 19 89 233 45 520 571 186 477 273 227 124 455 219 558 205 76 65 287 273 269 120 299 300 108 294 112 147 219 569 135 166 311 81 112 54 7 557 203 15 191 337 104 56 395 182 219 449 396 147 174 107 76 438 295 86 197 269 84 518 571 41 5 191 571 257 47 169 125 440 380 107 30 189 553 391 103 134 0 92 449 210 259 254 348 27 224 241 43 104 26 82 34 505 100 25 34 172 503 277 173 174 443 170 199 205 129 295 292 85 178 72 197 374 239 64 88 247 111 277 230 231 299 267 33 45 11 155 304 152 254 106
218 283 247 327 333 166 270 175 101 46 7 470 31 108 33 46 309 319 332 38 161 91 152 320 497 165 4 149 395 83 217 288 480 7 361 56 47 362 297 502 323 133 46 13 479 259 105 292 76 277 340 150 248 415 485 59 242 288 384 391 148 465 7 111 44 341 202 272 289 119 123 57 184 132 416 257 245 282 277 177 211 53 405 133 105 156 342 528 517 185 480 158 370 333 390 172 8 0 99 346 40 72 112 133 187 4 111 180 224 32 250 39 234 174 297 377 5 477 277 547 88 225 32 263 178 108 152 265 27 527 591 115 10 176 593 105 96 116 254 119 300 28 72 32 60 267 576 8 167 75
184 57 95 149 186 36 280 22 218 92 195 21 16 45 74 277 94 236 596 359 456 162 114 149 163 583 183 47 201 393 334 176 272 103 476 15 543 297 300 322 221 335 287 278 45 117 148 182 470 479 122 496 363 19 110 452 281 497 350 37 65 378 170 473 574 42 459 52 118 161 551 177 96 235 208 123 201 91 61 40 590 135 142 600 44 19 49 186 575 227 227 13 362 97 82 138 385 187 0 377 433 231 537 469 220 478 282 265 69 174 96 23 236 189 147 105 86 478 470 489 88 80 265 117 171 48 42 62 286 453 307 1 151 175 420 468 158 114 242 167 404 326 154 515 290 334 504 134 45 137
382 169 84 141 119 96 44 381 358 540 115 328 463 218 104 527 112 573 239 388 59 286 167 383 146 273 278 315 505 22 59 523 253 575 195 130 79 477 282 415 175 538 295 234 46 246 6 560 93 379 156 248 52 344 139 477 291 585 304 288 272 42 544 171 286 155 204 173 93 99 593 276 324 9 159 436 595 140 137 381 149 14 514 132 367 146 481 595 96 171 276 241 354 415 441 268 13 573 547 0 103 172 300 261 108 501 404 195 236 38 132 348 189 331 93 139 379 115 123 79 148 389 77 205 37 571 75 290 426 233 104 178 147 254 203 592 27 77 418 500 222 78 411 161 169 213 549 236 193 13
238 48 241 270 471 453 282 131 453 116 150 221 43 78 307 376 292 162 120 102 66 368 198 215 65 458 63 33 11 252 135 500 299 121 2 418 577 5 490 396 213 191 429 322 279 294 165 471 21 570 65 116 156 100 57 32 248 8 23 174 265 203 236 13 168 276 357 185 431 104 252 99 494 24 490 540 218 166 481 420 536 353 120 107 401 192 277 167 75 96 152 13 105 556 215 160 125 5 317 267 0 233 153 296 189 138 232 481 334 150 571 395 355 194 133 60 85 85 490 103 198 506 112 214 13 158 136 110 11 224 278 10 160 590 30 322 395 92 82 250 66 255 392 450 563 296 297 85 398 300
96 185 97 431 305 111 356 232 538 125 391 111 252 88 194 2 537 72 455 171 399 507 97 164 67 537 418 183 42 476 12 545 33 32 31 218 539 494 45 264 299 90 218 278 226 287 82 221 281 152 14 127 10 230 5 415 410 22 155 409 152 325 169 548 536 152 108 506 521 305 563 79 101 92 155 245 160 7 172 72 149 398 26 14 86 587 295 19 599 14 96 77 32 400 502 149 249 79 477 20 71 0 51 444 172 6 115 99 591 375 190 469 239 131 311 39 297 36 420 45 281 554 8 366 488 231 194 191 116 243 575 65 90 180 27 236 269 246 344 22 121 234 77 180 457 239 263 287 589 593
139 13 281 44 102 37 35 226 62 196 195 568 180 220 558 136 259 405 51 73 170 57 84 525 316 317 292 104 514 276 96 393 383 484 317 515 378 222 76 22 479 346 383 100 178 514 471 14 218 281 159 97 48 183 129 66 161 158 546 589 351 498 544 138 5 327 145 161 301 200 235 86 175 534 96 84 129 265 253 165 350 169 454 308 71 450 165 497 64 583 131 137 211 333 280 270 65 298 181 480 124 133 0 421 59 320 29 73 51 100 280 347 157 297 100 101 214 246 89 228 42 197 201 131 120 106 386 485 38 4 270 154 246 165 526 52 64 144 329 134 264 178 295 199 405 321 471 440 165 160
100 235 270 481 120 201 18 161 307 193 186 43 86 342 141 228 78 84 275 182 596 464 138 70 298 111 182 574 234 144 448 2 372 279 465 9 266 170 285 208 68 446 348 10 322 112 168 292 93 150 164 564 285 136 267 467 450 545 369 213 263 160 113 272 88 60 478 309 36 142 192 103 175 213 127 291 572 129 110 401 298 64 110 127 33 175 41 201 146 62 510 530 564 580 176 519 484 243 298 266 396 149 12 0 495 80 343 279 24 109 342 89 259 160 393 578 102 39 242 98 97 376 193 91 242 153 222 429 319 460 298 79 260 218 218 597 249 86 551 248 520 159 240 420 286 255 17 191 294 169
286 109 258 517 210 405 529 444 270 503 41 189 168 251 239 53 232 173 412 508 177 107 100 143 223 538 96 482 551 284 134 525 185 180 52 240 216 312 376 228 118 67 229 102 160 155 187 406 92 360 186 15 280 368 308 309 440 215 298 411 46 271 176 20 525 283 49 367 489 270 428 241 474 182 174 230 80 172 468 305 63 215 382 354 309 141 275 232 197 569 297 19 322 28 69 121 131 311 280 82 141 93 38 97 0 167 149 419 573 198 119 579 24 62 221 150 529 288 365 87 151 294 253 151 591 156 91 289 432 40 255 556 168 18 45 580 33 328 143 153 84 12 135 59 448 211 314 90 128 444
457 40 21 190 471 146 12 277 180 144 105 75 288 299 261 422 208 283 229 195 522 167 301 97 463 79 60 38 22 62 252 236 245 142 36 187 121 258 140 69 153 443 132 468 203 422 138 246 112 183 358 380 343 191 4 230 232 156 130 152 326 21 24 290 533 37 260 512 6 92 13 286 54 82 46 190 67 251 521 113 121 96 492 196 57 60 82 141 258 109 4 69 4 200 257 84 497 45 240 2 196 216 55 399 105 0 113 168 141 191 400 51 48 261 135 11 245 196 115 324 29 111 156 533 483 124 236 66 33 558 494 534 268 535 127 47 182 76 229 281 372 223 130 538 102 486 344 384 92 432
57 390 27 50 20 105 39 420 300 106 272 281 236 289 197 29 45 268 98 234 15 42 333 540 403 557 227 60 567 305 236 129 245 408 118 28 464 5 124 469 97 119 149 124 378 211 107 573 186 13 219 575 100 131 207 134 562 237 297 90 99 288 299 114 545 211 44 117 171 187 47 372 119 482 106 129 508 429 247 339 235 172 104 220 217 74 576 526 393 59 75 95 105 108 291 593 41 33 212 92 186 190 19 59 160 361 0 208 23 253 303 235 250 319 464 90 2 286 417 253 19 220 282 100 24 191 231 240 150 166 78 275 136 126 108 99 463 156 99 40 294 465 241 276 179 105 528 57 97 447
396 260 223 27 47 245 420 203 235 74 541 285 126 329 422 46 223 199 599 53 527 71 363 204 447 102 199 160 110 125 301 198 349 226 3 69 270 282 72 97 365 599 124 41 124 176 228 299 202 138 311 551 27 18 4 113 594 97 213 263 546 153 146 233 383 128 366 49 265 285 75 29 115 230 431 57 134 211 281 83 257 275 538 499 374 147 487 127 137 55 505 524 102 131 413 209 207 337 110 587 327 46 150 243 5 157 295 0 15 552 571 412 291 244 217 96 233 402 82 372 113 35 113 19 246 297 550 368 257 124 527 58 491 76 391 291 195 80 82 198 303 124 198 291 391 277 25 239 81 300
120 164 206 77 279 270 197 557 544 82 193 274 34 178 209 107 8 150 526 369 492 303 471 3 298 233 152 193 242 102 76 244 25 566 270 153 42 128 198 344 152 288 204 132 444 363 18 335 65 249 473 263 1 105 143 8 24 227 509 297 24 121 560 159 247 446 243 392 6 193 464 113 187 151 528 97 295 125 242 81 51 168 586 232 311 7 255 415 427 420 572 48 500 281 155 534 203 18 499 164 20 430 552 7 60 201 240 269 0 101 134 466 439 125 203 207 511 36 38 135 294 132 247 67 198 178 271 152 141 137 152 251 52 83 254 266 533 502 69 270 22 193 237 452 224 103 521 34 228 509
154 10 247 1 36 355 31 393 243 146 273 562 228 98 50 90 194 583 89 134 454 91 235 102 219 147 121 100 221 590 327 272 308 279 371 506 37 306 222 196 553 173 59 398 43 413 6 153 116 251 291 37 465 355 399 491 228 24 322 479 196 408 78 252 116 580 203 33 5 103 229 219 479 330 108 98 446 389 465 3 542 336 292 218 70 186 205 45 304 566 2 530 26 42 582 576 74 280 89 58 370 228 406 38 20 473 556 296 433 0 361 184 191 588 501 7 3 440 318 169 143 28 303 233 577 419 454 22 122 52 267 266 44 591 39 381 395 88 96 401 283 563 152 243 106 418 24 351 115 202
466 450 472 425 8 354 347 53 329 265 185 215 75 595 23 70 357 71 277 236 61 144 409 546 580 359 98 89 75 396 42 150 444 11 566 100 225 235 239 30 471 240 2 39 232 176 117 384 143 437 277 276 511 123 90 221 432 256 532 279 89 329 232 401 43 196 208 373 17 137 172 492 219 579 17 345 121 166 152 206 216 244 217 82 12 274 150 394 305 283 480 214 249 71 327 267 506 381 239 81 342 115 218 373 412 1 164 79 192 24 0 151 276 2 79 598 178 188 326 275 103 17 457 104 194 167 131 33 414 87 73 333 252 428 33 254 243 62 129 146 298 15 22 379 527 315 335 103 250 542
166 234 19 204 31 379 370 384 107 230 2 232 2 157 142 218 136 359 595 420 469 540 497 27 361 98 134 518 124 568 163 326 299 509 204 324 368 52 211 135 182 93 147 348 249 117 156 585 592 307 425 397 562 306 69 182 560 253 183 269 236 449 266 221 355 60 207 504 189 203 177 190 69 310 177 54 14 94 73 62 411 119 195 496 133 102 331 222 43 395 568 455 419 481 413 396 96 503 263 79 230 216 98 234 4 164 179 310 65 283 268 0 586 396 20 88 423 27 230 106 130 266 300 12 8 297 94 220 6 126 360 172 155 32 39 560 83 129 361 56 63 47 597 82 497 568 302 198 72 547
192 358 86 258 132 295 314 465 487 453 83 93 33 113 419 120 75 96 201 160 72 204 586 553 250 168 59 27 296 505 324 198 101 532 149 520 536 287 247 11 432 516 435 249 248 2 491 61 66 94 231 142 337 552 240 34 234 213 72 167 482 263 102 275 108 551 203 299 32 27 509 5 346 585 118 5 99 71 495 558 70 54 277 537 226 420 215 191 493 288 278 591 193 149 488 458 518 519 86 173 133 65 300 118 281 21 234 320 324 269 412 512 0 348 232 192 438 143 124 344 176 444 239 125 251 217 310 213 570 214 161 149 282 48 283 510 271 496 160 274 324 71 129 489 226 55 217 88 236 339
94 196 186 462 394 148 496 392 419 122 593 334 255 501 182 144 27 16 507 534 268 154 252 511 487 138 130 566 210 590 177 223 437 126 244 299 119 155 428 558 272 208 243 293 154 313 29 216 21 345 12 104 91 162 411 159 255 362 556 257 153 573 219 258 188 90 92 287 268 136 68 134 24 7 436 219 213 278 1 4 130 345 544 234 97 129 535 233 81 232 324 525 21 569 173 158 249 402 151 166 539 360 165 212 315 76 262 404 143 21 381 35 283 0 221 324 239 504 287 39 297 113 149 35 142 189 358 293 24 336 196 170 103 522 513 1 177 232 10 581 69 142 205 105 49 514 86 320 203 111
41 406 61 116 125 195 5 290 67 124 326 250 594 145 162 562 485 30 278 256 48 21 122 291 174 158 514 278 352 421 352 102 281 582 217 110 209 493 363 332 154 442 93 586 426 49 153 517 279 473 570 246 251 127 481 224 171 232 14 190 70 348 43 15 271 27 76 102 201 218 549 196 589 28 85 27 25 134 194 245 561 213 232 176 353 411 23 533 33 66 134 110 48 106 97 264 354 42 52 395 285 57 12 250 174 63 116 507 209 280 153 19 77 281 0 380 114 382 228 244 219 404 240 490 540 2 298 309 339 39 565 557 287 152 436 389 22 115 261 267 126 503 39 27 173 179 67 73 50 568
380 78 551 502 175 189 155 24 155 114 449 64 333 217 342 128 321 94 519 48 400 496 592 514 265 61 278 170 18 62 284 18 283 30 551 93 499 394 225 43 279 166 63 139 123 261 169 234 4 558 12 60 440 243 267 380 60 115 196 120 95 58 413 389 88 195 97 62 74 150 513 238 284 186 225 251 515 150 184 256 426 360 144 396 205 71 282 598 16 566 164 269 46 250 7 208 58 266 109 443 133 251 295 35 246 378 109 28 176 84 89 150 224 251 349 0 218 178 29 478 60 153 196 404 442 113 11 145 332 4 140 499 442 65 105 152 240 289 157 385 162 413 562 162 111 181 153 51 215 156
156 194 179 527 216 477 291 236 109 70 369 179 303 321 274 180 539 405 55 596 437 168 238 405 596 176 296 36 245 249 76 2 179 93 115 131 124 467 455 86 32 333 281 97 420 278 62 295 452 443 44 571 4 339 149 131 114 582 549 469 10 596 78 36 290 274 580 3 381 154 302 372 96 430 194 317 526 484 561 159 70 97 105 112 69 92 186 125 246 122 157 315 437 375 168 366 444 78 9 285 266 427 590 499 550 221 245 38 134 521 29 179 155 246 426 229 0 509 236 312 208 445 355 186 126 183 187 310 155 599 83 284 126 299 69 224 202 517 449 246 51 180 116 162 245 515 278 501 289 120
217 22 157 112 548 48 262 413 270 10 59 508 369 317 289 181 269 118 282 196 516 32 377 301 268 235 125 206 240 320 153 69 182 354 24 440 78 294 265 40 571 101 267 278 84 18 56 482 250 522 174 109 409 439 189 18 367 125 327 370 260 158 327 105 70 546 186 399 104 37 174 490 448 215 416 442 248 92 215 201 282 447 391 160 441 51 370 107 225 121 100 102 222 342 111 598 260 279 64 133 296 243 300 170 200 423 237 205 162 2 111 94 261 12 282 474 392 0 204 271 176 148 465 400 370 116 364 331 545 358 198 174 530 197 140 22 155 143 554 517 479 53 128 139 554 148 369 462 389 186
56 144 140 279 211 161 116 197 177 66 229 90 287 106 460 212 153 81 148 600 245 551 599 359 110 527 125 192 225 168 528 101 32 143 205 208 290 57 83 400 98 223 216 386 255 304 181 52 421 23 343 339 351 407 72 302 284 347 129 241 183 44 164 467 123 192 91 218 340 85 393 56 140 281 236 149 462 59 569 265 259 219 125 165 216 191 589 204 244 542 449 297 570 548 322 600 31 49 215 80 295 396 149 148 471 291 15 185 534 516 268 190 241 227 467 194 335 168 0 59 21 364 119 125 449 144 587 204 259 102 174 46 474 151 68 221 229 54 466 258 73 343 254 158 522 185 448 273 198 574
142 17 385 385 264 207 6 215 275 489 13 590 132 219 182 4 311 207 92 482 178 17 87 320 5 87 392 256 36 83 527 81 130 163 154 203 271 104 24 540 136 245 600 129 467 371 45 392 41 304 114 134 107 583 21 102 46 513 22 186 546 444 279 284 171 254 467 468 48 425 268 176 117 171 298 19 133 238 118 184 40 122 39 242 179 55 170 226 291 286 235 109 531 156 167 393 36 267 268 198 592 62 193 292 471 112 39 303 272 432 94 247 143 38 336 356 251 71 135 0 139 322 111 218 297 108 165 293 141 416 225 290 579 157 203 216 137 215 10 374 99 69 460 202 271 99 570 294 174 99
13 415 282 172 197 181 314 79 247 567 59 216 283 260 442 578 143 214 44 434 255 548 380 428 27 35 209 62 283 281 299 253 315 200 110 162 29 218 69 104 108 286 221 96 47 91 470 172 31 300 279 143 92 567 171 263 544 446 366 584 22 80 74 227 78 423 469 367 452 528 319 384 281 212 174 506 394 327 400 385 351 179 529 439 564 561 386 182 208 265 551 126 322 503 235 443 134 396 89 63 154 130 427 557 248 458 78 581 213 60 164 41 109 596 479 297 124 347 95 15 0 547 200 424 353 286 216 600 42 300 596 18 78 382 157 453 178 218 293 146 228 381 575 419 264 298 223 286 160 299
482 250 143 240 9 267 276 479 105 152 275 107 135 35 534 55 56 82 9 301 46 441 529 349 424 26 142 519 56 206 258 63 539 452 200 289 21 409 236 5 45 240 145 241 19 3 188 21 47 513 246 250 26 164 501 211 86 267 542 9 221 99 220 303 137 533 234 456 522 32 408 218 155 113 171 15 255 266 183 56 265 192 498 400 125 86 84 359 121 251 151 115 60 409 193 19 131 343 351 251 210 26 75 414 571 289 518 51 187 60 250 116 255 175 74 476 47 113 63 222 556 0 236 441 296 584 342 427 122 494 406 142 219 341 363 438 591 436 485 558 50 139 159 586 584 174 248 195 10 38
357 31 62 179 231 53 39 452 447 580 69 424 594 268 481 292 154 172 578 68 168 157 119 334 327 214 343 64 492 485 280 377 347 166 170 501 193 539 35 347 173 299 480 256 515 138 136 176 301 145 225 36 281 442 250 524 524 340 133 28 1 550 148 71 379 279 48 138 161 225 320 563 9 232 592 58 259 409 57 34 150 114 540 321 149 338 20 85 113 109 268 445 177 112 451 141 109 91 383 227 250 309 487 430 529 487 400 522 223 223 116 51 472 490 158 397 77 151 12 152 565 143 0 285 91 67 492 139 195 244 23 283 161 168 53 18 210 146 532 520 98 461 191 572 76 453 56 127 458 376
80 24 198 164 334 354 548 283 135 47 198 259 331 222 413 521 154 442 139 313 2 74 13 220 133 147 441 183 269 373 21 40 129 550 553 114 309 76 359 360 59 313 62 85 156 331 131 121 182 434 91 207 343 234 312 146 97 102 294 408 214 229 238 320 471 80 79 359 293 54 397 139 176 223 300 7 216 129 193 244 209 300 325 260 157 51 588 44 425 11 273 248 16 506 174 174 483 211 185 198 250 77 319 206 64 149 48 582 87 57 21 110 53 134 178 382 148 543 94 63 179 95 570 0 202 355 236 294 130 496 22 376 65 404 460 274 95 257 93 60 425 114 179 43 206 186 250 94 249 70
94 54 254 188 168 243 9 96 330 488 291 151 180 427 224 202 202 107 209 226 92 121 468 5 322 229 9 42 173 242 182 34 532 134 21 149 525 467 416 255 163 61 418 182 32 243 15 448 204 92 139 134 76 425 295 305 272 380 60 157 2 109 155 43 129 439 103 479 549 236 20 205 167 145 152 295 43 275 2 229 41 223 60 177 250 249 144 492 157 172 468 27 322 280 258 273 86 211 110 256 160 231 294 414 300 203 18 259 208 395 481 218 349 231 20 375 151 237 100 462 338 88 84 518 0 299 558 424 252 451 482 195 246 160 386 75 254 114 56 2 244 305 305 592 341 467 246 105 123 219
190 372 268 147 1 79 148 349 194 52 57 328 94 557 332 189 164 154 422 316 241 163 217 40 409 123 423 115 231 276 135 312 9 568 296 247 267 152 170 203 455 548 163 186 76 34 249 276 231 310 187 168 146 168 487 30 438 201 32 13 516 152 242 190 285 544 351 341 244 267 256 255 591 541 65 94 515 520 426 472 82 119 335 353 174 66 158 182 276 106 457 505 201 258 296 115 110 371 54 196 348 87 158 111 242 563 282 39 184 332 301 181 143 127 201 183 577 150 17 388 57 248 465 233 116 0 74 97 80 245 197 293 263 49 400 120 123 132 218 572 172 69 264 503 2 194 534 8 64 332
127 208 548 123 267 248 185 525 47 206 145 184 46 247 81 16 287 133 267 564 595 210 462 164 585 184 202 48 221 99 163 53 387 207 135 193 161 28 262 84 307 261 290 187 38 243 108 467 355 374 287 10 81 34 503 58 175 223 61 502 201 104 250 23 59 38 559 51 530 307 191 7 208 107 101 108 450 142 194 154 496 122 151 545 326 338 481 3 53 6 117 229 164 151 384 394 93 164 446 71 204 193 176 47 250 473 515 187 466 76 475 21 15 326 353 98 284 297 41 145 267 358 270 158 256 183 0 512 23 169 463 527 187 284 561 560 45 14 590 371 55 510 406 20 149 92 488 66 283 339
413 98 103 16 236 172 183 443 215 440 377 233 255 465 69 580 249 229 238 263 300 137 65 279 382 474 409 140 298 286 221 500 314 80 228 147 146 496 4 290 204 288 296 101 20 270 17 440 13 89 503 282 55 25 142 247 373 167 223 95 25 506 121 353 416 93 215 130 123 81 88 3 597 581 16 10 289 222 408 85 324 215 134 174 254 451 275 57 151 242 215 184 62 151 341 505 521 68 344 37 118 508 119 51 223 82 201 560 66 365 407 228 144 561 62 249 493 58 550 46 172 154 186 483 496 482 468 0 227 279 534 539 60 522 69 147 129 32 122 13 403 64 589 130 218 112 62 509 444 153
1 118 173 169 197 513 510 214 362 559 427 44 224 28 266 551 271 98 166 253 214 527 276 257 270 6 453 79 206 274 122 269 218 506 176 192 219 474 509 236 253 152 435 133 104 76 189 294 186 286 399 208 98 159 175 448 106 34 73 293 283 520 245 84 198 255 205 178 214 204 187 248 286 132 174 128 455 229 171 74 463 549 196 292 149 34 130 131 96 345 170 118 29 5 379 143 250 179 467 250 90 283 6 349 82 102 118 25 80 522 299 59 372 3 186 465 202 489 181 300 161 336 213 187 284 277 229 300 0 96 31 25 554 371 59 381 193 465 127 51 239 556 18 206 404 22 320 128 8 190
267 86 133 445 216 136 129 20 268 109 212 151 13 202 318 485 300 38 512 194 290 181 145 503 402 134 299 52 200 77 198 13 103 277 6 355 259 135 245 311 65 348 274 141 261 164 435 471 60 13 41 96 286 92 297 537 281 413 544 123 331 271 147 249 288 206 280 262 25 281 434 160 202 206 579 217 271 86 6 56 182 51 206 183 94 78 369 356 186 198 13 27 65 300 66 11 8 253 512 272 2 269 248 15 272 110 441 176 530 91 380 269 518 50 47 127 191 138 45 198 17 130 91 580 148 122 212 150 21 0 457 129 22 268 278 552 147 259 68 283 202 184 311 387 183 91 59 400 167 160
43 91 256 202 76 435 274 125 224 425 233 263 515 43 360 197 105 480 147 207 189 478 150 138 78 137 11 183 282 55 420 70 414 532 125 109 33 433 142 51 275 233 108 167 128 237 67 87 202 159 87 432 570 498 237 582 277 26 295 117 445 372 512 236 211 321 157 135 283 243 586 318 162 314 206 21 106 8 290 17 241 169 141 376 229 311 284 111 286 472 67 306 7 101 154 133 554 97 278 76 249 279 9 1 506 180 523 307 9 414 184 261 149 156 148 103 250 229 338 246 282 234 49 275 458 93 117 44 574 75 0 96 510 432 118 156 144 227 12 512 342 55 216 80 486 178 185 256 92 59
221 98 159 150 455 102 270 83 82 158 475 74 266 196 75 573 286 158 544 54 83 131 413 6 305 463 253 111 82 49 237 161 250 237 398 191 292 237 340 372 287 300 344 239 123 198 135 228 394 233 202 217 481 149 36 265 403 394 441 494 44 374 539 108 301 75 39 136 160 58 208 122 404 53 253 368 298 247 189 95 417 214 209 453 229 91 16 596 322 253 579 135 110 370 372 102 476 579 225 74 68 193 163 440 190 199 581 187 76 565 20 216 166 244 65 41 546 282 111 67 478 10 22 29 583 226 58 184 378 536 407 0 11 162 446 289 410 371 451 147 347 214 359 108 249 582 214 466 155 545
475 474 218 167 233 88 67 171 60 412 224 232 600 167 274 330 77 46 139 91 519 420 247 285 547 16 118 22 448 193 64 590 364 293 432 179 341 165 183 397 81 231 378 224 268 151 311 139 261 49 267 395 311 259 174 421 413 181 509 111 149 418 72 171 62 437 124 166 61 12 13 294 225 181 201 418 270 265 354 450 117 254 468 175 64 105 86 150 433 576 98 210 231 112 137 196 63 6 310 299 380 39 585 328 461 150 263 502 223 194 228 314 82 10 235 133 568 429 57 284 161 297 6 333 328 23 308 241 201 490 65 197 0 383 400 162 174 357 439 582 216 8 103 287 521 19 568 367 38 252
493 203 392 292 363 285 141 41 254 22 149 306 256 62 162 461 284 42 500 180 286 196 294 133 524 327 225 134 217 12 145 70 125 586 482 107 223 427 418 285 1 131 15 499 230 575 263 267 341 310 453 103 247 185 340 232 445 62 130 48 113 169 263 210 526 181 283 530 390 29 103 252 487 514 404 39 81 274 70 120 80 337 490 555 117 493 392 485 58 127 326 17 45 105 433 315 143 217 25 461 91 96 305 588 134 98 309 283 276 264 311 521 15 296 32 117 216 134 284 574 128 142 23 468 165 136 3 37 382 326 527 483 65 0 404 517 460 299 447 268 135 546 400 222 494 344 259 20 130 122
112 502 164 227 245 206 172 13 304 53 259 159 563 175 137 26 81 291 61 236 231 205 3 105 411 373 90 263 99 516 78 136 260 24 64 227 234 526 59 196 172 9 207 2 188 256 494 217 119 203 247 474 276 50 3 279 182 260 107 577 146 23 102 488 186 193 83 528 219 81 83 393 251 120 145 234 155 28 175 461 88 182 203 91 195 575 444 267 472 84 226 68 503 253 75 320 119 556 130 284 362 470 183 2 65 104 226 206 240 197 90 63 127 10 415 149 209 147 528 37 296 26 494 428 341 513 166 126 214 457 568 82 203 425 0 442 394 89 277 123 215 113 50 401 519 546 61 460 270 212
82 39 469 39 81 159 15 32 31 226 384 281 82 261 95 201 353 102 550 36 237 149 115 102 98 318 43 251 586 587 152 402 560 175 211 10 306 206 355 309 289 75 461 228 233 232 489 273 593 94 438 317 22 507 211 564 18 344 550 259 561 105 123 329 373 230 209 97 177 422 238 261 69 173 242 208 66 273 343 378 501 93 49 171 2 234 400 318 583 402 273 119 216 220 1 182 275 250 116 314 263 339 173 33 293 513 233 294 324 201 14 163 281 263 20 305 295 261 288 597 393 411 45 62 43 138 14 179 386 49 412 469 569 2 52 0 190 84 250 6 240 237 599 541 452 236 127 409 300 211
26 364 152 105 449 30 325 95 23 135 160 516 579 562 250 162 229 190 110 46 435 425 304 217 91 7 158 480 228 250 472 8 497 329 151 295 138 567 165 14 100 584 290 321 209 84 127 67 531 139 270 352 580 580 201 141 81 581 573 193 59 302 483 117 27 594 122 4 173 113 562 143 167 107 285 327 20 58 417 214 246 73 98 304 23 185 211 297 578 468 591 263 528 325 209 114 262 20 149 89 318 527 365 259 266 142 521 56 533 400 241 248 38 354 370 236 330 540 67 260 167 465 574 255 420 253 15 290 417 38 324 239 152 583 41 121 0 578 140 474 196 213 220 253 559 558 110 187 446 174
280 281 76 81 563 106 445 509 89 117 42 469 161 382 438 538 167 100 381 14 24 344 143 181 394 31 167 441 161 223 215 177 20 54 257 228 339 570 337 566 241 327 49 263 75 170 18 339 133 204 107 263 245 558 294 106 419 99 566 104 162 337 499 567 31 285 547 318 242 204 35 407 530 482 143 467 261 178 150 182 74 230 72 299 186 154 300 105 469 15 368 224 593 215 171 215 332 251 443 131 34 259 156 60 269 162 139 521 132 26 394 9 4 80 71 122 66 552 25 85 78 51 452 295 161 279 138 33 163 495 281 129 218 157 122 330 79 0 155 149 222 575 17 541 2 253 38 280 261 152
274 213 134 597 187 531 328 67 351 252 147 99 421 179 46 130 263 598 375 161 577 76 278 552 141 165 276 428 538 76 63 383 192 270 112 202 125 489 170 17 105 475 42 273 349 139 184 364 113 324 211 204 465 415 89 106 230 477 30 23 386 113 72 151 114 217 192 598 216 66 1 213 100 178 373 37 568 208 212 73 163 567 100 229 195 434 591 70 299 546 421 183 322 133 590 161 447 271 581 300 3 33 133 193 118 169 142 80 67 96 298 402 373 427 116 535 292 303 27 7 265 238 234 532 226 264 268 570 258 145 402 137 434 99 172 256 238 2 0 218 518 47 120 120 33 210 255 226 282 398
94 263 34 442 262 481 168 356 83 478 450 345 177 14 124 169 161 171 215 287 453 469 46 116 114 151 173 265 320 419 151 70 330 79 563 478 48 119 247 95 74 52 403 277 583 160 452 235 315 127 395 190 272 59 246 533 4 268 186 107 154 39 281 177 81 205 83 37 8 7 251 170 596 274 91 163 144 524 121 25 174 108 74 2 259 65 332 246 495 584 12 85 173 245 258 76 218 99 254 377 96 276 7 447 193 18 105 553 105 289 339 541 213 471 167 291 193 586 281 282 429 97 527 144 153 255 508 138 312 136 328 241 103 372 208 275 78 482 537 0 90 9 70 228 413 50 80 383 408 173
34 94 360 238 56 461 31 464 545 421 255 170 224 160 99 277 327 285 31 147 235 525 98 274 177 264 304 213 102 292 52 206 573 121 251 194 116 255 581 597 214 314 216 274 47 599 31 18 218 204 502 173 527 380 586 123 268 69 440 185 141 196 11 185 185 274 217 292 287 441 533 270 392 61 161 203 259 238 220 82 378 361 247 284 91 23 194 63 320 101 505 324 25 139 144 327 178 282 10 342 324 8 413 94 277 380 85 179 183 296 299 561 128 368 5 159 30 390 429 519 456 40 387 290 280 27 218 378 51 288 192 10 106 49 11 127 288 186 279 151 0 117 302 524 41 429 248 421 350 69
279 448 175 4 338 131 295 104 166 58 26 233 344 561 444 381 288 66 114 106 231 176 3 117 427 234 32 339 162 414 208 408 119 534 290 55 1 166 70 269 121 250 24 140 138 530 319 264 147 197 116 1 129 375 587 14 303 298 510 130 1 74 203 462 24 10 274 255 245 475 548 87 9 39 362 187 126 198 434 129 530 207 491 491 95 40 96 174 19 510 73 547 206 121 152 254 117 11 24 97 509 122 50 200 77 73 148 585 74 12 106 78 530 500 272 76 88 205 121 85 285 2 549 486 29 80 539 568 501 9 157 269 109 437 261 229 541 497 22 223 128 0 502 133 219 147 162 560 12 85
102 210 217 297 394 57 97 185 75 40 238 14 114 273 25 187 256 261 104 138 588 151 491 334 170 396 73 362 42 101 489 154 475 64 31 364 242 358 8 62 120 350 164 84 20 38 247 57 102 141 89 461 59 553 350 73 156 429 96 583 193 345 70 177 464 169 45 407 244 225 64 240 66 99 205 536 11 112 12 163 182 173 57 53 394 142 581 91 421 439 536 471 504 244 521 66 285 183 383 201 243 209 237 185 89 359 12 254 260 33 136 433 9 172 71 43 75 524 424 239 142 519 3 179 380 24 129 250 88 217 584 244 261 163 227 142 108 148 129 64 213 182 0 560 161 226 198 78 315 141
53 559 266 434 497 111 169 2 581 584 220 44 223 370 244 409 509 252 563 505 470 55 13 51 304 529 170 146 61 483 155 32 19 226 259 30 134 168 541 152 185 262 287 181 164 87 72 537 432 483 200 504 506 33 110 119 249 594 261 273 204 242 140 413 315 196 130 15 479 202 264 99 67 352 457 240 104 16 44 246 230 9 233 190 530 147 474 164 412 373 452 36 404 375 102 398 112 212 409 413 157 15 13 293 179 308 410 83 350 436 453 339 122 528 60 139 127 589 525 25 239 257 420 51 171 251 186 167 214 45 395 539 99 175 302 55 307 63 490 42 480 72 338 0 73 217 161 7 568 266
16 212 72 236 591 510 598 80 493 214 41 210 4 148 465 557 61 44 582 116 563 186 258 69 125 434 413 467 210 262 178 505 297 400 30 193 72 193 47 163 290 35 187 131 369 89 383 582 303 349 51 130 96 563 41 271 123 197 447 495 162 490 72 391 173 60 296 193 52 351 395 255 79 181 233 516 64 259 193 192 344 164 504 95 28 241 416 251 368 450 134 512 84 246 114 551 49 218 118 24 517 357 279 236 445 592 132 255 51 70 373 403 270 10 29 55 1 107 82 299 459 301 188 271 287 514 126 17 541 240 243 284 129 155 260 80 11 565 332 232 261 149 432 348 0 281 155 42 231 122
572 153 557 552 178 57 462 180 6 559 359 540 426 206 151 171 177 77 22 42 71 285 227 84 71 255 439 252 17 290 11 183 116 334 300 515 428 128 12 238 156 133 121 76 283 212 588 598 219 53 265 387 482 340 263 486 524 229 467 278 80 239 121 222 243 13 214 416 78 210 134 254 76 182 411 381 435 16 27 159 178 410 28 116 228 161 162 166 292 197 371 305 164 140 437 9 27 192 360 129 467 99 2 58 236 558 206 113 72 512 422 248 24 445 298 351 260 332 530 463 189 378 114 47 600 112 14 102 198 540 14 299 507 202 486 250 147 226 205 68 312 225 291 501 48 0 74 288 242 309
536 283 33 251 226 240 159 385 543 97 164 61 536 553 388 138 270 128 36 493 402 65 276 430 286 225 448 38 412 186 285 71 39 588 238 125 210 51 4 103 132 232 248 540 17 194 130 254 78 193 199 417 123 7 156 373 237 64 68 80 83 562 591 141 464 93 43 97 49 163 515 235 61 141 165 225 262 86 253 144 128 332 149 285 267 132 514 244 247 591 187 493 43 12 300 252 105 280 121 397 270 117 229 66 557 237 458 229 395 25 40 86 176 282 538 385 101 121 321 20 228 186 212 257 284 84 111 91 151 276 185 82 65 3 68 246 370 528 240 167 552 204 566 266 268 206 0 84 122 145
344 66 394 177 97 517 34 258 499 196 249 541 227 55 55 25 22 291 377 164 1 258 13 57 105 4 290 250 369 114 53 149 64 149 437 139 99 409 337 273 432 231 400 124 234 19 449 591 395 296 134 387 247 120 473 131 166 451 287 147 294 572 56 300 177 7 496 508 261 90 161 99 226 232 92 193 101 245 419 136 43 184 11 49 553 572 111 66 249 5 180 286 7 6 296 141 49 148 234 356 199 208 116 264 280 217 181 404 125 459 561 55 228 596 354 295 129 112 185 148 515 62 400 44 88 293 168 101 185 189 78 31 153 21 127 491 216 184 405 291 199 176 110 222 95 70 180 0 224 593
131 192 448 290 420 447 117 117 261 46 395 246 236 192 143 496 147 599 74 273 5 22 242 257 513 56 202 10 279 231 354 392 461 463 84 107 1 72 242 83 243 294 578 361 207 62 35 56 541 68 416 222 304 195 456 449 217 420 253 17 218 542 201 521 581 93 265 205 259 287 166 1 152 555 166 11 197 264 72 15 371 142 496 82 47 471 125 262 133 6 162 254 305 32 56 135 50 382 532 322 233 543 587 213 17 137 251 232 78 178 371 125 146 320 544 117 197 62 501 288 15 263 191 107 173 289 127 183 168 137 13 249 126 229 340 310 325 124 339 68 193 94 134 41 517 571 349 135 0 1
273 58 68 599 307 100 195 131 5 463 575 403 400 564 259 389 389 209 283 165 185 139 287 242 221 70 143 411 57 104 499 93 197 246 494 536 392 332 276 236 30 190 211 458 139 26 280 136 148 519 513 546 431 598 30 153 152 44 199 454 129 114 295 395 298 52 277 590 12 85 115 116 241 32 27 208 172 139 36 363 193 570 117 533 287 238 36 244 582 390 499 61 485 68 270 396 64 188 205 257 372 189 442 90 269 178 485 248 105 145 457 120 238 71 25 251 230 191 284 252 447 216 285 249 474 83 58 231 366 267 174 25 328 433 532 52 35 357 252 567 15 171 98 91 68 48 221 220 11 0
