50
17 13 54 6 70 203
8 48 80 46 20 240
87 84 7 6 8 208
60 78 18 44 26 275
10 36 36 36 5 123
17 6 35 46 25 134
35 17 45 22 15 137
42 36 14 33 17 157
85 68 7 28 35 257
19 29 9 35 15 147
15 44 18 47 12 136
14 40 16 45 26 152
23 30 7 17 23 145
98 46 87 35 16 292
29 58 20 10 9 130
25 9 50 37 77 238
26 9 52 11 21 124
43 20 10 43 5 166
58 24 19 95 51 282
30 21 24 86 78 241
26 14 80 81 9 242
50 27 74 63 9 248
6 64 40 16 52 208
22 5 78 25 11 169
17 43 45 41 31 204
38 57 55 30 20 245
11 21 86 95 18 264
32 48 25 45 9 184
17 12 20 96 83 274
47 100 36 15 23 261
5 25 89 67 41 229
25 24 11 46 34 141
93 83 18 39 53 293
77 96 40 82 97 423
41 43 42 23 55 247
56 61 50 7 35 254
100 17 30 31 40 267
42 97 15 53 50 280
21 24 47 38 95 269
28 10 68 29 40 208
73 68 55 55 8 269
27 14 25 24 20 118
62 92 42 11 5 257
10 39 45 20 27 182
33 38 6 27 15 147
79 59 61 9 29 272
23 67 90 51 46 284
19 15 18 27 83 185
12 82 54 79 13 276
7 23 19 24 28 146
0 75 113 40 90 21 46 45 26 84 44 39 38 32 26 78 53 51 26 155 123 102 8 57 107 193 52 173 27 24 38 65 139 164 40 40 10 33 100 67 15 43 93 23 94 105 145 33 80 18
12 0 14 84 137 147 47 77 73 18 12 28 104 100 83 17 5 29 17 148 170 43 111 66 20 44 74 91 115 74 164 58 99 157 71 136 51 162 16 77 25 107 68 61 165 183 7 197 20 19
21 13 0 192 169 20 27 44 14 69 27 128 39 1 78 169 63 12 96 153 170 163 2 69 79 87 61 158 79 74 26 57 32 35 61 101 10 21 77 35 174 86 100 101 23 50 118 63 199 97
186 33 153 0 47 57 96 142 55 44 105 34 132 3 143 76 49 39 1 200 76 55 106 103 54 2 101 13 178 25 157 147 172 6 29 140 72 188 27 110 95 58 35 27 113 49 11 144 53 20
37 77 22 74 0 26 29 127 55 124 27 115 38 70 53 40 112 33 64 103 30 84 81 79 143 98 7 44 98 88 94 90 26 43 19 162 50 192 93 1 61 176 98 75 7 63 88 58 54 86
32 159 8 73 5 0 196 58 23 82 75 66 23 131 66 52 190 35 95 155 3 9 39 10 62 100 118 136 98 181 132 16 18 76 200 54 143 125 68 37 35 179 68 140 25 95 194 150 35 71
19 47 182 99 61 113 0 66 65 94 65 58 29 79 63 152 81 113 6 56 6 22 49 135 117 48 13 64 65 135 8 80 12 192 25 107 180 144 167 175 106 69 11 103 89 62 64 177 3 61
191 33 53 183 40 90 54 0 134 50 83 5 138 69 55 183 68 8 197 184 10 5 62 41 185 68 12 70 78 63 43 49 35 13 69 23 173 155 168 43 89 90 54 15 41 146 29 51 88 183
62 37 76 67 156 26 188 38 0 197 52 89 53 152 52 198 56 46 57 117 17 57 98 95 15 48 97 86 111 23 21 86 24 10 77 59 47 192 90 70 67 49 35 67 17 159 21 116 178 56
131 160 18 90 31 66 47 95 26 0 54 147 24 155 134 82 24 4 22 194 78 20 144 88 95 158 99 46 47 14 102 19 192 119 185 115 91 48 28 161 81 200 118 199 44 15 130 89 113 77
88 96 28 43 32 161 9 34 162 116 0 63 58 50 85 9 48 163 10 24 25 28 32 38 148 25 1 8 182 170 52 3 86 78 40 79 82 71 95 74 58 174 77 192 62 57 174 21 104 98
90 110 140 23 18 35 7 15 140 96 180 0 87 70 142 37 60 40 148 140 117 73 91 34 131 143 155 158 81 92 4 69 85 92 143 172 64 48 196 42 185 94 11 137 30 79 65 76 142 52
144 35 5 34 98 151 59 93 42 45 61 199 0 86 1 3 73 38 3 135 28 57 12 160 35 175 169 44 195 116 63 40 4 13 10 81 32 1 75 146 136 182 82 192 100 45 197 26 66 11
62 51 60 200 79 119 56 28 86 83 68 84 59 0 148 163 13 127 36 80 54 188 3 11 11 87 86 116 13 24 34 22 56 20 6 45 137 32 11 124 119 121 63 24 155 52 30 10 167 127
113 105 198 157 58 32 69 6 3 43 22 18 85 93 0 6 194 12 141 171 71 94 51 12 173 54 142 31 24 63 14 58 129 83 26 100 144 93 58 22 121 33 71 160 114 96 12 18 29 134
99 96 22 80 176 82 11 55 132 7 80 40 61 41 156 0 49 27 80 93 139 12 51 92 10 75 149 9 99 110 63 61 123 76 15 110 41 85 30 70 196 194 60 78 159 73 51 162 60 150
38 46 19 160 26 27 29 174 10 16 64 26 60 33 168 53 0 33 20 15 30 92 38 43 45 25 39 106 9 9 32 95 19 14 11 168 88 144 141 107 117 97 140 55 191 87 57 58 97 18
48 185 61 70 64 140 76 169 76 91 35 86 10 195 78 193 51 0 78 97 142 154 187 147 87 114 63 5 143 18 100 13 26 11 78 197 49 14 141 168 10 69 8 1 187 126 5 12 176 62
28 82 155 184 87 71 12 88 137 72 81 143 80 92 10 110 57 176 0 98 32 39 13 27 169 10 74 122 79 72 18 42 86 17 2 97 99 65 36 183 45 96 50 70 89 167 110 1 42 69
50 184 35 52 22 55 22 173 162 74 190 129 10 62 77 84 66 177 130 0 86 31 127 86 23 34 28 37 14 29 36 38 42 171 6 72 37 151 53 172 175 100 48 64 17 177 89 46 145 129
51 20 50 72 6 88 90 38 194 56 188 57 97 50 55 21 13 96 83 18 0 42 123 46 69 175 159 153 30 43 12 123 54 61 34 123 7 52 29 61 13 63 51 17 71 174 52 74 6 46
55 158 41 42 45 91 100 156 127 2 45 80 51 56 152 102 75 23 52 13 86 0 48 172 51 71 98 70 17 60 8 30 66 160 63 73 97 21 35 180 91 19 42 87 109 41 76 3 62 49
143 160 197 4 1 39 56 50 31 66 162 10 30 170 93 50 39 122 96 155 7 55 0 71 74 32 139 72 155 87 44 152 167 89 157 79 43 115 52 192 155 68 14 127 153 188 7 96 62 41
32 2 152 110 61 183 100 38 186 29 91 45 40 134 69 33 91 170 86 129 164 74 72 0 77 30 126 50 34 50 25 96 14 24 35 88 101 115 179 46 139 152 13 41 90 43 74 75 34 23
16 166 115 70 7 44 48 63 169 22 58 100 179 1 154 138 87 180 39 24 46 36 75 39 0 112 97 29 5 31 48 97 46 141 15 87 34 147 62 90 103 163 51 180 132 84 57 169 49 38
83 40 63 58 121 103 63 156 49 173 18 58 95 147 67 31 176 92 98 11 11 79 139 77 63 0 69 43 99 92 121 21 1 198 78 3 83 188 95 195 84 35 142 94 73 38 53 125 51 24
16 52 104 100 103 84 1 98 3 161 135 63 45 100 178 57 17 6 152 24 32 199 105 16 15 75 0 52 22 5 169 72 77 92 129 83 40 66 128 43 66 59 123 130 176 137 175 42 144 66
195 61 1 24 147 17 78 81 41 23 17 95 23 47 26 72 110 154 99 178 97 43 77 177 172 128 144 0 11 144 129 92 29 31 66 67 108 140 20 164 168 190 193 112 29 156 141 186 48 95
23 173 82 56 150 81 78 29 144 31 124 23 175 86 74 1 70 26 38 134 191 83 38 140 194 164 160 118 0 15 11 78 195 83 178 121 198 96 160 96 101 173 84 1 44 49 103 31 160 62
159 73 19 52 91 100 93 136 164 141 181 68 50 82 40 44 25 66 122 106 88 172 47 116 127 123 62 2 55 0 83 103 65 114 62 179 82 146 100 87 21 186 116 46 133 33 173 83 100 71
60 4 15 136 50 174 19 38 155 22 36 75 136 62 135 137 46 6 151 85 26 6 38 154 174 23 71 136 28 94 0 46 16 36 48 37 85 89 56 164 34 45 119 100 199 29 175 3 128 9
16 70 29 72 143 52 41 17 59 81 96 162 40 28 19 1 135 57 12 166 89 72 86 39 16 50 10 2 63 27 84 0 107 6 110 78 7 48 4 74 195 168 48 77 150 93 5 6 98 44
165 51 73 91 63 191 43 62 70 95 115 10 2 58 50 55 87 46 15 182 97 195 12 36 193 103 5 16 98 14 197 77 0 52 145 35 97 31 119 179 98 29 25 15 3 23 85 74 69 4
150 124 35 62 33 61 37 47 194 85 157 28 191 17 32 171 82 166 129 87 76 23 135 32 101 16 144 56 59 55 63 21 62 0 130 87 153 49 68 82 42 7 25 30 82 69 145 90 80 85
86 39 184 93 112 35 13 97 98 93 3 66 179 35 6 53 26 82 23 141 106 48 173 99 68 48 91 133 17 49 83 37 126 85 0 86 19 41 42 10 63 182 127 130 66 43 11 54 112 27
67 37 150 179 103 68 25 57 59 109 3 117 72 51 157 169 25 17 130 14 68 94 122 71 80 48 190 9 190 151 149 60 66 164 83 0 5 25 9 63 26 13 185 153 177 96 68 66 57 81
152 168 64 57 87 67 131 125 185 112 25 14 110 2 100 60 20 70 68 73 21 191 18 26 53 103 37 51 10 8 134 111 28 38 20 188 0 4 4 175 67 54 105 10 167 42 55 33 34 38
97 97 192 34 151 105 96 77 34 113 27 134 136 84 29 53 105 9 25 59 51 150 118 200 14 57 15 64 123 96 32 196 190 115 23 110 122 0 90 97 100 7 27 82 11 18 111 144 66 1
79 179 1 55 5 55 32 89 89 71 48 21 192 181 138 54 74 12 72 177 27 41 108 57 26 37 78 9 61 61 61 22 123 172 58 200 160 62 0 184 39 19 24 40 125 91 17 68 14 124
83 45 59 51 109 129 197 144 155 7 91 38 57 91 76 60 14 35 139 96 44 58 200 67 108 103 34 69 186 32 31 9 36 13 100 180 10 21 73 0 67 86 78 78 182 153 121 33 160 153
39 20 136 37 22 151 109 71 65 73 43 30 105 96 60 5 9 91 160 172 43 137 69 34 56 146 97 81 59 14 97 79 46 80 26 178 167 45 166 144 0 117 40 195 21 52 37 103 135 81
77 168 137 63 128 92 25 174 95 31 151 33 10 23 164 100 199 32 91 58 153 41 88 14 42 43 15 110 64 165 101 95 69 9 128 29 90 189 46 149 79 0 20 86 165 13 80 36 21 3
177 18 141 27 82 127 22 121 51 40 45 25 166 60 124 55 91 40 136 80 17 33 176 82 85 91 100 29 12 106 9 97 5 57 12 134 7 105 200 147 44 138 0 68 102 80 155 8 73 96
19 103 36 190 155 11 99 85 42 10 100 75 56 122 172 191 41 91 5 87 151 166 165 133 177 175 25 96 98 18 17 52 58 55 192 88 36 40 42 26 48 139 55 0 50 13 165 59 37 184
22 78 99 132 28 26 71 158 1 28 10 52 142 70 93 62 25 72 6 164 103 10 28 48 10 72 153 183 93 151 3 177 72 125 73 114 200 17 177 38 194 150 97 146 0 3 56 101 14 61
39 75 157 35 76 64 45 76 39 168 182 39 185 184 9 31 145 106 66 63 61 169 49 58 35 5 197 25 61 55 31 110 171 23 73 115 67 107 156 94 5 2 98 148 130 0 53 25 122 18
8 8 124 167 27 174 45 68 38 81 77 83 199 18 72 72 50 31 23 164 117 59 2 82 66 178 1 18 121 22 27 197 42 49 7 105 52 54 32 85 198 166 80 79 150 93 0 117 10 6
78 11 168 52 90 43 13 136 111 29 93 66 48 7 186 69 73 194 114 52 9 6 88 53 70 21 198 177 66 29 68 64 16 163 136 96 57 122 96 172 83 148 83 73 118 115 25 0 142 98
165 42 29 43 79 17 146 90 79 29 20 12 178 162 53 124 163 66 75 148 168 103 9 58 141 59 78 29 24 55 16 37 41 63 28 65 24 38 96 162 59 194 98 162 92 95 62 90 0 36
9 73 61 75 56 115 3 141 25 11 33 190 28 3 185 164 28 97 46 12 144 11 55 57 99 168 87 18 190 69 19 94 85 67 13 97 25 189 17 44 40 83 43 16 81 76 1 90 154 0
