100
11 72 11 56 77 4557
30 87 88 83 84 409
53 87 17 21 22 5247
33 77 53 60 88 967
35 86 66 47 19 2818
52 55 35 68 99 1369
60 55 17 11 48 5950
37 83 33 83 33 3362
54 56 57 70 19 3652
22 51 72 76 13 4197
41 93 46 54 48 3080
59 44 24 35 70 248
58 73 64 53 49 3080
71 32 43 14 56 5018
58 32 22 11 79 5222
60 64 48 46 80 2013
69 78 12 30 56 4049
42 38 77 88 70 3627
64 33 35 38 89 3607
18 88 46 52 11 5058
90 36 76 96 49 381
15 90 71 70 100 380
21 69 29 36 50 5147
32 56 59 20 65 4433
74 82 99 40 34 4014
64 67 68 80 28 1452
34 99 15 68 47 3395
80 59 93 19 35 2577
25 91 92 85 92 423
82 50 74 77 26 1099
37 34 69 14 36 5950
49 45 37 59 42 4460
52 44 88 55 87 584
41 94 57 18 44 3734
11 95 86 22 81 2096
19 15 78 61 15 6240
92 10 18 82 71 3211
28 43 43 56 58 4462
45 48 30 44 88 3716
54 39 11 18 26 6167
40 21 38 79 76 5240
24 74 17 16 89 4994
76 52 99 35 14 3105
84 83 24 39 89 859
87 13 50 73 13 5145
18 94 46 85 29 3227
56 36 57 20 94 3460
15 86 26 32 33 3227
18 73 47 72 95 1626
65 81 25 46 16 4225
59 71 27 79 100 426
31 64 62 70 32 3636
94 25 93 16 94 797
89 94 68 92 46 427
94 25 51 75 51 2091
56 42 85 25 51 3627
26 14 42 30 89 5240
76 19 29 64 63 3955
70 56 84 46 17 3139
31 10 30 73 48 5785
62 58 10 63 14 5145
31 79 16 62 15 5152
51 73 23 15 79 4117
46 50 98 61 67 3607
59 47 24 75 43 3955
73 48 37 59 50 3385
56 37 45 72 38 4014
93 28 44 88 37 2260
32 35 76 53 17 5143
48 28 45 33 82 4177
77 45 20 78 24 4074
11 28 27 51 43 6147
57 64 60 99 33 930
14 93 85 87 60 2091
91 74 60 23 15 4103
32 50 14 97 66 3604
43 62 64 12 18 3211
55 100 10 80 44 2455
32 29 27 16 15 928
100 22 92 35 81 545
62 15 61 85 42 3393
57 24 23 47 43 5617
78 68 82 48 22 5247
95 87 22 69 22 2146
88 18 89 67 49 3362
18 96 62 58 99 6167
62 22 45 73 89 2256
61 57 62 71 66 5785
82 39 85 21 67 2241
90 68 95 96 48 2455
11 86 53 51 54 3682
64 13 75 98 34 2722
26 87 87 53 80 3385
16 78 57 40 92 2818
16 72 25 58 23 5319
69 65 84 55 94 403
75 25 27 38 91 3669
89 13 100 52 71 719
51 65 76 25 24 3627
14 81 44 41 47 4934
0 9 26 24 14 22 10 14 5 12 6 14 9 18 21 7 10 27 15 15 12 26 18 17 27 12 9 24 14 27 5 12 8 5 24 22 24 16 20 27 17 9 16 20 13 26 12 5 22 12 14 16 19 14 15 11 12 19 11 23 17 28 6 16 11 12 8 10 21 7 21 24 12 23 19 19 27 21 17 24 13 29 25 6 19 19 10 21 5 13 7 17 21 21 5 18 24 18 29 9
23 0 28 17 14 6 20 6 9 25 21 19 13 10 15 19 8 16 15 13 16 19 27 17 14 27 21 14 18 6 5 26 21 24 15 17 17 19 27 6 25 20 16 28 21 24 23 19 29 19 14 29 29 20 28 25 5 29 28 22 22 6 7 24 18 28 9 25 19 27 22 22 21 26 5 13 9 14 13 10 19 22 8 23 22 5 11 28 7 14 17 25 20 9 22 8 23 27 26 11
24 15 0 6 19 13 22 24 19 5 7 26 20 29 28 8 16 12 14 13 15 24 27 26 27 8 23 25 6 12 24 7 12 8 19 23 25 14 12 20 7 21 12 21 27 23 29 20 8 26 27 16 17 22 20 27 5 20 25 16 20 22 28 25 7 5 13 17 18 12 14 11 18 27 8 6 17 29 24 22 26 15 17 16 12 9 28 6 23 16 19 23 28 9 7 16 15 21 6 11
29 28 12 0 19 24 13 8 16 24 10 18 11 5 10 5 28 17 12 21 6 14 24 18 23 26 7 28 18 27 23 18 12 18 7 24 11 13 14 26 29 25 10 29 7 15 6 25 22 17 10 12 19 15 21 24 23 29 26 8 25 13 5 17 8 23 10 25 7 25 8 20 22 19 9 13 21 14 23 17 19 27 22 14 7 10 24 24 15 9 11 22 27 11 22 10 14 22 6 11
28 15 17 18 0 21 6 11 16 6 25 19 28 14 14 18 8 22 9 29 27 27 21 27 28 11 15 24 15 20 10 16 17 25 25 12 21 24 11 15 7 17 16 12 22 12 14 15 7 27 18 5 12 14 12 10 21 13 26 7 20 15 19 28 27 9 19 13 9 25 21 20 12 18 26 19 24 19 15 22 12 7 13 18 13 23 8 28 26 7 9 20 16 12 5 7 8 29 28 22
5 13 6 7 7 0 15 15 19 20 14 21 7 11 7 29 16 10 26 28 18 7 17 28 23 5 27 18 7 19 16 28 18 10 6 12 20 11 9 23 7 18 14 15 12 22 19 23 21 22 10 29 9 28 20 23 10 25 27 5 18 19 22 20 5 15 12 22 25 19 16 14 24 15 28 27 22 14 12 15 10 24 8 8 17 11 26 26 11 14 21 8 22 7 10 15 8 20 17 20
19 21 18 25 16 28 0 29 27 6 17 12 18 11 23 8 6 16 8 13 25 23 24 16 9 28 17 23 15 11 5 26 29 9 19 8 21 26 12 20 12 24 8 16 20 20 17 9 26 11 20 6 12 14 5 19 8 25 29 8 25 7 14 14 18 16 26 7 14 17 19 13 10 12 16 6 14 24 23 19 26 12 22 25 24 14 16 15 15 7 9 6 28 6 23 24 7 25 15 27
24 28 27 9 22 27 20 0 27 15 22 25 16 29 18 9 14 24 8 14 23 5 17 19 16 19 21 24 9 25 26 27 5 21 11 9 16 29 15 13 5 8 28 13 29 13 21 26 11 26 20 27 17 17 26 14 14 20 26 20 29 20 20 12 5 7 15 28 24 14 21 16 21 16 7 25 11 10 9 22 21 28 20 19 28 5 14 15 25 13 6 16 24 16 27 17 22 15 13 22
10 13 10 16 20 12 23 22 0 6 21 21 9 5 21 14 15 16 24 10 18 12 10 9 17 5 13 23 14 27 9 18 14 8 19 28 17 23 22 11 17 17 11 22 8 15 21 23 26 9 29 17 11 17 6 27 28 6 7 11 29 15 19 16 15 7 18 24 8 5 24 12 15 23 12 10 22 28 10 23 29 27 29 11 5 10 19 25 7 21 17 15 17 17 6 9 7 25 26 23
22 11 27 14 20 12 19 14 28 0 27 29 27 28 12 23 24 26 17 9 28 11 18 10 7 16 22 23 5 25 7 15 7 24 20 27 9 21 14 11 18 23 16 29 10 23 20 16 29 26 10 5 21 26 19 21 18 10 29 7 20 24 12 9 13 6 28 15 29 29 9 15 21 24 9 25 7 6 26 27 16 7 28 7 29 6 5 28 29 12 21 23 22 26 20 13 10 16 24 26
21 29 10 15 29 9 11 14 8 25 0 11 21 5 16 16 13 19 10 7 10 14 24 17 12 15 27 21 7 6 17 28 23 21 8 19 23 27 13 15 7 6 17 26 26 19 24 28 21 20 25 5 10 12 26 28 25 27 8 18 20 26 17 16 18 26 25 6 18 24 22 15 8 12 17 23 18 26 21 13 24 8 13 19 22 17 17 28 20 24 19 11 18 25 14 19 27 12 10 18
22 10 18 11 11 11 15 6 20 7 19 0 14 15 18 8 14 14 11 24 11 18 8 19 23 11 8 27 7 24 5 26 13 23 27 24 12 21 22 29 16 6 22 25 17 28 22 9 16 17 7 11 17 24 9 8 28 11 28 21 23 5 27 7 8 5 23 13 8 14 19 29 20 6 13 11 24 21 15 15 11 7 6 9 15 25 19 6 26 9 8 8 17 17 5 18 27 28 15 15
19 16 7 25 23 15 24 9 19 25 15 11 0 11 28 17 16 15 15 8 14 23 10 11 25 10 29 19 21 12 18 15 13 11 18 17 17 13 21 14 13 21 21 22 15 29 12 20 16 17 9 24 11 8 9 8 29 6 5 8 21 14 16 20 22 9 25 26 18 15 22 7 24 14 12 20 9 7 11 5 13 20 13 25 13 24 23 11 24 17 21 21 27 17 22 27 25 8 26 26
14 20 13 23 22 21 5 26 6 24 13 7 17 0 14 17 18 10 14 27 6 26 25 29 24 27 18 5 10 20 17 14 8 25 25 23 5 17 23 9 25 23 29 18 22 29 10 15 10 7 12 19 22 19 9 27 19 14 19 12 28 8 23 11 13 16 12 18 18 29 8 23 22 26 12 10 15 19 13 23 8 28 28 25 26 25 8 12 24 28 28 16 7 27 23 15 10 18 23 22
29 12 5 12 18 20 26 22 22 18 23 20 13 13 0 9 16 5 8 22 19 18 14 26 6 15 25 17 22 29 19 8 19 17 26 24 16 18 28 27 5 7 22 25 7 12 12 14 23 24 14 26 16 24 10 8 21 14 20 19 15 10 5 27 28 18 20 22 14 7 10 6 19 29 21 19 22 28 7 7 7 28 26 16 16 15 29 26 12 17 10 12 6 27 26 27 21 27 13 5
20 22 27 21 28 13 8 24 22 24 11 28 16 6 22 0 29 28 22 24 17 12 21 13 19 26 17 17 17 18 19 9 27 9 26 9 6 14 5 29 13 13 17 18 24 6 11 16 26 9 10 26 12 17 24 25 24 17 26 12 9 26 11 26 5 20 10 27 28 16 13 15 5 7 11 7 11 6 8 18 16 9 10 8 26 18 7 20 27 13 20 22 7 9 20 20 26 18 25 18
6 13 10 9 10 23 23 6 26 6 12 25 21 13 23 28 0 24 28 27 11 5 17 7 6 27 20 25 25 12 19 14 15 29 14 14 19 26 9 18 8 21 28 14 25 16 10 13 13 14 11 21 10 9 21 15 13 8 13 23 7 13 12 15 26 26 26 9 10 6 7 28 20 17 7 20 9 9 27 24 18 11 24 18 10 12 27 9 11 21 21 25 10 28 13 26 19 26 26 13
28 19 26 27 22 16 17 6 7 6 14 8 22 10 20 20 21 0 25 27 12 22 18 23 20 24 16 8 6 5 13 24 7 13 24 22 9 7 23 20 25 12 6 7 13 22 18 20 6 11 19 11 25 21 28 9 8 10 5 5 20 6 15 26 12 12 28 22 8 22 9 22 10 24 9 24 8 9 27 22 11 19 6 20 12 8 6 7 16 26 10 5 27 25 12 19 22 15 8 28
17 8 6 28 10 28 10 18 23 6 5 25 22 11 14 29 13 23 0 17 20 28 11 15 29 29 15 11 9 7 21 5 27 6 25 9 16 10 29 9 21 14 15 5 28 21 16 14 15 18 29 25 10 12 9 19 17 20 15 22 21 10 25 26 18 29 23 20 26 17 5 28 23 11 22 7 20 17 26 13 18 7 15 15 11 27 18 8 15 28 15 16 17 24 12 12 28 22 23 12
23 19 18 12 13 27 20 12 29 15 8 24 12 18 28 24 23 16 5 0 14 7 18 6 18 25 21 14 29 5 17 26 13 8 16 17 16 21 8 14 16 11 25 25 27 14 22 17 20 26 25 7 9 21 15 11 11 24 6 13 11 20 11 7 22 16 6 8 8 18 28 19 14 16 19 13 7 5 21 18 17 11 29 13 23 18 28 18 29 17 5 13 12 25 17 13 5 10 21 26
10 25 9 9 5 25 23 6 29 16 24 24 5 23 13 17 29 5 6 15 0 11 21 25 9 13 12 23 14 9 25 18 20 8 18 8 23 26 5 27 14 11 16 29 19 28 8 21 15 21 5 15 14 11 12 8 8 14 5 5 28 23 6 18 10 15 6 23 22 25 29 26 14 13 29 8 24 17 21 19 29 7 28 7 18 20 14 14 8 18 29 11 21 15 21 14 12 18 22 14
18 20 23 23 11 19 18 17 10 11 20 16 25 14 19 27 6 29 15 9 12 0 24 6 9 12 25 25 18 25 11 26 11 24 13 6 8 18 8 29 17 22 25 29 17 22 28 21 15 8 17 25 29 17 7 9 20 24 28 17 29 20 27 25 9 7 19 29 19 11 9 9 14 8 14 11 19 15 9 6 20 20 16 25 20 16 10 28 17 24 25 6 9 12 18 25 21 5 8 21
28 18 6 9 8 7 11 23 28 13 20 22 18 26 11 19 8 17 20 21 21 8 0 8 25 12 23 23 29 8 8 26 15 15 13 25 12 15 10 17 13 5 21 21 12 19 8 19 16 18 28 25 19 28 23 6 21 19 21 26 9 23 5 16 18 11 24 9 19 17 8 19 20 21 23 25 26 23 22 5 19 11 17 27 29 19 9 22 12 26 24 5 21 5 12 9 9 26 14 16
15 27 9 16 26 7 29 8 17 11 28 11 14 15 27 12 28 21 17 9 28 13 23 0 16 17 24 25 28 5 25 15 6 21 9 21 14 12 14 17 21 14 14 8 28 13 24 13 19 6 24 18 18 7 7 23 8 16 11 27 20 23 28 17 13 27 20 7 6 9 9 12 13 6 7 17 11 11 9 15 10 9 10 29 12 26 13 23 6 25 24 10 25 26 5 11 17 25 19 8
19 15 8 22 24 15 12 27 16 17 26 19 5 8 12 12 27 28 19 17 11 19 18 25 0 26 14 24 11 10 7 13 29 9 12 17 5 10 23 12 22 15 22 27 20 23 26 15 10 15 21 27 12 26 15 15 10 17 8 14 5 16 26 15 17 21 16 12 21 22 15 15 11 14 22 5 13 25 22 7 13 19 12 9 22 7 19 22 5 22 26 9 11 15 23 27 29 19 19 23
12 21 24 26 6 13 27 8 16 8 8 25 9 27 13 24 9 14 20 22 27 16 17 25 15 0 28 26 13 13 7 19 26 8 28 9 21 21 7 27 5 5 27 29 7 12 6 13 24 22 12 21 18 12 13 15 28 16 25 20 27 23 13 17 15 22 17 20 23 17 26 27 9 7 26 6 6 27 14 29 13 9 26 27 28 26 28 11 17 25 16 20 18 22 21 15 12 13 9 21
28 20 10 28 9 17 28 11 14 29 29 19 6 21 8 29 16 24 25 23 26 23 24 5 10 17 0 19 16 26 22 21 11 9 20 12 7 13 26 10 22 6 11 9 21 24 8 13 13 18 11 9 8 20 6 7 26 24 12 13 23 12 9 8 15 8 26 28 21 10 25 8 21 5 28 25 17 18 9 27 21 10 10 26 14 25 21 21 26 10 25 26 28 26 18 7 13 21 19 6
16 13 24 26 15 21 17 22 13 29 20 12 23 20 13 19 28 29 5 25 14 12 9 22 15 18 23 0 24 15 21 28 27 18 8 17 17 12 7 15 9 18 20 25 21 14 7 19 25 8 13 9 19 29 27 24 10 5 22 29 24 9 23 27 6 27 15 8 23 8 26 8 19 21 16 22 24 19 22 26 22 12 12 9 12 16 9 23 22 17 28 20 20 25 26 27 9 5 24 9
7 26 24 10 17 20 27 6 14 20 17 17 24 7 13 25 18 18 28 15 5 26 20 29 20 8 18 26 0 9 26 7 16 13 19 11 12 6 19 14 20 8 28 17 19 12 24 6 24 25 17 6 9 27 26 9 25 24 29 20 18 5 28 7 20 25 17 10 6 16 24 29 26 26 5 14 6 19 28 9 15 24 27 7 5 29 24 11 22 28 27 11 25 11 21 25 23 20 28 15
28 28 18 22 8 17 13 22 7 21 5 18 8 8 7 13 29 24 6 28 9 20 20 7 23 7 8 11 12 0 13 23 28 25 6 11 18 18 9 24 10 20 19 17 20 20 27 9 10 6 18 24 14 29 24 20 5 24 26 17 5 25 26 24 19 7 14 8 6 12 23 25 24 18 9 19 26 25 19 24 29 24 19 5 20 23 24 7 22 16 28 14 22 11 12 23 5 7 8 8
8 26 6 23 25 24 19 13 15 10 13 17 20 22 22 22 29 21 16 15 28 17 15 10 22 25 24 23 14 29 0 6 8 18 14 10 22 14 16 8 29 8 15 14 24 13 23 23 8 25 27 29 16 16 27 5 21 9 14 7 19 29 7 8 28 25 18 28 11 24 25 26 20 21 26 17 19 16 26 28 6 14 7 13 21 8 8 15 8 15 26 17 15 22 24 11 6 11 22 16
6 18 28 28 14 16 29 25 17 20 10 29 22 10 22 19 15 26 16 5 16 15 23 10 26 19 13 23 28 21 26 0 26 13 25 26 7 15 29 9 19 24 7 8 8 25 6 19 13 11 28 24 16 6 23 8 16 10 28 6 28 5 7 20 9 11 9 10 28 16 17 13 23 19 11 10 14 15 20 13 19 29 17 18 10 17 18 15 8 15 6 5 18 28 11 25 15 24 5 15
8 9 26 20 14 25 25 22 26 20 26 24 16 7 29 25 26 18 12 25 12 12 7 25 5 5 10 5 18 19 16 29 0 9 21 15 24 8 12 18 5 6 6 6 18 9 5 25 16 8 12 23 12 13 19 12 23 16 18 14 29 22 13 23 8 7 25 14 24 13 20 10 29 10 24 11 22 28 6 20 14 12 21 21 26 29 6 25 28 21 9 12 13 20 25 12 29 16 25 17
22 16 17 12 26 16 17 27 5 22 29 6 5 25 13 12 12 5 11 8 21 20 17 20 17 22 14 15 20 8 11 10 16 0 21 17 6 24 17 13 26 11 13 29 22 12 23 9 23 18 8 22 17 13 9 27 23 21 17 18 15 18 27 6 25 20 23 17 26 26 21 8 9 29 22 29 23 20 15 14 8 5 8 21 17 17 7 20 10 29 21 21 14 19 24 5 7 25 24 29
22 22 24 13 5 13 11 29 16 14 26 18 28 16 13 20 29 27 5 12 13 11 28 26 12 25 11 18 16 23 21 17 9 26 0 19 20 16 6 16 20 15 23 22 5 28 27 23 15 13 15 27 11 16 26 14 26 9 26 10 19 20 11 18 22 22 8 16 8 19 14 23 7 11 22 8 18 17 10 22 8 13 27 11 12 18 13 10 18 12 8 27 24 24 11 19 28 24 27 25
17 11 7 19 24 25 29 19 16 13 20 24 25 20 28 18 29 13 28 9 7 16 11 29 8 21 28 19 24 19 26 8 26 18 18 0 19 24 16 12 10 16 15 14 10 15 26 14 29 28 13 13 5 14 11 18 8 20 26 14 29 5 13 17 19 20 29 5 5 15 10 14 18 8 7 12 22 22 5 12 26 28 24 24 25 26 11 10 29 16 15 18 25 9 12 20 27 29 23 23
21 9 21 18 8 13 12 8 12 24 23 10 21 16 13 9 26 5 11 23 25 5 12 15 13 20 20 5 14 23 17 27 29 15 16 29 0 12 29 27 19 23 19 14 16 14 14 24 28 27 6 27 14 28 28 9 22 12 10 28 29 25 10 5 24 7 14 28 10 16 20 14 5 17 15 17 21 21 6 17 8 6 10 28 9 7 19 11 9 9 22 8 10 16 14 15 7 6 29 11
15 24 11 23 24 16 21 24 27 20 10 11 8 6 23 16 24 19 13 14 23 23 7 22 29 19 29 18 10 15 22 22 12 24 20 21 6 0 21 5 29 10 12 11 20 19 6 26 16 28 7 24 17 17 9 11 26 13 6 24 17 29 5 26 15 12 11 27 29 9 24 15 14 25 27 17 22 10 18 21 29 26 10 10 16 5 24 14 22 29 23 14 21 29 12 20 12 25 5 26
23 18 23 10 20 14 25 14 26 6 28 22 15 14 26 29 9 14 9 18 20 18 13 17 27 8 14 17 26 29 23 16 8 27 23 23 13 19 0 12 11 10 22 18 11 11 25 25 12 11 24 8 28 28 18 18 11 29 14 23 14 8 23 5 12 22 26 13 28 23 19 16 9 19 12 23 5 15 10 19 19 8 9 23 29 18 16 10 27 8 10 10 22 27 26 14 15 27 25 28
25 10 5 24 16 10 13 5 9 24 23 12 5 16 22 6 28 28 24 10 14 25 28 19 24 20 14 6 7 23 21 29 7 16 10 10 26 10 24 0 13 9 23 13 22 19 20 28 8 25 20 28 10 9 20 29 5 29 11 11 22 26 11 9 8 15 17 10 27 15 7 22 22 16 21 26 22 15 7 28 9 25 11 25 6 18 27 23 13 22 5 10 8 22 12 26 20 5 10 27
15 15 18 26 29 21 28 29 12 25 11 18 16 28 5 10 26 25 29 15 28 15 13 8 20 20 12 9 23 16 14 11 5 5 14 15 17 7 14 15 0 17 6 8 18 22 24 15 10 10 7 12 25 8 27 29 6 21 12 5 25 12 15 11 14 5 14 22 5 7 15 20 28 28 12 15 18 23 28 8 23 7 9 19 6 15 12 19 9 20 28 7 17 10 22 15 6 23 14 17
10 20 17 8 16 16 24 5 12 9 9 5 27 9 20 26 12 23 23 26 27 12 29 7 15 15 20 11 12 5 18 7 12 20 7 11 19 12 29 20 21 0 10 15 18 17 11 10 19 20 11 5 17 20 14 8 13 27 17 22 15 29 15 26 11 15 29 7 13 19 25 13 18 13 5 14 7 10 24 21 27 8 11 28 22 24 7 16 11 6 15 7 25 5 18 29 12 8 16 16
22 20 27 7 19 23 22 18 18 12 7 16 22 21 23 21 5 15 19 9 15 10 6 9 13 8 29 22 20 5 21 15 22 27 27 29 10 28 23 23 16 8 0 12 7 8 16 21 5 17 5 12 22 16 23 7 8 6 6 24 26 15 28 17 12 9 18 6 18 5 27 6 26 24 19 29 28 16 9 29 25 16 9 11 8 8 8 23 9 27 16 24 20 24 17 25 26 9 18 15
23 23 10 17 13 7 13 14 18 26 10 23 29 22 6 12 20 26 15 29 25 10 29 26 5 11 16 11 27 26 27 17 25 10 28 28 24 14 21 29 6 20 11 0 23 22 18 5 29 25 14 29 16 23 27 29 24 20 23 13 13 27 7 28 8 24 17 7 12 25 15 16 17 19 6 8 7 20 8 8 9 16 26 6 26 27 8 26 15 24 16 17 9 22 10 15 21 8 15 20
29 18 10 8 12 7 16 20 19 15 17 27 18 7 29 17 7 10 13 25 20 24 14 20 15 6 23 27 22 28 18 24 7 16 20 9 16 17 12 17 20 23 12 16 0 9 8 22 6 22 9 13 29 28 5 11 23 9 10 5 19 23 26 13 25 15 29 10 12 6 23 18 7 13 21 18 25 18 11 23 22 10 23 14 20 27 15 8 13 11 8 20 24 23 18 5 7 8 24 20
15 5 8 21 19 14 21 23 28 6 29 25 20 26 26 20 20 6 28 14 22 18 11 29 9 7 13 24 29 28 23 11 29 13 18 12 21 29 15 16 6 7 29 11 27 0 16 5 9 22 21 17 20 5 27 10 26 7 11 9 7 11 12 13 16 23 18 12 13 15 26 21 28 12 5 25 15 21 22 13 25 9 19 24 7 13 25 11 19 15 17 26 23 16 10 6 28 7 16 24
22 29 28 27 29 24 26 17 22 20 24 22 26 15 13 20 5 12 28 24 17 25 16 22 7 24 23 9 17 10 25 9 6 29 21 29 6 27 12 26 23 5 20 22 25 19 0 10 8 10 14 18 24 29 24 19 14 17 13 9 16 28 25 18 18 21 7 9 11 13 8 10 14 22 19 23 13 9 18 10 28 26 14 12 21 26 29 24 6 12 26 23 22 6 5 17 8 15 14 5
14 24 5 9 8 6 24 15 22 15 6 19 9 25 17 8 11 18 5 12 20 14 27 17 17 6 29 5 9 24 28 20 20 18 19 5 17 8 27 20 9 7 27 29 24 13 12 0 20 5 11 22 13 17 7 5 12 20 24 27 9 23 8 26 10 27 27 17 17 13 7 15 26 17 10 8 23 15 18 13 18 7 26 22 26 6 5 19 5 17 10 23 20 20 16 24 23 23 22 20
20 5 22 11 11 26 9 16 14 13 26 6 5 18 12 11 26 19 21 23 7 24 22 29 26 5 6 18 13 9 26 17 24 29 5 28 13 13 17 8 14 11 16 18 9 28 17 5 0 13 25 28 21 22 22 18 27 15 10 8 6 15 18 26 20 25 12 10 27 20 29 27 26 9 8 27 25 27 22 25 22 11 11 14 13 12 22 5 27 23 5 12 25 29 24 23 16 24 24 21
29 18 6 7 28 6 7 21 17 16 22 18 11 16 26 8 16 27 29 20 25 6 26 29 22 19 8 24 28 18 5 8 9 26 12 27 8 14 6 8 12 28 26 21 7 5 11 23 13 0 18 5 12 21 26 23 29 6 5 16 11 14 21 7 11 8 25 16 29 11 6 27 23 11 13 29 16 29 19 14 8 18 21 21 18 23 29 18 8 12 20 10 10 28 19 15 10 13 14 11
21 29 11 17 17 16 8 10 25 15 23 20 16 16 16 19 16 26 16 21 15 14 10 23 29 14 12 5 23 14 12 11 17 29 23 7 11 28 23 29 15 12 17 21 20 7 7 11 19 20 0 25 20 11 15 29 13 23 16 10 23 22 26 10 17 10 16 29 15 16 21 28 20 16 20 8 24 25 28 14 23 19 27 26 16 23 28 13 23 17 28 23 26 17 20 27 21 28 10 5
5 28 9 26 29 26 21 27 7 25 18 6 15 12 5 8 25 27 14 8 21 25 29 13 19 14 22 10 15 24 21 5 5 23 14 19 24 25 17 22 27 11 29 6 26 15 24 23 16 21 13 0 26 22 10 23 11 28 25 12 14 25 21 20 12 14 13 18 14 9 9 29 5 15 24 6 24 15 17 22 18 13 13 17 20 13 20 12 12 14 13 15 23 17 29 8 12 22 13 7
8 13 27 12 28 28 20 17 11 10 20 6 12 10 8 20 24 29 28 23 7 19 16 6 12 21 9 16 13 24 14 11 17 23 15 23 25 19 27 7 12 10 13 10 29 15 21 11 14 18 22 17 0 7 16 24 20 22 9 15 19 21 10 5 21 21 21 6 13 24 26 13 9 26 6 7 13 20 27 11 5 16 21 28 6 10 13 26 29 7 7 28 6 9 16 26 16 8 8 11
29 22 24 19 29 6 10 18 8 18 26 22 29 7 6 7 7 25 8 26 9 11 22 29 16 14 14 14 6 7 8 22 22 19 19 25 25 27 8 25 25 12 6 7 26 15 5 9 24 23 28 26 28 0 24 24 17 27 8 21 28 10 18 24 24 14 27 18 8 15 23 12 15 22 6 28 8 24 29 5 26 21 11 13 10 13 22 24 16 13 15 7 8 18 11 11 24 21 20 13
20 27 19 21 15 19 26 9 5 14 18 18 26 6 9 23 5 16 16 10 19 6 5 10 5 21 14 19 12 21 26 12 21 15 12 21 22 20 11 11 25 13 14 29 29 27 22 23 24 20 8 20 5 28 0 25 28 5 13 24 25 17 24 20 22 29 16 9 14 27 19 23 20 23 16 16 13 12 5 15 5 18 28 9 18 25 11 18 20 12 10 6 12 16 15 10 7 6 27 22
7 13 27 28 7 10 5 6 18 27 28 24 13 22 29 15 12 15 20 18 23 16 7 29 7 6 21 7 14 17 17 20 8 6 5 16 12 8 27 20 18 5 14 25 25 29 27 15 18 24 27 10 15 7 23 0 19 20 24 15 5 29 5 13 22 10 13 7 8 28 23 19 7 20 29 28 7 12 14 9 5 8 17 25 16 11 21 17 19 18 29 11 11 15 7 11 28 8 20 21
14 20 25 7 10 27 25 14 28 9 27 27 5 24 16 10 13 27 26 20 26 17 9 18 20 10 18 18 12 22 22 27 14 15 7 23 21 24 26 22 19 27 28 24 27 24 10 16 10 25 5 20 5 9 20 29 0 21 11 16 29 26 19 16 7 26 20 27 5 23 21 20 19 23 24 18 15 24 18 28 11 27 17 18 19 28 26 15 16 29 14 24 15 14 20 23 5 26 17 21
6 24 13 27 22 19 26 5 27 15 28 20 20 12 8 22 27 29 11 18 9 10 17 27 18 22 24 5 14 25 13 16 7 6 17 19 24 25 8 14 28 16 8 6 20 26 7 13 5 13 10 17 29 6 24 25 9 0 6 18 20 10 23 23 24 25 10 17 5 5 23 20 14 6 19 18 28 27 19 12 13 27 13 10 9 25 19 27 26 12 9 11 8 8 29 9 21 16 15 29
5 10 10 29 23 26 16 20 24 29 26 22 18 26 15 15 20 23 5 8 26 16 24 20 11 15 28 11 27 7 8 19 26 24 20 13 15 28 28 24 13 7 20 9 10 13 16 8 15 19 10 12 17 5 28 6 22 14 0 20 17 13 19 28 7 12 7 29 8 8 27 14 24 29 18 5 10 25 27 24 21 9 28 12 15 13 16 21 18 26 16 19 8 8 26 26 10 17 17 8
6 22 7 7 10 14 14 14 20 26 11 14 25 9 23 13 15 25 6 29 20 24 13 20 10 24 21 26 23 27 8 24 10 7 23 13 22 14 17 7 27 15 15 11 28 10 24 7 22 11 16 27 14 25 13 18 19 5 28 0 10 22 16 28 18 8 11 7 8 25 29 17 7 17 25 21 25 25 9 13 15 5 6 10 18 11 14 16 17 9 16 19 16 13 16 17 13 21 29 26
7 29 8 6 8 27 5 19 24 22 12 24 7 14 27 20 5 24 29 27 26 6 9 19 27 10 9 16 20 15 10 28 13 10 12 10 6 9 13 22 22 5 29 12 27 8 11 19 14 13 17 24 7 26 25 19 16 21 23 10 0 26 11 9 16 20 6 29 23 17 6 24 22 9 23 10 29 11 25 9 11 20 10 19 28 22 22 21 24 21 6 27 13 14 11 11 8 15 7 15
8 13 22 13 23 20 26 8 8 11 19 6 5 9 15 12 17 9 10 21 10 10 22 21 8 24 13 18 9 24 25 17 24 26 26 9 5 11 5 5 10 16 28 19 20 14 7 11 16 14 21 16 18 6 19 16 11 22 28 13 26 0 15 16 10 16 9 21 23 27 26 8 26 11 26 6 19 23 26 7 5 25 19 23 27 9 6 19 14 25 10 19 21 5 28 25 20 20 28 29
27 11 21 9 24 12 15 11 23 23 27 24 15 25 29 14 28 12 26 25 12 16 23 18 20 6 10 11 23 26 19 17 11 28 28 8 16 18 14 14 16 16 12 8 18 20 27 16 25 6 13 11 11 8 19 6 12 23 17 11 21 27 0 20 16 11 26 25 21 12 7 26 8 29 18 29 19 15 11 25 29 27 5 22 23 26 12 8 24 23 24 22 19 21 29 18 11 19 18 28
12 10 10 20 18 28 27 15 16 24 21 22 24 20 22 28 29 17 18 13 8 17 12 15 9 7 18 15 7 16 8 23 18 11 19 19 14 28 28 17 17 23 5 26 11 13 11 20 26 25 13 6 18 22 15 22 24 15 7 5 13 27 20 0 8 11 29 21 25 21 26 10 29 24 28 26 13 25 19 9 22 6 26 15 6 11 19 13 27 26 25 10 27 27 19 20 26 12 23 29
21 18 9 6 28 12 20 12 17 15 11 25 16 22 20 7 27 13 14 19 25 26 6 9 29 26 24 26 23 9 25 28 16 7 21 7 6 12 12 25 28 27 6 16 16 13 9 7 14 29 14 21 22 6 16 17 24 19 16 17 13 15 15 21 0 17 17 22 15 13 5 16 13 27 26 19 13 26 7 10 16 17 6 23 19 12 23 21 29 8 15 13 8 19 15 12 28 15 6 5
10 25 17 11 16 13 15 9 16 27 14 19 18 24 10 12 18 27 20 19 18 7 5 15 19 15 15 23 15 8 21 8 23 22 15 19 25 12 9 9 6 24 23 20 10 22 12 9 10 7 12 9 18 13 11 20 25 17 25 20 14 28 24 28 12 0 8 10 8 7 21 5 15 6 25 25 5 6 11 20 13 28 27 23 19 28 6 27 14 25 5 13 12 15 10 16 15 21 20 20
26 15 7 18 11 21 23 17 19 29 5 8 14 24 8 17 20 29 29 9 18 15 24 17 10 19 6 13 18 5 6 26 18 17 15 25 14 13 29 5 14 6 8 8 22 25 11 29 10 21 9 5 13 15 11 6 9 11 24 19 10 22 13 25 10 8 0 18 14 14 19 7 29 15 22 23 15 21 24 6 5 12 20 18 26 8 8 25 7 27 11 27 22 11 14 7 28 8 9 16
8 6 19 6 6 8 15 28 10 16 26 16 17 7 11 7 14 16 13 18 18 29 14 25 21 26 7 26 20 29 23 19 27 14 13 18 7 20 23 21 20 9 23 18 12 20 19 19 18 26 15 25 9 17 25 11 16 11 17 20 25 12 24 20 28 18 21 0 8 28 11 11 10 19 7 14 29 27 7 18 17 16 19 23 8 25 21 15 11 29 13 17 19 14 22 15 21 7 24 27
10 17 25 23 11 15 20 17 24 9 24 15 7 23 27 15 6 22 21 23 19 11 23 8 23 29 15 22 8 7 15 23 20 12 18 28 15 5 27 29 29 22 7 12 29 15 20 14 21 18 26 18 27 7 18 5 28 16 21 22 27 15 12 18 26 12 11 29 0 17 24 22 14 6 28 13 16 8 14 14 14 9 5 11 25 17 13 24 20 20 19 14 22 20 8 20 21 16 25 8
26 20 10 24 28 5 9 16 26 22 26 29 12 11 16 26 19 26 25 22 29 20 14 13 12 26 8 24 21 23 28 26 26 19 8 26 19 21 23 19 27 9 21 13 21 24 19 10 18 15 21 10 14 28 16 20 29 14 29 12 27 20 14 13 6 20 13 21 14 0 8 28 14 24 22 17 28 18 22 6 5 12 6 28 9 14 15 17 11 13 6 25 26 29 7 11 29 25 23 22
26 25 11 24 25 11 8 10 17 27 19 24 11 18 16 16 29 28 27 20 6 15 26 21 24 10 7 10 24 12 9 22 21 12 9 8 6 11 15 14 21 22 8 21 29 6 23 15 8 19 25 5 5 26 10 17 28 9 8 26 15 28 5 22 26 7 29 22 29 18 0 10 19 14 19 15 21 15 9 15 22 27 27 29 10 12 19 8 26 26 21 15 18 27 22 12 13 11 27 9
28 8 18 10 8 6 13 17 7 27 10 22 10 13 23 23 20 9 21 23 8 19 20 24 15 12 5 24 13 28 8 27 6 7 5 16 19 5 27 9 18 28 25 5 14 8 25 5 26 20 17 23 27 26 25 14 10 11 17 27 13 5 26 19 12 28 28 25 14 28 20 0 9 22 17 9 18 27 18 20 22 21 19 10 5 12 27 15 28 10 19 8 9 29 14 5 14 19 18 27
28 5 27 20 14 5 16 14 12 19 17 25 27 5 27 27 24 15 22 9 29 12 28 29 29 8 25 18 17 6 26 20 7 7 8 29 9 13 14 11 27 12 18 24 20 13 15 17 18 28 8 8 10 11 16 29 25 5 16 16 18 13 21 14 20 7 10 20 19 28 25 23 0 27 29 25 5 13 16 28 21 19 16 17 9 24 8 18 19 20 9 18 6 11 21 14 19 16 18 18
18 20 13 5 23 14 20 20 8 27 19 11 22 6 27 5 25 24 11 10 9 29 12 5 9 5 13 26 6 15 13 23 10 22 28 6 16 6 27 22 15 22 22 23 27 14 16 18 23 29 20 27 15 11 18 29 15 8 16 20 14 14 18 13 25 24 16 16 26 22 16 22 21 0 9 8 22 27 29 20 16 19 9 11 22 8 13 28 27 8 17 25 25 25 6 18 10 7 19 14
16 25 18 11 21 20 17 7 7 20 11 26 11 17 7 29 12 23 19 29 8 21 19 25 20 10 5 8 10 7 20 8 26 10 15 15 5 8 19 6 22 16 8 13 29 27 16 6 15 27 16 10 22 16 23 16 12 10 7 29 27 22 25 19 19 18 11 27 5 29 23 20 19 21 0 5 19 12 10 21 14 6 28 13 5 24 22 28 14 11 12 23 21 17 12 5 21 14 28 5
22 15 18 6 11 10 7 10 8 22 22 12 24 7 8 26 23 18 25 11 17 19 5 23 10 5 14 13 7 22 20 22 22 23 16 6 25 10 21 9 18 18 19 22 13 24 10 17 17 14 26 28 6 18 15 7 9 16 25 6 22 15 5 12 5 9 23 14 15 6 7 20 26 19 22 0 9 11 10 7 13 8 21 25 23 23 20 21 27 21 14 18 17 27 23 14 18 24 7 7
24 15 17 6 11 21 13 14 15 7 14 9 8 21 14 18 26 19 29 13 27 28 21 5 14 27 25 22 20 25 14 9 26 10 11 14 12 7 11 9 23 12 5 5 26 8 23 24 18 16 11 26 7 28 8 11 23 27 21 17 8 17 13 24 26 17 14 5 5 8 13 5 28 18 13 21 0 10 15 24 26 16 8 23 15 10 10 20 7 11 6 21 7 11 16 6 12 10 14 14
29 11 10 24 29 19 20 14 19 20 23 18 7 26 12 15 8 13 15 25 12 18 17 24 8 6 6 24 26 23 16 24 20 28 26 17 9 21 18 19 23 24 5 21 16 29 17 16 13 12 14 23 14 26 18 19 10 9 17 15 16 11 12 15 25 14 12 25 18 29 15 11 11 16 6 24 22 0 27 23 24 24 7 13 23 24 17 15 14 29 12 17 14 6 28 20 14 13 19 26
12 26 27 25 22 26 15 12 12 25 7 8 18 23 19 9 10 7 29 7 13 28 7 24 27 26 13 26 25 11 8 9 22 15 19 8 15 20 7 6 22 21 23 27 7 14 18 5 16 13 24 28 14 8 24 27 24 5 15 27 21 15 20 20 26 16 24 7 28 11 21 7 14 21 6 11 28 21 0 13 15 15 20 7 23 8 21 29 28 10 9 12 28 6 10 28 14 26 10 21
10 11 19 6 5 21 10 16 9 26 5 11 10 20 20 14 23 18 11 15 6 21 23 6 25 16 26 13 21 9 11 12 8 18 13 8 23 23 12 10 15 6 17 9 18 25 20 25 16 21 7 29 18 24 28 22 10 16 29 27 20 23 9 28 27 25 26 16 14 16 6 10 28 9 28 6 7 7 17 0 6 8 14 12 24 5 26 14 27 5 12 8 20 22 22 24 13 28 10 21
14 25 29 28 9 9 21 22 7 16 5 24 29 21 15 7 29 13 18 26 11 24 21 15 8 10 26 19 28 9 24 13 9 11 25 20 11 13 14 10 21 6 26 11 5 28 8 25 16 29 29 16 27 21 28 12 5 8 10 9 12 15 5 11 29 6 11 11 17 11 10 12 20 24 17 17 24 15 17 25 0 23 23 24 9 26 26 25 20 8 14 21 9 7 16 6 14 22 7 15
19 29 5 13 18 27 19 9 8 7 10 6 17 11 20 7 11 23 29 24 26 20 5 17 23 22 6 17 10 12 19 17 24 14 8 14 24 16 8 6 20 14 18 26 14 15 28 21 7 25 28 26 12 21 8 23 22 22 22 10 24 16 9 22 28 22 27 27 29 15 13 28 19 26 26 11 11 9 27 11 8 0 28 12 29 28 19 21 26 7 20 27 9 11 18 23 28 25 21 17
8 10 16 24 12 29 10 5 6 8 23 8 11 17 21 28 11 7 25 6 16 14 14 19 9 6 20 24 18 23 16 29 15 25 27 8 27 16 10 29 17 10 19 20 22 27 19 6 23 27 25 7 24 14 25 10 26 7 11 24 22 8 21 24 19 16 5 25 21 27 23 18 23 29 29 22 11 12 9 12 19 10 0 6 12 7 16 8 5 19 26 29 24 6 15 20 16 15 24 24
7 10 21 6 12 12 14 5 12 8 26 25 8 23 14 11 11 12 21 12 10 8 20 18 18 20 16 26 29 13 9 19 16 21 21 28 5 8 20 19 16 5 20 8 10 20 11 22 16 15 9 22 24 12 17 29 19 18 10 25 22 19 11 9 25 25 13 8 16 13 21 6 29 14 14 29 26 27 15 7 23 26 21 0 19 6 20 13 12 15 13 23 13 27 14 17 10 15 24 25
15 14 5 20 17 20 19 20 20 28 19 11 14 17 29 7 14 18 22 12 14 9 18 16 27 17 8 21 6 6 6 24 27 12 15 13 14 7 21 16 6 16 18 26 16 10 13 19 14 6 22 19 14 18 26 17 12 6 17 15 25 5 8 8 19 11 14 10 12 7 14 12 23 27 5 5 10 22 14 13 10 26 23 11 0 12 22 16 25 6 29 21 9 14 19 7 11 25 10 24
24 27 26 9 12 15 23 22 28 14 25 12 24 24 6 7 25 9 20 19 24 17 20 13 24 8 20 23 29 29 6 11 16 24 21 7 15 19 19 25 20 22 9 21 21 15 8 12 7 17 19 18 26 18 27 25 20 24 20 22 16 19 29 21 29 21 25 13 28 23 29 24 6 16 22 13 13 17 25 5 9 15 13 17 5 0 9 7 20 9 19 16 19 27 7 24 23 14 27 21
22 26 14 27 26 20 14 25 9 29 26 22 19 6 9 11 21 24 5 19 11 29 14 9 15 17 6 9 23 27 24 29 13 19 5 19 7 13 24 23 11 11 16 10 22 22 27 14 13 13 19 14 10 29 14 6 5 29 19 15 7 14 8 9 9 17 16 25 27 6 19 27 14 5 9 27 7 28 27 6 29 24 14 5 23 17 0 24 25 12 23 22 23 17 22 9 21 18 16 17
5 10 19 26 15 17 25 16 8 9 22 11 17 9 11 23 12 11 24 26 9 22 17 13 11 11 29 29 7 7 10 9 22 20 24 13 21 7 25 5 24 6 24 5 27 29 21 22 19 12 14 29 25 8 22 22 14 11 18 23 23 10 15 23 18 15 16 9 21 23 10 25 22 12 15 14 13 15 17 11 17 26 8 6 24 26 14 0 27 19 16 6 26 13 17 11 23 24 5 14
29 29 19 19 27 11 23 12 8 21 7 24 12 26 23 24 25 16 28 21 15 10 18 6 12 28 23 27 12 19 28 24 8 5 10 12 23 13 28 26 13 10 14 6 10 21 13 13 7 16 5 21 23 13 13 21 29 26 5 10 16 13 17 19 26 22 15 13 26 21 24 12 6 27 29 13 20 21 22 18 9 5 18 21 29 7 16 19 0 24 16 19 26 27 11 28 29 24 8 15
15 18 23 24 8 18 7 22 19 17 16 9 11 28 14 13 11 7 23 7 21 5 12 29 28 24 12 5 23 19 14 9 26 10 25 27 24 19 12 9 22 6 25 18 19 20 24 25 12 6 23 12 26 22 11 5 17 24 26 16 15 16 29 29 10 11 13 24 13 21 19 22 5 28 18 14 23 15 20 28 18 15 29 28 10 16 12 26 21 0 10 20 11 6 28 23 24 25 7 25
10 21 22 24 23 26 18 17 16 22 13 7 21 8 26 14 27 5 15 24 29 13 24 7 7 7 5 28 18 29 27 22 26 20 7 18 18 9 19 9 10 14 11 5 20 28 15 12 12 8 24 12 16 27 5 12 13 24 12 20 27 23 24 10 11 13 22 21 29 12 24 5 21 16 20 10 9 23 16 11 27 16 28 25 24 14 20 20 22 13 0 29 18 15 20 14 18 20 22 21
7 14 25 8 14 24 21 14 14 16 7 29 8 24 17 18 22 29 23 9 21 5 21 9 23 25 14 18 7 26 26 7 10 16 20 7 21 20 10 15 12 22 21 20 20 23 22 22 19 5 7 14 16 5 22 17 22 15 18 20 29 10 17 14 15 7 7 19 9 13 8 28 27 22 27 18 8 22 28 27 12 27 22 17 5 15 16 22 19 5 9 0 11 21 7 26 13 27 9 5
25 21 14 11 16 25 16 20 24 6 17 21 11 17 26 20 20 27 10 17 6 27 25 12 11 10 14 9 7 18 9 23 12 27 9 10 15 19 6 21 6 21 26 26 18 19 6 9 20 17 29 20 25 9 20 22 27 24 29 15 9 14 28 27 8 12 19 28 24 29 27 6 25 23 9 6 10 21 17 8 25 26 24 13 7 21 14 24 21 10 25 7 0 15 13 7 15 24 21 12
18 6 21 17 9 8 11 22 16 9 7 23 29 24 15 5 25 14 21 7 8 26 11 15 15 22 13 7 12 21 13 18 20 20 12 21 23 22 12 16 27 9 26 18 20 23 25 9 10 23 24 16 14 20 10 24 10 20 19 13 15 23 28 25 17 24 5 6 11 26 18 24 5 8 27 13 23 14 10 6 13 17 11 7 10 20 13 27 24 17 9 29 25 0 16 24 9 27 14 7
28 19 13 12 10 19 8 8 24 6 10 24 6 7 14 25 26 11 15 24 9 7 9 25 29 18 27 11 21 18 23 8 26 26 7 9 11 20 25 27 26 5 16 14 11 15 26 10 19 21 5 28 25 10 20 13 15 20 26 19 11 12 20 17 9 16 16 20 9 12 18 27 25 8 18 16 11 10 5 6 21 22 17 16 12 15 27 19 19 17 14 9 5 27 0 19 27 8 21 17
18 19 5 19 12 5 5 19 14 8 13 22 19 6 6 11 22 8 13 13 5 17 8 23 7 9 26 16 16 15 18 6 27 10 24 23 16 27 28 27 25 18 19 11 19 29 21 15 16 22 25 26 16 25 27 11 11 11 17 12 12 25 14 10 29 23 9 18 18 15 11 10 20 10 28 24 27 9 26 7 29 22 16 16 23 7 26 23 9 17 16 25 6 17 10 0 17 14 13 20
8 12 12 22 15 16 22 21 9 19 25 5 20 7 17 8 18 28 29 29 8 7 8 26 6 11 17 14 5 21 26 23 11 5 26 25 15 17 18 21 11 12 17 17 6 23 24 10 17 20 11 15 9 10 17 11 10 14 8 16 18 6 12 15 9 24 14 22 26 8 7 29 28 18 28 11 24 6 28 10 9 25 25 12 25 12 12 21 14 29 5 19 12 28 14 26 0 27 13 29
10 26 20 11 13 19 15 27 26 27 27 22 27 11 16 5 5 28 28 23 26 6 29 29 17 6 8 9 27 20 6 17 18 17 22 26 22 22 27 28 23 6 27 28 17 8 11 8 23 20 18 28 20 29 26 12 29 23 20 21 16 6 16 26 11 6 20 27 7 15 20 24 27 11 6 14 14 19 14 9 21 28 7 12 12 18 18 14 22 29 17 26 28 19 18 6 26 0 16 16
5 15 14 13 20 25 19 24 15 17 9 5 13 12 19 7 28 28 24 17 23 20 6 13 7 7 20 10 14 22 16 23 17 22 5 7 6 21 18 5 19 23 11 5 24 13 28 27 26 29 27 10 18 14 11 27 26 17 9 8 5 16 26 17 28 29 8 11 22 28 24 26 11 29 20 6 14 18 7 9 17 14 24 27 21 22 6 10 17 16 22 9 21 7 26 23 21 11 0 26
27 8 14 28 5 10 27 18 13 15 7 28 20 20 19 6 12 5 16 9 26 24 11 8 9 13 10 15 25 23 13 14 24 7 5 28 26 14 11 20 17 24 8 6 7 24 10 15 21 7 28 16 8 22 7 10 23 29 23 14 14 13 23 29 9 11 6 22 26 18 19 28 19 26 24 20 15 16 24 15 5 18 5 14 14 6 7 16 10 12 15 28 29 6 5 14 22 15 12 0