100
44 40 12 54 84 6155
72 56 16 95 32 6120
86 54 72 95 79 4103
54 54 19 86 29 3851
86 84 40 69 78 5802
50 82 77 33 37 5802
41 61 44 77 37 7025
47 82 90 33 74 6231
95 56 44 42 39 7422
76 17 54 49 100 7155
50 60 100 22 11 6860
37 28 61 91 63 4012
10 64 70 13 20 7283
39 76 81 97 88 7259
72 69 72 16 92 6725
53 35 82 59 93 6582
46 59 85 79 15 6847
18 70 21 45 82 6090
12 29 66 12 86 4500
86 50 34 63 44 6520
99 48 15 80 56 7184
87 89 100 82 55 4204
67 63 24 27 16 6065
91 51 26 18 77 5416
45 41 14 92 93 7572
67 27 15 18 79 6301
92 90 66 50 58 6992
39 29 89 13 49 6452
43 15 33 23 32 5394
87 89 97 16 65 3694
37 64 36 38 94 4851
83 11 96 24 83 7885
46 91 27 89 29 5701
25 86 19 11 72 3706
65 35 93 45 14 6485
61 76 30 46 25 3734
99 41 20 69 38 5402
20 80 78 59 100 7796
88 92 75 23 97 5000
51 89 50 14 32 4940
99 31 18 92 35 5956
12 72 62 25 53 6951
39 76 97 48 89 4094
38 69 95 73 86 3877
86 40 24 70 15 4314
56 97 38 89 92 5973
74 97 24 34 94 4390
89 30 43 28 72 6960
34 70 37 23 79 5700
61 27 31 53 48 5347
29 73 22 57 17 4518
60 55 84 84 100 4996
19 16 97 96 89 4150
96 84 23 23 95 6433
10 32 77 90 54 6795
11 39 39 20 88 6796
85 85 77 14 82 3645
65 17 98 90 15 4175
11 25 55 41 20 4568
34 69 25 82 32 6071
67 91 10 16 46 5993
100 34 97 88 81 6412
12 49 54 93 45 3917
50 14 56 22 12 6496
60 75 10 28 94 4278
75 19 98 76 10 5402
44 26 66 95 35 6415
65 26 94 53 20 5249
43 28 37 14 36 7942
28 97 45 90 14 7926
23 97 19 42 68 7653
97 37 32 94 70 3869
42 28 77 54 86 6178
51 59 20 56 38 5554
81 75 27 83 75 7674
29 17 11 94 43 4462
19 81 99 66 96 4690
90 25 98 38 56 6195
22 27 95 99 52 3825
87 69 100 23 95 4094
100 56 42 33 100 5385
44 60 79 30 48 6941
100 86 16 91 77 5946
59 68 33 30 67 5999
70 24 46 29 26 4259
73 32 34 41 75 3929
49 23 49 56 32 7632
48 81 32 64 67 5976
97 99 11 20 70 6829
61 48 72 92 92 4979
85 97 74 18 25 5129
70 57 38 65 98 5539
33 49 53 63 37 6934
19 62 78 34 87 6452
39 98 26 14 60 5702
52 11 42 68 59 6328
65 73 32 53 82 7961
70 36 65 80 76 7576
13 71 78 83 77 4357
24 28 37 87 15 4951
0 15 17 11 5 7 20 26 15 24 19 27 28 23 30 13 10 23 12 22 30 30 23 16 29 19 9 11 6 8 26 9 14 10 6 27 18 7 8 9 17 8 28 19 29 5 17 10 17 5 23 17 7 11 10 9 22 23 15 12 7 24 21 14 15 22 21 16 18 21 28 21 29 29 23 26 14 21 25 27 26 18 8 14 26 16 12 26 25 9 5 18 6 12 21 27 8 28 9 24
26 0 15 8 27 25 5 29 13 14 28 17 11 21 24 11 27 30 14 6 12 5 10 15 17 26 26 16 30 18 19 26 18 28 10 30 7 30 27 7 20 12 25 17 23 19 21 6 10 13 5 5 9 15 6 11 13 18 20 6 12 18 14 26 6 26 29 13 28 18 27 26 22 23 27 14 24 24 30 16 16 19 22 24 15 25 26 8 16 16 25 19 14 17 12 20 6 15 9 22
21 14 0 20 21 19 7 19 15 10 10 24 11 29 20 25 6 6 12 26 29 12 7 5 21 11 10 12 23 23 30 23 8 11 8 26 12 28 17 29 20 18 14 25 17 18 27 29 8 13 28 28 18 19 21 11 7 19 18 28 27 8 16 20 26 7 10 29 20 27 20 13 8 21 11 24 13 27 28 16 27 24 23 29 7 27 28 10 12 21 22 21 11 29 24 25 23 22 14 19
7 24 15 0 18 9 25 24 9 19 15 5 19 23 29 21 19 13 9 11 12 6 6 28 5 18 22 10 22 16 11 28 7 8 25 28 23 7 27 17 17 25 11 21 21 12 30 10 25 10 6 6 13 29 23 8 12 19 27 22 13 30 19 27 20 18 23 18 11 21 15 21 10 30 23 7 25 22 8 22 14 11 30 23 13 6 13 20 14 22 30 27 17 16 28 10 22 6 10 25
18 11 30 25 0 22 12 23 19 7 11 26 19 7 11 8 23 24 8 25 16 8 19 9 14 8 28 29 12 14 28 18 13 25 13 29 26 15 22 21 8 26 12 27 12 11 8 14 13 9 24 14 10 9 15 13 20 5 25 7 25 8 6 23 30 22 25 30 20 30 11 7 28 10 9 19 9 7 16 17 10 8 29 9 27 24 30 23 14 21 12 26 25 10 24 9 6 13 18 12
14 7 13 18 10 0 22 24 8 30 17 5 14 11 22 7 25 7 7 8 5 29 17 10 15 24 28 6 5 17 16 25 13 9 28 9 29 10 30 16 18 11 29 6 27 24 29 22 22 19 11 12 25 23 11 26 23 28 20 25 8 18 21 9 29 27 14 27 26 28 29 21 24 6 20 21 28 13 27 28 16 11 29 26 13 23 6 9 5 17 24 10 10 29 29 12 25 24 20 26
21 19 16 26 15 12 0 20 27 19 24 8 25 5 11 9 10 14 5 12 26 7 18 27 29 10 24 16 15 25 6 24 22 27 22 15 24 6 14 22 20 22 20 26 12 6 28 8 12 16 22 20 17 22 8 22 15 30 21 18 19 19 23 22 13 27 21 12 30 14 12 13 14 25 10 13 24 8 7 24 28 16 19 26 24 12 27 29 17 13 13 23 8 25 25 29 10 25 5 11
19 6 7 7 21 16 9 0 7 20 28 9 9 13 12 8 6 9 6 15 23 16 16 27 27 24 17 8 17 22 21 10 16 14 21 11 11 19 6 19 17 16 11 27 22 7 24 10 15 20 28 17 13 22 22 19 30 30 16 12 25 24 17 21 30 24 13 15 17 10 11 20 16 20 7 8 21 29 12 10 8 24 7 12 27 30 8 26 23 16 18 11 18 18 21 13 9 28 12 23
10 5 10 8 22 29 24 15 0 19 15 25 5 17 23 17 11 24 27 30 17 5 30 8 27 15 21 21 21 16 10 5 30 10 18 13 6 25 28 8 6 5 22 7 15 27 26 17 18 8 20 5 27 12 16 14 21 7 20 30 17 19 16 16 25 8 22 9 16 20 30 14 24 29 15 29 27 11 19 20 17 25 18 11 10 30 10 14 13 9 26 27 13 9 30 30 28 11 25 30
10 21 30 30 9 29 11 6 26 0 21 13 23 18 26 9 12 30 20 29 20 19 10 6 22 9 14 27 11 29 13 5 7 25 16 29 19 27 20 10 29 24 22 19 14 22 6 10 13 5 16 20 10 25 16 28 30 6 21 21 29 14 8 8 30 15 11 10 15 30 19 16 22 11 13 22 9 21 8 9 21 19 16 28 25 18 9 8 24 8 8 21 11 19 10 21 11 9 14 10
25 24 9 16 14 10 26 26 7 13 0 14 12 18 16 13 18 24 12 28 25 5 9 5 23 27 8 10 15 15 24 25 6 5 9 5 24 24 18 14 19 10 27 19 15 7 21 17 20 19 12 18 20 10 20 26 25 30 7 22 11 29 10 25 30 13 8 5 9 30 6 29 19 22 12 20 8 20 29 25 20 27 26 22 17 18 10 15 18 23 20 27 22 12 27 30 20 15 5 8
16 21 17 15 6 26 22 26 7 25 18 0 11 30 30 24 21 29 12 13 8 9 5 5 15 16 27 19 7 14 26 13 28 26 11 9 8 15 29 23 10 12 16 27 25 18 11 24 24 23 24 9 8 23 14 15 20 7 26 29 9 15 13 12 18 8 11 17 10 19 13 6 22 8 8 22 23 5 8 21 21 6 13 11 22 29 17 29 6 23 22 18 19 30 30 23 21 28 20 11
21 23 9 20 16 6 24 23 13 22 19 18 0 10 27 18 6 16 22 6 28 17 16 9 6 5 16 28 16 23 29 17 6 23 6 28 29 19 7 13 18 14 29 12 18 30 25 17 20 5 14 28 16 9 18 17 8 10 16 13 12 7 21 9 25 12 19 8 11 30 5 11 19 29 11 27 18 21 18 28 10 12 26 27 5 27 24 22 17 11 29 24 5 26 19 7 17 5 14 13
29 19 9 11 19 7 23 8 23 13 6 20 26 0 5 22 27 13 17 28 16 12 27 24 21 30 18 14 14 28 18 25 16 12 14 26 10 28 20 6 6 5 7 25 5 16 27 9 25 11 15 23 9 8 17 15 11 18 30 18 6 11 13 7 21 9 5 26 10 21 15 13 6 17 19 10 27 5 16 13 5 19 17 26 26 14 10 17 26 27 12 28 16 28 9 30 19 21 19 27
28 13 18 11 28 29 15 29 14 29 15 5 10 25 0 24 26 27 20 14 16 7 15 14 7 14 9 17 13 8 7 15 15 5 23 11 23 30 17 30 20 28 29 11 12 8 9 12 11 20 9 6 30 29 10 18 18 16 13 6 17 5 24 19 27 13 15 10 17 19 21 19 29 25 27 24 17 11 11 26 20 29 25 12 17 14 9 21 24 8 25 28 26 30 9 6 24 7 14 17
30 22 9 7 23 17 14 11 23 29 22 30 21 9 21 0 16 14 13 18 13 7 18 16 5 22 10 27 13 28 11 28 12 25 23 9 11 11 20 7 25 30 19 14 15 26 12 22 13 29 23 18 9 11 28 5 24 11 15 29 12 21 11 11 15 5 23 15 14 28 9 12 30 6 17 15 19 14 22 5 9 14 6 12 8 23 13 8 24 18 15 11 5 11 30 25 24 21 12 23
8 29 23 25 16 20 22 19 23 12 26 13 21 25 12 13 0 26 14 12 13 27 15 11 25 18 9 10 17 17 10 7 8 15 9 27 10 25 22 12 5 19 5 26 6 24 6 15 9 27 22 9 21 29 21 22 21 30 25 27 6 28 30 17 28 27 27 9 29 12 22 30 15 23 26 23 28 8 13 22 23 23 20 19 21 27 13 19 24 30 11 30 17 9 26 11 27 11 17 26
9 7 28 5 28 20 6 10 25 26 7 30 7 14 25 8 21 0 6 15 27 26 9 10 19 13 30 27 10 24 28 22 7 15 18 6 20 19 29 5 10 28 18 23 19 25 13 11 18 14 27 19 17 16 11 5 7 11 29 18 19 23 26 6 11 6 14 22 18 21 23 29 16 16 20 18 12 8 6 26 24 21 29 30 27 27 15 24 16 21 19 8 24 5 23 28 21 11 14 27
13 23 25 16 20 18 26 9 29 22 28 20 6 21 10 22 18 27 0 19 27 16 14 27 14 15 23 23 24 26 23 22 18 24 24 7 11 16 28 21 27 13 7 21 12 27 14 11 18 6 18 19 14 29 14 11 30 22 11 5 14 6 25 15 8 30 7 13 24 8 16 12 26 6 18 11 20 5 20 26 28 25 14 5 19 9 12 29 15 13 29 29 20 24 14 7 28 24 15 18
12 25 10 21 15 17 5 9 7 20 25 10 9 28 29 28 30 24 12 0 9 18 15 11 25 14 12 14 8 12 24 19 8 16 22 27 7 12 14 8 17 18 22 8 15 28 24 7 5 5 15 28 21 19 25 19 25 8 17 22 9 19 8 30 14 17 27 8 30 17 10 22 5 12 23 24 29 16 20 17 22 15 18 23 20 7 22 22 30 7 21 20 22 25 27 21 12 15 16 9
19 26 9 5 16 8 13 20 23 28 24 5 13 14 20 5 30 19 27 19 0 24 27 22 26 16 6 18 7 11 6 26 8 8 24 11 19 7 26 14 7 23 23 19 27 13 20 29 9 19 20 6 8 6 7 26 22 17 14 5 7 30 15 19 11 6 8 30 17 16 22 24 27 11 29 29 19 21 23 7 18 18 17 9 18 24 10 15 23 19 21 9 7 26 24 8 15 25 12 21
19 27 23 25 28 11 13 29 23 11 9 15 9 17 16 14 9 28 18 11 13 0 20 10 21 8 29 20 18 17 23 23 26 5 19 24 6 30 19 23 5 14 30 9 13 18 7 14 9 16 19 8 6 24 8 12 10 15 27 6 16 22 22 7 11 19 30 24 23 26 13 9 21 28 20 5 28 24 14 5 16 24 18 21 28 17 7 9 22 21 5 30 15 5 5 6 13 18 21 14
8 27 9 5 8 18 8 15 25 5 28 9 16 5 9 8 18 22 20 13 23 6 0 17 23 7 9 17 20 11 10 27 9 25 14 18 24 22 5 6 29 21 29 13 8 14 26 22 5 20 25 21 19 15 15 21 8 18 28 11 25 24 9 29 14 7 21 21 11 22 15 20 8 7 25 12 17 15 10 27 7 22 18 12 24 12 19 11 18 11 22 28 20 17 30 30 11 5 7 14
19 27 23 23 15 19 9 10 22 29 28 29 7 5 20 13 25 21 6 16 15 8 22 0 14 11 20 8 13 5 12 11 28 6 23 16 14 13 8 8 13 13 8 18 12 21 24 14 14 10 24 22 24 22 25 12 28 23 16 20 16 20 18 29 7 5 28 14 14 20 23 29 21 27 19 24 11 13 12 9 13 9 14 13 28 5 16 21 11 15 11 10 15 11 5 17 21 15 12 6
10 24 17 23 5 11 10 15 23 14 13 8 10 17 26 7 24 18 29 10 10 18 6 8 0 25 21 18 27 16 6 17 26 10 29 15 24 5 17 16 15 25 29 16 19 30 16 13 24 16 27 28 23 10 27 8 29 7 18 10 27 23 20 22 27 11 18 27 7 13 28 17 23 19 9 29 7 15 27 19 19 11 26 12 7 8 6 5 13 16 7 9 8 24 13 27 5 7 25 12
28 5 27 28 13 12 29 30 17 10 18 17 10 15 12 11 13 15 15 5 13 17 16 21 18 0 27 27 19 21 25 29 14 29 28 24 19 7 8 25 17 29 21 26 28 10 24 10 5 18 27 21 6 23 18 23 27 26 6 25 18 9 18 30 23 7 9 25 14 10 15 23 16 19 23 19 14 12 7 26 16 14 24 15 10 10 27 18 8 21 21 12 20 24 20 12 24 12 23 14
14 9 15 19 17 11 15 18 15 21 18 16 15 28 18 27 26 19 7 13 12 18 8 17 28 17 0 15 25 29 27 22 28 25 19 11 24 14 30 11 14 18 30 5 27 7 19 26 18 12 22 20 6 23 5 18 30 26 10 26 8 20 10 30 11 16 26 7 30 19 9 5 15 12 7 20 10 11 10 10 13 24 22 16 12 28 16 26 5 7 20 14 9 12 22 29 22 8 25 24
9 22 5 15 22 22 17 9 16 27 5 17 28 20 17 6 21 9 13 19 14 5 7 26 18 26 20 0 14 6 20 5 14 27 16 15 15 26 29 11 19 11 10 20 29 23 27 15 13 22 16 9 8 19 9 29 29 25 15 27 23 30 30 16 29 19 18 28 27 25 7 6 21 13 27 14 23 16 11 21 19 11 5 17 16 20 22 17 18 15 18 12 16 18 26 30 5 15 15 19
20 24 21 22 5 13 16 29 27 29 19 5 28 30 23 8 24 22 11 28 14 9 10 21 5 19 14 17 0 23 13 27 27 20 25 8 17 18 22 29 11 30 15 19 22 5 14 11 23 29 12 23 19 6 26 26 10 12 27 28 22 15 10 26 28 24 26 10 26 27 18 15 23 11 29 28 20 22 22 6 30 17 13 10 16 30 5 9 13 24 30 8 23 14 12 10 25 15 23 30
22 28 13 6 25 19 29 5 27 16 20 8 11 14 8 7 8 24 29 12 17 11 21 26 22 28 8 20 17 0 29 21 29 24 23 25 12 25 6 9 22 25 24 27 7 21 19 18 18 20 10 29 6 20 7 29 10 16 27 23 16 16 14 19 7 20 12 19 24 23 12 28 25 15 24 20 26 26 21 22 15 25 25 8 26 24 22 26 7 26 8 30 21 11 5 15 28 18 10 11
17 5 26 28 25 18 21 30 20 20 20 18 19 13 26 29 26 14 15 6 24 23 10 6 12 8 20 28 17 12 0 29 12 6 26 18 24 14 26 14 23 18 28 24 13 9 15 5 15 21 9 10 11 25 8 28 9 17 27 25 18 20 8 15 30 5 23 17 14 21 21 28 17 28 11 21 9 14 24 18 18 13 15 23 13 5 15 15 10 24 30 23 10 22 9 29 19 25 26 22
25 18 8 8 19 27 30 23 29 18 7 25 9 10 5 28 28 23 30 5 13 29 29 22 30 23 17 23 26 22 13 0 15 27 10 15 29 28 13 13 5 19 13 7 7 8 6 7 12 10 11 29 14 19 8 21 26 12 5 18 30 18 25 7 28 23 25 29 30 27 25 13 7 27 15 9 15 5 27 18 23 12 26 15 21 28 20 15 21 11 16 8 13 26 30 20 15 17 10 5
5 15 28 21 30 21 5 18 13 20 11 11 16 7 16 13 28 20 26 5 6 22 30 16 10 23 16 18 21 18 14 20 0 11 15 14 29 6 8 16 28 11 5 22 18 20 21 24 12 27 9 25 5 11 13 16 18 13 23 27 8 15 22 20 12 22 25 15 26 21 8 8 17 28 21 23 11 29 6 23 12 10 11 6 11 17 24 15 23 30 18 28 17 14 20 22 24 12 8 5
23 5 5 22 9 23 29 28 9 14 9 26 6 23 19 7 18 28 7 14 7 19 17 27 21 9 5 6 29 11 18 23 21 0 18 28 14 26 10 9 19 26 26 7 10 9 6 11 23 19 29 27 29 5 29 22 26 15 11 5 9 6 28 10 18 21 7 24 25 13 7 28 17 26 10 6 28 18 27 9 20 21 10 8 21 27 8 19 22 12 9 18 13 21 7 16 11 17 29 20
22 5 20 9 29 19 30 19 12 6 9 14 30 25 7 14 11 9 19 22 13 10 12 30 14 5 6 7 28 28 8 18 14 20 0 17 28 28 19 18 28 6 25 18 23 7 8 8 10 30 23 7 29 30 30 6 17 20 16 20 17 23 8 8 5 7 25 23 20 26 29 19 13 6 26 25 14 25 26 30 30 18 19 6 14 27 29 24 29 10 26 26 26 8 12 28 18 12 26 10
16 18 12 9 6 29 12 30 25 20 29 16 10 23 6 9 30 26 22 15 13 24 12 6 11 24 20 11 26 14 24 12 18 18 20 0 18 13 6 11 15 14 9 25 27 22 13 24 20 6 7 19 25 15 14 17 18 14 25 23 27 21 13 10 11 5 17 8 23 21 19 15 8 27 5 8 27 10 7 10 7 10 26 30 23 5 28 13 26 15 16 30 26 13 26 18 13 8 18 5
16 26 28 22 14 15 25 29 23 26 28 10 11 29 6 21 30 28 26 23 10 29 28 26 25 12 22 21 20 11 21 29 11 21 27 21 0 16 19 11 5 29 7 9 25 23 19 12 29 11 16 22 13 11 14 22 10 15 13 14 26 9 11 12 20 29 23 24 28 20 29 16 27 7 17 28 19 20 5 22 23 21 6 26 19 10 23 13 18 6 6 27 26 25 23 17 11 16 5 8
19 12 8 19 14 11 27 12 11 10 8 23 17 16 16 30 27 19 6 17 29 16 26 16 7 16 16 29 15 30 27 22 19 19 19 5 9 0 11 13 16 29 30 18 8 18 17 23 19 8 12 24 5 30 11 5 27 13 19 6 5 13 13 24 23 18 20 18 27 12 17 21 26 8 9 23 6 16 6 21 17 30 9 11 7 6 28 20 14 5 20 25 19 5 24 21 29 7 9 21
17 16 6 17 11 29 26 22 11 25 12 18 14 14 26 7 7 7 26 27 19 10 13 11 19 16 23 18 29 29 30 29 17 25 15 10 29 30 0 26 21 27 10 21 24 16 10 27 19 20 16 6 27 17 25 21 17 16 18 10 5 9 21 12 9 16 6 26 25 28 7 27 8 19 6 12 10 12 7 5 14 12 9 16 10 6 7 23 25 29 30 15 9 29 25 8 17 5 14 21
7 7 10 5 6 15 17 24 23 17 24 29 5 9 17 16 5 7 12 22 29 22 19 13 30 14 17 5 19 26 23 19 30 22 21 22 30 18 24 0 5 8 30 8 19 29 18 17 25 26 26 20 24 18 24 16 5 13 13 16 10 26 10 21 10 5 10 6 12 17 8 11 21 15 18 18 7 6 16 5 5 22 19 25 23 23 30 19 23 19 15 11 28 17 22 10 24 30 8 5
26 17 27 27 14 15 17 23 9 6 26 19 23 10 26 12 18 18 17 25 21 18 21 24 14 8 10 6 25 7 27 18 16 6 10 6 21 9 20 22 0 5 24 14 28 25 15 28 14 30 20 24 29 27 30 29 16 23 10 29 8 30 5 24 16 28 28 30 5 14 20 14 19 27 15 23 11 21 11 17 17 14 7 14 20 28 11 27 23 16 8 21 23 16 14 17 10 11 19 6
29 5 6 23 20 9 16 26 6 10 21 14 28 25 26 24 25 6 12 23 18 17 11 7 16 17 6 23 17 21 22 11 17 7 23 6 13 29 6 27 8 0 26 11 21 15 13 30 8 22 21 27 7 7 16 30 7 17 19 10 12 14 29 9 15 29 17 29 15 30 30 23 16 5 12 11 25 25 23 23 15 7 21 12 22 19 21 7 22 18 27 9 29 28 28 23 5 29 12 19
17 28 27 29 9 18 12 14 21 30 27 10 8 24 14 23 23 30 19 23 11 9 18 11 27 16 22 16 30 23 24 26 22 9 24 18 9 14 15 20 12 8 0 15 27 23 25 16 10 15 7 20 23 29 27 27 6 16 18 29 23 11 7 29 8 25 10 10 10 28 11 18 20 28 21 10 17 30 21 15 6 5 16 13 28 9 7 30 14 23 28 6 23 19 15 15 26 17 12 21
8 29 22 5 18 6 16 22 25 17 15 27 10 22 19 6 30 28 12 19 16 26 21 14 10 9 20 12 19 17 9 25 22 23 20 7 17 11 20 15 23 21 11 0 25 13 5 22 10 7 10 11 29 19 17 18 25 18 19 5 29 12 16 19 20 20 13 18 23 13 28 9 18 6 10 15 28 18 10 5 11 13 9 11 29 11 6 6 24 17 11 14 29 29 24 29 17 12 27 29
22 20 20 16 10 20 26 5 22 22 9 8 20 10 24 8 10 10 30 30 29 27 27 13 19 23 6 19 8 27 5 27 13 23 10 16 26 6 19 18 6 18 8 25 0 8 6 24 8 21 25 24 13 20 26 6 18 27 10 19 8 20 28 23 15 15 7 13 24 22 30 29 22 22 16 28 30 30 17 28 24 23 23 27 14 27 20 21 27 8 19 28 23 12 15 6 12 18 9 28
24 14 23 5 22 19 14 29 28 13 21 5 20 7 21 19 18 17 26 16 27 24 6 16 7 19 17 29 17 18 29 20 23 24 13 13 21 5 5 12 11 28 9 23 24 0 27 15 27 18 28 22 25 8 24 25 28 20 13 5 6 7 21 8 10 20 12 10 10 27 22 21 30 12 25 29 26 7 23 13 23 20 9 8 15 6 25 29 19 24 16 28 15 30 14 7 5 9 16 15
20 26 5 14 9 25 13 24 15 30 30 30 15 9 10 30 22 29 12 20 8 26 9 5 18 8 30 22 20 25 14 18 11 21 13 22 8 26 21 27 27 5 27 20 27 24 0 8 12 24 12 11 18 19 21 10 23 14 5 8 16 23 17 25 28 29 28 18 11 22 18 18 15 23 6 9 9 7 14 10 10 15 19 25 20 19 25 27 15 18 14 14 6 12 9 11 13 13 25 25
10 21 8 6 25 11 25 7 8 17 29 27 29 27 20 28 26 24 18 8 5 14 26 16 6 24 22 23 15 28 15 27 22 12 23 6 18 27 18 26 16 28 19 22 19 5 9 0 18 19 16 20 7 9 14 25 12 27 8 29 9 5 25 25 22 13 12 25 11 12 13 12 15 8 20 13 19 16 28 17 12 12 9 30 19 30 25 20 21 28 14 22 29 25 25 6 29 16 5 23
12 28 19 5 25 6 23 22 9 14 16 10 5 28 26 24 20 9 10 15 9 12 15 17 20 17 18 24 8 11 13 9 25 29 9 7 12 13 24 12 9 30 25 24 27 17 24 19 0 9 27 5 19 13 28 6 11 10 28 22 29 19 20 17 29 29 22 18 22 25 20 18 19 7 5 28 18 10 6 16 22 11 20 11 21 12 14 9 17 21 28 9 7 26 28 17 18 8 6 19
6 18 17 13 29 10 21 30 7 10 10 10 18 20 20 27 6 26 16 14 15 23 5 27 18 17 17 7 15 27 23 22 5 11 10 15 9 6 25 13 24 20 12 16 18 19 6 10 17 0 9 28 21 25 17 8 20 18 8 24 30 29 12 16 23 11 7 16 9 9 6 30 10 25 28 15 24 5 6 12 7 8 16 20 14 24 28 28 27 16 24 22 11 13 8 15 24 14 23 21
13 29 27 7 7 7 28 16 28 23 25 19 20 26 24 30 23 15 6 15 20 20 10 22 8 24 28 19 18 20 18 14 27 13 25 21 17 13 6 5 18 30 16 29 25 13 11 26 19 27 0 29 14 5 29 5 28 11 25 21 7 22 21 18 16 12 8 12 29 6 10 9 21 18 29 22 13 26 5 6 24 25 13 8 9 7 23 13 6 17 17 10 24 13 11 5 12 28 12 12
10 14 12 6 24 18 22 25 20 29 10 29 21 15 5 10 20 27 21 21 26 24 11 12 7 25 22 5 27 16 17 12 5 16 24 9 24 13 26 30 14 24 26 21 8 11 7 22 13 14 11 0 21 10 20 30 27 11 28 18 9 26 25 28 14 10 16 28 11 29 9 26 28 30 10 17 21 13 9 5 15 9 10 15 24 10 11 22 11 25 6 10 22 5 23 13 17 20 9 22
12 9 28 12 7 10 29 10 27 29 25 14 24 12 19 23 7 26 12 6 21 19 30 30 27 20 23 14 29 11 23 26 30 10 30 20 14 5 21 8 28 6 29 12 30 16 18 15 28 10 20 30 0 20 18 20 24 16 26 28 23 29 27 30 23 7 7 17 6 19 23 30 17 26 30 14 14 20 16 6 6 23 21 6 24 23 15 27 29 5 20 25 28 10 20 20 15 17 8 13
8 26 6 27 28 13 16 20 17 18 30 24 10 9 12 22 17 30 21 15 25 16 20 16 19 14 6 22 30 13 8 29 23 13 23 16 7 6 9 18 23 22 17 22 13 18 9 9 5 23 21 11 15 0 7 7 29 29 8 9 30 29 12 10 15 27 16 10 21 25 15 23 20 17 8 16 25 20 25 24 20 11 28 30 30 19 23 23 16 12 17 19 14 26 26 30 13 17 28 10
21 24 28 23 18 25 11 20 6 21 20 8 29 20 26 6 11 7 14 25 16 29 14 24 20 21 5 14 26 16 23 29 13 8 17 22 24 17 15 26 24 9 17 30 23 28 12 19 14 12 29 17 26 8 0 22 13 22 13 17 12 22 13 25 22 18 21 8 24 20 13 22 13 9 23 30 26 14 29 16 22 9 15 28 29 28 16 24 19 14 11 9 17 14 10 25 6 21 15 16
15 26 19 27 22 14 13 10 13 7 8 12 17 9 28 29 25 7 13 30 26 14 25 19 6 16 12 28 25 16 20 22 25 16 25 18 9 24 12 10 25 14 11 9 20 21 5 10 15 22 27 20 7 10 27 0 27 21 24 28 15 15 21 22 6 14 17 12 8 11 21 26 15 6 20 7 28 7 7 25 27 22 14 19 5 13 24 25 7 21 24 10 17 14 15 30 24 20 21 23
14 19 25 8 6 9 5 13 26 24 12 8 27 21 18 6 25 5 8 26 22 29 6 12 17 28 13 25 7 20 16 17 19 23 29 13 5 17 20 25 25 9 13 11 10 5 17 7 8 16 17 29 22 27 25 26 0 27 10 18 24 12 29 17 20 6 28 27 26 20 5 25 7 15 21 24 16 22 25 21 22 9 12 19 17 11 24 19 24 23 24 17 17 23 25 8 10 7 16 30
22 13 14 13 19 11 5 18 19 25 11 21 20 20 8 29 10 12 29 14 11 24 25 30 13 16 11 26 19 27 13 18 27 10 21 29 26 5 21 13 15 6 20 21 12 29 20 23 16 26 21 21 9 27 10 21 26 0 19 13 19 27 22 19 7 12 10 30 20 27 13 5 28 14 8 30 29 23 12 21 12 20 9 25 21 26 5 9 19 20 26 21 19 8 21 13 24 12 8 5
10 14 8 30 5 30 12 8 9 30 8 24 14 13 18 13 24 10 25 5 11 24 15 23 23 30 15 15 15 14 19 19 13 29 6 6 12 19 15 19 24 7 15 26 18 25 27 5 29 5 30 21 24 12 13 6 23 30 0 28 26 28 6 13 17 10 19 26 21 5 19 15 13 9 14 27 14 5 20 5 9 27 14 13 11 19 10 27 26 5 15 24 17 28 25 30 11 16 20 19
5 10 25 25 5 15 21 6 23 22 29 19 25 27 13 24 17 5 10 10 15 25 16 22 15 25 17 16 7 11 12 11 20 26 25 9 16 27 22 10 22 15 25 16 18 9 12 15 15 10 27 7 24 17 20 15 10 13 27 0 22 9 11 20 23 13 11 11 21 13 30 25 20 17 21 12 18 6 24 15 14 26 6 7 6 26 5 16 23 9 12 24 25 14 14 20 20 13 11 12
18 18 18 27 28 18 28 17 6 10 23 24 25 22 7 21 21 28 16 27 18 24 12 10 26 30 25 13 15 13 27 23 8 24 20 16 26 13 24 20 20 29 12 19 27 12 11 18 26 20 9 11 19 30 5 18 14 10 18 18 0 10 24 27 21 16 20 16 10 10 21 13 11 19 10 24 12 17 14 29 23 18 10 10 25 7 9 16 19 10 16 26 23 29 27 16 14 22 9 17
11 27 10 27 13 19 17 24 22 5 27 11 12 30 28 28 29 13 6 26 19 9 24 27 15 15 21 17 10 18 17 15 17 24 22 8 25 25 20 5 27 19 17 18 8 24 16 9 28 7 19 27 20 7 12 16 7 17 27 19 13 0 19 12 29 19 10 12 9 11 13 20 7 6 29 5 25 29 13 17 26 26 8 9 22 5 29 26 24 29 24 22 11 15 20 25 6 5 27 19
26 16 21 25 28 29 12 10 24 23 25 27 10 15 13 18 13 25 24 11 6 27 5 26 29 12 19 10 19 28 11 18 18 18 19 25 25 28 15 24 16 22 12 5 8 20 22 24 29 6 6 5 20 18 29 22 23 22 26 25 21 5 0 25 25 7 5 24 16 9 30 27 6 29 25 22 25 18 24 13 17 17 12 30 17 22 6 15 26 22 8 10 23 5 6 8 26 30 6 22
7 9 6 22 25 14 20 7 24 10 8 12 17 10 23 22 28 11 17 22 13 13 23 20 10 15 28 10 13 29 15 21 19 5 12 6 26 17 10 9 8 8 23 8 6 27 29 19 30 16 20 10 14 9 17 24 24 30 24 21 10 11 21 0 22 8 20 23 20 7 8 13 5 6 20 30 18 27 10 10 17 20 9 26 5 6 8 21 25 20 10 11 30 30 13 22 22 16 21 21
22 26 28 7 13 5 5 11 23 7 28 24 17 7 7 27 9 19 25 6 7 18 23 21 12 16 16 9 14 13 22 28 25 30 8 21 6 30 30 26 12 16 7 6 18 17 5 22 24 29 29 9 14 28 25 7 15 27 6 30 19 13 28 27 0 16 8 27 20 29 10 22 30 5 24 6 26 13 15 18 6 19 13 29 15 17 27 16 30 9 25 13 20 19 15 12 29 13 12 30
29 25 11 15 15 6 7 28 21 9 25 6 23 28 13 9 14 11 24 25 10 24 19 28 18 23 27 10 20 11 6 8 28 27 27 24 15 18 9 18 27 27 26 19 17 23 6 26 20 5 29 20 29 17 16 25 5 16 7 21 19 30 15 25 23 0 23 12 11 8 26 25 25 23 8 15 28 14 27 12 8 7 19 14 15 23 18 13 24 16 28 11 6 21 9 27 5 24 13 11
10 19 22 14 21 12 19 24 16 10 9 21 28 17 28 5 12 29 6 25 15 19 15 11 25 8 30 20 25 11 18 25 26 5 8 6 25 19 16 7 7 9 22 27 7 14 25 29 10 19 16 13 25 12 6 16 6 30 7 24 23 23 28 6 25 5 0 24 8 28 26 13 6 21 16 15 25 16 5 6 26 22 7 14 20 19 27 25 25 22 9 11 12 7 11 27 26 17 24 9
23 5 23 16 14 5 21 14 5 27 17 29 14 14 23 7 15 23 30 13 6 8 9 16 14 28 14 26 30 23 27 18 18 20 16 23 12 26 13 10 6 17 20 26 25 17 21 6 7 23 13 5 10 30 8 16 22 8 13 8 23 17 16 6 16 19 15 0 17 22 29 14 10 12 21 30 12 30 25 6 27 28 23 20 27 15 26 6 14 20 21 25 9 28 18 10 30 17 16 28
25 13 27 27 26 25 23 11 8 6 24 10 13 29 8 7 28 17 21 26 6 7 18 6 6 16 17 14 5 26 18 30 8 11 22 13 19 23 9 8 8 14 7 7 26 17 30 13 30 21 9 30 13 18 22 17 28 10 16 25 11 11 30 17 28 22 6 28 0 26 26 13 17 24 26 25 29 8 30 8 5 27 8 8 5 18 8 12 10 9 25 18 26 22 10 19 15 11 19 20
30 5 17 27 7 13 7 10 22 20 30 15 26 13 19 27 23 12 15 7 12 14 16 18 22 24 24 16 20 25 22 29 15 16 15 26 5 17 8 9 14 11 28 7 19 24 23 26 24 14 25 28 5 6 25 15 13 26 10 8 18 28 7 27 18 28 5 26 22 0 15 22 6 29 30 9 5 21 12 30 13 13 17 25 13 11 20 15 15 7 26 25 7 20 23 9 13 30 6 22
9 29 14 20 29 6 18 18 24 18 12 11 7 16 14 9 30 21 18 28 15 26 25 25 26 12 18 12 15 25 13 19 16 6 8 17 29 11 25 5 9 29 29 15 28 24 7 30 15 30 28 20 10 25 16 16 12 19 14 17 6 11 12 18 18 20 15 22 29 24 0 26 15 16 19 6 14 22 23 15 17 6 29 15 10 29 12 10 30 25 26 25 18 24 18 16 7 23 26 21
13 5 17 10 7 8 18 29 25 10 11 12 18 8 23 9 27 30 6 23 18 16 12 24 10 8 25 19 7 17 21 29 22 29 7 19 16 20 18 12 30 10 29 12 24 25 6 12 12 19 9 25 9 17 15 26 19 8 15 5 26 10 23 28 28 8 18 10 5 7 16 0 10 13 25 24 7 23 14 8 22 7 19 10 5 23 20 24 30 29 12 5 24 27 29 18 17 18 17 11
16 5 7 19 24 23 8 22 22 12 29 12 15 15 14 9 9 6 24 21 27 15 20 16 5 22 15 23 22 6 9 11 22 24 23 24 24 14 22 19 9 24 12 26 14 10 7 20 19 27 8 6 19 8 11 29 8 26 8 17 18 10 18 20 7 5 20 6 8 24 5 26 0 23 21 26 21 27 10 24 18 12 19 5 14 10 28 19 8 11 5 23 12 11 30 6 22 10 22 6
7 29 9 9 9 25 20 9 16 11 17 10 24 16 11 13 30 26 23 17 6 20 21 11 20 6 20 14 24 10 5 23 11 28 28 25 12 13 12 5 19 12 26 20 7 22 22 30 29 13 12 14 9 28 25 5 26 15 5 21 14 11 6 16 12 24 10 17 9 6 23 10 18 0 22 28 16 6 21 7 11 13 30 26 9 25 9 27 17 6 10 17 25 25 27 16 30 15 24 7
24 26 21 12 29 7 22 19 12 15 11 21 8 30 5 27 8 17 30 10 9 10 25 15 29 5 17 21 6 21 14 23 11 12 8 15 26 13 27 25 7 11 21 10 22 14 6 10 7 13 10 15 25 6 21 29 28 26 19 27 27 9 22 18 16 9 10 17 8 8 12 10 14 30 0 29 23 29 27 10 30 18 11 18 19 19 10 22 22 15 6 29 27 27 30 14 28 8 20 11
27 11 28 27 12 20 23 10 15 29 16 21 22 12 29 5 28 6 28 21 28 19 7 18 30 28 13 30 10 20 16 17 13 24 25 5 18 18 16 11 7 6 12 27 20 20 8 11 23 17 13 18 6 13 10 22 20 11 26 5 25 17 20 27 25 12 15 28 5 7 6 25 10 9 29 0 22 16 11 14 15 22 18 28 26 26 25 23 6 10 23 17 10 20 20 27 24 23 10 26
23 5 16 15 16 25 12 21 20 15 21 28 11 15 6 25 15 9 20 22 29 17 22 7 8 17 14 11 10 22 20 8 21 20 29 17 24 18 22 28 11 26 28 12 11 21 19 5 21 28 22 25 18 20 18 5 20 17 24 16 5 18 18 17 28 10 10 12 22 15 15 17 15 26 24 22 0 7 26 23 16 24 27 14 28 13 20 13 20 30 29 5 13 12 11 15 26 10 26 19
16 5 14 17 6 29 11 20 13 6 20 8 5 7 26 17 10 5 15 10 9 18 30 29 16 15 30 23 29 22 12 27 16 15 23 29 24 23 12 27 5 7 9 20 17 28 25 29 25 21 23 28 27 11 23 22 20 15 7 30 28 19 5 19 29 17 24 10 11 14 27 14 27 29 23 27 13 0 14 16 16 29 24 14 26 25 22 29 7 30 13 21 13 27 13 27 22 22 19 29
30 14 18 17 20 18 14 9 18 29 24 10 29 5 10 30 10 12 9 29 6 19 23 29 20 19 22 23 11 18 19 20 7 15 27 9 27 30 7 12 17 18 21 21 5 22 17 20 25 17 10 8 18 19 20 12 27 5 27 18 25 19 26 19 14 10 13 7 8 22 25 21 12 20 30 13 14 17 0 11 24 8 6 21 13 17 21 9 23 20 7 17 15 6 27 12 13 13 20 26
7 10 16 12 19 29 21 27 9 28 30 29 5 22 9 25 11 30 20 27 16 8 27 21 22 17 28 28 9 15 7 8 15 8 17 18 27 18 27 22 22 13 6 13 7 22 24 20 17 12 20 27 5 9 11 16 24 16 27 7 11 6 5 29 24 13 17 19 23 19 29 9 14 18 5 24 14 23 28 0 27 29 27 13 22 30 10 21 13 5 11 6 15 10 16 9 14 21 11 30
27 21 6 20 30 24 28 21 20 9 9 15 27 19 13 23 26 22 12 26 27 29 30 25 19 22 8 7 8 28 22 17 28 12 11 9 7 21 16 24 20 14 13 10 19 21 9 8 13 6 19 24 15 8 8 30 14 23 29 22 19 10 5 24 26 14 17 20 19 26 25 17 19 8 5 19 19 28 25 9 0 15 14 14 24 5 30 13 27 29 21 20 17 12 26 23 7 6 24 11
16 7 29 17 9 30 5 14 17 15 28 6 10 27 6 12 13 23 15 13 14 11 12 19 30 15 20 9 6 11 5 10 27 9 20 11 29 12 16 22 28 29 27 28 13 13 5 20 13 20 9 20 25 16 27 25 10 17 23 11 8 6 5 11 19 10 26 30 22 18 16 11 24 11 17 22 15 17 14 21 21 0 16 7 20 13 26 7 24 18 6 28 7 19 26 8 5 6 27 18
17 12 16 15 13 7 14 8 19 13 22 5 7 14 11 7 29 12 16 25 23 19 13 29 16 17 12 20 12 18 25 6 10 9 29 24 18 13 20 7 25 5 11 12 30 15 25 30 22 15 7 9 14 30 13 8 29 29 5 28 9 14 24 16 19 14 27 30 20 23 26 22 5 27 15 10 13 27 14 17 12 15 0 27 23 10 18 14 24 25 20 17 30 26 20 19 19 28 22 15
15 13 5 15 16 29 9 30 22 19 24 7 19 14 28 23 30 12 23 15 30 17 6 30 25 26 26 5 24 21 16 14 15 10 6 25 7 7 18 10 23 10 26 12 15 9 28 8 19 22 28 15 17 13 8 22 7 23 24 21 25 8 9 25 8 24 16 9 17 8 28 28 6 12 16 18 29 18 14 19 7 13 23 0 16 19 14 20 23 23 25 19 26 24 8 25 30 7 14 18
10 12 23 5 19 6 11 24 16 25 30 13 12 30 11 29 24 13 15 13 28 26 22 17 15 19 11 15 24 6 30 27 22 9 13 22 6 5 13 16 10 24 10 24 20 24 21 26 23 28 19 15 16 12 13 26 18 25 21 30 6 10 24 15 11 18 6 9 16 24 18 7 12 18 19 26 14 16 19 28 10 30 24 25 0 9 7 25 24 22 23 30 21 28 9 11 21 10 13 28
29 19 6 27 12 16 22 5 28 14 15 26 24 5 17 22 6 15 19 26 7 28 8 19 14 22 5 30 23 13 14 30 21 27 25 10 7 30 13 25 22 19 12 17 24 12 9 15 28 17 6 6 24 13 26 19 28 8 16 19 19 8 6 20 25 10 14 20 15 24 12 12 14 14 10 23 22 25 17 18 26 28 29 8 20 0 10 28 6 16 24 9 8 24 7 7 10 12 29 8
20 6 16 18 18 21 9 12 12 25 6 29 8 22 29 13 27 21 8 30 21 27 28 14 14 7 19 16 24 27 28 11 17 24 29 7 11 11 22 11 9 10 18 11 24 22 8 6 12 23 20 17 23 18 24 26 30 22 27 13 9 15 16 6 8 25 19 19 6 30 20 15 16 29 9 27 7 23 27 23 27 16 5 9 23 13 0 7 23 20 25 29 21 29 26 29 16 9 23 8
16 17 25 20 21 5 20 17 19 21 14 9 19 21 17 6 12 9 27 23 27 11 12 6 6 8 9 18 5 19 9 28 5 22 22 9 14 27 23 11 5 10 16 23 9 18 9 22 29 10 8 14 13 7 5 20 25 19 28 24 6 30 29 13 26 20 29 13 18 24 27 13 22 16 10 14 18 27 6 24 6 15 17 9 29 29 23 0 9 30 7 6 28 16 5 19 22 6 10 22
28 26 19 7 13 15 12 27 29 20 22 25 17 13 7 29 13 15 8 8 5 10 25 23 10 17 6 5 19 16 15 12 8 30 5 20 20 19 23 9 11 21 13 26 17 11 25 13 5 19 23 14 29 5 26 24 14 24 26 11 17 27 20 8 5 11 9 13 24 27 29 18 21 22 16 6 28 27 19 9 18 6 12 19 29 11 9 30 0 27 14 28 16 19 28 17 6 23 24 24
13 28 8 14 26 10 6 21 17 19 7 12 10 12 17 15 13 28 26 29 18 11 20 19 25 24 27 19 18 19 13 10 26 9 12 9 17 25 8 11 30 12 19 27 25 30 12 21 21 23 20 29 5 24 27 18 29 8 22 27 20 22 21 26 30 13 13 15 5 17 29 18 17 13 13 19 13 28 28 10 19 9 18 13 6 10 14 13 27 0 10 18 20 9 10 5 29 25 29 26
8 18 12 8 19 24 22 19 27 22 22 9 20 22 17 9 20 24 16 5 20 20 20 29 23 13 26 14 14 8 5 17 20 11 5 15 8 23 10 11 8 22 23 28 5 7 16 21 23 23 27 14 24 20 15 22 19 17 13 14 25 28 18 24 10 15 26 15 15 13 8 23 5 29 7 14 21 29 17 24 28 26 12 17 16 17 22 27 16 14 0 26 17 24 23 16 28 14 30 25
9 27 23 25 13 29 28 7 14 18 22 20 17 7 7 25 9 24 5 30 8 8 20 24 17 10 21 17 21 5 5 7 21 30 15 22 29 29 28 21 21 22 27 14 5 14 8 24 20 24 25 19 14 27 26 27 25 17 28 24 10 22 29 25 12 17 30 5 9 13 30 24 20 18 5 19 29 19 22 14 6 19 11 21 23 24 16 20 24 28 9 0 16 22 24 15 25 17 28 15
26 25 8 10 9 14 18 9 11 7 7 7 13 29 16 24 12 15 21 12 14 12 18 22 28 30 6 9 18 11 5 18 22 11 13 22 6 5 11 8 29 27 11 14 17 29 21 8 7 15 11 6 26 9 16 9 22 28 13 28 28 16 14 14 28 22 30 5 10 16 16 21 17 30 22 10 28 23 12 23 10 19 12 30 6 11 10 28 6 10 14 15 0 15 22 8 18 5 14 15
30 11 28 7 6 30 26 7 8 24 8 13 24 11 14 26 22 18 12 22 12 19 24 8 13 17 12 13 17 20 5 20 24 30 12 28 28 15 15 12 23 15 24 16 17 7 13 22 7 30 23 30 19 28 8 12 13 13 6 22 28 9 30 12 21 29 24 25 16 5 7 14 24 7 30 20 15 25 24 9 27 14 22 13 28 30 5 30 25 10 27 8 28 0 20 22 28 6 12 7
25 17 25 11 26 13 17 19 10 19 5 26 9 11 8 7 11 28 29 23 18 10 24 21 25 5 11 29 30 17 10 25 20 7 9 13 28 30 26 10 6 21 26 20 28 16 18 30 23 12 21 22 12 18 19 27 17 24 8 22 26 6 26 29 13 5 23 11 23 20 15 18 21 13 5 21 11 15 16 13 13 23 18 18 5 6 15 21 25 26 8 13 17 14 0 6 24 28 22 21
17 13 28 8 22 23 8 29 17 14 29 19 7 30 11 26 7 11 5 15 7 7 20 16 26 12 21 16 11 23 26 26 23 14 27 11 26 8 18 26 7 30 12 14 5 28 21 18 13 10 13 20 24 5 25 15 6 30 24 26 12 5 6 19 23 18 22 27 23 25 13 7 15 10 21 18 22 9 17 14 8 15 14 28 12 26 18 24 24 29 24 12 21 5 17 0 5 18 29 20
8 11 21 25 13 21 25 13 25 17 10 30 5 21 26 26 12 17 6 13 17 16 6 14 15 19 27 17 6 19 9 30 17 25 29 15 7 18 15 22 29 28 19 27 20 14 19 18 5 10 13 28 26 7 13 9 13 24 19 19 5 16 27 10 14 6 29 5 19 27 13 11 19 13 23 27 7 10 12 16 15 23 29 23 28 12 22 13 18 9 20 26 22 24 9 5 0 20 15 21
14 24 11 20 26 18 12 21 22 21 6 28 22 26 17 20 7 14 29 26 15 24 29 6 16 8 5 21 7 10 14 29 23 27 13 16 5 15 19 24 14 16 9 27 25 28 9 17 12 30 18 9 10 16 13 8 23 24 13 7 5 21 9 23 22 20 8 16 29 19 21 21 5 15 18 12 14 21 24 24 21 26 7 18 6 8 6 28 7 20 19 15 19 26 22 16 22 0 19 5
21 10 14 30 20 13 14 25 29 23 11 25 17 23 20 28 7 26 10 11 16 11 29 12 16 25 21 5 13 22 29 18 8 24 29 8 14 21 23 24 21 5 7 30 23 11 8 11 13 5 18 27 20 21 26 27 25 26 20 26 26 15 22 9 20 17 26 23 12 26 21 15 8 26 21 19 22 16 30 29 27 18 26 6 21 7 9 13 30 17 23 12 23 20 23 18 15 28 0 19
20 20 21 15 15 18 9 6 30 10 27 30 27 17 11 21 17 5 22 8 6 16 25 16 17 21 23 23 26 19 19 8 10 17 16 17 30 12 18 5 14 25 19 30 21 7 7 9 14 17 19 9 22 15 21 17 18 29 30 12 18 24 24 5 20 24 10 14 18 28 5 24 30 22 28 6 11 29 24 25 18 8 17 16 6 10 28 28 12 26 13 9 10 26 8 11 15 5 20 0
