100
41 27 41 27 42 1108
27 38 32 50 34 1483
26 41 25 34 28 1270
28 38 49 45 27 2047
29 41 34 34 27 1281
36 30 50 30 40 744
33 27 35 41 39 547
49 37 40 29 27 1670
45 48 39 42 41 2075
43 49 29 39 25 557
33 43 35 45 36 1866
25 49 32 25 30 1091
47 40 38 38 41 2064
41 46 39 37 37 1874
30 31 26 28 35 2010
37 26 49 30 37 551
50 36 37 49 49 1523
44 30 25 39 31 727
49 29 30 45 28 2041
30 26 44 44 49 751
29 43 34 45 26 921
34 39 29 50 28 2040
41 34 45 41 46 951
25 38 44 50 40 1499
36 26 45 36 34 549
36 42 31 31 38 1666
30 31 46 49 41 755
36 25 37 26 26 522
31 32 45 29 38 1291
44 30 29 50 47 758
38 43 39 33 45 756
30 45 44 40 37 1126
37 48 39 45 42 583
50 25 26 32 36 913
41 26 32 46 45 1492
44 25 35 27 35 724
46 45 47 39 44 1337
46 26 41 25 49 2047
34 25 50 25 44 550
41 29 32 37 50 561
43 37 31 48 29 746
39 26 36 49 37 1303
50 34 47 37 38 578
48 43 28 32 37 1676
30 48 33 32 50 1123
37 39 30 29 48 1299
47 41 28 36 33 557
27 42 37 25 29 904
34 47 39 44 39 761
32 40 32 25 25 526
29 27 46 30 43 1291
47 27 27 33 27 1463
32 47 46 25 31 1669
30 41 33 41 32 1107
41 41 26 32 41 2041
28 35 32 48 37 1110
49 48 47 35 45 782
25 37 38 44 29 1103
35 37 39 47 30 1490
31 42 41 32 45 1121
41 45 43 28 39 1126
33 39 38 48 29 1861
36 46 48 35 41 764
37 34 27 31 50 737
49 50 44 50 28 1523
48 28 35 28 49 560
28 35 35 38 45 2041
48 43 28 33 41 565
25 47 42 50 32 2056
42 35 47 35 30 1677
27 31 43 44 41 930
28 35 35 39 31 2028
25 41 44 45 40 1125
34 30 33 32 40 1843
38 34 25 48 33 1108
28 43 48 25 48 1122
43 50 41 42 33 1883
43 25 27 44 46 929
38 50 41 43 50 780
50 35 37 50 25 1871
44 38 42 40 47 1699
40 39 25 46 25 1663
46 34 42 29 49 1688
32 30 45 27 38 1288
37 40 25 26 47 1477
45 37 37 43 50 584
42 49 40 42 32 1507
47 48 45 44 30 772
27 25 46 42 40 552
37 37 48 25 40 1861
44 50 25 39 40 1500
31 43 38 50 40 2062
34 43 46 41 25 1491
30 48 29 34 29 728
35 37 27 25 33 901
42 39 33 38 30 1484
50 27 34 50 37 1314
50 30 26 36 37 551
43 43 25 32 48 935
33 33 31 25 28 894
0 58 61 29 74 63 33 38 38 53 44 66 42 19 41 48 23 37 45 68 50 38 57 27 57 64 18 39 71 58 50 36 47 39 31 52 34 38 60 44 22 62 57 48 32 66 45 39 19 74 40 20 18 35 30 22 41 20 54 32 69 52 29 47 60 42 27 24 71 63 45 58 35 68 70 48 74 50 48 34 60 45 20 49 67 43 40 63 64 72 19 29 45 30 73 25 22 34 40 41
31 0 43 59 29 34 26 28 30 56 50 70 58 44 72 41 69 20 49 55 25 22 30 46 54 59 51 19 48 51 38 27 34 35 31 28 31 41 36 30 32 41 55 18 67 39 21 69 27 70 58 49 23 35 50 47 29 28 63 56 74 21 52 42 72 69 45 63 27 66 23 59 18 74 39 19 33 61 43 23 31 38 38 26 34 69 38 22 24 56 34 22 46 48 20 68 29 68 26 32
38 61 0 53 36 31 32 53 38 47 70 62 46 39 47 33 34 26 19 26 26 35 60 65 39 23 74 70 44 56 40 27 20 25 71 66 37 67 43 33 40 34 45 38 62 40 68 22 43 64 50 56 70 30 65 22 38 61 48 41 65 31 45 29 47 18 24 53 32 47 37 31 57 67 71 73 47 46 48 68 25 26 23 32 56 30 53 69 31 70 29 44 31 67 31 41 42 63 70 71
74 25 56 0 37 37 69 30 21 18 56 68 60 18 50 73 35 62 34 20 51 56 19 20 57 45 58 64 53 62 65 44 59 33 71 53 55 32 62 39 62 62 60 67 41 39 22 37 70 44 29 20 57 31 52 29 59 26 49 50 44 44 49 74 27 59 52 50 32 22 25 54 51 27 66 52 62 57 73 20 21 39 29 58 72 43 71 39 63 45 40 18 18 20 55 63 61 34 51 37
23 25 20 27 0 24 25 62 61 67 66 28 41 61 44 50 72 61 27 57 62 45 64 74 56 61 37 67 45 54 29 27 31 43 58 18 37 68 22 67 70 56 71 57 61 65 44 35 70 35 20 74 28 51 29 34 23 40 27 46 56 61 69 61 19 71 36 37 52 71 40 52 38 50 38 35 36 62 54 44 28 55 20 48 55 18 30 73 32 50 68 24 26 70 43 26 25 72 51 58
48 55 30 30 54 0 30 55 18 43 23 51 42 37 18 31 46 51 27 25 23 23 51 60 29 23 66 37 52 63 26 29 66 61 19 43 44 69 64 27 66 56 31 50 69 57 42 59 65 67 44 73 47 58 68 38 28 57 70 66 70 73 22 28 69 19 63 34 52 70 64 62 33 72 66 28 39 40 21 32 56 48 28 54 71 38 63 20 27 44 19 23 48 56 48 47 40 19 39 56
31 18 24 25 60 66 0 41 47 18 22 29 20 21 24 65 45 55 37 28 52 27 70 66 46 32 40 61 24 38 55 60 39 33 40 55 68 66 66 51 33 30 50 22 42 22 66 29 61 38 55 37 26 20 55 27 30 69 39 21 67 61 42 68 55 50 28 45 71 21 36 30 27 18 27 22 49 25 40 25 24 39 31 61 67 67 71 40 30 49 26 48 68 58 74 71 45 39 44 37
67 33 47 50 47 30 74 0 29 68 54 62 33 70 70 50 73 35 32 59 40 59 20 68 68 46 26 37 72 36 42 46 43 72 31 25 46 34 23 65 34 71 60 51 67 19 34 41 69 48 51 32 63 63 38 52 48 28 27 69 65 20 41 31 55 74 44 57 24 57 35 54 47 32 46 64 67 36 19 52 22 64 33 19 25 64 36 24 29 58 56 64 58 55 38 28 46 74 64 55
71 61 32 30 31 21 20 61 0 25 23 51 69 27 56 73 30 35 45 53 59 41 28 46 34 59 35 61 32 48 29 37 68 36 61 18 21 18 54 46 71 19 72 61 18 39 59 18 48 43 67 53 72 30 36 30 57 61 63 40 21 68 25 46 43 36 50 39 41 66 52 43 64 42 66 24 41 45 55 26 53 22 35 59 36 36 38 59 25 29 48 61 33 46 26 18 60 19 30 67
28 46 25 49 30 66 23 62 26 0 53 50 57 73 22 49 26 32 50 64 33 24 55 58 30 69 21 48 71 58 49 39 31 32 66 34 42 70 63 68 34 25 25 70 58 49 62 29 65 74 32 18 43 53 70 52 49 71 31 72 38 50 32 72 34 69 69 31 27 37 39 35 23 41 30 72 37 23 43 67 50 28 47 39 18 22 18 49 55 69 30 56 40 27 26 63 33 47 66 22
45 38 71 22 50 55 19 46 27 61 0 74 31 21 23 71 29 21 50 58 45 50 69 74 35 39 21 68 72 60 43 29 61 55 40 73 35 65 54 63 37 44 39 59 44 38 54 50 72 27 73 44 69 73 48 20 63 45 37 32 56 56 25 21 67 46 51 25 74 44 19 74 34 57 41 71 72 29 66 41 55 56 23 64 70 52 54 55 57 61 22 53 57 43 70 50 22 32 25 24
23 40 59 69 65 34 22 18 57 60 37 0 55 21 27 61 61 39 69 47 28 71 71 27 54 33 56 67 66 69 51 21 39 72 54 23 66 48 39 34 25 23 44 49 66 22 48 22 23 46 18 23 59 26 73 22 67 38 60 59 45 42 51 71 42 33 45 41 34 28 47 58 52 23 46 54 53 70 27 37 31 21 68 36 68 24 61 58 48 28 30 51 44 23 36 31 35 44 26 53
27 57 22 48 67 54 72 48 24 33 64 51 0 59 50 44 41 28 60 39 40 23 37 26 28 71 64 48 20 52 58 73 39 71 61 36 23 46 44 19 54 60 44 30 70 21 66 36 39 51 19 47 20 63 33 31 61 44 36 19 22 30 31 51 56 31 53 62 69 35 27 43 45 31 35 46 35 40 58 46 25 33 63 32 32 55 25 64 46 43 34 41 42 41 72 45 52 23 41 61
40 23 39 19 31 37 60 71 56 30 27 42 45 0 22 74 49 64 20 22 71 30 65 21 42 22 40 30 24 45 74 34 69 60 18 66 42 36 31 67 34 42 36 39 60 22 47 24 60 60 64 62 18 35 65 56 58 65 68 46 51 53 33 40 59 24 47 24 55 27 57 63 28 68 19 32 54 27 36 30 65 65 54 74 42 42 34 42 61 62 45 72 70 70 63 19 57 66 63 38
34 34 50 74 19 35 64 47 32 33 44 40 46 34 0 72 53 59 19 50 70 26 36 30 68 20 63 29 23 60 31 40 33 53 35 70 28 61 49 47 52 43 28 72 24 20 36 73 67 66 64 22 29 58 25 39 59 46 58 65 74 64 61 73 20 18 50 64 67 37 53 57 29 69 29 44 57 28 74 22 65 64 64 40 21 26 28 36 50 60 23 37 21 59 36 57 36 65 64 32
63 56 58 68 46 72 52 62 34 74 66 63 22 40 65 0 45 42 25 43 36 29 48 68 21 67 40 72 20 60 67 35 31 44 73 49 49 44 68 51 39 21 19 60 37 56 18 73 73 19 49 67 46 62 44 28 65 23 66 43 73 43 60 32 44 46 36 74 30 21 25 34 32 32 51 19 49 65 30 47 37 48 18 29 45 61 31 38 64 48 25 72 68 36 37 47 21 74 41 48
59 42 59 25 64 54 57 73 42 62 27 34 41 38 45 18 0 23 25 19 73 73 18 51 20 25 46 49 68 41 31 64 42 53 56 48 37 49 30 30 28 73 63 74 61 56 50 25 62 36 27 38 73 61 66 70 58 25 18 66 72 44 71 74 38 55 34 20 72 22 62 63 24 58 42 73 22 37 72 66 29 60 21 50 45 22 71 54 60 38 73 33 73 20 23 71 32 35 50 59
30 53 58 38 18 39 71 43 51 39 59 65 32 33 35 20 52 0 35 37 64 54 43 57 65 26 34 69 31 40 19 61 53 34 29 36 32 31 42 67 71 24 60 71 45 69 22 71 57 22 49 31 63 45 24 71 36 44 32 32 33 37 32 23 55 28 70 70 44 51 71 37 28 57 22 49 55 55 74 50 30 34 44 20 59 59 21 71 36 61 31 33 52 22 44 24 53 21 40 29
34 52 35 26 19 70 68 73 46 22 67 38 46 71 60 19 48 40 0 67 36 35 38 61 33 52 37 68 23 21 71 52 22 74 71 49 60 22 63 53 65 44 21 31 62 69 38 32 63 48 48 25 71 54 19 31 31 44 30 46 37 57 73 52 57 34 73 32 29 22 33 22 38 50 48 24 57 69 25 63 38 48 54 72 74 41 60 73 34 69 21 27 23 72 68 71 21 57 47 67
34 41 33 74 72 63 43 38 25 41 40 34 48 62 69 65 45 72 29 0 54 33 48 46 72 38 59 57 62 25 60 67 62 53 21 53 63 60 26 72 24 65 21 41 25 44 51 49 29 48 38 26 38 66 74 31 46 61 27 47 71 57 45 23 44 40 72 51 54 46 41 28 26 26 51 70 49 63 27 20 56 22 26 22 68 39 63 71 53 37 22 74 25 33 69 27 64 35 65 60
73 70 66 26 24 50 54 30 56 58 65 67 33 47 60 20 53 22 50 25 0 69 47 25 59 50 32 61 35 73 21 43 58 51 64 60 35 69 45 33 18 26 70 61 31 73 31 29 68 65 47 54 41 74 53 20 36 66 58 53 65 53 60 55 62 70 45 25 59 27 50 59 45 72 21 74 74 32 65 61 48 60 43 27 65 27 37 19 41 50 62 53 70 66 62 41 70 27 29 22
37 66 33 63 30 53 39 47 38 65 52 18 33 27 34 54 25 35 29 39 34 0 41 62 61 32 20 50 74 68 64 22 30 24 62 42 36 52 71 64 18 49 71 44 46 62 40 51 55 31 21 27 47 50 40 72 46 71 73 41 52 41 65 61 23 70 74 47 22 39 55 44 34 31 35 47 67 59 55 41 40 49 28 52 26 30 18 26 37 40 43 63 42 22 53 66 35 45 55 55
64 63 48 72 52 18 37 57 20 25 47 62 70 55 31 43 70 20 38 41 71 62 0 42 71 36 50 33 73 42 19 42 33 46 41 28 40 29 40 70 28 58 37 50 36 49 32 69 43 36 51 53 60 57 28 36 29 63 66 69 37 54 34 40 37 58 61 35 19 73 44 39 72 40 74 69 23 42 41 24 27 24 52 52 32 34 62 42 66 73 47 47 73 59 58 74 30 18 72 62
55 66 32 73 24 61 62 40 64 33 20 55 58 22 20 47 35 44 67 67 67 28 54 0 22 43 72 50 59 59 56 45 47 42 24 32 21 37 23 53 69 44 21 47 32 22 49 68 43 48 32 19 71 31 30 22 42 60 59 54 66 50 53 57 69 27 71 66 51 41 55 48 53 33 53 21 30 68 61 23 67 23 61 42 57 23 61 44 39 40 45 64 18 18 29 68 26 59 66 59
44 44 44 23 74 50 69 49 35 26 22 33 48 51 61 23 53 51 52 42 50 33 66 74 0 18 45 33 23 37 20 67 38 57 50 53 49 35 23 21 26 25 63 33 25 52 68 22 42 25 74 42 71 44 56 65 25 52 21 69 30 38 70 67 61 19 68 70 28 61 23 61 44 37 46 46 53 45 71 61 69 72 23 25 54 74 45 29 60 48 33 47 69 36 64 50 33 74 36 47
27 70 57 23 45 37 63 69 61 43 52 29 60 42 73 29 47 32 53 28 62 21 49 28 66 0 73 59 19 65 57 26 22 53 67 38 39 62 47 36 31 43 32 35 19 31 24 45 46 56 50 45 45 34 64 57 20 34 60 33 27 36 42 42 63 33 72 18 26 23 72 49 20 52 31 31 53 47 35 64 55 32 70 46 23 52 41 57 74 41 63 30 23 55 47 60 24 62 41 55
20 72 20 56 68 59 27 35 27 43 42 32 58 65 22 30 43 41 41 67 21 36 61 18 26 37 0 27 43 29 59 23 41 45 60 27 55 40 61 35 59 67 66 30 67 47 60 41 30 66 28 20 55 36 53 51 33 25 60 59 69 36 43 18 65 28 22 35 41 50 71 23 19 63 38 24 69 67 69 42 29 22 70 24 41 26 71 36 51 24 67 46 58 26 62 71 29 39 25 35
20 63 31 68 37 59 42 32 44 42 74 68 25 53 62 32 52 23 22 26 45 37 59 65 20 22 27 0 18 72 20 68 58 60 54 20 56 46 40 59 30 35 59 50 27 18 67 63 54 48 32 29 65 70 69 26 35 22 69 39 19 37 65 66 32 66 64 57 53 74 51 30 30 61 23 33 71 72 37 72 60 44 73 72 41 35 50 54 29 61 71 63 51 64 50 21 39 36 72 41
53 67 55 20 30 21 72 36 73 58 53 41 19 40 49 20 65 50 51 59 23 20 34 20 57 58 54 61 0 33 74 27 29 61 30 43 21 24 27 52 58 62 38 74 52 59 73 40 21 52 32 36 55 26 45 19 41 27 47 33 53 40 51 30 63 25 59 34 47 40 62 67 65 66 58 70 47 37 56 57 55 58 21 41 38 66 42 52 23 42 29 59 49 30 30 31 21 48 64 34
65 35 34 59 27 22 38 54 57 60 48 23 71 46 28 57 74 72 68 24 72 42 50 53 27 34 58 50 67 0 52 59 57 32 35 53 30 25 32 44 65 64 26 43 32 19 40 73 40 62 74 18 57 29 43 67 56 62 45 44 43 20 57 73 62 71 36 40 42 39 23 51 46 19 23 51 68 69 20 32 54 18 24 56 57 34 66 50 29 24 70 27 19 53 35 27 63 50 23 36
70 24 67 32 50 67 25 38 21 57 37 56 42 43 34 35 20 22 33 58 18 31 21 36 62 59 30 33 50 27 0 61 64 65 68 22 74 73 39 41 67 35 49 59 18 25 70 46 31 50 72 19 32 56 37 23 35 72 28 53 26 19 73 54 37 37 65 51 51 40 65 72 48 47 31 68 23 51 26 34 22 62 48 66 25 56 63 20 64 20 48 30 37 46 30 27 67 66 19 44
34 39 37 34 64 58 61 57 19 62 72 59 26 68 42 53 49 38 49 56 67 24 34 45 34 60 27 65 62 46 41 0 63 40 25 72 45 43 33 42 48 51 36 51 22 46 67 45 57 48 43 40 26 62 35 22 19 25 25 52 57 74 74 70 20 62 58 21 64 55 19 30 60 50 45 25 39 60 28 57 46 21 63 62 72 62 28 21 50 49 44 55 26 20 49 43 45 36 40 37
34 31 50 56 71 39 54 27 29 26 59 53 67 71 45 73 55 62 25 24 65 37 44 26 37 54 46 62 43 33 38 26 0 23 43 63 22 26 33 29 31 20 73 46 60 34 38 41 24 29 51 22 33 37 74 42 64 35 38 35 49 63 55 48 33 36 48 70 54 20 27 52 37 48 65 64 27 50 50 66 26 49 36 44 71 40 36 53 29 70 21 48 20 20 47 65 47 70 58 23
32 60 58 43 54 46 59 66 29 72 67 40 21 40 55 34 69 40 45 48 61 34 62 50 39 34 74 54 18 26 31 47 44 0 24 39 20 34 25 71 56 68 62 27 31 68 44 71 18 42 52 55 46 49 68 39 26 69 30 30 59 45 66 68 47 54 19 19 34 67 60 42 63 46 52 58 42 35 63 39 39 53 52 73 73 30 56 74 40 44 64 38 24 60 40 38 48 18 51 56
21 57 36 30 55 54 25 43 63 46 65 50 27 24 69 35 37 41 23 44 28 60 26 34 60 21 29 53 42 64 33 44 23 38 0 53 49 41 60 67 56 61 34 44 53 60 61 67 27 48 24 19 32 59 72 52 41 28 37 69 54 32 60 34 39 45 33 41 62 32 52 21 24 30 36 49 26 69 62 24 69 60 28 34 38 48 27 61 54 69 43 21 43 18 73 22 64 50 35 63
54 30 20 26 69 28 28 74 30 64 70 67 46 38 28 32 55 26 51 50 68 19 27 60 51 57 68 64 71 31 32 59 72 53 28 0 52 65 61 44 73 42 48 25 68 43 69 53 67 26 48 51 26 42 59 39 35 46 40 40 46 61 38 27 50 28 71 71 49 37 61 40 25 46 59 63 73 50 47 64 52 32 69 46 63 38 69 60 25 43 21 46 54 31 63 21 32 55 46 40
48 70 35 20 28 28 60 56 52 29 23 31 28 29 50 67 59 65 47 28 60 46 32 45 71 42 25 51 56 18 43 55 48 23 31 26 0 33 73 31 52 40 65 49 23 31 36 44 65 70 29 68 33 62 68 52 68 41 69 63 44 67 35 41 37 38 26 23 21 67 74 41 62 21 37 52 55 21 63 39 24 37 66 21 24 23 23 72 35 41 57 71 71 67 67 47 26 41 70 23
21 42 69 63 29 26 42 70 44 33 55 74 73 47 68 20 37 32 25 72 38 46 54 68 46 54 69 47 49 52 56 34 53 66 73 53 32 0 70 27 46 28 53 38 36 66 24 49 20 28 43 21 53 36 46 32 25 58 21 46 62 68 43 44 66 68 24 34 67 44 62 73 38 49 72 60 23 57 60 69 70 36 63 50 19 52 47 47 33 26 36 44 72 58 33 50 54 69 42 20
64 28 33 22 36 31 21 49 53 65 41 57 64 50 60 71 44 19 22 58 20 62 63 64 64 20 67 65 45 49 67 62 21 29 40 39 64 25 0 18 74 49 50 47 59 30 55 56 73 66 42 24 59 40 47 46 27 52 74 53 73 22 71 22 44 18 34 31 67 56 30 34 40 62 69 74 68 21 73 27 19 31 71 53 49 69 47 25 22 67 48 52 74 48 59 56 67 51 56 61
47 41 49 61 31 58 21 29 29 63 47 53 60 18 69 49 25 64 46 40 52 38 56 73 42 39 49 54 50 68 43 24 40 25 30 22 39 65 20 0 54 44 42 70 59 65 60 45 66 72 67 53 31 46 22 36 30 52 66 42 68 42 19 29 52 30 40 57 48 19 63 47 41 49 53 68 24 20 53 61 65 53 43 65 38 68 29 62 37 74 37 39 52 68 64 35 65 68 47 43
52 45 38 37 54 32 35 22 60 40 18 65 71 60 27 29 34 73 41 55 43 29 52 18 19 24 53 60 54 28 18 22 70 20 55 36 37 53 30 26 0 61 26 55 49 36 55 57 55 65 35 66 38 34 72 36 46 62 18 45 57 61 40 30 70 25 33 73 51 22 38 23 67 69 31 65 19 20 50 71 70 21 48 26 67 69 64 54 40 65 61 49 24 19 71 40 61 61 59 70
56 50 74 19 62 22 70 18 65 35 29 44 61 34 46 74 47 18 40 73 73 61 65 52 65 58 47 49 39 67 38 51 70 36 56 34 43 41 59 34 60 0 52 40 35 35 52 72 34 74 36 43 24 60 32 19 41 55 70 22 55 55 68 22 26 19 33 50 40 66 47 34 45 32 33 41 34 36 41 43 70 57 63 48 71 64 48 40 60 73 18 65 60 74 40 68 41 21 58 62
34 72 49 33 26 73 53 70 47 27 63 44 34 27 59 65 60 61 36 69 58 60 62 25 65 55 43 67 24 44 57 47 51 36 42 70 43 22 37 62 30 51 0 73 71 36 64 68 32 63 44 51 27 46 55 59 74 21 58 64 39 29 34 52 55 37 22 24 36 45 49 49 20 60 42 32 48 37 43 48 57 50 49 41 22 38 41 52 42 19 50 31 58 26 46 50 36 59 62 40
51 45 64 31 57 27 42 70 19 41 55 58 60 34 33 55 70 52 64 57 60 68 69 71 35 40 36 51 47 23 57 65 44 63 33 28 37 65 28 72 68 69 21 0 57 39 20 25 51 21 61 31 18 57 42 56 38 20 33 30 70 53 47 23 50 27 71 42 70 51 41 25 37 19 26 43 26 59 23 35 31 41 44 45 70 18 51 69 39 50 46 63 70 37 22 70 45 49 57 20
49 34 62 29 52 43 74 65 71 70 74 42 58 67 23 48 52 60 64 18 37 63 32 66 59 21 45 65 68 73 21 37 48 40 66 29 59 62 52 26 28 24 72 60 0 54 21 43 57 62 34 35 69 64 53 74 22 61 71 22 19 40 33 41 63 30 72 47 28 46 37 33 60 65 21 60 57 23 64 44 51 38 36 46 40 33 58 64 36 48 53 44 71 48 40 44 57 25 38 24
63 20 63 58 56 67 36 72 25 64 28 68 72 24 39 71 26 49 26 64 42 25 49 43 65 36 60 47 65 44 18 55 33 56 69 58 50 27 41 42 20 45 18 65 19 0 52 42 43 53 53 29 73 33 34 66 52 61 65 47 38 74 18 72 66 26 29 29 26 19 55 54 30 21 49 53 44 50 65 18 54 73 24 66 40 43 55 36 70 48 44 27 26 63 19 66 30 45 20 44
50 39 49 64 64 51 18 52 40 57 34 71 24 50 24 61 20 60 34 71 68 24 34 70 36 62 21 72 44 51 44 66 29 35 69 34 41 57 25 29 29 66 47 50 31 36 0 45 18 69 26 36 19 30 23 33 62 22 74 41 66 34 34 37 29 63 18 46 28 73 49 72 68 36 24 63 58 63 30 51 60 42 45 43 51 20 42 30 68 46 73 18 57 48 50 61 65 51 42 73
49 49 37 57 38 21 21 25 60 73 37 39 33 22 35 51 35 30 60 51 20 22 52 30 43 65 66 28 59 69 72 70 59 50 60 50 61 74 31 58 49 28 21 68 51 24 65 0 52 72 64 58 46 61 71 35 66 26 47 26 50 55 59 22 67 71 23 69 65 58 72 32 45 73 25 64 62 23 44 57 49 18 49 31 49 31 21 45 39 25 73 61 23 61 36 60 63 28 74 23
37 51 68 27 64 46 34 71 34 29 37 26 30 36 21 36 27 30 42 41 59 18 18 22 43 25 41 33 24 62 50 33 24 65 37 49 51 57 73 55 20 48 42 23 22 36 29 39 0 43 27 47 38 35 28 37 29 74 44 73 38 51 34 18 19 53 42 41 67 21 41 24 30 24 48 68 70 30 39 38 52 66 57 50 22 36 45 48 51 24 30 63 27 44 45 69 62 40 25 59
67 51 37 47 54 70 51 44 19 27 54 30 29 50 35 46 25 37 49 22 38 73 48 53 37 24 42 69 23 57 38 54 30 65 38 27 23 51 59 73 66 27 57 56 23 41 20 47 28 0 54 48 34 41 18 32 71 44 49 56 24 58 69 59 26 23 73 39 28 67 32 30 27 58 60 45 42 39 46 54 50 19 35 27 18 26 68 44 73 69 57 50 49 23 26 33 66 58 38 50
18 19 32 62 58 34 48 72 61 32 73 37 40 36 59 26 56 72 66 59 31 52 32 66 49 31 56 43 21 43 27 33 57 58 47 74 43 30 22 69 69 36 38 66 43 72 70 39 29 52 0 18 69 70 46 51 27 29 71 32 48 23 43 29 63 25 74 53 54 25 35 64 52 44 72 49 62 74 24 43 71 32 25 62 48 53 36 49 59 51 27 34 53 73 51 40 59 70 71 45
67 56 53 20 56 29 24 42 52 47 61 58 19 22 65 42 30 51 74 50 45 34 38 27 37 64 65 43 69 64 42 26 24 70 54 45 25 27 58 58 35 63 64 27 56 48 57 47 54 30 40 0 60 42 46 73 51 27 42 71 47 49 35 43 36 55 40 34 33 49 19 48 56 63 58 52 73 48 30 68 27 51 51 31 73 45 47 42 33 46 50 54 29 27 35 24 35 52 25 40
58 71 24 29 19 46 30 29 49 72 43 55 18 59 27 43 74 38 28 23 29 48 63 62 72 20 44 59 28 66 71 42 41 61 74 70 28 62 33 68 66 65 50 64 38 22 31 42 44 59 36 29 0 49 66 73 33 55 27 59 66 26 56 74 33 41 39 70 62 33 69 29 33 43 21 49 23 26 24 49 52 44 46 34 31 20 19 74 38 45 28 67 52 43 35 24 45 33 21 53
28 67 69 60 58 43 52 73 42 49 40 20 40 70 59 30 34 58 43 57 68 22 53 55 73 47 49 32 24 53 54 36 70 48 43 74 41 52 59 35 37 51 63 47 23 57 41 20 18 36 67 66 33 0 63 74 35 27 33 22 42 70 45 64 28 49 40 55 46 18 33 51 72 56 34 36 45 64 65 66 38 29 43 44 57 36 25 45 51 43 19 56 40 22 33 72 41 46 46 33
42 26 23 26 37 23 70 46 69 44 74 42 74 66 43 53 47 59 59 51 59 70 25 49 40 70 56 31 29 64 20 55 62 44 63 41 54 25 37 50 48 35 69 59 27 22 44 72 66 42 30 44 39 30 0 39 47 60 29 29 23 65 24 40 70 49 57 32 18 51 49 49 59 40 32 43 53 26 62 56 56 58 36 23 41 46 48 61 72 70 44 62 46 50 73 61 29 32 21 36
58 68 45 69 23 23 24 67 28 46 68 37 58 36 21 41 18 52 40 29 24 33 38 21 44 74 49 68 74 31 60 71 46 73 30 74 65 43 39 72 27 40 48 60 61 41 49 58 24 62 41 27 48 41 38 0 42 43 23 65 61 60 23 44 40 66 40 28 27 46 44 28 60 57 30 31 18 57 48 24 32 26 74 19 42 67 29 28 23 28 69 62 69 19 28 59 21 67 47 27
50 18 41 42 70 44 35 30 28 71 71 69 32 45 49 63 67 69 51 25 61 48 30 74 36 73 73 32 48 58 50 22 22 26 40 49 59 61 47 20 62 55 47 35 49 51 43 47 22 43 35 43 26 54 36 39 0 40 24 64 50 70 25 58 61 21 45 32 66 51 20 51 39 67 61 68 32 60 24 31 53 41 56 44 21 67 55 31 60 69 72 70 29 53 51 57 58 21 43 74
51 55 23 62 31 22 63 71 66 60 65 71 45 62 37 56 35 66 23 41 55 33 18 41 61 28 23 51 30 50 30 69 64 73 24 39 50 71 33 54 54 23 22 56 54 37 35 68 30 34 23 47 22 57 34 66 59 0 65 41 31 44 66 61 24 71 31 49 37 70 47 58 25 68 53 72 32 69 51 31 18 40 54 18 20 40 31 66 41 33 74 55 19 68 57 52 40 67 33 42
25 62 71 47 73 64 33 38 49 66 70 19 32 32 42 28 22 23 69 27 36 35 29 35 44 63 35 33 46 30 48 70 31 20 69 56 52 67 46 52 39 33 41 69 49 53 54 47 39 35 66 42 23 67 63 73 57 24 0 35 54 64 26 54 29 66 74 60 46 56 55 37 27 67 70 40 34 40 43 42 25 48 62 34 35 26 40 37 20 49 20 48 65 71 44 67 74 41 22 61
34 55 40 29 37 65 25 69 53 57 37 65 29 49 57 56 74 27 70 36 51 19 37 73 63 60 39 61 50 51 71 57 61 21 68 42 53 59 55 58 21 60 24 46 22 50 38 44 44 20 25 36 39 64 62 20 20 42 20 0 49 18 63 36 27 65 31 31 46 68 22 27 74 42 56 21 58 27 20 68 22 45 71 59 25 45 31 48 74 53 49 28 35 48 72 65 74 67 32 29
57 65 52 71 30 73 34 40 26 27 53 51 63 28 21 57 50 40 24 44 27 59 45 53 62 44 72 52 39 70 42 65 31 61 35 70 27 28 42 24 72 58 23 21 60 54 54 58 65 63 57 46 24 19 56 34 52 71 69 50 0 31 71 48 67 57 29 37 47 21 22 44 67 50 66 25 72 23 52 52 22 26 51 28 47 19 66 22 68 28 73 42 54 61 22 72 71 63 74 65
66 21 35 62 72 24 51 36 27 41 50 22 65 41 37 65 64 20 49 53 36 27 44 34 20 64 46 73 65 24 69 50 39 43 67 66 19 58 31 36 52 45 25 41 26 49 30 39 41 57 32 44 67 30 46 56 56 29 60 31 23 0 73 32 23 50 63 54 25 55 36 68 60 45 21 26 62 73 54 69 64 68 20 31 64 21 32 20 44 43 47 20 25 19 34 68 61 53 46 60
28 21 69 49 67 45 47 33 28 30 39 65 27 62 52 33 61 74 69 72 69 46 72 40 38 45 45 23 46 56 38 21 43 39 39 52 18 27 22 55 41 42 67 51 51 26 45 29 24 18 51 42 63 20 51 55 63 45 73 39 50 58 0 43 55 24 35 20 25 63 74 42 18 64 46 58 21 32 72 66 70 26 28 31 57 70 45 73 36 49 55 73 44 42 44 45 25 32 46 72
29 58 51 25 67 32 66 56 46 47 60 38 44 67 34 43 61 64 71 39 46 60 41 55 74 64 47 35 50 65 34 49 61 34 53 40 41 30 64 27 60 51 38 21 54 23 46 40 62 69 74 20 47 48 57 35 55 45 51 40 48 64 59 0 42 65 62 61 19 54 71 52 68 38 22 34 73 34 69 53 36 74 35 41 43 34 67 62 72 64 48 27 54 27 73 55 38 74 24 24
26 68 21 48 71 57 74 67 25 30 21 55 35 64 70 49 62 68 52 41 31 48 48 35 54 54 52 29 48 19 47 63 48 66 30 61 40 42 43 73 26 70 24 51 57 54 30 58 58 48 65 38 68 31 24 42 71 38 74 32 57 45 73 38 0 37 28 19 20 20 55 59 38 60 55 56 45 68 66 52 23 38 45 20 45 20 33 34 19 29 33 61 53 43 43 27 18 69 47 53
53 54 20 46 51 54 31 57 39 63 46 64 36 56 63 35 18 60 54 54 23 52 26 36 26 29 39 20 50 64 60 20 56 52 48 73 65 74 30 49 37 52 42 40 49 46 62 23 40 32 67 32 74 31 19 43 66 24 59 29 35 51 45 27 25 0 26 18 72 44 55 62 36 62 25 44 35 38 47 27 65 42 58 39 47 30 72 65 21 26 36 66 49 60 48 63 55 59 29 24
70 48 29 57 34 28 43 70 20 48 26 25 18 31 43 53 55 25 45 18 42 72 27 62 73 35 53 59 28 51 74 66 51 73 28 39 68 33 64 26 47 56 31 59 32 29 36 48 64 24 28 37 59 18 51 34 62 66 66 32 58 73 37 25 61 22 0 24 19 60 69 71 58 30 51 56 53 45 36 66 28 62 23 44 23 51 44 21 32 34 34 58 32 47 57 18 50 74 47 62
57 20 62 63 21 23 68 57 50 72 23 44 27 58 59 34 58 32 33 62 57 44 57 53 58 57 69 54 44 68 48 52 38 31 54 39 25 33 71 56 33 63 19 42 25 23 19 42 31 40 61 28 53 25 60 21 23 62 61 23 65 36 42 48 55 68 41 0 54 37 18 45 63 24 34 71 28 65 23 47 19 54 20 24 47 25 38 26 30 48 18 52 57 27 28 25 29 27 67 25
30 55 29 53 63 44 38 20 73 25 22 63 57 39 74 29 54 27 35 38 49 29 40 31 20 31 66 68 74 59 33 73 23 43 51 65 21 52 27 36 20 22 60 60 23 44 38 35 41 34 65 33 66 71 66 67 46 69 60 44 39 27 57 51 24 55 63 35 0 23 63 59 21 74 26 48 23 37 23 56 58 54 44 35 48 65 52 47 54 34 24 63 61 46 72 41 36 29 58 31
25 24 20 66 21 74 50 62 36 35 71 54 73 47 48 45 54 60 51 25 57 48 71 19 65 49 40 57 39 57 73 24 26 55 44 25 42 42 24 43 36 64 61 26 60 71 72 72 34 37 28 46 68 36 57 49 26 40 49 26 65 38 38 62 19 35 22 32 52 0 27 27 50 61 18 33 32 31 42 72 65 23 20 65 65 36 38 30 25 33 20 37 45 24 41 25 49 21 52 29
72 19 39 57 54 46 33 41 39 30 37 57 57 19 36 60 38 50 65 25 61 73 26 57 30 45 45 29 67 60 19 56 34 43 49 59 47 74 26 29 58 19 20 67 60 22 50 43 74 27 70 39 72 59 64 40 49 39 48 21 63 36 69 48 64 69 50 60 26 39 0 21 73 41 34 56 32 29 24 69 25 72 27 27 39 54 20 64 72 66 30 42 71 42 29 67 62 46 38 38
20 36 65 60 37 30 70 57 50 72 53 25 68 39 61 46 62 51 66 22 65 53 71 72 50 63 30 61 65 63 62 50 68 38 46 29 65 18 23 54 20 35 55 49 63 43 32 53 45 46 41 33 70 68 43 20 58 66 62 38 49 53 52 27 56 29 60 60 55 34 21 0 36 36 46 63 69 29 36 72 54 59 52 58 65 52 74 72 57 68 73 46 45 31 68 23 31 64 55 40
59 21 62 27 38 69 53 41 46 45 73 29 42 20 39 24 53 71 52 73 24 18 73 60 62 69 49 23 71 33 50 73 52 72 36 68 36 62 34 39 62 55 35 59 42 53 23 38 18 21 27 41 59 60 62 26 59 24 62 31 23 40 71 37 68 65 61 66 71 29 30 23 0 32 27 25 64 45 49 34 64 21 69 40 38 62 53 23 67 58 60 33 52 19 25 33 40 27 60 23
20 43 38 51 33 67 57 70 34 63 59 38 62 74 61 63 26 34 45 43 41 56 56 29 32 28 71 24 34 56 21 23 53 37 19 44 42 31 34 58 37 52 53 32 74 41 38 22 66 54 23 62 55 55 26 55 65 19 49 32 32 47 31 19 48 19 35 50 32 19 70 33 33 0 42 39 25 73 57 42 59 54 68 18 44 36 67 62 61 49 41 65 47 60 62 52 22 57 60 57
18 48 48 53 48 27 42 19 55 39 51 31 49 48 63 34 32 64 30 74 73 65 71 25 38 42 45 35 44 30 19 71 22 61 65 22 28 43 19 49 30 55 36 74 49 41 50 51 64 47 72 27 45 35 27 41 54 40 25 72 37 62 58 62 33 31 72 20 34 44 56 61 31 41 0 47 67 74 24 42 25 28 59 74 38 18 50 27 72 67 31 65 38 22 72 67 52 63 68 63
29 41 55 37 45 18 38 46 25 23 73 62 41 46 27 25 29 72 38 73 64 55 40 52 62 32 46 69 42 33 74 54 67 68 21 20 28 52 61 51 41 47 29 49 64 57 34 29 46 36 74 34 60 60 74 66 74 74 32 19 53 63 28 60 61 70 47 19 26 49 20 20 67 65 62 0 40 51 44 49 36 66 32 32 70 30 19 35 37 72 39 46 69 63 59 63 34 33 34 42
62 63 73 33 50 72 31 25 22 48 63 39 39 37 39 61 21 27 19 23 37 18 18 19 51 38 71 55 62 38 23 52 33 30 62 20 19 40 65 51 71 38 69 57 60 63 37 46 45 43 41 52 65 41 41 36 20 22 71 65 52 53 50 39 65 57 69 69 19 30 48 67 21 53 21 56 0 68 29 25 52 19 44 42 43 59 66 44 68 38 18 63 30 45 40 18 36 27 46 57
61 68 21 71 65 49 21 42 40 25 22 43 56 45 50 35 38 62 66 32 53 38 57 44 24 34 20 40 59 37 50 25 63 47 51 62 58 74 20 60 35 39 35 72 51 21 32 69 58 29 31 30 63 18 38 31 51 26 22 52 36 32 74 35 48 35 23 40 53 32 44 24 36 65 46 24 62 0 35 71 36 32 71 61 24 43 52 71 50 61 34 46 31 69 26 68 41 59 67 30
41 40 28 28 53 18 57 19 50 50 61 27 59 62 73 35 22 59 60 20 46 24 47 43 32 33 18 28 28 66 46 31 64 21 36 55 42 39 30 24 28 46 46 48 25 50 68 33 47 54 61 47 62 50 39 35 43 29 57 41 71 57 58 32 19 25 72 37 41 41 22 66 70 49 25 58 19 50 0 69 18 36 37 61 30 71 29 73 54 62 20 41 44 44 36 32 47 44 66 71
63 67 28 38 66 73 30 43 34 52 19 52 51 59 32 60 57 27 64 64 47 57 58 63 68 52 21 48 39 28 54 60 66 45 33 72 68 60 22 70 18 27 39 30 57 25 29 36 49 67 19 48 60 23 25 37 19 63 57 73 61 24 45 74 61 74 74 56 21 33 25 19 20 62 42 72 34 71 64 0 24 67 56 31 72 74 59 66 58 48 72 74 31 38 61 64 69 22 38 36
50 67 48 33 73 49 63 57 65 52 40 70 51 46 32 62 37 53 47 39 70 36 32 40 18 44 69 49 47 37 35 73 68 49 68 28 41 33 24 27 49 39 68 70 56 50 20 24 55 35 24 48 28 63 53 60 29 64 20 19 29 63 54 46 70 49 27 65 20 51 28 66 56 70 65 20 52 67 28 56 0 36 45 66 35 36 53 69 57 49 71 49 64 68 63 46 68 47 43 44
33 30 47 53 37 65 50 48 48 67 39 29 48 57 71 22 57 66 71 54 41 40 28 32 43 47 59 51 45 64 51 25 56 46 19 55 64 36 71 69 60 46 63 45 73 60 58 74 26 48 36 50 47 69 23 39 19 42 70 56 43 65 23 28 74 68 53 28 64 73 68 48 52 18 74 45 18 56 69 73 55 0 48 67 71 19 40 69 65 67 43 64 33 56 65 52 70 32 53 57
42 40 68 36 40 30 66 69 67 42 68 33 73 70 42 52 49 44 65 32 25 27 68 66 63 61 30 27 20 72 55 28 52 69 66 48 39 57 25 40 43 72 72 64 55 62 39 64 62 53 71 49 45 59 55 68 40 58 37 65 59 21 32 21 49 31 27 22 72 38 65 65 67 71 29 43 60 22 23 39 58 22 0 59 51 19 45 20 18 68 72 38 29 68 38 70 65 72 68 29
28 60 57 44 47 63 48 73 46 37 22 72 44 56 64 38 24 19 42 32 20 30 24 18 60 43 68 63 48 68 52 38 57 70 41 45 69 21 66 55 41 34 61 29 44 47 48 44 18 33 26 44 59 52 40 65 20 29 66 63 41 72 64 69 34 38 64 73 21 72 18 65 39 26 71 55 56 67 40 31 55 28 43 0 46 29 49 51 54 53 62 32 50 41 49 52 36 39 32 71
18 48 38 56 47 34 21 69 69 49 18 30 64 68 48 33 19 31 56 21 74 46 19 44 72 65 37 42 46 64 68 41 42 56 49 30 61 18 60 40 57 56 69 38 69 38 61 27 33 61 41 29 21 58 73 45 73 36 20 36 35 57 32 25 47 52 34 56 36 53 29 73 54 32 34 70 31 42 64 42 64 55 21 57 0 59 41 38 46 45 47 33 68 35 52 19 56 27 44 48
52 29 68 39 64 22 61 46 45 46 22 22 24 44 24 46 67 44 52 68 33 70 51 58 63 34 54 68 29 23 23 50 36 51 46 56 69 52 45 45 61 52 61 50 66 22 22 45 34 37 44 38 41 64 74 48 67 35 61 61 30 59 23 38 67 54 24 42 19 64 24 69 64 32 56 22 51 74 40 30 66 33 71 18 28 0 28 36 44 61 65 34 25 67 48 54 48 69 32 37
31 53 40 71 20 50 22 38 47 52 20 31 34 74 39 46 57 34 30 28 28 74 40 19 66 73 64 44 25 30 21 33 57 18 66 55 41 19 25 19 51 25 21 52 68 58 47 33 25 54 62 26 34 53 46 50 58 49 51 18 37 33 40 34 59 56 25 34 18 31 45 32 66 43 50 32 21 19 25 28 25 69 66 19 62 48 0 49 72 68 51 70 62 20 33 39 61 68 49 51
57 21 19 34 21 18 28 58 39 61 63 27 29 51 45 25 66 59 34 47 56 35 41 25 68 67 42 30 37 27 39 30 21 44 38 61 22 53 37 66 47 24 56 45 27 35 52 69 56 28 49 54 68 28 39 55 34 40 62 31 41 68 28 41 69 58 74 25 51 20 59 73 64 30 49 18 23 21 67 59 72 62 70 63 69 36 72 0 48 51 44 68 24 43 44 50 34 24 65 36
68 41 52 53 37 74 38 42 39 37 29 69 41 21 55 44 39 71 62 26 71 22 49 29 34 53 68 59 18 52 26 26 52 22 38 35 71 21 74 26 55 25 37 35 71 51 42 42 63 20 20 72 21 61 26 30 61 33 56 52 48 20 26 44 63 68 74 51 68 45 22 29 38 51 57 57 41 49 42 51 73 48 24 53 33 34 48 36 0 45 59 39 69 64 37 18 63 52 69 61
53 65 40 31 53 66 52 34 73 19 67 60 48 70 54 23 21 23 67 30 74 25 45 72 45 45 71 27 27 62 59 19 45 22 26 31 62 26 45 48 53 30 53 39 23 18 60 45 74 63 66 22 35 53 73 74 33 32 63 28 47 24 46 18 26 20 43 20 60 35 37 40 46 61 38 43 57 46 41 23 23 43 59 35 43 59 63 24 27 0 73 61 40 35 20 24 41 72 64 23
36 22 66 47 39 67 57 39 73 47 58 18 73 64 36 59 48 62 45 55 57 55 27 41 51 69 55 24 25 60 72 66 49 21 69 40 67 61 28 29 19 32 18 50 53 34 21 20 67 33 68 71 49 25 60 27 70 39 34 65 30 70 23 63 66 72 25 25 52 63 48 20 31 49 51 66 43 20 53 43 74 57 40 31 54 30 65 65 30 30 0 48 21 24 35 71 51 32 49 61
27 65 67 26 33 21 32 67 41 57 42 21 36 31 30 56 18 37 36 19 46 60 57 26 51 34 38 34 48 63 54 69 61 27 47 74 72 43 27 45 36 63 34 21 56 55 59 69 34 43 49 46 61 60 53 60 48 28 21 47 36 61 25 63 72 60 49 31 71 37 67 23 29 54 27 31 58 41 36 45 30 57 49 37 24 61 35 56 54 28 55 0 27 38 50 47 49 23 55 32
53 66 55 49 35 33 50 58 39 22 65 58 27 23 40 69 61 59 68 31 51 37 68 26 20 29 41 64 63 68 45 49 54 20 58 29 59 37 24 49 71 37 28 28 57 49 40 41 40 29 70 36 65 74 60 31 63 46 58 52 26 22 24 29 71 26 56 29 65 63 19 27 40 36 40 34 59 37 46 27 39 34 36 74 67 23 52 44 32 19 25 23 0 67 67 35 37 51 20 67
63 50 63 70 42 26 54 39 49 71 56 41 53 25 28 43 37 36 54 42 67 63 21 64 50 50 34 41 30 34 42 36 19 46 27 20 18 25 58 34 29 33 21 74 69 50 68 23 29 27 52 57 56 72 64 62 61 20 52 19 42 22 26 45 36 20 71 63 43 60 29 67 21 71 57 64 44 41 50 50 65 43 56 32 42 19 23 60 34 45 52 30 32 0 46 68 34 41 36 34
63 74 32 57 71 44 66 26 54 31 46 46 40 28 52 42 61 29 65 68 30 41 31 19 60 64 66 73 39 72 42 47 70 36 50 56 45 49 63 38 20 46 34 32 44 35 50 56 48 32 66 21 57 58 31 71 38 40 40 50 51 67 18 57 47 50 48 44 35 21 24 35 59 39 47 35 35 55 70 64 34 65 27 22 32 33 19 54 43 46 71 34 67 69 0 18 62 62 69 42
44 26 32 67 32 45 51 73 26 20 72 71 21 74 68 43 28 38 72 21 49 59 53 39 63 55 46 43 25 24 23 21 28 22 67 66 73 53 26 68 33 25 51 70 23 33 35 30 48 54 60 27 40 39 61 73 49 60 29 59 28 68 71 45 50 58 66 65 26 33 70 47 72 36 71 68 57 74 25 55 58 19 44 53 50 69 61 38 29 66 18 74 66 26 24 0 41 73 62 64
34 40 23 67 41 27 39 24 58 70 33 66 48 61 49 55 58 30 31 54 19 61 29 42 31 24 24 43 47 63 42 56 39 59 56 64 35 47 67 73 73 45 56 22 51 42 45 56 49 67 41 25 58 60 66 19 41 38 49 25 29 48 35 35 53 71 49 72 38 36 59 69 52 21 29 59 74 22 52 73 65 55 18 50 33 39 39 25 38 21 27 29 38 59 68 71 0 36 55 45
43 46 24 68 32 49 58 30 55 64 59 32 49 60 65 43 34 45 28 49 24 44 47 20 45 53 62 70 48 47 63 64 70 74 42 64 72 26 67 72 21 20 62 41 41 74 70 33 38 41 40 33 42 22 72 35 73 73 42 47 20 19 21 66 21 20 45 42 41 66 38 21 24 35 56 54 25 67 53 48 27 62 18 74 22 48 40 37 45 64 28 53 39 44 18 50 39 0 54 28
72 68 41 63 24 18 42 71 28 24 45 28 19 34 32 42 51 31 64 63 43 70 27 34 67 49 45 19 57 59 51 19 53 65 50 71 19 57 27 48 31 37 32 18 27 53 68 22 61 29 28 21 20 31 54 67 67 46 47 39 22 25 24 44 73 67 52 46 40 65 18 65 19 22 55 49 58 38 56 29 67 27 33 54 37 19 19 69 44 37 27 72 66 69 26 32 43 58 0 24
32 45 68 73 71 37 25 55 60 28 62 50 54 19 23 70 27 58 46 32 36 39 59 74 74 49 22 42 63 66 34 20 22 67 58 29 58 55 31 62 60 44 58 34 41 43 61 64 40 48 42 74 22 32 65 32 65 33 71 53 64 57 63 38 24 54 55 61 73 24 56 28 40 41 70 31 49 45 22 71 23 22 55 39 21 42 41 48 39 70 20 31 51 19 35 50 29 32 30 0