50
13 26 36 37 31 148
18 26 7 6 17 88
39 9 7 13 3 128
4 9 7 19 20 101
2 4 27 17 5 80
36 28 4 1 9 102
31 10 36 12 18 140
32 8 3 18 24 138
20 25 5 3 31 156
18 17 10 21 8 97
15 19 37 10 2 153
24 37 2 8 17 94
13 26 8 8 2 78
5 9 1 37 9 95
21 8 20 9 2 94
12 3 17 19 18 74
10 14 12 36 23 153
34 13 37 39 31 174
6 39 2 36 19 162
33 32 23 4 11 148
9 30 12 7 14 113
20 19 2 13 21 134
8 5 5 13 34 65
22 14 37 1 29 106
6 20 17 13 40 122
4 27 13 30 6 152
33 25 4 18 11 135
2 2 26 18 27 86
3 36 24 38 3 108
11 12 10 28 37 147
9 8 7 2 28 132
23 27 2 7 9 133
10 33 17 5 10 83
12 1 3 25 6 106
7 7 21 33 1 83
15 14 7 6 4 97
11 20 10 8 17 130
10 17 4 5 23 131
17 2 34 10 12 96
40 18 20 3 37 124
34 7 30 27 1 174
16 8 12 5 3 56
5 1 7 10 17 51
1 40 6 4 16 110
8 5 4 10 17 61
2 16 9 7 3 110
24 11 33 8 12 118
6 22 8 23 22 102
7 37 35 7 16 121
21 14 13 16 30 101
0 117 89 0 39 28 31 3 39 15 0 35 0 89 36 33 0 36 11 54 0 0 9 9 29 0 7 30 26 24 17 24 13 28 3 0 16 30 27 34 43 9 6 7 26 0 24 9 102 0
0 0 0 53 90 21 5 99 0 60 16 0 24 10 25 44 36 45 120 30 89 31 65 10 0 112 26 39 66 24 27 0 14 27 26 106 17 4 16 0 104 19 54 5 33 18 0 3 20 37
28 32 0 3 89 30 19 5 20 0 33 70 5 0 22 37 102 26 9 35 22 37 34 104 22 46 6 52 79 13 14 19 71 3 107 97 56 12 8 0 112 21 0 34 104 0 36 84 33 10
35 32 15 0 0 71 39 35 0 32 17 34 95 17 39 7 19 0 12 53 110 86 110 0 13 4 40 43 6 5 35 3 73 29 20 118 82 90 0 91 9 2 43 0 10 36 0 81 20 6
12 47 36 0 0 0 59 30 92 36 27 15 7 4 27 50 17 12 10 98 10 28 38 9 14 67 3 57 0 45 36 25 0 27 64 63 3 110 66 0 30 91 47 40 10 77 17 34 19 4
101 36 15 8 26 0 0 20 12 3 102 65 19 76 95 77 69 73 32 46 106 9 0 30 21 0 0 102 36 11 0 12 14 23 58 53 32 120 11 39 21 28 8 18 1 8 39 76 17 32
37 96 12 16 5 28 0 27 19 18 0 9 33 30 14 68 40 27 7 67 43 17 11 19 9 61 52 23 59 9 27 11 82 4 3 78 21 0 102 74 90 99 0 13 71 16 35 69 83 19
9 101 53 39 9 13 91 0 1 4 76 24 18 0 20 92 29 32 41 93 74 116 31 90 4 0 21 37 34 95 33 8 15 33 88 22 28 2 109 24 0 22 11 18 19 38 19 21 0 20
13 4 83 118 92 0 25 0 0 70 33 0 36 22 22 71 88 98 13 9 1 113 33 0 96 17 106 8 104 20 4 71 13 12 32 87 17 98 14 10 40 7 3 88 38 35 5 28 20 93
14 0 27 89 8 59 0 0 18 0 120 33 64 38 37 24 9 98 57 5 9 25 0 35 27 91 22 12 32 2 14 0 21 97 13 40 35 117 73 37 25 0 14 63 114 15 40 58 42 21
39 4 38 75 17 72 75 119 112 6 0 84 11 19 100 88 37 21 9 108 35 27 27 95 53 13 26 32 104 76 30 36 36 81 52 9 82 7 13 79 48 0 29 20 74 43 4 82 55 56
0 6 52 23 32 112 29 0 6 30 3 0 0 13 0 92 104 31 49 3 29 26 114 10 19 1 19 18 40 71 81 47 0 29 71 33 119 100 15 36 25 39 8 28 34 108 29 1 26 12
0 29 22 26 73 6 10 85 3 30 35 0 0 9 19 10 36 14 23 9 117 31 27 110 43 23 21 12 0 8 14 24 48 25 19 27 21 114 33 56 19 118 11 83 22 0 38 74 81 11
21 39 3 31 38 21 15 24 46 0 13 74 14 0 9 50 97 70 26 31 116 43 15 16 32 0 32 26 15 37 68 52 78 19 0 8 11 38 14 25 111 29 19 38 18 22 23 110 49 29
64 29 0 119 0 35 29 11 47 22 86 58 1 22 0 14 21 103 0 86 33 32 16 0 52 30 31 50 70 2 30 84 11 36 10 36 45 70 102 26 28 20 97 12 38 10 36 28 110 4
35 120 27 37 22 103 65 29 32 75 17 85 25 70 11 0 49 45 111 101 28 7 20 60 18 7 1 18 32 22 41 33 97 46 69 10 98 0 6 114 11 17 37 8 5 25 106 35 13 28
89 21 39 36 93 6 11 58 30 18 31 87 109 0 28 0 0 59 33 18 36 45 26 40 2 30 105 22 98 100 100 80 37 28 18 21 25 87 20 11 9 85 21 40 3 30 35 50 0 82
81 30 7 14 41 34 104 8 8 111 62 1 64 37 88 34 0 0 71 99 26 23 27 55 32 37 120 21 15 5 8 22 0 34 36 39 120 8 0 34 68 35 1 27 9 33 57 13 7 21
9 33 10 50 79 15 10 36 84 35 15 28 2 3 70 110 75 94 0 5 2 4 115 17 1 58 50 49 40 16 14 13 94 11 62 9 9 29 79 30 23 97 35 37 108 34 58 24 0 0
25 40 0 18 21 43 25 42 0 28 0 18 20 74 94 104 13 34 48 0 29 79 2 12 112 17 113 0 29 35 28 27 25 23 68 6 50 34 115 31 17 37 7 16 0 60 40 98 7 26
13 32 23 16 33 17 8 15 115 20 4 29 56 25 20 26 17 109 38 31 0 23 99 31 23 7 39 0 96 0 8 0 27 56 22 29 31 39 34 18 0 103 0 108 27 108 13 0 4 4
19 8 0 85 0 0 39 33 13 20 20 97 0 31 1 77 17 8 17 35 0 0 43 15 86 0 8 77 36 1 0 6 22 15 13 97 33 20 15 10 0 23 14 38 66 18 81 39 15 35
37 35 15 0 3 10 119 19 25 21 53 85 4 117 98 62 119 3 32 114 13 39 0 0 15 73 92 25 34 45 28 21 11 2 75 27 6 5 38 2 5 89 38 95 11 90 57 39 13 21
27 42 36 81 63 29 113 0 118 14 59 29 120 38 16 30 29 117 10 76 23 22 30 0 0 34 114 23 5 6 10 22 32 13 40 110 94 33 78 112 94 34 7 46 17 19 51 6 9 34
40 7 23 23 115 12 40 94 62 106 24 115 25 41 12 105 22 56 15 37 94 49 41 0 0 21 25 54 14 19 36 6 0 57 57 8 16 0 81 11 12 111 0 50 27 6 24 6 20 40
94 27 68 16 31 13 63 19 10 4 1 80 33 51 108 16 76 19 12 25 32 13 9 18 33 0 10 90 7 3 99 0 60 101 37 12 35 0 36 56 0 28 74 36 0 35 94 30 0 0
88 70 30 9 95 71 20 8 106 27 3 28 21 21 0 16 0 23 94 32 15 35 14 30 11 25 0 22 8 6 15 28 11 0 1 33 17 20 0 39 15 8 38 11 7 30 94 73 60 34
23 64 1 9 5 12 7 28 98 60 116 90 72 115 12 86 38 40 0 0 20 98 92 46 39 85 12 0 91 25 33 37 25 29 31 13 13 12 26 89 0 19 11 22 17 63 73 114 0 0
68 24 113 20 19 17 82 28 40 6 33 31 4 12 0 35 12 70 30 20 11 40 92 58 25 27 105 10 0 0 36 2 71 1 20 29 16 33 51 39 111 70 0 7 33 19 0 69 33 28
0 48 31 37 20 102 2 21 38 37 95 40 111 72 11 1 0 11 22 38 109 24 17 11 11 0 8 42 76 0 42 23 53 23 40 19 4 7 7 88 82 32 77 59 6 54 119 19 2 62
16 28 27 14 27 22 7 0 19 77 120 28 85 23 99 0 46 20 51 28 40 34 100 26 0 49 8 74 103 0 0 114 58 103 19 0 116 6 24 33 18 23 62 39 2 91 6 79 101 32
42 115 0 32 15 89 7 49 78 88 38 110 0 110 24 5 91 11 109 49 9 100 0 30 17 18 41 26 6 17 78 0 26 62 102 61 8 20 78 0 31 64 52 35 113 32 40 50 18 38
50 42 119 39 63 0 0 26 38 7 35 26 23 26 14 33 100 90 23 36 14 7 10 40 39 64 34 11 26 5 116 19 0 118 12 10 0 47 69 19 15 39 0 15 24 6 33 32 65 9
0 3 23 49 32 39 52 0 30 25 92 79 29 38 3 81 10 9 24 91 3 4 85 39 22 39 7 31 19 102 29 39 89 0 5 80 32 93 60 40 8 40 16 60 32 12 2 0 9 0
5 16 0 40 76 18 7 16 119 91 75 33 106 40 0 90 62 95 80 37 2 0 2 2 75 18 11 33 42 102 39 39 92 22 0 109 16 24 28 99 10 42 31 31 8 0 0 15 6 59
105 20 21 25 0 3 66 27 7 5 69 15 44 24 0 11 11 17 12 34 5 27 36 69 40 0 11 11 37 15 15 78 74 17 75 0 0 34 110 28 1 40 38 21 28 17 82 5 99 54
32 55 102 98 110 119 17 4 116 99 55 3 8 27 29 28 104 37 25 9 9 23 83 25 9 31 3 90 3 0 4 120 75 1 30 13 0 32 45 82 5 14 7 26 2 64 13 15 0 7
9 13 110 17 9 37 16 26 39 17 32 77 40 0 16 11 29 2 25 28 32 73 0 29 13 26 69 0 0 23 35 72 85 18 0 23 45 0 31 23 45 17 57 25 51 48 26 30 0 37
85 2 43 19 26 99 32 0 25 23 19 30 43 1 36 30 8 40 59 29 1 110 34 3 28 28 34 120 56 5 42 2 60 8 19 85 14 87 0 31 14 37 59 83 67 84 18 66 16 118
14 5 85 5 35 0 4 75 3 25 33 39 15 12 29 12 23 29 41 29 40 20 67 112 17 9 44 22 17 0 87 105 46 7 33 90 107 0 10 0 95 7 3 82 36 6 6 22 10 5
2 74 26 3 78 107 7 32 102 42 28 78 14 40 112 27 113 14 16 16 25 34 3 37 9 72 89 1 90 10 13 14 92 10 90 71 10 25 29 20 0 17 95 71 119 37 17 68 32 1
15 30 16 7 41 66 35 0 114 20 52 85 78 31 32 3 13 6 61 47 11 0 21 119 13 11 21 8 108 0 49 0 40 17 11 8 0 53 31 85 7 0 39 46 36 26 28 69 10 40
29 37 0 23 24 35 26 8 18 20 0 89 21 4 0 106 30 29 14 6 15 42 26 42 9 0 18 24 83 14 40 115 36 87 2 93 0 0 9 18 52 3 0 42 24 108 11 28 97 105
93 11 8 16 28 33 61 13 79 97 31 32 0 13 110 4 27 37 79 92 0 117 9 0 115 92 36 30 20 108 41 43 4 18 14 23 13 2 26 37 23 9 21 0 88 36 9 98 40 35
26 8 30 81 17 109 16 90 0 78 12 74 24 120 39 0 19 41 89 22 38 6 38 8 16 83 17 29 95 78 44 6 34 103 111 7 31 95 97 34 30 13 113 40 0 109 40 42 10 18
29 4 71 40 0 10 0 29 0 29 40 0 37 74 21 1 11 72 0 57 23 104 10 0 6 37 97 7 95 84 23 0 10 11 109 119 77 0 29 2 9 83 107 33 0 0 38 36 8 13
0 0 22 60 10 43 27 0 27 16 82 3 27 58 4 52 0 37 0 18 113 0 68 11 8 0 39 5 11 39 37 40 20 5 6 26 0 4 3 2 93 0 19 0 120 2 0 13 58 65
6 29 102 29 0 9 29 60 34 20 91 75 21 1 96 39 1 78 66 21 2 33 99 84 1 25 11 21 113 11 28 36 65 20 0 3 13 39 57 18 40 7 0 0 99 26 1 0 30 103
14 20 28 76 57 9 0 36 13 8 30 0 97 1 83 88 19 0 74 19 8 11 23 7 23 23 0 110 93 98 52 22 19 7 6 118 36 33 36 14 82 15 100 66 83 16 63 40 0 10
21 49 85 5 8 69 12 32 13 39 66 17 16 16 19 0 59 27 0 33 4 0 27 7 26 27 5 23 0 37 6 27 31 8 78 1 45 59 37 6 6 0 72 25 13 43 38 16 49 0
