150
11 22 26 24 45 3853
36 17 49 36 28 9106
28 22 19 14 40 9063
5 39 7 50 19 3845
5 31 8 38 8 3815
5 23 14 37 39 9058
31 17 29 33 44 9094
5 30 30 12 43 9060
5 46 46 14 19 3855
6 48 19 32 29 3859
45 30 7 22 35 9079
43 7 14 40 10 9054
27 20 44 6 5 9042
23 49 21 45 49 9127
42 12 23 37 12 9066
27 41 13 37 8 9066
40 38 26 35 27 3891
18 29 18 18 11 3819
5 28 25 19 35 3837
36 6 45 15 39 9081
13 46 28 15 21 9063
28 7 20 8 18 3806
12 41 41 30 17 9081
12 27 24 14 45 3847
14 42 35 43 18 3877
15 7 41 44 15 9062
40 41 49 33 26 9129
35 17 10 50 7 3844
39 24 14 7 25 3834
6 15 41 24 44 3855
46 25 32 9 48 9100
8 21 19 38 46 3857
7 44 7 40 31 3854
19 39 20 40 23 3866
34 43 36 31 20 3889
16 39 49 6 29 9079
43 8 15 28 42 3861
46 34 33 8 47 9108
25 43 35 27 40 3895
5 14 36 6 16 3802
33 25 23 42 7 9070
46 22 5 12 9 9034
46 37 22 49 14 3893
37 16 22 13 21 9049
24 34 42 40 30 9110
8 43 41 5 38 3860
37 30 43 26 12 9088
48 39 46 47 27 3932
46 45 20 10 48 9109
50 21 39 38 30 3903
48 42 15 32 20 3882
44 33 6 46 19 3873
6 10 37 30 21 9044
41 50 10 12 15 3853
11 40 46 43 45 9125
34 43 6 44 41 9108
18 28 23 46 30 3870
22 35 40 22 38 9097
19 45 24 29 13 3855
19 46 17 23 45 9090
42 18 22 5 15 9042
40 25 15 6 6 9032
37 40 27 9 24 9077
15 37 7 45 18 3847
9 14 6 37 16 9022
12 18 23 32 28 3838
48 13 50 24 44 3904
28 24 37 38 30 3882
17 50 37 25 46 9115
18 37 26 23 29 9073
17 24 38 47 36 3887
27 24 21 44 20 9076
27 44 19 8 35 3858
32 47 32 9 40 3885
38 29 17 42 7 3858
20 29 35 6 45 3860
11 27 37 30 49 3879
41 19 20 13 47 3865
9 35 10 47 14 9055
27 37 21 36 12 9073
43 15 41 26 33 9098
29 13 11 17 11 3806
49 29 23 15 17 9073
27 12 42 46 39 9106
11 5 48 45 14 9063
17 50 26 17 25 9075
27 13 12 39 50 3866
47 37 7 49 20 9100
34 23 26 41 6 3855
27 50 28 39 12 3881
30 15 36 37 41 9099
44 47 13 5 23 3857
11 23 38 31 47 3875
23 47 27 47 42 3911
13 38 32 22 49 3879
23 5 37 17 30 9052
43 20 6 22 24 3840
19 23 50 40 27 3884
50 33 38 27 9 9097
6 42 22 25 8 3828
9 7 30 38 22 3831
30 7 13 9 46 3830
17 39 29 22 16 3848
42 38 15 12 7 3839
14 18 30 42 11 3840
15 15 13 23 29 9035
17 18 7 8 46 9036
47 37 22 44 42 3917
49 10 17 46 22 3869
32 47 25 18 36 9098
23 33 45 24 35 3885
18 44 28 11 49 9090
47 26 33 28 18 3877
36 19 46 49 12 9102
28 9 21 11 13 9022
41 5 38 32 7 9063
30 41 32 25 45 9113
32 17 33 37 23 9082
26 31 34 37 12 3865
49 45 50 36 34 9154
42 49 31 6 29 9097
28 19 10 39 41 3862
19 27 24 41 35 3871
50 48 44 16 48 3931
48 26 48 47 47 3941
43 34 26 14 8 9065
48 22 38 30 46 9124
15 8 5 35 47 9050
12 18 40 22 42 3859
27 19 37 40 50 9113
21 39 5 26 10 3826
16 18 40 20 12 3831
44 7 9 21 25 3831
49 27 31 7 33 3872
32 49 15 19 42 9097
42 11 41 35 13 3867
48 34 14 27 40 3888
28 38 7 39 33 3870
10 32 16 22 8 9028
40 30 25 47 16 9098
19 11 12 14 26 3807
45 19 11 22 41 3863
44 36 43 33 13 3894
26 30 18 22 12 9048
25 31 19 5 40 3845
30 39 19 27 39 3879
39 44 28 8 41 9100
28 19 46 42 16 9091
44 47 23 47 20 3906
26 35 24 9 28 9062
0 26 19 5 67 72 39 15 50 7 5 17 7 13 43 23 47 35 34 38 16 70 39 36 36 22 6 29 35 3 35 33 39 33 24 38 2 35 35 13 50 23 55 14 37 45 33 38 2 31 41 42 48 58 17 23 20 19 6 20 16 49 74 14 39 4 24 45 16 12 11 46 1 34 54 6 54 35 60 31 15 21 52 79 51 64 47 20 41 32 41 28 48 50 52 41 28 31 45 46 60 45 62 53 20 38 43 36 39 51 41 62 60 27 14 39 74 63 59 61 63 23 36 77 16 40 55 83 45 26 48 57 51 37 22 12 38 28 29 52 53 42 55 40 32 60 61 14 27 22
7 0 17 1 48 34 46 19 15 45 11 36 15 17 41 8 23 20 30 47 1 11 17 13 46 50 5 45 27 48 68 31 36 12 3 29 20 21 34 25 10 4 28 6 19 50 5 23 48 33 55 2 9 31 23 11 48 13 26 11 50 29 83 33 18 18 15 20 24 14 17 31 27 59 30 6 55 55 32 25 20 53 25 60 67 24 53 16 53 52 13 52 20 25 41 46 35 56 58 42 45 59 79 25 62 43 29 56 75 48 38 40 80 51 42 58 39 59 47 19 16 16 52 21 48 48 55 9 61 41 40 47 59 15 57 22 61 11 53 49 32 60 49 25 20 22 18 39 57 17
46 29 0 43 44 4 1 63 2 38 16 41 39 43 1 30 3 15 44 16 24 19 38 8 80 31 34 23 4 3 30 35 20 29 44 16 21 45 11 20 4 9 68 3 35 1 5 31 25 44 2 37 28 44 14 17 39 44 32 3 12 5 24 14 17 16 33 37 13 1 9 47 14 15 33 1 24 9 25 22 28 27 86 27 39 37 56 27 11 40 52 50 27 40 41 31 15 22 48 67 43 27 38 55 54 49 37 32 42 19 20 62 48 35 38 86 33 31 21 19 43 13 32 57 67 35 58 23 27 55 18 48 36 73 37 33 27 22 33 31 19 18 25 49 14 52 31 38 41 28
5 29 10 0 21 21 18 9 14 10 9 37 4 30 60 44 31 27 9 40 31 36 49 34 18 41 42 5 32 18 3 32 75 16 40 4 3 8 32 30 36 35 39 37 42 50 20 43 38 16 1 24 10 38 40 5 63 45 39 1 28 13 24 8 36 11 16 22 8 75 35 59 10 15 30 8 46 11 35 34 59 49 31 35 26 35 59 65 85 18 26 10 15 8 19 23 15 24 56 46 16 30 57 16 51 18 64 16 59 58 46 30 52 72 16 11 30 52 60 51 66 40 66 33 36 39 79 56 49 24 17 32 18 10 22 22 59 40 37 46 46 66 49 33 21 47 23 46 62 44
43 4 19 4 0 25 45 3 14 23 24 37 8 15 83 22 3 3 75 5 1 39 72 13 25 23 25 32 15 17 33 38 8 23 28 27 49 72 34 22 16 37 26 12 5 7 28 31 40 39 50 28 48 48 33 24 10 44 48 38 29 47 36 30 57 22 6 15 3 3 40 63 28 78 10 41 47 76 1 32 40 46 14 22 33 15 45 97 12 17 17 43 40 27 20 98 11 95 52 44 42 26 44 43 68 50 23 56 68 56 24 27 32 35 86 68 50 26 67 59 26 95 55 47 40 21 63 47 21 34 20 88 16 47 43 58 33 33 45 72 36 66 30 30 49 64 21 36 15 45
32 47 49 28 12 0 40 46 39 27 15 5 27 2 36 23 38 15 50 14 29 2 38 6 8 1 28 35 7 24 2 59 47 37 30 37 26 47 18 40 24 4 11 3 43 95 41 26 4 8 29 3 1 2 5 39 39 16 48 60 41 51 22 3 50 4 49 10 3 22 84 22 1 18 3 50 21 41 37 57 43 17 55 60 49 21 41 18 6 13 28 51 39 55 30 57 59 49 31 56 64 98 28 19 51 50 45 49 58 18 51 54 29 62 22 57 36 41 41 30 56 29 8 43 23 27 65 41 50 23 54 53 51 25 29 27 26 20 19 47 55 43 44 25 20 29 50 51 45 53
36 50 3 14 42 49 0 14 25 49 76 11 32 85 42 33 50 9 53 35 49 47 21 38 3 19 38 11 25 76 6 31 8 17 46 33 9 15 27 9 87 47 21 5 5 44 82 50 39 7 36 24 25 44 50 34 16 29 40 37 1 11 44 16 19 14 24 32 11 2 37 47 27 34 13 21 31 32 29 50 30 30 41 40 15 59 23 49 77 41 59 45 69 65 23 14 11 39 32 45 62 39 60 59 39 82 23 69 78 54 27 20 17 80 38 51 33 38 65 70 57 45 27 37 27 26 51 12 39 29 24 21 38 40 33 47 57 49 20 38 11 19 9 21 13 24 59 56 41 20
5 6 11 40 6 34 3 0 43 25 12 40 50 12 15 6 19 31 47 21 10 38 17 42 3 15 35 6 46 22 75 44 58 18 2 31 39 44 3 12 37 16 7 11 9 37 45 72 8 12 2 35 31 6 30 68 46 19 7 47 5 5 1 27 36 5 42 39 48 47 35 47 49 14 14 46 40 91 1 5 46 33 38 51 10 24 55 59 61 32 35 20 21 21 68 41 29 31 60 63 23 25 61 27 18 58 43 23 29 59 38 46 52 28 48 53 26 54 32 72 49 24 18 21 37 63 36 26 24 24 46 26 21 56 18 54 29 23 62 39 23 18 41 48 56 53 16 51 29 39
65 6 62 43 49 43 31 30 0 13 28 40 5 46 15 41 39 29 41 23 48 39 48 25 55 26 50 25 2 32 7 25 35 32 37 38 4 35 26 90 17 19 1 31 45 37 45 20 37 26 8 23 45 27 23 49 26 34 25 25 41 7 35 6 28 35 20 48 37 1 13 8 24 35 24 48 37 3 22 27 3 6 7 43 22 37 38 23 53 26 53 64 33 16 39 61 43 42 42 90 45 27 70 20 43 75 45 33 30 30 51 58 48 64 46 9 70 52 59 50 42 19 70 49 45 37 65 32 24 53 50 49 31 30 63 41 15 48 32 53 28 25 67 37 53 53 46 64 24 60
45 46 19 41 43 8 30 12 52 0 4 7 6 47 88 22 38 39 49 44 24 49 41 33 12 57 13 3 48 19 42 57 30 7 3 35 50 8 20 14 2 10 22 75 48 41 8 38 31 56 22 42 16 38 40 6 84 10 37 40 93 18 45 17 48 46 45 17 30 16 9 48 36 26 44 10 2 23 50 1 27 28 31 4 2 98 10 36 61 13 85 42 47 42 25 63 53 48 50 25 16 30 34 33 9 52 57 78 53 62 18 57 31 67 50 55 32 53 46 69 56 59 19 51 22 46 53 44 44 55 18 29 21 31 30 28 35 63 19 52 42 44 17 63 44 54 36 60 23 66
47 45 51 49 40 46 37 50 24 3 0 40 45 10 41 12 33 31 29 25 26 10 32 15 42 21 14 19 10 14 39 64 15 42 1 49 36 45 47 47 44 36 6 33 11 48 5 49 25 22 17 14 46 40 27 5 21 69 63 35 23 51 42 7 72 2 70 27 45 48 28 21 45 81 82 50 22 19 13 29 32 46 10 34 33 38 59 33 24 53 50 28 27 40 26 50 53 60 17 23 25 45 34 40 103 29 43 84 19 37 52 28 17 45 66 43 58 49 52 74 42 20 36 24 26 53 45 26 45 52 107 13 37 50 39 30 64 49 54 27 55 54 47 65 65 8 60 38 109 63
7 51 54 37 9 18 46 40 8 41 2 0 9 12 1 18 43 17 41 28 36 36 13 39 32 33 33 35 10 5 41 46 10 31 25 49 39 20 36 11 1 11 47 15 29 18 43 60 63 38 21 18 42 18 37 17 17 62 83 19 29 50 49 26 35 8 11 4 28 18 31 11 15 8 15 21 49 10 81 33 26 47 56 45 17 42 75 40 64 36 27 33 79 23 40 31 35 23 33 63 33 28 63 59 62 35 30 68 51 47 57 63 39 34 40 24 22 20 58 21 31 66 64 53 59 23 72 20 10 37 55 17 34 24 55 32 55 21 47 45 34 54 42 46 28 40 46 62 54 95
37 44 17 74 71 35 36 45 44 37 29 4 0 21 31 13 49 8 40 5 50 25 46 2 61 82 10 30 33 16 45 43 27 3 41 15 46 38 52 36 10 8 22 21 27 26 46 26 41 1 29 62 4 16 36 19 31 18 21 2 20 45 33 18 46 19 63 9 25 20 46 36 84 63 13 26 40 47 66 60 45 24 9 42 85 10 37 26 18 30 33 85 52 56 20 17 22 37 44 60 48 54 36 56 39 24 57 85 39 48 16 39 58 48 23 18 39 42 61 22 21 61 20 35 70 34 23 11 58 60 95 42 90 18 40 45 56 53 53 9 22 47 61 94 44 56 37 58 64 35
14 45 6 51 36 6 46 48 18 32 2 11 4 0 27 16 6 38 7 32 49 20 67 86 35 29 34 20 21 28 48 30 27 71 45 27 5 9 49 34 41 37 16 11 50 16 20 20 36 7 11 41 88 29 23 7 24 45 34 49 17 43 11 78 31 47 33 1 1 18 24 12 29 31 29 5 10 67 39 32 48 10 47 42 48 10 39 17 6 35 58 49 68 27 56 28 35 33 19 67 64 56 13 47 56 30 50 11 23 37 66 32 19 30 38 65 42 59 27 45 26 45 18 44 24 36 52 26 34 47 51 34 48 33 59 24 52 27 48 49 55 39 47 21 28 53 41 20 35 54
2 23 29 28 77 34 8 46 35 50 17 3 2 29 0 3 16 35 35 30 34 29 47 31 21 34 38 42 26 10 25 11 43 46 19 38 25 87 4 37 19 9 17 10 9 59 2 46 46 40 5 61 84 38 24 4 33 37 7 13 49 10 21 19 7 18 2 18 20 1 45 16 10 24 25 91 49 40 78 25 50 12 37 43 7 27 6 7 88 5 24 14 52 97 21 42 21 105 58 27 36 52 34 61 27 16 55 38 27 59 42 10 52 43 76 29 24 47 42 10 57 81 32 57 30 39 23 55 49 48 19 27 26 54 56 42 29 50 28 45 26 54 9 29 45 53 22 43 40 54
34 7 6 48 20 48 22 75 31 8 12 33 47 13 21 0 70 37 83 16 9 16 7 38 50 30 10 27 84 25 44 41 47 34 44 23 43 26 21 20 33 34 6 38 44 31 26 24 46 36 39 24 7 9 49 12 4 29 13 3 21 41 8 31 41 5 30 24 28 50 42 23 48 22 6 11 31 41 39 37 32 41 29 40 29 14 49 12 44 80 47 90 50 15 15 61 18 27 38 43 108 21 34 44 32 31 18 17 44 25 53 32 52 46 54 47 10 38 73 38 37 20 71 39 45 42 22 36 38 47 22 15 78 58 54 59 47 42 33 35 49 58 59 51 41 46 30 40 57 25
71 38 30 10 2 11 34 1 7 41 13 70 19 15 25 18 0 25 2 23 39 4 10 1 25 46 30 14 65 13 23 16 13 33 11 3 26 44 10 57 19 84 24 9 7 14 40 5 19 40 36 10 16 17 22 21 42 71 11 11 34 6 21 43 40 41 23 30 17 30 34 10 8 43 18 22 41 3 38 28 27 5 16 53 18 47 48 98 19 1 5 42 31 49 50 22 70 68 20 34 39 24 9 18 15 55 34 19 43 56 45 104 45 31 78 20 29 43 55 33 15 33 43 30 35 33 58 37 19 34 97 52 18 36 46 54 39 34 62 24 22 33 40 47 56 49 24 30 12 54
4 40 16 42 36 38 36 32 1 35 4 16 45 78 40 28 10 0 5 47 11 7 20 62 22 38 39 52 6 13 9 25 40 30 37 83 14 21 32 23 65 43 2 28 30 27 14 38 9 47 38 61 44 42 4 37 18 38 11 12 40 50 35 37 50 26 32 12 24 19 1 16 58 7 43 18 40 49 8 44 46 47 35 21 9 1 1 11 37 32 28 10 24 39 26 7 97 15 47 28 58 21 31 34 43 40 64 21 57 42 56 27 29 52 30 56 65 52 63 23 24 52 14 34 63 43 41 22 51 28 20 46 24 60 35 104 19 16 54 34 23 11 39 61 57 37 17 36 13 50
59 2 46 28 50 48 33 3 88 23 7 13 13 23 43 25 41 48 0 27 14 37 9 69 47 2 34 45 8 1 46 13 80 25 32 22 20 42 18 16 30 23 43 46 14 13 29 30 9 1 27 36 43 26 47 12 23 40 47 9 37 30 35 72 20 77 9 3 19 45 10 5 62 16 13 1 46 61 17 82 23 47 37 11 70 33 11 38 42 50 48 23 22 39 43 53 19 36 36 57 50 26 49 41 52 38 58 60 24 23 17 34 40 68 34 6 23 44 28 40 46 15 47 34 62 61 23 46 56 15 28 57 42 48 43 21 66 57 61 49 39 31 56 39 26 33 45 60 63 15
47 4 13 77 46 83 18 82 39 49 39 22 44 15 16 10 31 19 4 0 35 19 24 43 35 32 43 27 35 29 36 25 49 42 76 43 37 11 70 11 44 25 29 48 38 3 33 27 15 14 44 40 28 20 11 44 59 50 28 24 20 4 2 19 43 46 48 50 25 39 17 42 29 19 27 28 11 1 45 40 28 25 36 19 50 18 18 18 21 29 8 50 13 7 31 48 19 35 26 58 41 63 52 29 49 52 50 23 20 54 43 21 28 15 57 54 48 19 23 54 52 47 67 32 13 14 50 27 24 62 31 43 41 29 44 23 9 29 48 88 29 21 86 35 23 31 67 24 62 56
42 43 21 82 28 17 16 9 32 28 18 74 26 75 13 9 15 50 27 76 0 80 41 29 37 41 9 27 16 50 38 45 37 15 66 40 17 36 37 42 44 17 42 30 27 37 35 45 7 15 10 48 65 15 35 35 51 40 31 47 49 84 36 24 21 30 3 5 8 68 38 51 38 80 37 23 30 24 34 74 17 18 49 18 7 34 41 40 38 63 19 16 32 21 44 22 57 55 32 15 30 53 14 38 48 14 33 88 26 45 39 29 20 31 15 58 64 47 45 32 29 21 29 16 25 42 88 34 34 20 11 39 59 35 39 51 41 56 30 34 22 14 34 64 52 25 51 36 52 39
2 36 44 50 10 14 47 38 32 7 62 45 30 25 22 44 39 17 73 33 10 0 16 47 6 26 45 8 29 6 21 47 48 44 46 49 28 46 43 14 8 4 32 21 31 46 44 12 24 33 18 5 26 26 15 42 25 25 15 48 45 22 14 35 20 22 43 34 27 30 7 28 26 40 20 71 59 23 32 24 13 68 12 50 14 32 27 43 1 55 1 38 33 76 12 34 16 71 13 51 16 44 30 26 51 21 50 35 48 39 17 46 60 64 50 56 52 24 49 56 54 13 39 14 40 18 22 23 33 38 13 38 38 22 47 49 43 64 31 65 27 57 65 35 39 45 57 36 15 16
14 27 36 4 45 7 67 37 1 11 30 27 69 38 69 26 37 7 48 66 26 44 0 44 12 20 27 40 87 68 1 15 22 50 57 16 31 33 31 26 42 42 46 49 33 29 70 4 27 44 32 23 39 11 44 13 13 27 47 29 49 50 44 4 20 55 47 36 43 49 91 48 40 37 44 40 10 25 41 13 43 44 42 50 1 49 36 37 11 40 23 48 45 50 35 36 21 12 50 21 47 54 33 26 60 97 62 33 59 42 22 60 17 25 26 19 31 44 17 17 31 60 36 43 39 57 25 45 10 27 56 56 7 28 47 11 56 39 17 53 38 36 55 14 49 26 56 12 12 21
3 9 50 28 38 9 32 74 1 29 17 12 2 10 5 12 43 37 25 3 46 4 25 0 5 16 43 21 6 28 9 12 20 5 29 39 26 75 38 36 25 15 30 11 7 52 44 19 41 43 31 32 5 27 18 8 31 12 58 24 32 18 53 28 41 41 17 45 29 38 9 18 46 11 19 13 26 24 45 1 42 43 56 54 9 41 31 30 16 65 65 17 77 2 24 9 8 8 13 64 35 42 52 60 72 18 54 48 40 36 59 26 50 18 50 16 39 91 7 23 19 13 62 55 38 13 33 52 54 46 51 45 22 13 50 47 20 58 47 34 55 14 19 51 26 42 49 52 38 50
48 8 24 33 4 4 28 37 44 50 34 48 78 9 43 2 37 7 43 38 24 23 41 57 0 8 17 60 39 32 25 2 49 12 41 30 29 11 25 37 4 42 27 26 46 28 17 49 42 42 43 13 15 59 15 9 44 40 65 21 21 29 14 40 10 3 2 13 15 8 74 31 49 18 12 21 23 49 69 32 25 48 20 46 24 15 22 75 26 42 36 42 11 14 28 44 13 50 14 48 46 56 10 11 41 67 34 49 14 30 34 30 27 48 27 50 48 24 55 12 52 48 22 24 36 21 62 43 32 32 13 38 27 64 55 95 65 55 82 53 42 59 58 56 54 37 31 20 36 36
1 28 43 23 50 34 10 35 3 25 41 28 32 40 24 5 26 34 29 62 41 17 46 7 27 0 21 28 39 30 26 22 39 31 16 21 21 29 39 46 34 38 48 55 40 49 19 43 33 5 10 17 3 1 47 7 26 5 12 35 47 40 13 29 21 46 24 39 39 46 16 21 18 23 20 68 47 42 36 18 23 37 16 47 18 70 4 17 32 7 7 43 42 44 38 27 32 39 4 34 7 19 58 30 13 50 21 35 33 55 22 33 82 39 72 17 85 50 20 55 38 50 25 35 68 54 43 33 56 31 29 10 94 63 17 40 40 41 47 41 60 14 37 66 32 29 27 44 81 22
2 2 27 72 25 33 8 50 9 46 28 4 49 9 22 24 43 6 11 47 44 7 27 78 17 44 0 34 16 17 5 27 5 9 30 25 23 13 32 32 26 23 24 1 16 15 4 69 9 42 48 3 20 33 67 38 6 28 58 41 12 19 56 41 45 27 40 26 11 32 5 19 37 34 4 2 38 10 2 38 32 61 59 37 11 37 2 22 39 19 47 21 36 24 16 31 3 14 27 24 16 42 52 35 15 29 29 57 70 51 14 32 32 48 24 17 76 40 55 44 56 57 32 51 47 55 14 37 37 45 87 58 68 34 43 18 25 74 40 44 17 20 15 17 62 22 20 43 17 33
41 19 3 28 26 33 31 19 49 9 42 4 40 37 23 9 14 7 38 84 42 47 13 2 9 43 8 0 36 30 20 68 19 42 30 21 46 11 15 24 42 50 29 6 45 14 6 15 50 23 26 20 43 8 28 16 10 47 19 46 32 22 44 38 22 11 47 56 5 10 28 41 23 25 9 31 9 5 10 26 40 33 33 34 6 8 17 19 19 21 6 41 13 25 12 48 20 11 61 8 48 27 26 62 19 30 26 34 90 11 26 41 47 41 59 32 28 25 66 44 58 18 14 38 40 37 22 52 21 83 63 88 57 47 40 69 20 11 38 74 57 40 19 35 44 69 13 41 30 52
5 33 12 71 13 16 75 92 15 45 38 52 5 1 20 47 18 72 33 5 8 15 9 11 20 13 38 4 0 1 19 94 92 39 17 14 17 11 15 23 8 8 42 24 27 34 44 89 33 48 40 68 59 21 21 37 41 37 4 17 18 45 44 8 13 28 22 42 30 31 25 6 44 35 12 45 35 22 78 36 21 47 16 21 51 33 31 86 26 44 17 46 31 22 18 35 60 1 39 44 35 37 38 5 64 55 20 37 26 40 60 69 49 55 29 36 46 14 28 48 70 32 51 45 38 56 65 59 18 37 68 30 59 33 38 14 53 37 49 64 11 55 38 10 45 55 27 56 18 60
48 27 31 48 12 37 22 29 50 8 30 4 49 25 11 39 35 22 48 20 15 16 12 50 33 50 48 32 1 0 32 34 49 6 7 3 23 30 13 34 24 33 50 20 46 33 33 43 38 12 34 53 10 46 42 42 44 7 20 32 4 31 25 49 37 46 26 77 37 3 44 36 15 28 23 42 11 50 54 4 16 44 40 61 40 47 35 14 11 33 25 48 7 41 46 28 2 15 18 26 47 20 23 20 46 55 98 61 55 14 64 38 28 28 18 23 29 57 90 25 93 28 44 37 31 56 6 63 34 16 13 21 22 57 11 14 40 64 48 56 38 27 11 62 49 45 46 80 34 57
14 40 1 48 26 40 11 9 7 16 33 49 43 89 20 39 24 22 32 15 10 4 41 8 28 43 28 17 33 18 0 32 44 6 27 10 43 32 45 41 1 64 4 16 72 11 45 78 29 20 41 34 37 30 77 12 9 59 28 13 50 31 43 27 47 46 8 14 20 28 53 6 22 23 38 19 42 73 42 3 44 6 60 30 34 33 29 36 12 45 5 86 4 32 9 54 30 14 31 3 73 18 90 54 44 10 21 60 22 35 22 7 49 37 32 31 65 52 58 53 13 30 53 52 24 45 57 17 43 52 42 30 56 57 38 43 49 34 39 50 36 52 35 55 26 22 29 51 54 58
27 46 41 47 12 9 13 23 33 8 10 23 6 32 7 38 24 11 74 33 50 11 25 39 37 18 43 41 50 44 46 0 23 43 23 39 68 32 9 39 9 22 35 35 16 7 2 3 25 60 12 32 13 32 33 45 68 27 31 48 45 35 30 35 46 19 7 38 41 79 44 48 22 46 29 17 8 3 13 40 66 74 46 11 39 78 39 3 29 49 43 28 38 36 44 31 32 3 14 33 65 26 41 23 44 44 19 62 45 39 19 48 30 46 39 82 28 67 37 23 24 32 53 56 18 17 50 48 38 15 35 33 30 13 41 31 52 21 57 48 35 23 43 36 37 43 17 20 31 41
3 10 28 76 22 49 9 27 27 7 22 11 15 30 39 36 37 20 26 46 1 36 40 68 50 8 40 28 16 11 15 10 0 18 22 17 47 50 25 24 7 47 45 2 8 28 23 21 7 2 47 4 25 17 7 53 29 77 24 45 50 9 13 29 13 32 23 10 26 1 13 34 62 8 4 43 11 16 20 27 28 50 23 21 37 47 32 22 66 80 11 17 35 53 29 19 1 36 26 16 28 43 35 7 39 11 7 29 35 46 38 20 48 18 36 42 42 12 64 37 40 85 55 41 31 46 33 42 30 58 38 37 44 38 27 30 10 64 22 52 55 30 74 19 21 54 15 20 46 54
34 49 17 3 9 48 20 64 44 2 41 48 22 9 23 79 50 1 41 7 18 30 44 5 10 29 48 41 33 31 45 43 46 0 40 22 18 29 8 47 45 15 33 21 81 8 12 46 22 15 30 31 13 19 37 15 45 30 9 16 16 58 40 32 27 35 48 24 9 21 37 8 29 10 38 32 17 31 50 19 18 6 20 4 23 21 22 43 11 50 18 50 27 34 12 27 50 32 5 7 32 75 45 40 47 68 37 24 31 39 33 45 36 103 24 36 53 20 24 63 48 48 46 24 45 19 32 43 24 21 52 50 64 22 15 12 21 26 49 15 50 54 59 18 57 63 44 42 54 59
1 14 9 13 1 37 65 46 5 10 35 29 29 62 10 20 10 9 47 21 9 40 28 39 48 55 24 40 67 5 13 17 82 40 0 45 22 31 48 8 15 40 44 14 74 5 30 36 10 9 38 32 20 49 30 15 29 36 58 40 14 35 7 3 20 10 42 45 18 76 26 46 9 27 4 40 19 40 23 62 49 43 2 22 43 27 40 7 28 91 71 35 24 24 5 19 79 59 34 10 27 5 23 26 35 36 30 18 43 45 51 13 56 62 16 28 44 43 43 22 53 42 25 31 53 56 69 32 55 44 38 45 32 52 57 64 55 31 65 43 88 36 29 55 43 41 26 58 44 31
17 11 45 53 37 14 25 28 39 29 47 70 40 53 11 34 25 28 35 11 43 49 4 68 49 30 8 36 22 3 42 66 41 47 7 0 32 16 59 10 32 45 42 41 6 13 4 44 22 45 10 72 6 72 12 11 32 12 55 20 8 20 38 51 49 38 17 31 38 30 48 21 22 7 47 43 11 13 1 27 9 28 25 13 1 20 69 61 39 46 41 45 46 9 37 10 14 5 8 42 25 12 40 21 6 34 29 50 5 27 42 28 64 27 12 50 60 50 48 25 38 26 28 60 6 67 26 38 24 30 41 41 72 48 32 94 61 48 79 53 64 37 16 27 15 83 58 48 27 96
46 23 9 68 37 15 34 59 8 27 30 66 21 35 1 47 42 20 24 39 34 48 1 49 28 38 32 16 39 15 69 43 1 7 34 26 0 6 24 25 5 54 16 27 48 19 28 18 20 39 20 2 39 18 9 49 3 10 12 15 36 11 21 27 16 43 49 48 21 26 10 1 7 13 22 43 50 4 25 8 50 26 38 33 16 48 47 9 50 28 28 43 45 49 9 4 38 31 32 20 63 48 62 45 1 33 6 6 33 32 21 35 47 53 41 31 42 30 31 13 19 40 32 15 21 39 49 18 13 48 37 22 43 40 38 59 53 51 12 43 31 35 33 46 47 20 20 44 38 24
12 1 30 11 10 3 20 33 10 30 31 7 7 47 36 19 95 37 31 3 5 34 19 17 40 31 69 11 32 36 17 63 7 43 54 7 50 0 6 39 21 43 91 67 18 39 32 45 35 21 27 3 49 39 42 30 18 10 50 37 5 4 12 5 13 27 36 46 1 40 10 5 6 12 2 24 5 1 26 38 82 23 45 18 18 59 24 14 44 24 7 9 47 2 18 41 44 37 48 27 9 28 4 2 27 34 2 48 26 11 33 21 37 40 19 41 33 51 40 8 32 29 87 67 24 66 42 67 30 19 41 25 57 51 35 25 31 36 24 33 51 44 53 66 64 35 31 44 57 31
27 14 29 43 68 26 77 13 4 27 3 30 12 27 45 5 10 49 37 55 50 45 35 1 8 8 24 13 51 69 3 49 43 16 33 13 39 19 0 46 38 43 11 35 13 18 2 3 16 38 45 44 29 22 42 1 8 49 20 50 4 35 23 28 14 37 40 18 38 34 38 44 33 48 13 1 16 67 9 5 24 22 64 12 28 83 39 2 47 29 6 3 46 79 38 45 46 64 45 22 40 47 27 11 39 16 44 24 30 18 3 27 10 8 27 17 56 51 81 15 51 46 32 80 24 36 41 30 43 32 33 34 49 41 34 42 54 37 50 27 19 56 22 22 48 21 29 56 57 38
36 26 24 59 45 42 39 32 26 46 18 3 30 41 9 32 8 31 43 43 95 5 26 18 40 39 3 4 14 26 60 3 2 14 28 6 34 31 29 0 20 31 11 47 20 13 9 7 25 33 25 5 23 19 50 36 18 8 42 16 23 33 46 6 10 1 22 48 16 22 1 49 23 65 50 9 25 42 24 47 15 40 2 27 13 23 4 4 16 25 13 36 14 45 24 5 1 32 5 14 51 46 31 42 17 24 42 21 8 17 24 30 38 27 41 25 17 47 48 19 42 20 14 66 37 23 57 38 90 44 29 28 19 35 19 38 53 16 47 52 34 42 24 11 82 16 63 82 54 19
42 25 35 30 4 30 50 22 2 42 33 7 14 19 19 3 38 19 21 22 30 2 49 5 24 47 22 23 24 32 37 16 32 26 11 17 30 4 25 32 0 72 25 38 34 48 16 2 35 23 4 8 19 3 35 2 50 37 4 49 11 21 33 36 48 13 14 18 21 74 50 49 16 45 29 20 27 35 27 33 8 44 44 34 50 62 44 45 9 8 48 28 7 41 3 40 19 25 13 19 31 66 33 6 12 9 40 26 27 46 24 34 19 42 33 3 14 32 23 46 50 35 47 61 15 45 43 55 32 37 12 22 34 48 39 57 38 52 80 56 58 28 74 51 23 25 19 17 11 47
19 36 24 31 23 46 44 34 4 6 4 11 14 30 3 4 38 64 46 47 58 43 36 17 16 36 3 9 37 10 9 20 48 27 28 48 3 31 23 66 46 0 2 27 1 13 13 27 7 7 15 36 30 77 2 27 44 2 47 69 39 46 28 33 14 44 33 2 16 63 32 46 14 15 33 12 11 36 11 27 46 15 18 17 5 45 42 18 19 26 65 39 30 10 34 30 9 14 21 5 38 7 65 27 6 46 55 17 10 16 29 18 24 44 42 43 7 26 46 42 57 46 28 26 52 44 17 40 53 27 39 16 75 20 36 45 63 47 68 25 41 35 26 35 10 43 12 22 47 16
6 39 26 7 9 18 43 32 9 40 16 28 77 4 28 12 30 13 45 74 31 76 5 36 12 13 17 32 19 37 27 9 9 41 33 40 18 27 72 22 22 3 0 44 26 33 45 69 62 8 35 48 27 1 46 16 10 40 41 37 13 30 31 50 7 20 27 2 8 13 84 15 17 41 26 14 14 46 27 19 28 15 83 66 18 9 35 37 25 23 31 10 44 16 39 44 40 1 21 6 54 32 36 32 44 37 32 77 16 6 10 1 62 16 50 39 41 33 67 42 23 87 53 38 42 33 30 51 56 55 39 45 53 66 40 45 30 10 32 62 41 70 48 41 41 68 21 19 33 45
2 6 37 38 44 13 39 49 26 16 27 36 26 29 12 4 43 93 37 97 12 27 32 61 20 52 17 7 10 3 9 4 33 19 1 5 1 2 15 41 24 50 47 0 31 20 44 17 41 82 27 42 18 11 9 4 60 32 46 15 35 31 1 11 8 12 51 19 73 5 1 35 27 40 14 34 34 20 25 42 11 20 58 22 1 26 19 20 7 14 27 83 14 28 39 14 13 28 41 71 27 47 45 45 19 15 25 27 42 13 33 11 21 37 29 48 33 71 28 70 82 48 56 39 39 46 57 41 48 49 11 45 57 39 49 52 18 53 47 61 54 69 52 20 65 56 36 39 52 23
42 1 4 44 20 49 43 11 9 47 11 50 19 23 48 11 29 41 23 36 18 35 25 37 46 39 25 49 43 33 42 49 24 43 48 27 39 16 15 75 43 13 40 32 0 23 15 64 13 34 18 74 4 19 45 12 8 29 30 35 25 6 23 35 4 26 7 17 4 27 49 50 19 41 35 21 41 29 1 39 41 49 13 37 86 29 33 29 3 33 9 24 45 38 50 5 13 6 24 33 47 11 9 49 46 38 7 25 22 14 29 7 48 18 40 25 50 12 37 24 15 68 46 36 62 14 36 18 48 79 21 58 37 40 56 28 33 36 44 46 23 97 47 37 39 66 97 16 34 71
23 11 45 18 3 3 24 6 50 23 31 34 4 20 46 19 4 5 49 6 43 30 39 4 11 46 50 61 29 23 45 6 42 42 28 11 1 6 34 21 28 41 35 34 46 0 39 16 40 51 30 13 37 34 27 32 51 18 3 22 26 44 46 9 14 34 42 22 29 31 11 29 43 42 31 26 28 40 9 49 36 24 13 22 21 11 2 4 7 5 32 33 55 35 44 36 11 13 14 8 8 44 31 7 6 1 45 43 12 42 46 33 30 45 9 27 19 13 50 40 6 64 52 55 26 49 49 26 39 58 47 20 91 58 34 8 60 46 65 28 24 42 26 16 31 42 40 21 24 28
26 29 39 45 18 30 49 44 38 54 45 30 8 33 28 25 37 47 49 20 20 13 37 11 44 16 46 46 9 20 35 38 27 47 31 40 40 15 2 5 21 47 22 43 2 50 0 14 47 2 1 19 18 39 44 46 3 17 1 12 19 11 31 4 49 12 14 45 8 48 41 26 58 86 23 36 32 9 67 17 34 30 23 5 17 12 2 37 8 24 30 25 13 52 35 9 13 46 46 83 19 45 45 49 40 38 32 11 32 36 41 5 71 16 3 46 28 50 6 29 30 8 57 55 35 55 47 33 11 34 41 12 26 34 38 47 51 18 43 26 26 15 42 18 17 66 28 63 43 14
22 26 68 18 42 33 5 46 43 20 29 25 48 74 21 30 29 18 39 4 19 76 50 6 77 3 31 79 40 8 82 18 24 11 47 57 11 28 46 44 5 22 1 4 29 22 48 0 34 84 6 24 45 4 39 14 46 37 12 23 37 59 22 37 49 42 3 5 44 48 2 40 31 43 24 50 6 33 52 37 21 3 17 27 13 9 27 32 22 26 47 48 45 9 6 16 43 26 33 21 31 32 52 79 76 11 32 35 33 10 60 6 38 22 1 4 14 46 33 38 9 3 10 32 60 51 62 15 29 42 62 20 33 45 37 31 25 54 18 24 35 88 37 52 42 35 25 40 45 30
5 15 47 17 31 26 36 1 10 33 46 25 4 14 5 13 49 44 78 35 60 26 11 48 34 1 13 17 44 30 28 8 49 18 35 19 46 2 31 43 39 21 31 21 32 37 12 25 0 61 91 43 33 79 24 41 17 67 48 42 31 30 27 21 68 2 37 45 8 2 49 45 49 13 9 50 32 30 21 27 20 28 40 14 30 39 76 47 47 63 76 72 75 10 50 73 2 14 12 17 47 49 14 14 32 10 15 41 37 28 39 38 41 12 14 7 2 3 25 42 55 2 22 38 39 59 32 35 11 46 68 25 63 61 22 61 39 29 14 24 59 48 67 39 16 58 66 23 9 50
37 65 47 55 43 4 17 37 9 38 9 71 29 40 15 36 23 1 41 43 43 43 43 46 21 38 13 4 4 29 39 2 36 24 2 49 36 20 40 41 38 30 10 7 23 11 43 11 24 0 24 40 32 25 28 23 45 32 50 46 37 50 35 5 18 75 65 73 16 41 11 48 7 3 38 27 17 32 32 24 26 7 45 32 48 33 8 72 45 10 24 34 45 18 42 29 10 43 28 4 17 67 6 9 2 28 10 25 15 64 74 70 5 29 17 46 34 22 13 34 16 31 87 50 43 33 48 57 28 24 44 43 16 27 61 45 11 20 56 48 22 32 44 57 34 48 19 42 50 63
61 50 48 13 11 35 21 10 25 35 28 8 19 15 6 1 2 39 5 15 24 9 36 34 1 42 17 6 15 8 10 23 70 26 4 3 12 47 20 29 46 43 8 25 80 27 43 29 27 28 0 12 31 48 10 7 34 5 13 51 1 44 22 14 23 25 4 13 26 46 49 8 37 27 31 7 20 78 27 47 43 41 40 17 43 14 44 17 17 15 75 48 47 34 23 1 26 46 23 16 46 44 31 50 28 64 28 16 17 40 9 38 22 22 28 20 46 50 45 20 7 71 19 45 27 25 50 45 49 36 42 26 46 48 50 34 13 44 23 36 21 61 31 47 49 66 22 61 40 20
9 2 3 32 50 8 35 13 14 4 15 38 29 48 15 22 18 73 16 23 15 47 38 41 21 40 36 1 16 1 23 19 29 36 24 1 1 35 39 36 46 84 10 76 25 4 10 20 10 19 42 0 11 50 30 47 21 62 34 4 40 41 37 24 31 8 48 25 32 23 50 48 49 23 23 31 72 50 19 5 4 90 27 46 40 29 8 42 23 25 35 15 44 38 27 4 26 42 4 36 9 15 7 21 19 21 50 1 34 43 45 37 1 8 36 6 29 36 14 12 39 6 30 6 46 36 47 35 40 46 56 29 58 32 48 50 47 62 38 12 35 57 59 23 77 55 58 35 19 31
35 10 6 10 28 13 30 3 25 8 2 3 47 32 7 40 30 30 46 20 24 39 11 85 30 1 28 1 19 39 45 37 14 5 38 43 15 34 44 39 15 28 48 32 37 21 46 39 46 26 42 18 0 48 66 5 11 37 31 50 62 37 43 54 82 7 5 33 12 23 21 7 78 27 9 94 32 27 5 19 31 2 11 16 12 37 23 71 50 19 35 32 8 20 14 49 39 1 33 28 20 1 18 39 6 50 17 39 24 23 10 45 42 40 22 35 30 5 12 14 34 5 43 25 37 48 1 48 23 13 51 51 22 64 40 53 51 15 51 65 39 14 33 31 30 51 41 55 26 64
26 27 91 23 37 32 43 28 50 15 18 45 71 37 18 8 21 13 27 65 10 20 36 50 24 29 23 15 18 28 25 20 2 1 15 9 30 43 5 36 45 61 38 33 16 35 16 17 11 27 45 42 1 0 47 29 37 49 6 16 7 33 12 9 2 40 31 12 22 29 79 39 4 15 6 36 38 45 19 17 18 45 29 27 14 14 5 25 50 21 10 23 26 22 5 46 15 3 6 2 27 31 42 39 18 21 36 25 37 83 47 45 22 25 48 60 49 48 73 36 2 20 45 41 50 22 11 4 16 50 6 15 42 50 53 60 30 58 63 51 29 33 19 53 45 40 19 67 22 36
35 35 10 28 30 48 30 61 43 9 31 44 48 13 30 18 2 43 50 48 33 11 11 81 2 21 54 20 45 38 35 24 14 25 40 7 16 28 13 8 47 46 71 28 4 56 39 9 23 15 46 24 5 46 0 37 42 42 89 1 13 18 45 8 9 18 33 43 33 49 44 29 40 16 36 11 47 35 9 7 67 29 44 33 38 5 32 9 1 47 28 48 80 40 37 27 50 87 46 75 24 26 19 22 40 74 22 37 8 30 31 21 41 35 45 8 20 7 7 3 23 33 5 69 31 5 17 28 49 88 54 39 33 43 36 27 38 40 84 34 34 37 67 53 22 49 41 17 37 25
18 40 21 22 14 2 3 11 24 36 35 13 8 31 29 22 48 11 29 80 27 45 9 72 37 12 16 15 12 20 16 5 1 49 3 77 32 30 39 58 46 21 13 47 39 50 5 20 27 2 14 38 41 60 31 0 22 49 66 33 13 40 18 15 41 31 11 3 20 24 4 6 23 42 29 10 38 31 30 50 41 42 44 44 32 85 49 45 4 23 11 27 32 24 10 39 18 46 45 39 21 35 23 6 15 56 6 44 10 50 26 31 23 13 27 13 1 36 45 37 16 46 20 23 13 23 83 75 35 12 42 53 9 16 57 50 30 58 13 57 48 50 26 13 34 39 52 65 59 43
41 41 5 28 49 14 10 7 48 23 7 3 77 9 62 1 22 36 6 44 20 15 15 12 39 24 24 28 50 7 81 24 28 44 27 1 48 20 39 17 17 8 15 47 37 47 9 13 5 5 4 46 24 4 30 32 0 5 32 31 68 22 50 39 49 45 19 7 18 42 10 39 22 35 21 13 4 4 49 36 8 27 47 70 45 25 27 9 6 10 19 4 8 35 35 48 1 66 47 27 9 43 45 1 30 12 40 93 35 28 18 20 31 9 37 56 46 6 50 5 24 25 33 28 30 9 4 38 23 3 16 22 21 34 21 24 28 27 31 28 56 41 55 47 63 26 58 48 39 61
48 31 12 34 1 3 5 22 49 41 34 54 23 42 10 72 30 23 43 3 46 22 31 38 10 16 30 48 20 25 42 44 25 4 32 36 42 36 44 13 27 26 17 94 50 15 49 42 16 12 16 16 20 29 12 44 47 0 2 6 58 41 48 25 34 22 43 25 26 20 25 50 4 12 31 26 6 8 32 3 2 25 33 36 41 25 33 11 45 12 2 47 39 40 28 24 37 6 61 57 37 26 35 24 3 9 40 24 46 25 18 31 22 24 44 24 47 24 18 46 19 23 42 11 45 7 28 1 42 44 37 37 23 52 49 57 63 35 34 21 22 79 28 45 46 45 46 21 17 57
14 11 14 40 61 43 5 45 9 35 25 37 18 45 5 29 25 36 17 47 34 92 9 10 6 45 27 7 15 66 25 14 84 49 2 46 17 45 34 31 34 1 29 50 3 12 20 49 27 27 41 39 30 42 19 10 20 5 0 50 33 2 24 39 28 43 43 5 47 53 14 44 48 32 40 37 4 42 41 10 13 1 13 33 21 2 25 17 40 35 40 27 16 48 42 42 29 9 48 34 14 4 43 34 31 13 49 16 48 43 50 23 56 16 47 4 41 43 91 24 32 42 46 32 4 50 78 49 12 12 12 44 28 8 56 17 49 36 19 60 19 50 26 9 55 23 26 62 58 32
10 5 14 4 12 42 38 19 41 44 1 50 49 44 10 24 68 7 35 50 10 27 73 95 19 42 9 33 30 42 28 6 38 20 35 32 34 14 29 22 26 43 15 14 9 9 57 15 2 15 26 38 1 33 11 66 38 16 70 0 78 48 1 15 74 53 44 44 8 2 47 27 37 21 46 19 10 14 49 37 4 35 31 3 14 26 26 10 41 44 16 43 1 1 36 20 23 15 48 8 28 8 50 46 48 37 23 11 40 29 50 25 45 75 10 4 21 50 43 58 43 16 30 15 12 25 53 15 15 52 44 15 26 30 43 18 21 30 33 34 33 54 20 21 53 70 43 43 63 32
7 8 47 44 41 61 14 4 34 24 38 66 4 33 31 22 42 5 74 36 19 22 44 70 6 19 87 45 30 5 62 22 25 20 4 16 27 28 8 37 15 1 16 10 93 50 27 28 16 2 42 8 37 20 10 28 39 18 44 46 0 40 20 8 9 34 48 29 22 34 39 14 3 39 11 41 30 7 92 41 25 37 31 2 50 4 11 10 54 23 32 40 8 48 18 28 22 41 34 48 35 1 1 39 20 45 5 48 47 47 50 37 55 31 9 39 2 44 1 15 49 41 48 44 21 38 6 20 11 19 26 80 36 78 5 33 52 65 58 25 12 59 36 37 86 28 41 56 32 48
27 87 49 38 12 43 2 27 33 26 38 11 17 48 16 41 44 32 43 31 31 11 10 26 39 9 30 13 33 32 6 48 58 43 28 29 21 41 3 3 13 79 27 29 6 32 36 36 13 27 16 15 45 11 41 32 27 14 12 6 64 0 12 3 3 16 30 39 44 31 8 34 28 59 38 13 36 15 46 30 8 38 3 48 21 43 17 37 64 10 88 90 26 33 43 22 20 17 19 39 22 6 45 19 13 19 38 6 38 47 48 12 50 41 15 80 3 49 43 10 41 15 23 44 24 26 3 7 3 8 43 50 41 17 43 83 24 37 80 61 22 20 10 57 95 32 58 16 37 63
18 3 30 79 24 43 38 4 34 50 40 11 25 1 37 19 47 16 3 80 5 11 43 39 39 52 22 22 14 39 47 48 6 11 36 33 39 84 40 75 50 18 19 8 29 31 49 63 22 5 26 22 46 42 18 14 11 46 12 25 3 22 0 17 4 10 43 45 81 37 40 25 17 1 7 22 5 7 21 5 47 18 77 2 37 10 1 8 49 23 9 12 46 18 6 23 31 41 43 27 47 19 9 22 23 55 31 34 26 2 6 31 14 28 29 11 20 43 2 27 3 14 27 34 7 10 17 11 23 17 19 50 6 5 25 23 42 24 38 63 14 47 48 38 69 25 54 53 13 24
2 13 7 37 31 50 6 45 12 44 28 14 40 24 50 21 10 36 26 47 3 12 8 15 28 32 26 37 19 31 11 46 19 27 30 19 8 27 13 23 24 48 29 16 17 31 29 36 47 34 7 2 29 48 15 32 44 9 24 34 27 12 18 0 12 48 33 5 1 38 11 12 11 15 40 18 15 44 12 13 48 19 3 33 1 49 38 40 32 49 41 27 19 25 16 29 16 13 25 32 1 47 15 55 3 30 27 30 5 16 1 2 39 26 40 48 50 25 39 13 32 11 36 14 37 43 15 40 7 45 42 1 23 33 75 34 13 6 19 60 55 38 55 41 52 26 55 56 12 24
13 46 43 17 37 36 5 7 55 42 16 10 24 33 45 22 6 11 9 38 1 36 4 64 6 5 4 49 83 48 16 44 40 18 31 31 32 34 18 40 40 31 14 11 29 44 18 28 47 11 42 43 32 26 18 23 43 24 25 7 5 25 6 40 0 3 45 18 1 21 18 29 19 18 75 5 19 49 34 1 45 58 6 5 79 43 9 33 7 37 43 27 32 49 5 27 39 35 42 46 50 17 35 6 8 23 7 45 23 25 47 28 1 41 29 12 19 24 48 33 18 37 4 28 17 45 38 39 29 27 20 48 26 4 3 32 86 37 43 32 29 46 50 42 30 80 54 46 69 15
50 15 46 10 27 27 22 19 31 42 28 19 36 50 9 29 42 33 10 51 41 48 18 20 67 12 3 10 28 26 50 9 20 43 44 7 15 35 44 5 45 37 20 2 1 44 5 44 9 49 33 24 37 29 24 14 13 21 27 16 44 35 30 21 88 0 60 72 42 77 26 8 35 32 1 34 22 40 50 40 50 33 16 36 13 5 29 21 57 57 21 2 42 44 13 42 38 29 35 45 10 7 4 35 40 41 6 39 24 13 31 9 41 23 29 63 7 49 19 1 76 37 26 50 32 16 85 11 32 22 14 3 15 2 39 16 89 8 11 8 41 32 20 23 20 31 55 49 30 55
27 28 42 30 37 43 27 73 29 48 33 21 4 39 15 23 12 21 11 19 19 36 7 34 3 8 11 37 11 41 2 4 21 35 37 48 27 26 18 2 36 17 32 48 30 42 36 2 47 21 24 18 30 27 8 44 22 4 30 46 36 67 34 25 31 44 0 37 18 46 27 42 69 75 19 6 48 7 36 48 42 24 40 34 33 11 20 36 35 40 48 30 20 29 25 33 31 29 22 21 56 18 47 28 16 42 44 8 32 12 28 32 8 7 36 11 29 50 56 47 3 14 2 19 9 29 44 41 34 22 7 17 37 56 42 38 10 44 47 18 4 61 26 26 44 20 49 21 54 33
15 50 13 40 44 53 16 60 18 8 45 29 10 13 14 22 40 6 8 27 40 32 15 6 34 37 46 43 8 38 8 27 39 37 49 33 67 49 34 60 33 38 19 48 15 46 9 48 39 23 68 42 29 22 43 29 22 13 45 25 43 32 53 9 34 16 11 0 38 28 17 22 4 9 11 14 31 2 42 37 39 6 47 14 23 43 8 30 34 12 39 37 14 39 37 33 39 47 46 41 28 23 50 6 46 7 4 26 25 25 46 42 39 58 34 43 19 23 59 22 17 39 39 49 41 46 34 39 36 29 25 6 24 49 9 33 41 19 7 23 10 61 5 74 52 44 24 31 56 45
36 1 41 36 82 32 7 35 41 20 6 2 31 86 4 11 15 44 23 55 36 25 2 26 17 15 22 33 13 28 42 32 23 2 40 33 8 13 62 24 13 7 83 46 47 26 2 17 38 27 30 14 30 88 20 3 11 49 4 39 28 15 60 40 48 45 2 42 0 58 11 12 74 30 46 23 17 45 4 20 46 77 34 49 22 39 10 38 26 37 28 25 3 26 45 47 46 27 6 17 32 31 43 16 28 5 39 9 16 19 36 29 1 1 61 17 17 35 40 15 3 42 43 40 6 30 40 9 10 27 21 26 50 33 21 38 37 48 9 16 30 37 30 15 36 31 68 61 39 9
36 40 49 19 80 32 2 20 16 22 40 45 36 6 48 51 4 32 6 8 13 35 61 31 86 77 26 12 39 46 7 24 22 7 18 50 36 20 4 9 20 49 17 23 17 2 11 45 37 18 8 32 21 25 14 38 3 22 59 18 17 44 32 41 45 58 84 65 35 0 87 31 12 37 30 2 43 42 42 32 6 5 6 45 10 28 44 42 1 8 14 50 37 28 53 49 24 9 56 9 37 15 1 48 17 37 22 28 26 19 48 44 9 41 21 7 77 27 21 69 29 40 49 32 68 26 18 77 30 36 7 62 41 29 39 39 68 12 14 31 38 39 3 42 22 26 37 38 47 46
32 49 20 23 28 15 3 12 36 6 31 6 38 93 22 22 13 5 28 17 32 29 19 12 33 29 39 39 28 87 46 35 16 21 10 24 41 1 25 34 10 13 15 66 18 48 5 3 42 31 17 4 16 16 46 22 23 21 22 9 19 35 3 86 47 2 22 18 13 43 0 16 13 17 48 11 3 46 16 15 24 42 31 34 26 13 6 14 33 34 21 14 28 35 18 6 37 47 8 31 17 38 39 32 40 3 9 13 49 1 33 17 11 48 68 4 27 39 4 8 41 18 27 6 30 30 3 42 48 4 90 23 9 39 45 48 40 43 25 36 47 89 11 5 13 16 35 66 44 97
3 16 23 43 47 46 30 32 73 4 47 31 10 22 17 50 37 8 33 76 7 49 4 25 34 39 36 35 44 38 31 43 4 41 16 13 18 20 43 11 33 8 32 17 25 36 27 58 6 46 27 25 37 31 85 5 32 49 50 11 85 48 24 14 11 5 27 17 6 50 26 0 28 65 44 11 42 20 35 7 17 38 14 47 8 13 3 30 16 50 10 38 9 23 49 22 16 79 50 47 48 30 49 42 8 5 27 20 17 16 30 48 10 33 14 21 2 33 59 2 19 4 74 11 31 35 25 9 39 22 44 10 37 3 15 29 19 9 35 41 44 26 39 20 44 15 38 30 29 34
11 57 4 1 34 6 6 34 52 3 65 39 44 32 32 45 35 21 2 14 33 32 7 3 39 24 23 47 19 17 22 58 4 2 19 33 7 15 10 8 50 47 38 4 36 28 26 30 7 13 21 21 16 10 4 50 19 22 49 10 49 49 21 46 34 5 69 32 36 8 33 32 0 40 41 1 2 70 48 39 15 13 30 34 49 30 41 50 23 35 50 12 2 33 60 49 16 45 18 57 46 49 48 15 19 20 5 50 57 16 1 26 68 24 9 40 4 42 14 31 28 20 6 14 35 30 9 45 47 33 17 8 42 21 43 2 44 46 39 7 94 23 29 10 34 50 39 35 29 41
6 42 42 39 20 3 6 16 62 21 26 17 13 43 10 43 19 40 7 20 50 37 29 26 38 8 78 7 1 36 1 26 2 68 50 35 45 4 3 11 38 38 45 49 65 16 32 37 1 21 48 18 27 3 23 17 21 9 24 30 49 35 30 1 48 1 30 5 9 50 49 34 21 0 34 6 2 48 49 47 25 40 54 37 48 29 12 7 35 11 45 53 21 2 48 38 50 12 69 6 9 35 1 19 40 10 17 31 28 3 2 57 14 77 22 19 19 11 23 33 43 43 4 77 3 20 16 66 36 47 25 69 33 46 5 31 54 17 76 47 12 44 30 37 4 31 41 31 36 52
9 45 22 30 11 52 42 29 39 47 41 47 20 49 23 29 1 84 27 49 31 39 20 15 22 10 39 31 1 18 13 36 44 21 46 2 6 40 1 23 48 30 9 49 22 29 4 10 36 37 35 31 23 47 40 6 48 44 43 33 35 36 12 36 4 30 30 44 42 18 46 37 44 10 0 42 39 3 50 3 28 13 26 59 2 23 25 19 2 19 50 41 27 26 34 66 5 49 41 4 1 50 27 16 1 17 39 37 48 39 32 40 30 35 14 20 17 60 11 7 37 21 39 8 17 46 28 22 26 19 8 6 2 32 28 27 45 3 35 22 17 49 45 36 29 44 39 27 16 31
8 27 23 76 37 49 41 25 1 35 33 82 100 14 24 38 84 22 15 14 17 57 20 34 36 34 36 37 21 3 6 1 2 30 46 6 32 10 26 26 33 40 83 21 50 17 46 40 46 2 25 4 14 19 2 36 45 1 47 25 8 15 45 39 95 5 36 42 30 41 11 13 45 19 8 0 3 4 35 14 17 19 35 44 10 23 33 48 23 12 5 35 74 43 39 64 31 1 50 50 48 43 17 28 36 33 42 45 38 28 9 44 7 16 26 2 35 36 34 15 3 41 41 36 33 63 15 31 2 33 22 63 25 46 30 29 27 6 22 7 48 19 8 33 11 47 21 56 39 45
36 45 36 39 34 11 35 39 11 6 22 18 43 34 2 28 42 6 27 42 23 36 19 50 65 47 35 32 14 22 23 5 14 43 33 9 55 29 44 36 1 59 29 30 49 8 14 3 28 47 40 33 10 49 34 19 45 42 38 9 40 44 9 18 4 21 47 41 19 41 48 38 27 8 40 48 0 75 47 25 11 28 23 1 1 50 46 29 38 35 15 41 50 44 15 32 21 32 2 50 98 45 35 15 15 6 15 8 25 36 37 48 12 50 28 39 38 49 53 50 84 40 49 46 14 5 31 39 32 19 15 25 32 46 14 23 38 7 14 26 42 30 20 20 45 40 26 27 8 11
31 35 31 32 14 13 42 26 29 30 50 54 26 29 24 11 37 16 31 72 32 28 14 26 29 18 15 2 1 20 32 42 3 47 29 11 34 21 44 75 48 25 2 47 5 35 19 22 40 50 28 6 36 20 45 3 27 39 4 2 31 14 17 21 21 39 49 36 46 14 49 7 38 42 52 41 42 0 23 47 49 3 22 46 2 65 21 33 22 16 4 47 48 24 3 1 17 9 16 13 15 19 21 41 26 40 20 4 25 32 22 31 22 32 8 43 15 43 12 33 30 36 31 16 30 62 4 34 47 19 41 46 18 46 29 47 48 43 13 29 34 5 41 10 23 48 46 30 15 3
54 33 35 34 45 36 10 63 29 46 3 24 30 33 37 30 80 14 83 33 13 81 23 29 9 15 26 33 50 49 44 13 25 26 10 21 36 29 9 21 2 13 18 29 13 4 10 58 70 42 71 48 12 27 16 16 40 37 41 21 40 46 9 33 23 9 24 46 19 39 48 27 70 36 16 47 40 33 0 37 31 13 6 43 9 28 47 46 14 44 48 36 49 34 11 24 14 68 37 7 16 17 22 9 9 9 36 43 16 40 25 91 47 29 36 44 46 25 34 27 12 45 30 45 34 17 82 28 17 87 25 11 38 26 35 45 48 48 17 6 8 47 1 47 26 26 41 23 5 68
15 43 45 24 15 11 5 37 12 15 16 3 46 42 22 24 1 15 32 18 35 37 11 32 15 8 33 45 3 28 35 29 36 10 16 45 30 28 63 31 20 43 46 45 9 38 13 67 39 32 86 39 17 42 38 26 44 18 7 18 36 5 7 48 30 8 9 21 20 20 14 11 50 13 8 38 42 48 39 0 31 40 57 66 36 32 2 22 5 22 39 50 50 15 27 4 4 47 8 41 19 16 70 35 46 2 42 7 48 17 35 7 46 19 9 10 45 22 11 15 9 71 35 38 6 19 29 11 13 31 15 24 28 10 36 33 13 30 15 56 27 38 58 23 15 28 20 3 10 2
49 100 68 68 41 26 20 22 3 8 43 24 42 2 26 45 4 33 28 42 27 27 37 8 10 15 18 18 38 38 16 6 26 28 35 41 42 80 74 50 63 2 11 15 16 45 5 24 4 38 39 8 4 45 3 15 45 31 26 32 11 37 44 35 7 22 34 23 9 1 49 3 27 89 20 46 45 10 11 31 0 43 18 26 47 31 47 18 7 29 15 56 45 44 35 14 32 7 49 40 21 49 40 59 58 24 2 36 32 44 29 39 41 33 11 43 43 3 14 45 77 11 33 58 32 3 30 13 23 45 39 37 44 21 25 17 32 42 9 25 32 50 48 34 11 45 47 19 49 57
29 53 65 17 49 53 32 6 32 12 18 7 10 9 48 34 42 4 23 42 36 7 9 25 31 13 28 11 30 30 42 51 13 8 9 17 56 38 48 26 6 19 28 62 39 20 19 3 22 40 19 16 26 21 18 50 31 1 9 4 41 57 7 11 40 26 25 2 7 12 2 38 42 63 13 50 42 60 25 35 41 0 17 32 33 5 49 5 43 50 2 36 6 28 43 36 63 38 44 39 32 29 11 31 9 9 30 28 40 32 15 42 10 49 27 52 20 50 2 40 1 3 38 29 33 31 23 19 40 70 24 8 45 7 37 6 34 3 88 8 15 11 44 20 41 24 31 10 49 27
26 41 54 58 13 18 36 12 30 36 1 37 8 14 21 42 3 44 4 50 43 77 23 63 38 6 86 43 48 23 45 46 30 50 47 21 4 38 68 21 49 17 22 49 45 40 14 8 6 33 34 12 88 1 35 44 27 46 50 23 21 50 4 2 3 46 46 6 88 44 50 34 30 41 43 36 13 11 37 36 26 24 0 3 69 24 34 1 35 37 9 39 1 47 30 14 26 28 39 19 19 24 26 25 40 10 3 49 14 1 20 18 13 40 36 36 37 9 74 43 22 38 27 33 1 11 45 10 12 10 43 9 25 6 36 30 12 46 33 19 29 17 35 25 3 18 23 41 36 14
51 55 33 48 51 41 46 37 36 20 1 1 34 2 74 10 3 19 42 16 15 36 25 14 34 75 5 27 12 38 22 16 28 21 48 60 5 43 22 15 22 24 42 44 34 40 14 50 9 50 6 45 50 4 12 15 35 13 39 32 11 32 11 48 29 31 19 45 18 42 25 40 74 22 62 36 16 13 4 39 34 16 2 0 16 62 17 15 33 6 27 5 4 45 3 82 29 48 25 20 23 37 2 36 17 37 35 26 3 57 57 27 37 18 11 24 38 25 48 50 6 48 32 40 37 11 4 48 16 9 14 56 28 18 35 27 45 55 46 33 48 14 37 35 59 29 16 63 38 40
60 43 47 61 52 47 28 35 42 1 70 25 44 21 28 34 48 49 7 30 50 12 14 2 44 30 2 36 36 36 39 7 47 49 43 24 4 11 15 31 25 34 87 12 15 33 28 46 18 37 63 41 10 45 26 31 33 50 22 21 9 31 17 18 13 3 64 3 22 22 1 49 35 18 10 26 10 33 14 10 41 35 3 31 0 19 74 21 40 48 18 14 30 23 12 35 15 18 14 40 50 9 24 36 5 6 41 28 43 11 71 22 18 90 34 45 4 1 2 46 36 26 3 5 5 38 50 21 66 31 11 38 40 47 28 8 6 28 39 7 41 46 11 31 27 49 40 44 20 61
28 45 37 65 68 6 69 48 39 28 11 39 33 34 39 2 5 13 7 5 38 70 30 27 30 36 27 18 37 12 48 25 9 36 49 28 66 12 10 16 43 29 38 21 45 49 12 2 39 36 28 36 28 49 76 43 36 17 28 48 34 40 4 33 47 35 25 13 12 20 32 27 24 6 14 28 32 5 15 34 38 12 39 33 68 0 10 26 8 23 16 9 36 4 17 11 20 38 22 39 23 3 40 7 50 7 9 30 35 5 27 14 9 3 20 67 10 42 48 15 27 28 49 6 19 48 5 86 49 8 82 34 57 46 46 25 2 17 24 13 4 28 8 31 46 36 25 26 25 20
42 48 53 26 44 50 44 42 61 41 66 44 35 14 32 22 24 20 13 35 5 13 3 45 5 23 13 38 38 56 5 3 40 36 26 43 43 10 41 14 9 29 23 19 24 25 4 67 7 17 22 23 30 26 40 3 4 49 26 34 27 34 18 43 42 66 41 66 12 22 28 25 47 40 20 22 37 48 7 7 34 30 39 19 20 43 0 44 70 3 19 39 32 1 1 40 10 8 26 16 44 41 29 33 2 34 34 33 4 25 35 99 11 24 30 21 24 51 33 21 42 17 1 84 48 11 23 23 32 32 35 10 26 38 22 84 26 38 46 50 24 7 45 41 3 3 22 16 1 35
31 20 26 51 25 36 63 57 60 66 36 44 39 42 4 14 23 28 38 38 13 26 21 8 48 67 17 91 19 31 30 5 15 47 48 39 35 10 4 19 6 15 95 20 36 30 35 5 32 35 18 71 57 49 22 29 1 29 25 25 6 41 25 37 3 44 37 37 21 18 43 11 100 41 32 16 72 37 51 45 48 23 43 36 45 46 50 0 11 12 5 9 11 4 22 42 31 16 24 13 9 7 19 15 29 31 33 39 28 1 34 46 10 25 50 19 35 35 3 31 47 71 35 10 6 14 15 37 26 24 43 11 24 9 29 8 27 46 4 7 17 11 5 3 30 29 76 15 63 21
62 12 64 44 40 52 53 61 28 55 58 23 69 9 12 48 14 27 20 17 23 6 39 44 20 5 44 67 39 80 1 15 15 11 24 44 57 16 43 10 47 37 58 36 32 21 7 45 39 7 30 25 62 30 16 7 12 37 47 21 32 37 42 33 40 10 22 14 37 48 62 6 47 70 44 42 41 19 33 38 38 5 39 20 31 52 30 41 0 43 8 35 10 22 46 27 9 15 37 24 39 42 4 28 8 8 2 6 50 18 13 13 43 9 33 31 41 43 7 6 3 17 31 36 38 34 11 20 19 34 46 44 17 22 34 41 30 16 72 20 17 25 1 24 33 10 33 27 33 30
39 60 61 43 27 37 27 23 22 47 33 29 50 14 29 4 41 53 31 6 20 48 29 44 27 33 32 20 28 35 33 48 55 48 34 30 40 37 5 31 5 40 27 31 46 8 49 1 85 4 40 35 31 4 9 13 21 42 6 26 34 42 46 9 37 29 42 27 42 6 8 15 13 60 46 47 44 45 13 45 41 50 22 29 49 18 9 63 7 0 4 21 27 36 47 48 49 50 15 19 35 10 75 19 20 5 2 40 23 43 4 23 63 20 38 8 38 11 46 41 9 81 28 22 35 7 35 36 39 25 28 11 40 37 45 46 12 15 28 10 30 21 75 13 27 22 39 4 22 79
46 10 39 23 33 47 45 17 62 10 45 37 17 24 31 18 65 25 11 5 35 19 20 50 23 92 2 29 20 21 10 29 37 31 16 48 18 11 22 10 10 24 27 10 42 78 39 39 99 29 42 8 2 16 31 40 32 4 25 6 3 20 9 77 60 31 45 64 39 8 30 2 22 30 50 30 45 39 48 37 13 31 1 44 39 27 3 26 37 20 0 29 35 5 47 5 3 23 39 10 7 24 18 78 31 20 28 8 26 14 23 47 24 27 46 15 46 10 46 31 95 38 85 10 32 31 16 1 25 51 7 13 15 18 42 3 20 38 38 17 5 28 41 35 19 50 3 25 33 36
14 48 62 23 48 31 39 42 47 51 56 49 53 22 54 69 5 32 22 16 21 8 17 3 22 2 43 3 22 3 17 41 11 4 42 45 19 34 50 14 67 38 37 44 13 15 16 7 37 25 20 30 32 24 12 9 14 10 38 26 28 24 44 19 34 47 38 14 8 43 6 43 2 69 21 20 41 12 68 32 42 34 30 28 30 28 11 38 56 8 41 0 34 28 32 8 3 2 16 30 30 37 37 38 24 46 5 30 20 19 9 25 9 33 29 38 17 22 36 5 41 21 49 24 19 15 19 24 4 6 39 21 18 31 35 23 59 49 9 32 30 28 35 70 12 3 5 15 49 40
45 87 30 45 50 21 26 45 42 13 41 60 17 22 16 60 30 24 64 45 33 7 3 39 13 12 45 39 35 29 30 42 43 26 54 27 85 30 44 40 23 40 40 30 9 41 34 53 24 48 47 9 23 48 69 39 2 45 22 19 46 22 30 31 46 83 6 31 43 3 49 12 49 11 45 32 15 11 16 4 41 44 20 72 47 61 17 16 27 48 16 39 0 37 27 44 39 31 48 22 75 1 13 46 68 31 17 19 7 68 39 31 40 43 9 72 53 38 26 5 14 50 13 21 38 68 47 25 8 33 34 28 21 83 44 9 34 37 22 27 39 38 14 47 46 9 30 41 20 41
35 18 56 37 35 54 62 53 59 20 60 29 10 70 20 19 46 28 42 36 75 28 4 24 43 4 4 73 19 28 42 35 36 12 18 34 8 4 27 48 6 40 55 70 1 44 70 4 29 57 30 24 85 49 40 23 18 83 49 44 19 14 43 5 28 5 19 49 39 93 25 33 40 28 46 87 50 23 38 38 20 13 50 46 11 33 9 1 14 32 23 48 27 0 5 19 32 35 34 8 35 20 35 4 3 24 2 17 10 2 46 36 37 29 38 30 24 5 44 23 49 45 13 12 2 29 39 50 27 31 3 48 60 4 45 23 37 36 19 15 35 14 48 4 19 40 15 49 6 53
70 53 15 16 29 29 72 34 46 15 54 34 51 23 57 19 52 47 23 6 26 50 34 47 92 51 25 3 66 21 16 46 1 36 49 49 50 7 18 36 35 35 24 21 8 22 22 27 47 5 37 19 18 49 74 33 14 34 50 24 40 57 26 49 40 10 32 2 23 49 26 39 62 42 42 11 3 24 48 8 19 48 24 11 25 6 9 16 17 27 8 45 22 23 0 37 50 8 46 34 43 14 1 47 26 37 49 37 25 31 40 12 44 16 34 37 3 40 24 13 2 47 38 33 13 49 44 50 5 26 11 14 8 5 52 2 12 3 33 7 27 6 2 34 36 4 44 72 36 4
21 21 13 16 35 24 64 101 47 32 46 25 54 59 56 55 38 34 61 59 23 25 30 8 38 15 15 46 39 19 6 47 25 39 9 26 28 17 33 7 48 33 7 22 17 41 37 18 22 9 44 16 8 40 15 62 29 36 35 42 9 28 19 34 14 42 36 23 17 50 27 24 34 10 35 33 46 5 5 9 16 27 8 43 40 38 8 56 9 43 47 13 28 9 47 0 35 19 46 67 18 33 34 46 13 5 8 9 6 19 87 18 28 41 29 47 20 29 49 57 19 56 52 30 33 53 37 61 16 20 63 18 14 18 47 16 44 56 49 39 11 24 56 7 5 21 30 29 39 35
58 83 18 48 31 64 31 50 88 37 28 57 66 19 51 79 23 24 13 22 61 30 45 41 21 55 32 44 7 28 7 51 69 36 21 4 10 37 4 44 28 16 48 46 12 15 68 11 72 34 33 29 33 9 25 28 75 33 28 62 40 16 16 1 18 14 37 30 33 36 7 23 35 90 8 42 31 11 20 4 1 29 31 32 15 35 38 11 27 49 18 39 46 46 38 12 0 46 8 30 33 8 38 41 32 16 24 10 5 71 6 43 5 45 43 33 34 5 69 40 28 11 22 44 11 18 62 1 30 7 7 28 31 15 3 23 32 17 25 16 32 11 47 1 39 24 45 49 3 4
46 19 24 40 80 33 53 52 35 58 60 46 59 25 62 37 43 92 31 50 58 53 38 42 2 19 41 34 20 50 30 46 51 35 8 26 41 87 47 16 46 21 9 5 7 64 31 39 34 48 19 45 2 48 20 1 11 37 27 46 24 32 2 50 49 48 6 25 1 23 31 10 23 42 42 38 38 5 20 20 9 23 27 14 54 14 28 6 16 6 30 48 6 41 43 21 4 0 1 30 42 10 9 71 17 10 14 18 45 76 15 43 40 49 25 77 8 26 37 33 45 46 1 27 37 44 19 10 2 29 33 7 41 41 33 38 4 36 18 13 10 26 36 2 11 23 19 23 46 37
38 45 33 48 18 85 62 33 35 44 15 41 54 22 19 23 42 27 43 17 31 29 12 34 39 27 20 6 46 48 28 38 38 60 4 44 19 39 27 8 39 15 43 34 40 12 41 46 9 5 22 35 27 28 4 48 28 5 8 14 18 5 43 22 39 43 9 18 61 32 12 59 39 38 61 38 44 13 47 45 29 21 32 46 33 2 42 42 45 49 14 13 34 15 21 20 33 1 0 48 49 39 15 44 35 83 46 8 2 60 44 33 45 11 21 59 24 40 22 32 6 41 17 46 46 19 43 81 46 60 46 1 28 21 33 23 13 37 34 44 48 10 32 4 31 30 39 6 41 77
17 53 25 97 53 24 16 28 61 22 40 54 32 41 37 51 22 45 57 62 29 22 34 26 11 19 65 20 4 19 25 47 15 44 3 41 39 44 36 47 23 29 38 30 2 25 28 13 6 42 11 45 47 37 22 13 62 30 37 24 27 14 14 20 25 37 17 72 1 74 35 3 8 7 40 17 24 48 17 36 3 21 41 12 47 6 49 19 50 12 22 42 46 35 35 31 19 45 41 0 37 30 6 29 1 41 11 38 49 37 12 1 48 13 24 2 30 32 43 42 33 44 18 34 8 3 45 6 10 35 6 1 7 30 24 34 35 5 21 1 12 15 12 15 22 16 39 34 24 20
36 19 21 28 20 26 48 40 45 29 34 37 34 32 33 88 59 45 26 51 19 37 10 56 46 48 48 10 58 8 15 44 15 48 11 15 18 45 2 38 54 6 20 4 46 67 31 34 40 11 53 30 39 17 28 31 36 45 43 20 6 55 10 46 13 5 14 73 19 42 22 47 14 40 49 8 7 42 34 4 42 47 1 27 30 44 7 26 10 1 40 5 16 43 36 47 45 39 46 25 0 32 23 49 18 49 19 62 32 39 11 35 34 18 20 39 32 41 11 6 14 62 70 23 29 19 29 7 32 1 63 46 33 29 31 59 30 11 39 74 12 44 38 44 14 11 13 31 26 42
28 38 38 22 24 60 88 54 20 50 54 32 57 51 39 50 51 26 56 64 9 65 28 30 33 19 36 10 48 38 3 29 36 40 3 25 63 8 28 4 15 21 1 30 37 8 17 27 45 17 26 37 74 35 3 25 3 14 16 35 4 25 43 5 42 6 34 48 14 33 28 28 29 34 44 49 22 27 30 40 34 22 13 30 33 45 49 66 45 19 19 50 35 25 45 18 60 28 38 42 41 0 10 30 50 22 6 31 25 49 23 34 57 42 34 21 79 26 22 5 30 21 46 25 35 29 32 39 31 28 15 17 50 43 16 34 7 40 26 45 6 46 31 5 45 38 44 26 39 9
31 18 18 94 66 27 84 40 52 30 57 50 18 96 49 44 32 48 96 19 66 48 42 68 100 29 10 44 82 13 27 46 31 42 26 32 45 36 7 23 18 28 2 29 16 82 18 10 39 50 35 29 21 17 8 42 11 12 19 4 24 3 3 43 48 41 48 42 22 39 1 40 50 43 86 34 77 27 40 19 13 38 17 36 12 45 18 24 28 25 31 13 31 38 37 25 2 3 29 13 8 35 0 35 25 51 47 6 43 54 47 25 43 37 6 37 5 29 38 21 45 15 28 46 10 34 23 3 39 49 27 10 31 36 33 50 5 79 19 11 32 35 22 49 44 14 78 8 14 68
25 26 31 100 54 35 56 10 36 40 14 57 22 34 56 26 80 13 34 36 34 108 21 44 11 43 61 81 44 39 20 36 40 45 4 37 4 26 38 21 21 17 53 43 74 49 40 27 7 22 45 47 17 39 9 47 6 26 37 21 6 21 39 45 23 50 43 88 21 28 31 37 24 21 18 47 29 60 14 41 43 9 20 38 45 43 1 25 10 61 17 16 5 16 41 49 15 47 42 47 21 6 19 0 3 61 20 22 37 31 24 13 6 18 25 13 22 4 1 37 28 40 29 16 42 9 2 25 15 14 38 11 2 29 9 7 50 26 33 9 68 13 3 33 4 35 47 36 20 3
38 36 22 70 57 37 40 49 55 30 78 16 59 60 69 56 44 61 70 35 64 23 63 61 47 61 19 50 12 22 22 70 47 9 8 13 4 11 45 14 10 42 33 25 2 26 16 5 25 25 40 1 13 28 45 47 31 38 43 28 27 39 42 5 3 67 50 43 30 49 15 30 19 46 9 49 13 11 16 34 30 43 18 6 21 49 3 25 44 33 45 43 40 61 50 12 41 38 31 3 49 20 50 61 0 37 49 87 15 72 49 22 32 56 8 3 10 13 15 34 49 10 40 7 38 3 16 31 10 9 46 15 23 27 40 41 31 13 10 6 18 20 16 6 10 42 38 24 44 40
63 21 26 25 30 31 22 58 62 16 72 56 48 93 45 39 21 56 44 38 16 54 33 20 20 27 68 87 22 39 44 14 46 17 3 24 43 77 33 39 11 10 2 29 95 18 49 11 47 41 2 11 17 6 12 33 18 15 39 38 26 48 47 46 3 6 14 39 71 29 33 4 47 2 25 41 22 16 20 50 35 42 85 41 12 28 36 4 24 46 42 86 47 25 7 47 30 38 36 35 14 34 79 39 22 0 25 35 16 3 29 74 59 11 5 19 25 15 29 50 65 24 13 3 39 67 40 35 10 11 46 45 2 40 11 40 2 22 50 32 34 76 42 20 8 11 20 36 29 42
66 54 46 56 70 21 77 32 51 35 32 57 27 30 94 43 34 44 41 26 104 40 72 44 43 18 29 36 40 43 59 9 21 35 1 22 7 17 8 26 36 63 45 9 4 40 45 24 6 4 49 24 13 7 26 2 23 78 47 29 86 90 15 32 18 9 9 24 27 22 15 37 42 49 39 48 7 48 76 5 44 30 17 42 44 7 42 14 36 22 66 48 8 56 40 12 30 8 37 35 47 13 20 20 36 40 0 10 7 50 42 29 4 40 32 27 48 24 67 27 5 25 52 37 4 3 45 10 14 7 68 12 36 47 52 32 3 50 42 7 16 11 44 3 44 24 39 24 91 45
36 47 14 37 60 59 67 15 60 55 35 47 28 47 54 9 33 20 45 20 29 47 50 32 21 23 27 23 54 87 48 35 35 27 40 48 23 20 22 45 32 49 23 48 7 44 33 30 42 5 34 37 47 1 23 21 41 62 8 19 50 4 29 41 25 25 20 14 17 1 10 41 29 38 20 41 7 48 26 50 66 47 31 11 25 38 16 95 29 32 27 44 31 42 20 8 18 21 17 11 24 25 28 82 50 33 16 0 1 5 48 73 4 43 42 38 29 5 20 6 39 40 7 2 5 21 23 5 11 45 12 55 47 41 26 1 31 71 4 23 20 92 42 15 2 49 5 1 20 43
58 14 36 28 21 60 57 41 9 30 24 69 28 39 30 53 34 19 33 32 19 79 33 67 46 28 79 57 41 35 12 44 52 43 44 46 27 16 4 44 41 60 46 29 30 13 42 19 38 18 20 15 44 28 64 29 42 18 35 46 43 31 1 27 27 6 9 22 24 32 43 17 36 81 33 7 47 7 4 25 27 41 7 30 15 40 25 28 8 83 39 38 24 18 44 5 48 37 16 4 45 18 19 8 44 13 48 7 0 15 58 2 1 5 6 38 42 1 25 7 42 15 22 9 19 33 26 27 77 47 40 40 20 11 41 36 26 8 1 22 11 18 3 17 27 47 43 8 49 30
79 14 58 25 35 53 60 32 53 54 51 16 32 27 54 18 59 31 49 12 31 29 41 74 49 28 55 23 36 86 23 47 45 64 1 66 22 6 16 12 30 33 40 6 12 31 32 38 45 92 7 58 6 27 61 32 47 2 28 49 39 35 55 35 25 17 41 31 35 35 35 94 31 24 42 40 30 36 29 23 24 8 41 7 92 34 44 5 67 10 38 1 36 41 7 48 37 24 47 46 19 44 54 25 27 33 1 23 31 0 81 20 29 23 25 27 35 5 4 35 13 30 19 18 13 4 71 56 4 38 22 42 22 26 26 45 44 34 34 23 44 19 23 49 34 16 39 6 24 49
33 25 8 40 50 40 17 32 12 43 53 79 42 97 45 62 34 51 23 60 23 37 43 60 25 60 29 32 56 26 59 25 87 62 12 36 41 21 29 14 12 23 38 9 96 22 1 29 9 14 12 66 39 12 37 12 26 15 91 31 42 33 25 23 32 61 32 40 7 14 32 28 10 55 36 18 43 3 28 9 27 28 11 31 42 20 16 6 13 7 28 43 24 15 36 13 38 40 8 25 9 37 48 8 26 18 43 27 7 22 0 2 50 33 9 42 57 1 23 16 47 23 10 1 7 59 48 49 35 1 21 36 30 6 38 8 49 76 49 9 39 5 25 26 27 47 38 14 31 8
64 27 33 59 59 50 39 9 29 60 22 30 17 57 62 47 69 26 33 21 72 49 42 13 54 58 85 37 66 53 17 54 44 54 52 17 48 13 42 23 27 47 31 46 1 22 38 20 15 47 12 44 2 18 32 7 46 48 55 1 39 36 14 46 25 23 20 30 44 50 35 37 68 21 39 39 22 19 41 41 31 5 44 1 32 49 44 47 3 15 48 6 40 35 16 48 26 44 27 45 32 37 10 28 45 45 40 37 31 41 50 0 42 4 38 28 24 40 64 45 4 75 25 22 28 36 3 2 42 3 35 25 11 24 25 46 18 78 50 22 43 24 7 4 5 32 33 17 49 31
61 22 27 60 86 91 18 33 25 73 61 45 50 31 57 52 19 54 56 20 50 56 40 49 15 59 13 19 30 60 57 20 51 52 6 35 24 31 50 26 11 4 43 2 25 23 49 4 47 24 18 20 25 40 67 50 46 42 31 47 59 12 48 42 40 5 47 69 22 33 28 22 2 21 25 36 8 48 32 9 76 5 24 20 11 19 48 26 19 12 36 19 3 49 30 42 4 40 18 88 21 47 1 39 50 38 25 20 10 37 38 50 0 72 23 50 26 25 38 25 50 38 48 51 79 4 35 47 41 16 38 47 19 35 19 7 7 15 21 79 42 48 18 32 45 41 31 35 23 33
47 35 40 43 21 28 51 58 51 28 93 40 93 55 57 42 101 39 31 63 7 63 51 27 57 22 21 54 35 32 54 24 29 42 28 55 58 39 27 3 52 4 39 20 9 3 38 50 29 5 37 35 23 62 37 23 43 1 5 11 33 20 43 5 23 14 32 2 17 30 22 30 40 45 22 37 19 1 37 50 17 20 10 46 22 41 18 43 2 6 40 34 29 30 33 16 42 18 6 6 27 45 30 3 19 35 24 23 25 7 16 73 46 0 13 3 11 15 27 15 32 21 49 21 26 9 13 9 41 26 63 76 40 3 14 10 8 70 31 20 33 17 29 32 50 25 91 29 49 33
66 51 20 32 19 58 27 52 13 22 77 45 45 43 54 21 15 34 9 50 58 89 29 48 71 36 14 49 40 25 60 21 57 63 27 29 18 26 20 33 75 52 10 23 36 16 42 30 36 31 47 10 38 16 44 8 10 15 1 49 40 23 34 38 6 44 29 36 22 22 32 59 37 16 43 8 33 18 13 37 76 33 3 8 29 44 16 35 17 45 29 37 12 27 10 33 45 22 23 13 38 18 48 3 12 31 19 50 10 42 57 37 47 7 0 6 13 41 18 16 43 25 48 46 48 55 4 47 30 47 7 21 4 46 35 5 46 14 35 23 45 48 2 15 8 5 4 20 8 44
56 31 25 55 52 58 38 56 28 43 52 45 51 17 58 86 22 39 29 44 23 16 48 50 37 56 40 8 52 43 56 25 61 37 28 33 37 55 43 39 4 39 37 60 54 18 21 32 4 6 37 17 34 47 16 15 69 17 6 44 43 25 41 15 5 40 27 42 49 37 47 36 25 21 17 44 28 15 12 32 32 4 39 23 6 10 38 28 16 44 45 14 47 46 24 3 41 32 18 42 28 49 43 50 37 4 18 26 39 29 23 22 16 18 24 0 38 22 42 3 23 14 10 23 19 48 33 22 22 2 6 48 23 1 7 2 32 48 26 10 39 77 28 48 12 26 18 28 13 39
22 49 17 71 9 85 108 21 81 56 45 26 37 25 57 47 88 54 31 25 39 34 12 13 22 34 25 22 58 64 58 52 18 17 60 48 61 53 36 43 36 50 49 21 58 4 46 10 5 47 9 5 34 29 6 28 27 38 44 39 22 72 4 53 37 13 46 28 12 3 3 33 55 87 3 35 24 3 17 12 24 21 80 28 7 18 38 25 25 8 41 9 4 3 40 29 29 19 45 23 17 86 19 37 45 8 10 2 92 2 48 86 33 27 43 22 0 19 18 2 19 81 3 21 44 5 26 29 15 21 17 26 12 49 14 77 26 45 46 40 47 20 17 42 82 17 7 21 86 26
45 29 16 57 59 56 53 53 16 53 33 30 21 50 45 21 27 49 25 48 30 22 28 59 35 40 48 37 54 27 32 72 50 36 15 49 62 35 32 45 32 50 3 49 38 14 18 50 6 25 21 2 20 6 16 16 41 34 3 7 44 25 15 25 25 46 12 35 35 15 19 36 1 25 37 49 17 11 21 44 42 80 12 29 43 42 3 46 14 44 47 35 29 42 17 41 39 17 10 45 17 22 25 26 17 46 32 36 32 2 46 49 46 30 23 42 29 0 32 17 12 4 37 11 1 14 10 17 8 49 44 9 23 45 31 29 7 28 7 47 16 17 16 12 48 35 21 36 4 100
9 38 87 59 45 55 25 45 40 100 72 37 53 44 104 49 46 31 47 31 40 59 43 29 36 55 54 49 6 38 23 64 81 58 29 42 35 37 23 45 32 18 25 48 34 47 2 45 9 50 6 13 41 50 30 40 34 17 30 24 45 25 21 71 15 74 31 9 81 17 14 34 37 14 10 20 25 8 5 26 10 23 11 6 49 18 7 1 2 15 18 48 31 48 41 45 47 11 27 86 17 29 6 15 34 13 48 44 31 65 49 22 72 23 8 34 12 32 0 49 50 2 7 30 6 15 16 24 69 21 25 25 31 29 26 46 1 13 21 16 20 11 24 41 25 39 2 15 14 19
52 22 13 53 31 16 17 29 55 61 35 56 21 64 42 32 33 33 108 67 42 57 61 63 59 61 68 28 27 27 23 33 29 57 18 49 41 45 88 20 71 21 47 54 46 9 50 44 22 48 24 15 20 13 13 47 19 46 47 43 35 45 31 69 1 24 20 4 21 40 44 17 22 15 39 25 35 18 33 46 47 37 31 27 72 30 49 23 11 48 51 36 49 2 20 7 27 46 41 36 11 38 48 30 38 1 38 8 37 48 39 12 5 11 46 38 34 23 48 0 42 64 69 36 17 21 17 5 26 4 56 31 37 37 22 43 46 2 42 72 41 14 15 16 17 47 26 31 2 61
35 54 84 17 51 40 54 15 20 23 52 39 9 16 80 49 46 39 42 50 34 25 42 68 37 50 27 55 19 51 36 45 18 34 48 44 23 43 48 44 38 42 50 40 30 37 15 27 41 13 75 32 29 24 6 4 31 47 46 7 31 9 9 27 40 44 5 17 86 19 29 59 24 2 44 49 14 59 11 20 10 49 46 17 21 43 7 15 12 17 44 20 19 25 6 46 44 5 28 26 28 9 7 40 21 22 24 33 46 43 6 94 45 28 2 1 26 49 44 9 0 47 22 33 44 44 36 3 30 18 27 37 47 17 45 37 14 48 26 41 32 4 5 13 10 62 15 44 49 49
31 63 64 42 79 28 36 38 55 23 53 26 85 49 25 38 38 52 35 39 18 31 21 92 47 45 9 38 8 64 27 24 51 34 11 16 22 30 53 32 65 45 51 23 10 50 52 42 13 44 32 26 47 24 38 5 8 26 17 9 47 50 41 4 13 49 14 15 12 19 26 37 45 46 1 15 47 42 46 42 24 22 40 27 36 6 30 21 15 28 17 6 53 11 38 21 50 23 26 30 5 46 35 30 39 43 45 18 15 19 42 50 45 52 19 16 27 29 39 38 22 0 43 6 9 50 28 18 1 59 39 50 36 28 38 12 25 1 51 11 15 34 82 28 16 28 44 10 10 14
94 46 46 38 19 23 50 37 57 34 43 49 32 17 59 21 50 62 46 44 61 48 45 22 12 63 42 20 26 51 52 21 58 39 58 83 24 37 40 9 21 80 28 50 38 37 36 48 31 10 32 42 45 8 42 13 20 48 13 10 18 42 48 28 18 82 14 48 25 33 50 60 25 45 27 15 38 1 49 26 20 30 24 28 26 31 12 4 30 37 25 65 29 47 32 50 50 74 3 25 46 40 74 3 30 23 61 17 73 28 2 28 22 36 27 22 23 50 14 49 73 15 0 45 32 18 30 2 23 38 15 14 44 21 61 27 32 37 27 36 41 39 17 60 26 6 46 17 6 3
26 15 56 30 16 25 61 61 19 11 52 37 84 31 102 51 36 68 37 27 57 57 34 64 17 56 21 48 63 45 54 54 58 59 26 42 39 93 44 42 42 43 91 41 26 41 30 41 10 47 24 11 31 50 49 41 86 17 56 36 2 11 6 42 5 11 31 47 8 17 50 76 49 17 2 22 21 89 14 34 44 32 45 41 3 22 50 36 88 2 14 29 47 43 44 42 36 33 8 12 30 58 9 40 48 25 29 36 50 6 12 18 36 44 42 24 34 9 33 35 33 50 48 0 48 5 36 39 1 10 17 12 14 1 7 18 53 12 36 42 48 84 10 18 41 47 7 10 20 5
59 39 27 17 39 55 46 54 18 50 22 40 15 40 57 45 65 53 59 52 85 47 26 29 37 26 33 36 57 27 64 57 26 43 67 55 22 23 51 49 87 40 34 20 26 21 12 30 26 37 37 2 2 37 25 46 1 23 5 33 1 49 5 20 1 1 36 75 18 49 47 34 3 68 38 80 34 41 54 26 9 39 18 22 30 29 36 36 5 24 29 54 4 6 7 22 4 47 6 4 8 59 70 32 13 22 37 5 26 15 46 38 9 10 42 36 16 50 38 25 26 4 53 24 0 30 10 43 32 38 3 27 43 35 38 35 16 16 42 19 17 20 16 24 61 15 8 47 35 47
42 55 64 33 48 49 34 35 62 37 52 23 52 37 61 39 29 45 17 63 57 28 14 16 51 66 87 24 15 37 28 42 53 53 39 31 41 50 38 59 29 46 55 17 44 26 23 51 24 47 49 10 27 35 48 19 16 85 25 21 19 25 82 4 41 66 17 6 42 9 1 43 7 40 39 16 79 40 42 34 22 25 34 28 40 6 1 47 8 9 72 26 49 2 19 3 1 22 68 1 64 19 51 46 1 42 39 1 47 50 26 18 40 4 12 36 36 28 40 38 36 2 21 23 40 0 45 26 36 17 83 13 23 9 36 19 10 29 6 22 25 25 42 39 6 3 26 2 87 25
8 16 18 56 30 33 27 75 53 71 19 40 48 43 19 60 15 27 55 48 47 41 26 99 57 31 43 60 33 33 56 75 57 21 37 27 55 90 103 14 28 38 86 22 38 58 26 43 61 54 55 43 34 60 45 35 18 44 5 15 35 27 35 4 20 36 39 37 4 36 25 14 34 32 33 6 20 26 12 49 66 27 2 28 47 42 38 15 33 4 40 8 23 6 23 24 36 23 4 35 49 23 37 12 13 25 34 14 45 5 43 22 39 61 28 14 53 16 21 9 38 37 9 1 4 40 0 4 30 46 14 3 31 5 6 58 3 39 8 24 3 18 18 43 47 38 21 27 7 27
55 80 31 45 37 14 23 38 26 49 48 46 54 40 43 44 31 12 49 27 42 48 61 30 30 7 53 39 16 26 22 57 82 38 20 26 33 10 27 25 23 59 46 26 37 40 49 23 52 30 15 12 11 10 45 46 29 28 8 9 46 39 32 31 56 30 19 21 29 45 51 21 28 39 2 52 40 4 58 49 36 23 31 32 49 32 49 4 47 27 7 14 30 20 11 19 49 19 35 12 9 50 10 34 50 50 40 15 65 49 3 11 10 7 16 50 8 43 29 61 24 23 25 25 38 47 3 0 16 65 41 25 79 25 11 34 33 4 34 26 49 50 48 48 49 28 48 16 28 35
22 27 75 39 40 54 43 20 69 37 59 22 24 39 48 18 59 36 40 67 34 46 22 36 38 20 25 62 33 11 22 50 23 31 30 64 38 42 26 44 17 49 62 47 33 20 54 42 30 55 54 96 11 57 48 21 46 38 31 50 37 27 40 28 26 15 37 37 44 38 75 43 12 49 19 48 30 49 48 74 15 8 3 29 4 34 32 29 13 45 47 43 4 4 35 23 11 8 50 21 22 6 60 18 82 36 49 77 50 21 3 37 30 81 1 11 28 11 5 34 47 32 24 3 22 25 21 42 0 47 37 19 45 11 39 20 42 37 31 13 38 37 50 48 39 27 52 28 14 25
35 39 31 48 22 53 55 47 15 58 34 44 43 26 42 20 24 59 37 28 52 21 59 48 32 14 29 65 32 22 57 24 79 37 15 40 56 40 52 29 45 66 16 55 48 57 19 63 22 18 44 18 20 13 19 14 43 11 13 31 77 14 12 20 41 7 42 25 54 22 12 36 14 27 8 15 34 6 48 29 45 40 30 1 28 42 2 5 24 18 8 40 13 28 10 12 34 11 13 15 12 28 15 9 14 40 7 35 42 20 6 44 2 23 48 22 33 32 7 50 23 43 24 2 56 11 78 30 49 0 38 61 35 29 7 16 4 5 41 22 12 49 16 47 30 3 13 19 18 33
26 36 36 33 53 21 36 23 45 47 15 55 30 51 53 23 44 54 35 46 56 33 63 58 30 48 42 58 46 41 21 83 54 45 22 34 56 24 63 16 13 23 24 82 72 37 25 55 48 25 50 27 53 21 53 16 30 37 43 48 41 48 16 71 8 28 4 4 42 39 12 22 6 31 1 17 27 32 36 43 36 37 31 44 29 12 54 12 49 38 1 39 29 85 42 32 22 8 19 39 2 23 8 50 33 23 17 28 35 37 31 17 29 29 45 34 14 44 11 33 6 66 50 2 14 56 8 1 44 20 0 45 39 6 39 48 32 32 36 9 50 50 45 50 46 4 8 3 28 42
76 47 24 52 53 19 68 48 34 35 30 63 54 42 49 35 58 42 51 42 8 55 47 49 45 53 41 24 50 44 28 46 27 24 18 18 53 30 44 21 70 24 60 69 16 24 52 41 37 15 13 15 21 50 67 16 6 31 24 48 47 45 31 45 32 22 24 38 20 26 2 33 41 48 7 75 18 16 46 28 25 16 35 14 48 44 12 26 7 6 35 29 19 45 19 47 42 33 43 3 32 42 35 5 21 42 23 24 9 16 11 4 34 49 35 46 15 10 10 14 34 28 42 7 21 31 29 21 31 27 33 0 29 34 38 37 29 74 89 44 11 27 89 77 19 35 37 6 35 18
56 76 43 72 45 15 34 56 58 55 39 53 54 64 28 25 34 27 63 44 86 32 58 51 21 84 50 77 70 48 62 54 48 24 55 44 10 30 47 59 33 31 38 15 50 16 54 52 30 29 48 17 44 52 28 25 25 22 3 23 26 11 41 26 10 40 31 35 41 16 12 13 45 24 40 6 11 54 1 67 37 50 22 30 44 21 45 21 32 56 68 14 24 17 5 32 20 35 11 41 20 1 35 19 22 86 17 19 41 2 45 3 38 38 30 24 33 7 40 46 21 21 12 44 30 26 41 38 34 13 29 11 0 25 36 40 41 37 27 44 42 13 19 5 21 37 48 43 37 30
63 78 60 107 45 19 37 35 46 93 39 14 12 56 20 50 45 44 47 42 9 38 37 41 53 59 41 58 58 46 44 60 60 17 15 71 60 31 14 63 40 20 57 18 61 22 13 19 73 15 65 60 94 16 64 51 34 24 16 39 48 7 18 11 10 15 39 41 25 40 32 18 42 25 40 59 14 8 4 24 18 12 46 40 57 48 34 50 36 52 67 37 3 1 38 20 50 12 41 19 25 37 21 39 31 38 11 14 3 10 45 24 56 48 20 11 13 17 8 9 39 14 13 45 22 16 31 46 25 37 5 15 22 0 49 18 39 47 32 15 14 68 18 4 43 44 45 14 92 8
34 15 50 48 55 48 15 34 38 50 26 9 51 17 57 44 38 46 38 48 87 9 40 65 30 24 59 15 47 66 50 33 36 62 26 32 15 51 22 57 29 23 7 43 28 37 19 50 53 19 76 42 33 39 42 14 30 12 44 37 44 33 19 18 49 12 30 27 49 81 7 44 30 37 49 4 35 30 42 18 24 48 29 6 14 38 41 1 10 19 30 2 9 17 20 18 39 38 18 15 30 1 30 24 11 46 31 47 39 35 40 32 1 10 20 47 31 17 28 46 15 10 25 88 42 20 36 2 41 49 8 10 37 68 0 31 2 31 70 31 22 3 17 1 20 28 18 15 32 20
39 14 59 56 51 21 18 47 20 47 76 29 49 37 47 44 21 33 53 42 49 59 58 39 45 32 53 57 64 35 53 39 25 29 20 34 13 29 35 57 15 24 16 20 13 47 33 24 31 53 70 78 49 57 95 45 47 32 47 53 49 49 26 16 16 6 22 50 37 55 24 31 38 81 24 38 48 27 2 28 7 25 13 23 4 6 37 48 39 50 38 30 13 27 30 63 10 18 17 15 8 15 21 15 71 29 35 42 32 10 41 26 5 8 43 13 4 1 22 26 4 6 13 24 37 27 22 44 22 37 17 42 45 26 12 0 25 7 13 38 45 4 35 30 34 49 18 38 11 13
45 42 11 69 36 48 18 60 21 37 39 19 31 38 40 46 45 21 26 57 52 9 28 54 46 26 101 37 35 59 19 50 36 63 91 24 62 56 92 43 18 38 61 63 52 62 58 24 38 59 12 25 19 48 51 32 53 93 92 50 35 2 17 39 31 10 13 26 33 15 28 43 44 63 29 10 16 8 32 27 50 35 32 13 23 7 1 50 3 20 28 38 37 8 8 45 3 15 36 17 42 26 32 4 30 4 30 6 20 49 37 16 34 78 68 14 18 19 50 42 15 46 10 45 21 53 75 36 33 15 57 26 12 36 50 34 0 13 2 5 8 3 24 13 62 27 35 23 13 35
61 29 42 15 31 39 30 55 35 31 27 56 39 58 35 40 82 43 56 47 49 29 31 46 63 39 56 38 15 35 23 33 69 59 32 22 54 45 29 35 30 55 66 38 54 12 25 43 94 61 23 59 11 24 54 87 38 60 55 25 47 31 15 15 45 10 22 4 46 13 28 28 5 39 19 8 34 19 73 42 3 47 4 24 41 39 83 19 1 14 42 18 12 3 15 34 35 12 15 39 32 10 20 47 38 35 32 13 22 30 12 43 31 15 33 13 25 31 44 25 44 65 34 47 22 2 30 10 45 18 32 58 64 50 36 9 3 0 31 23 30 21 17 27 50 27 23 7 67 66
67 44 16 35 38 51 43 39 55 31 32 35 51 26 57 24 28 28 35 18 56 39 52 52 60 29 17 38 40 52 52 33 25 48 16 28 13 65 61 15 27 22 35 72 22 7 32 22 91 34 38 51 24 51 49 18 13 22 19 87 35 20 55 45 1 23 17 4 23 8 1 24 47 13 26 2 41 33 3 37 21 18 34 35 18 49 41 4 43 41 13 11 49 14 26 22 28 23 13 49 49 47 36 26 13 5 41 27 9 46 16 20 25 34 32 10 28 3 90 13 7 83 7 33 11 25 50 28 71 19 2 44 15 35 50 1 76 30 0 48 38 75 8 9 13 10 49 32 34 44
30 58 59 31 54 40 60 20 87 49 53 17 58 78 55 41 56 19 77 23 59 35 39 42 20 48 18 19 49 45 52 15 54 35 42 46 48 43 53 15 63 28 61 36 18 41 62 24 21 20 30 52 24 59 46 95 47 54 56 13 46 41 22 45 45 34 37 2 23 46 20 10 33 40 6 25 9 47 43 3 16 38 37 18 6 43 45 79 39 41 42 49 3 16 46 49 24 32 8 19 50 29 48 11 1 21 6 34 40 39 38 18 15 24 46 43 19 37 47 24 15 33 1 27 22 33 49 31 6 45 36 3 14 24 39 29 30 47 27 0 1 25 15 31 47 16 4 2 50 41
57 31 16 54 33 63 63 26 50 52 59 33 35 54 57 22 42 20 39 27 44 37 24 24 31 36 25 10 47 53 56 8 32 27 30 44 23 28 43 47 50 17 21 81 57 21 63 41 16 64 24 60 57 43 59 45 26 19 45 47 38 50 24 30 59 8 19 78 6 13 33 37 25 43 47 35 1 38 43 78 26 22 49 31 7 47 10 2 6 47 28 38 29 39 17 72 31 28 29 10 29 35 60 49 12 4 14 48 29 36 42 42 49 5 1 21 51 28 6 18 17 61 5 23 8 7 7 50 6 7 16 46 20 60 2 10 8 30 33 7 0 41 29 18 22 8 36 50 44 43
52 49 44 34 47 58 36 36 51 59 27 9 41 25 39 39 20 53 41 63 44 48 20 44 40 38 52 34 60 64 41 33 60 41 47 27 43 14 45 54 17 48 58 47 7 10 30 56 57 66 55 44 33 37 53 79 45 56 25 32 43 52 52 14 70 57 2 35 16 96 36 15 1 36 7 8 37 20 1 67 12 21 42 29 33 9 38 88 29 23 35 76 30 15 4 64 42 32 28 72 6 35 45 34 14 18 39 32 14 37 39 9 22 33 16 39 37 27 44 41 7 69 36 25 36 36 11 50 8 49 11 36 58 21 50 6 12 24 12 38 80 0 10 37 85 65 18 8 28 2
44 44 38 28 40 32 61 67 41 55 48 39 20 47 73 49 55 25 47 57 103 56 48 34 42 33 47 50 20 56 34 59 16 49 53 28 63 40 62 36 12 56 11 51 62 39 52 82 26 22 31 23 10 45 96 42 60 55 46 37 54 58 25 51 13 21 52 19 35 36 32 45 54 15 25 62 5 8 22 7 48 45 20 45 30 3 1 29 44 20 4 45 6 21 16 33 30 33 32 47 96 10 25 73 4 43 46 20 39 16 50 30 34 18 22 17 45 18 34 17 45 33 64 48 30 16 35 48 1 50 20 32 10 36 40 6 3 17 39 7 17 40 0 36 14 35 5 37 2 21
85 50 47 19 60 57 89 20 42 63 27 31 52 48 26 30 46 33 34 36 23 52 10 27 30 43 22 49 27 33 77 56 57 22 101 38 47 58 70 63 65 35 61 36 62 28 52 56 22 55 89 69 14 24 43 19 31 25 45 19 77 47 56 62 39 33 32 35 45 28 32 50 17 24 25 78 5 11 23 40 37 36 13 30 16 21 12 7 17 22 44 69 13 50 47 26 39 6 5 31 3 30 29 43 47 32 15 26 20 39 24 13 46 38 2 11 36 46 2 42 38 33 69 48 32 26 9 71 30 10 44 61 24 50 26 31 29 37 60 46 26 13 63 0 43 32 12 38 22 11
38 14 42 27 49 58 13 44 44 47 62 48 47 52 41 51 32 17 66 40 54 50 19 41 44 33 58 24 26 18 47 56 103 42 27 13 47 42 43 37 20 50 59 56 32 14 50 62 53 49 34 13 21 57 53 67 34 55 19 56 26 74 30 16 57 45 19 48 27 71 46 21 50 16 17 33 18 41 1 32 52 50 9 37 8 79 17 60 14 37 40 43 13 42 27 49 37 18 8 45 74 68 42 49 13 22 9 24 79 23 5 15 56 36 67 41 25 16 28 31 53 47 43 41 2 22 17 64 45 37 32 49 13 28 47 41 84 11 5 47 11 14 26 46 0 40 18 24 33 35
48 50 54 33 47 39 34 43 37 26 57 54 14 32 53 24 28 33 51 102 98 32 58 24 46 53 50 47 46 48 36 58 37 63 31 46 35 66 37 65 30 20 16 55 12 42 40 39 25 51 65 48 92 47 37 31 10 26 15 38 22 13 32 53 51 62 85 64 14 41 30 33 83 49 42 18 3 64 24 32 26 43 14 50 10 37 6 50 30 48 11 2 82 20 42 7 28 46 8 45 36 20 18 5 48 71 50 46 11 55 19 33 19 18 24 63 23 32 37 9 42 6 59 3 42 50 24 23 35 4 11 16 10 29 30 7 12 41 18 18 27 2 31 40 40 0 42 3 15 14
14 38 24 58 22 33 16 16 46 60 80 22 66 58 35 8 32 73 14 36 40 13 25 78 37 36 68 30 40 24 35 49 36 25 32 31 67 51 26 53 47 46 11 21 31 104 57 19 48 15 46 52 28 62 47 92 27 57 92 59 13 54 64 24 50 36 45 27 17 33 43 15 14 23 28 37 39 34 14 35 12 12 12 50 45 18 8 43 20 5 18 45 6 45 12 49 23 12 70 14 28 14 27 6 18 31 19 48 5 46 1 24 5 25 6 27 15 27 7 49 91 38 25 6 35 28 45 40 11 50 14 22 49 4 37 22 35 6 14 46 61 11 1 27 32 2 0 3 21 9
33 15 45 14 53 23 38 21 50 19 24 65 43 20 23 72 46 41 56 25 61 17 34 34 30 43 66 43 26 34 11 83 52 81 49 33 56 30 57 51 45 18 34 51 16 49 31 58 33 42 47 23 10 68 65 21 25 10 22 55 25 36 40 36 23 35 53 12 40 22 74 48 17 48 36 19 9 33 5 42 12 44 20 20 2 30 10 42 5 80 49 15 23 50 7 48 36 9 19 9 13 36 24 33 46 39 48 18 18 15 47 22 14 32 2 4 47 57 44 46 25 35 9 32 46 72 17 41 89 27 29 5 13 34 15 50 26 19 31 40 73 15 37 18 1 18 40 0 89 49
26 45 15 55 55 45 12 65 80 85 21 65 36 53 59 36 38 25 27 42 83 94 38 38 32 70 18 33 9 45 18 30 33 21 24 21 40 21 40 59 34 48 15 16 16 25 65 21 38 36 47 18 35 37 41 41 19 85 13 52 68 40 42 42 12 74 38 25 45 75 30 12 81 47 18 14 19 10 33 12 12 3 30 50 33 31 8 15 17 48 3 36 21 36 12 19 26 30 11 43 42 33 25 42 43 9 36 14 7 25 1 76 23 20 57 42 34 31 41 32 28 6 10 18 38 6 69 8 5 29 25 59 78 39 38 29 26 1 14 4 4 6 20 55 30 44 28 10 0 3
62 45 65 45 54 35 12 28 52 45 46 52 13 57 23 28 23 28 81 30 63 54 18 31 56 104 35 46 35 25 51 46 38 42 55 60 52 46 56 35 19 50 78 53 57 47 61 61 60 42 20 27 69 29 29 56 26 51 65 31 42 40 21 29 33 44 51 60 16 40 30 49 32 35 19 32 36 49 14 29 4 17 6 30 16 46 46 42 45 24 51 16 22 22 12 11 38 24 22 11 42 10 12 81 15 2 5 26 22 47 41 41 36 31 12 41 12 17 20 24 16 15 43 42 2 49 3 9 12 77 46 13 43 25 25 28 56 26 48 19 40 3 13 50 11 9 4 29 44 0
