150
31 33 80 71 39 6827
97 63 25 76 71 5779
20 47 63 101 48 5466
69 96 74 51 45 6317
98 142 98 91 97 5256
77 66 67 71 91 466
49 59 76 61 91 6863
53 111 72 122 63 6595
57 27 55 56 97 6905
85 101 60 63 88 6648
80 56 117 111 82 8760
52 32 86 77 31 7757
59 56 70 52 52 6431
75 49 55 66 55 383
75 84 102 70 46 7447
99 97 124 76 88 8760
50 104 64 57 99 6256
79 21 111 69 37 6748
103 105 109 52 93 8760
63 99 41 61 113 7509
74 120 58 47 99 538
103 116 39 96 98 8760
39 82 65 91 71 7026
105 72 71 82 44 7270
75 25 37 62 87 5256
41 37 72 68 48 6812
106 23 85 67 87 5574
37 52 55 99 62 7638
55 54 131 71 125 7210
84 69 70 88 84 7631
101 44 35 95 48 6231
77 52 100 14 69 365
103 121 60 97 64 542
100 73 87 46 46 5396
53 30 81 100 61 7199
52 35 111 105 100 5532
108 94 62 83 31 5931
40 64 93 73 88 7949
106 24 66 59 130 8760
82 96 86 101 94 7495
123 51 76 63 57 485
80 108 79 136 52 8014
75 92 74 36 55 5831
45 69 89 48 62 436
32 66 49 60 94 364
59 90 109 101 99 8760
89 80 51 64 6 5634
77 83 42 50 90 5706
81 52 88 123 90 579
105 76 90 126 66 8760
111 101 123 10 118 7705
113 82 90 114 59 580
87 69 51 41 62 8392
57 104 94 84 99 525
72 49 72 66 21 8027
71 66 117 97 71 5795
109 124 76 96 56 7905
68 39 77 57 21 7364
65 125 123 52 45 8760
63 83 96 56 20 414
61 72 64 53 72 6486
80 35 38 39 52 8631
67 95 95 65 125 8230
100 80 101 52 88 572
66 106 118 100 114 6438
41 92 108 70 103 7293
67 52 49 48 53 7228
48 46 62 62 50 5256
104 49 50 110 105 8754
150 94 87 14 77 6548
89 51 70 62 64 6427
55 72 85 81 92 5890
28 41 55 93 76 7596
67 80 36 109 89 5309
109 93 102 78 37 511
52 43 84 58 87 386
50 61 126 97 87 6199
115 60 66 78 89 8459
82 101 117 53 89 580
80 60 86 97 29 7443
112 65 66 61 75 6430
73 76 95 132 82 8314
50 39 119 60 110 6530
62 59 79 70 62 6991
59 56 60 74 80 5367
76 50 70 53 61 7526
48 38 67 51 49 344
49 59 79 65 41 338
40 38 116 69 43 8165
71 118 87 76 82 5256
69 89 101 52 50 5997
85 39 83 66 143 557
63 65 63 80 88 7095
93 78 81 32 100 7728
69 49 76 83 40 7125
69 52 56 86 75 434
59 94 71 72 123 6737
101 60 100 85 111 503
35 57 89 51 87 8691
36 77 84 63 106 7719
120 62 58 68 23 5881
89 50 45 85 98 8161
113 79 85 48 54 428
57 116 83 45 114 5788
93 76 76 61 54 7948
65 115 61 97 71 8140
129 77 105 44 116 601
60 62 66 52 113 7047
63 89 59 72 69 8129
63 74 56 62 78 5970
63 58 85 85 81 7098
45 122 91 67 131 6328
137 103 149 132 54 6243
44 86 81 53 107 8036
68 64 66 65 29 7580
78 109 127 82 57 6748
93 44 94 88 128 614
103 55 100 124 94 8760
83 54 97 62 76 6987
37 75 64 20 60 7934
78 74 60 91 57 8380
92 63 84 62 57 400
62 95 88 99 74 8760
52 91 72 56 90 469
106 25 64 81 88 8180
45 96 74 68 102 8134
79 100 83 116 75 8024
78 68 66 79 31 5256
41 84 42 59 79 7887
39 58 48 112 22 355
72 29 57 71 62 6777
71 60 78 13 91 5461
103 84 55 69 103 503
76 47 92 72 110 8760
47 49 84 43 76 351
59 105 46 48 77 7734
111 55 76 93 35 8718
118 80 99 44 70 6938
53 52 65 42 71 6155
8 88 80 115 150 489
56 100 90 96 65 8682
87 147 65 82 55 7178
62 64 51 83 27 5256
60 65 108 46 35 7637
60 33 81 48 71 5854
72 141 99 79 53 8741
77 20 69 117 74 6450
35 72 54 37 75 5384
20 40 75 44 86 6278
51 70 76 78 105 8212
0 30 28 39 23 23 28 24 24 28 56 29 28 30 18 17 32 37 18 52 26 21 23 27 28 32 28 44 30 23 31 24 20 28 22 29 43 20 35 38 26 25 22 28 22 30 16 32 38 26 34 20 36 26 19 29 25 26 30 50 55 38 17 16 23 35 46 24 22 52 17 21 33 21 28 28 43 26 41 23 35 34 19 22 26 52 22 24 51 46 27 29 38 20 23 22 24 25 54 29 18 20 57 26 14 22 24 26 32 19 25 42 53 40 21 25 32 26 20 20 29 37 21 21 34 28 22 24 25 45 26 21 24 18 30 26 44 22 25 28 25 23 26 27 24 36 41 24 16 19
26 0 38 24 26 23 23 21 37 22 54 25 32 23 26 24 23 20 25 18 17 31 31 24 23 24 28 28 27 25 25 27 19 25 20 16 27 19 25 29 20 18 23 26 26 23 39 36 28 24 26 17 27 55 39 29 30 28 18 36 23 34 56 56 28 42 26 23 23 50 23 26 29 19 22 18 20 29 23 53 24 18 23 28 45 19 29 26 20 24 29 48 26 31 17 28 30 28 26 28 25 25 29 35 25 22 30 26 46 15 39 53 26 25 34 20 24 29 22 20 24 13 35 51 20 34 22 32 38 11 21 17 23 22 37 43 18 34 31 24 42 53 23 55 29 41 38 30 23 27
26 31 0 18 47 21 32 22 22 14 18 14 28 23 29 47 39 25 36 22 36 23 27 21 20 41 53 20 32 19 22 37 25 36 28 23 14 32 23 24 28 31 35 29 16 23 30 41 58 33 26 22 27 21 28 29 22 37 20 13 22 36 28 27 28 36 13 23 40 34 16 22 20 25 55 30 25 33 34 15 31 32 29 28 20 20 23 31 29 22 25 32 35 21 25 40 20 18 21 37 17 25 21 22 29 57 19 18 27 21 23 29 34 22 22 24 21 20 28 39 31 24 18 15 20 22 30 21 30 26 19 21 20 22 28 20 34 27 36 37 30 26 19 27 20 26 20 16 23 36
24 15 17 0 20 26 20 21 23 28 28 24 23 42 24 28 20 59 24 31 28 57 37 28 21 36 27 33 37 31 35 21 29 37 20 23 18 44 41 34 31 41 25 28 27 29 23 18 17 32 21 45 22 25 25 28 21 29 30 34 17 24 29 25 19 40 20 21 19 20 27 21 30 25 24 25 28 27 29 27 33 27 18 26 29 23 34 23 59 26 22 25 22 14 29 20 17 28 41 32 25 21 26 27 46 27 22 18 20 13 26 23 23 37 26 20 20 23 22 18 23 17 27 28 38 24 29 27 28 59 36 29 20 22 33 20 21 28 31 42 27 25 24 42 29 20 25 26 23 21
35 24 14 30 0 32 25 21 23 17 19 25 21 30 31 21 27 22 23 22 33 27 25 28 15 26 22 16 24 21 28 22 23 28 27 28 23 27 35 16 20 41 40 23 25 29 40 30 21 42 24 37 21 16 29 54 26 58 35 15 21 24 32 18 27 41 17 27 34 27 31 27 19 14 47 32 30 28 42 24 22 34 27 23 18 22 32 47 27 30 24 29 19 27 23 18 31 34 23 29 11 34 21 20 42 20 44 18 20 36 15 38 16 38 21 20 27 42 33 37 26 36 47 24 32 48 25 21 16 21 33 23 22 29 28 37 55 27 35 37 40 26 28 19 25 27 26 20 16 39
31 27 26 32 27 0 22 28 23 24 27 51 27 23 21 27 19 20 31 15 24 23 32 16 29 54 22 28 36 24 28 27 21 21 21 29 21 47 16 20 20 38 22 37 38 33 18 25 23 24 35 47 36 19 32 22 22 25 30 23 44 20 24 53 26 20 32 25 27 34 22 19 29 39 53 24 28 28 24 42 27 27 48 24 21 33 28 15 28 20 26 19 24 25 21 22 22 26 26 25 26 22 24 30 23 36 23 38 17 24 27 32 28 27 39 35 28 38 20 15 50 21 23 22 22 24 14 37 57 51 32 38 24 17 24 27 31 26 27 36 35 32 24 20 39 25 41 29 24 36
25 28 23 17 22 29 0 27 25 25 18 22 23 28 17 25 20 20 28 43 27 25 21 56 31 36 38 23 27 18 36 35 26 26 24 24 37 24 21 37 33 24 19 26 30 20 24 16 20 59 32 25 47 23 26 23 27 44 27 29 18 29 26 37 24 18 32 55 38 33 20 36 22 27 22 22 43 17 18 35 24 22 41 22 21 31 30 17 25 26 24 26 28 33 25 19 35 23 26 45 17 25 50 23 27 23 30 19 49 27 22 23 30 29 17 25 27 21 26 14 27 36 25 26 29 28 33 28 18 33 50 26 28 37 22 15 22 26 30 19 58 16 30 22 34 41 52 27 18 22
24 23 24 22 36 28 25 0 27 26 21 29 20 21 16 20 42 28 19 29 25 26 28 37 40 21 28 54 25 21 29 21 27 23 52 21 34 27 31 29 27 29 41 25 36 24 21 33 12 37 54 26 21 30 25 52 15 20 45 23 28 35 25 24 27 21 32 36 20 13 23 27 20 22 29 18 31 30 30 22 37 25 22 23 24 57 39 18 27 28 23 32 26 22 22 49 19 41 39 28 18 37 26 34 39 41 29 45 23 40 27 15 20 25 24 28 32 47 17 23 24 24 29 27 25 20 37 25 21 32 21 26 27 23 28 16 29 40 21 31 26 24 28 15 20 21 18 25 27 20
38 19 28 24 29 27 19 27 0 22 34 28 18 36 42 36 17 32 21 32 26 23 26 38 56 32 20 28 27 25 24 32 35 29 35 23 31 20 18 25 24 39 32 24 14 24 49 26 25 27 21 24 26 27 21 20 21 38 34 23 22 22 57 24 21 18 36 22 19 21 44 17 16 36 24 50 26 19 28 29 26 30 28 24 25 31 24 24 29 29 27 24 41 43 29 22 24 23 32 28 27 29 56 24 19 33 19 32 22 20 25 45 25 25 25 17 42 25 53 34 26 34 16 26 37 32 28 30 24 20 30 19 30 19 26 25 34 29 18 20 28 23 22 20 19 41 18 27 25 20
38 24 25 28 25 59 18 28 28 0 24 24 20 35 21 30 30 22 27 25 22 31 25 48 39 20 58 22 22 9 19 19 20 30 21 24 26 17 23 24 27 28 23 22 28 25 22 55 56 30 22 53 29 24 22 17 18 23 23 18 28 29 29 17 33 22 31 28 21 28 59 30 31 29 25 27 29 41 31 28 27 31 19 19 28 41 22 26 35 24 24 58 29 22 20 30 25 28 24 29 29 26 24 28 29 24 26 20 20 34 28 58 40 23 34 25 18 29 27 20 30 18 24 21 25 21 29 26 19 53 39 36 23 19 22 15 26 20 31 27 14 21 28 31 19 29 22 19 30 25
14 20 26 30 23 52 21 20 21 26 0 23 26 20 23 20 25 22 25 18 28 21 20 29 35 23 22 29 22 41 29 14 40 35 20 16 28 31 20 23 22 19 24 22 23 38 24 36 25 41 18 25 23 40 17 30 14 31 17 29 50 27 23 20 31 35 21 25 28 17 24 55 21 24 39 29 25 35 27 33 47 29 23 22 25 23 50 37 27 15 33 26 20 26 25 38 25 23 17 23 25 19 16 29 26 23 22 48 17 38 26 28 17 21 23 16 28 21 27 15 28 28 20 36 24 23 59 57 16 21 45 23 42 35 38 25 29 40 26 18 40 29 18 27 30 30 20 22 20 27
29 31 15 53 21 36 44 15 16 21 17 0 19 32 26 42 26 24 35 28 36 20 21 33 54 25 24 33 30 19 23 26 35 29 24 19 22 27 27 24 29 31 37 28 21 20 30 22 26 30 22 22 20 23 27 21 30 26 30 20 24 52 18 27 37 32 13 39 32 24 17 19 25 26 21 35 20 16 20 58 20 22 19 29 22 27 29 29 24 27 30 24 44 27 49 24 18 24 23 20 17 23 26 22 32 33 23 21 34 21 59 50 21 34 28 22 24 23 23 45 16 26 22 19 26 27 30 20 26 21 25 29 24 20 20 52 21 19 42 33 25 24 30 59 16 20 34 19 22 27
24 23 27 28 38 26 39 28 23 26 23 23 0 20 20 34 15 36 27 27 27 24 35 34 15 26 50 29 21 20 27 25 22 27 29 17 18 34 52 29 22 47 21 23 28 17 26 20 28 37 14 50 28 20 30 22 22 59 56 27 43 31 45 19 48 23 26 29 51 27 26 36 29 20 23 52 21 17 29 25 24 25 33 26 29 40 30 27 35 17 41 20 38 23 33 28 28 29 16 21 26 28 38 18 23 27 18 28 29 29 17 51 31 26 20 23 26 32 41 34 21 38 32 24 24 19 32 28 25 27 19 26 27 33 24 26 25 43 29 30 23 20 16 58 25 17 22 26 47 42
22 25 53 43 21 25 23 26 20 29 24 29 29 0 25 25 19 26 43 27 24 25 20 31 22 19 16 28 26 27 35 22 21 27 18 37 39 53 17 29 21 26 25 26 13 20 27 28 32 35 49 36 36 31 40 32 23 23 25 31 26 36 38 32 26 33 19 41 28 21 17 22 40 47 17 21 12 32 39 35 55 32 14 33 28 28 24 28 34 52 20 27 30 30 31 26 17 36 35 25 32 26 29 24 37 22 21 30 26 32 20 25 20 26 29 35 39 33 22 21 29 36 28 27 33 20 52 53 29 16 43 19 26 37 24 28 29 23 22 22 32 28 32 20 13 21 21 25 38 34
28 23 26 31 14 38 22 38 20 46 33 24 28 28 0 35 20 19 16 26 25 21 21 26 28 33 22 44 16 37 19 27 50 34 31 37 17 25 28 30 28 38 26 26 21 21 25 21 28 15 26 29 20 19 39 30 27 21 48 54 31 45 24 27 28 28 37 21 29 32 16 28 31 23 25 28 20 27 30 27 16 29 22 33 26 32 27 22 42 36 24 24 21 29 20 18 33 20 21 24 23 24 23 27 27 15 26 37 20 28 38 18 29 29 22 33 28 56 13 27 16 38 40 33 31 15 24 22 20 30 22 21 29 18 27 26 21 32 29 25 49 20 26 20 47 31 19 46 23 21
46 21 47 25 23 28 20 20 20 19 22 20 24 22 26 0 26 26 32 20 26 34 24 18 25 48 34 41 23 22 27 20 23 27 28 31 26 25 36 26 31 28 33 37 31 22 36 31 28 45 33 39 29 18 21 40 17 29 27 29 21 21 20 26 36 27 36 19 22 26 19 24 59 24 24 53 22 26 34 21 22 58 53 25 17 19 36 24 31 26 22 18 18 22 15 28 23 28 22 23 20 28 38 45 23 22 22 47 21 18 37 21 13 54 26 26 23 15 35 21 19 31 21 19 35 25 27 27 26 18 26 48 18 27 22 18 39 24 23 50 17 34 54 29 34 19 28 26 27 25
21 24 27 15 28 13 31 28 36 17 41 25 24 24 32 26 0 20 32 19 23 29 18 24 25 55 22 28 15 27 21 23 16 28 25 32 20 30 14 23 24 27 19 23 22 53 31 26 27 23 25 24 24 21 23 21 35 26 29 22 25 22 28 21 54 27 24 22 15 29 18 26 32 25 21 22 20 59 22 17 29 27 44 46 37 22 25 36 24 25 25 24 23 35 37 20 25 28 16 30 29 27 59 46 59 26 48 18 25 22 30 27 20 25 24 20 22 53 52 17 27 25 21 26 38 28 18 56 40 22 27 25 25 43 31 27 20 27 27 28 22 34 26 27 23 22 28 52 23 27
33 59 19 20 20 31 22 19 27 26 22 45 47 39 28 25 35 0 21 36 22 20 25 27 26 31 20 29 37 26 18 26 23 29 27 19 37 25 58 27 38 35 26 21 58 28 29 16 22 38 27 25 23 57 18 29 32 41 29 28 18 22 31 31 23 19 28 22 28 26 20 38 28 25 16 27 56 27 55 24 20 25 29 23 26 20 55 35 17 24 20 31 29 50 18 22 33 26 37 25 25 28 32 28 39 23 23 19 18 20 27 15 27 32 28 23 18 23 37 59 28 29 30 54 27 56 25 16 38 22 29 16 30 21 25 27 28 25 53 20 25 23 23 15 21 21 25 22 20 26
23 26 21 29 28 20 29 29 20 25 19 26 32 59 29 20 25 40 0 21 31 29 22 31 20 31 9 30 29 20 29 38 21 24 28 33 29 29 24 15 54 37 30 24 53 43 35 15 35 13 12 28 31 31 24 50 28 30 23 31 36 15 29 26 29 28 21 26 23 24 24 24 27 23 17 24 26 20 27 21 50 29 20 28 22 20 24 23 33 36 24 22 27 22 22 22 27 30 33 27 25 34 31 20 22 33 24 36 28 25 37 58 33 26 36 34 31 33 25 38 13 38 17 39 20 22 20 22 24 28 16 25 29 27 28 35 26 27 21 16 28 29 32 21 27 36 26 36 24 20
21 22 32 20 21 18 38 37 22 29 30 21 23 28 27 22 13 25 15 0 23 27 27 21 30 18 27 27 24 24 21 20 24 18 18 32 20 29 23 27 29 27 48 19 26 28 53 22 20 21 19 23 26 30 36 34 26 31 20 22 28 27 26 36 24 24 25 26 26 27 20 22 27 27 39 18 23 21 26 57 27 37 34 59 23 20 44 20 25 23 25 36 21 29 21 28 23 21 32 31 32 21 55 18 20 30 30 22 22 21 22 27 32 18 34 24 31 27 15 30 31 27 20 28 26 24 21 31 29 36 34 39 59 21 37 17 18 28 20 23 15 37 26 24 29 19 34 18 28 19
33 22 33 25 59 22 40 30 18 17 22 44 22 26 20 28 37 26 19 38 0 26 28 40 27 26 24 19 26 14 26 21 33 19 34 20 25 22 27 26 17 31 24 24 24 30 31 23 20 40 23 19 22 35 17 19 23 22 18 16 27 36 29 27 17 40 30 29 15 26 23 35 18 48 20 20 37 24 20 39 36 51 22 27 22 17 22 19 32 27 22 18 24 35 36 37 24 53 22 23 38 30 27 36 18 51 17 58 35 20 35 28 46 38 26 36 23 21 40 39 34 26 31 29 22 26 40 24 20 32 29 31 32 22 35 22 20 34 21 25 18 28 27 27 25 24 29 29 25 29
29 28 18 28 24 18 36 22 24 29 12 22 20 21 24 30 24 29 28 38 29 0 39 16 20 32 35 31 14 31 25 24 17 26 40 16 30 35 18 28 20 35 35 31 23 27 23 28 47 44 20 21 27 21 27 58 13 21 34 28 27 32 23 42 29 29 38 33 20 25 35 21 23 20 16 32 28 21 24 26 21 41 14 18 20 20 56 29 22 28 29 36 52 25 20 39 22 33 25 26 25 22 23 40 23 23 29 24 23 26 18 29 27 25 21 10 28 24 44 30 22 29 26 29 29 22 38 32 31 24 28 24 28 51 22 20 24 23 30 25 21 25 36 26 21 34 27 20 31 18
25 18 21 37 26 21 17 25 34 21 21 27 36 20 52 26 20 39 23 34 15 29 0 36 23 33 26 28 20 26 28 39 37 22 23 16 17 18 29 34 40 24 25 58 30 31 29 23 43 34 42 31 23 25 25 26 30 26 29 26 24 20 34 19 24 29 20 19 16 21 23 24 20 36 29 33 37 20 27 21 25 27 22 21 21 42 21 52 49 27 24 27 18 26 20 39 28 19 26 26 17 26 55 31 28 28 25 58 29 44 26 15 57 23 28 29 23 31 25 33 33 22 20 53 28 35 23 27 24 18 26 38 21 23 29 39 21 29 15 37 20 46 21 27 20 21 21 27 24 25
26 30 16 21 25 13 37 23 36 18 18 31 15 17 20 52 14 28 40 19 21 28 28 0 23 27 27 23 29 27 40 32 20 17 41 18 25 21 22 40 34 32 23 23 20 32 32 29 34 38 25 21 23 27 52 22 28 25 34 20 28 28 33 25 36 39 29 32 22 25 32 51 43 49 14 24 45 20 37 29 27 40 41 34 53 42 21 24 24 22 26 25 31 32 27 27 21 20 34 36 24 19 41 21 19 20 35 32 29 55 49 18 28 20 41 28 31 20 21 21 29 22 21 26 33 23 17 28 18 43 29 29 27 23 30 29 28 20 15 32 30 25 29 31 41 32 34 25 50 29
29 36 30 35 27 25 27 43 48 27 22 20 18 23 37 26 40 18 15 27 27 29 29 21 0 26 32 24 25 35 24 55 23 28 17 18 29 27 51 36 20 23 26 21 20 22 35 31 37 27 35 27 21 24 27 49 20 20 16 31 28 14 26 29 31 32 24 25 35 23 17 39 22 30 21 35 27 23 28 20 26 22 20 18 24 22 56 34 28 18 16 21 59 26 23 27 50 31 36 23 16 18 48 21 29 26 22 24 20 29 27 27 25 36 29 23 26 25 37 26 14 26 48 38 15 14 37 25 15 24 32 25 24 30 27 28 26 25 13 25 26 23 17 52 26 33 22 28 25 29
31 29 27 24 18 23 22 36 39 30 23 17 22 22 35 21 23 47 19 19 28 20 51 27 37 0 18 27 29 26 22 27 25 38 29 35 29 27 17 18 19 27 20 20 40 28 22 33 59 26 21 18 29 51 31 20 38 26 23 28 35 28 14 24 29 20 21 21 34 20 29 18 24 44 20 24 27 22 23 42 21 22 20 27 27 29 31 17 37 27 24 25 23 20 22 42 20 29 18 11 24 16 24 28 34 25 38 33 26 25 12 29 21 31 20 28 28 24 23 37 41 28 41 36 49 27 27 43 36 20 36 47 32 34 32 31 26 15 42 29 26 18 55 27 18 25 21 48 25 40
37 22 23 23 37 26 27 25 17 20 24 20 42 26 36 20 20 17 18 26 27 28 23 24 24 43 0 38 22 28 15 20 34 25 41 25 54 40 29 14 25 19 29 59 20 19 23 24 26 14 21 14 49 21 17 25 30 16 28 16 15 32 20 19 20 25 22 27 35 19 25 31 21 38 35 22 27 39 27 40 38 24 31 39 33 34 28 34 28 27 19 29 27 53 17 27 24 18 29 15 21 24 38 42 27 22 28 44 34 36 40 42 19 34 20 28 41 30 26 33 17 21 22 26 22 40 33 19 21 17 18 24 20 25 23 35 20 34 29 27 18 26 27 29 25 22 46 20 45 26
38 24 28 29 36 30 35 25 27 29 26 22 26 29 14 25 26 23 37 43 55 17 26 16 26 24 26 0 28 22 21 24 56 31 28 21 27 49 24 29 25 54 21 29 51 28 43 22 28 21 30 24 52 34 25 19 33 46 26 32 22 27 35 18 29 28 24 36 20 25 17 26 19 10 25 58 22 34 28 27 36 26 35 17 19 28 24 20 36 24 48 21 58 18 58 26 25 31 35 29 19 33 41 29 18 33 20 23 52 29 33 22 28 57 27 27 22 49 17 46 21 20 18 16 14 40 19 43 15 23 48 17 17 23 22 35 28 25 47 27 20 15 28 25 28 24 32 34 27 17
15 20 27 20 32 24 25 22 26 25 19 23 32 23 29 35 23 25 34 25 29 42 22 28 28 19 19 42 0 15 36 23 15 23 28 36 46 27 21 29 33 21 21 21 19 28 31 27 36 18 21 35 54 21 16 59 50 58 28 23 27 49 17 24 29 22 23 52 24 29 23 25 25 24 34 24 34 47 22 41 23 15 29 28 29 38 29 44 25 35 23 24 27 21 29 23 24 30 35 23 20 23 23 24 27 29 21 24 19 20 39 32 35 17 24 22 32 21 25 54 18 15 18 17 39 23 21 32 25 14 39 28 24 33 29 23 31 28 33 20 21 29 29 25 21 31 26 22 17 37
29 29 27 25 46 26 25 23 28 20 24 29 40 25 30 29 56 14 21 36 18 32 16 31 24 54 29 26 24 0 23 25 25 26 32 23 30 37 52 22 31 27 33 23 34 27 26 22 30 24 28 21 50 21 28 54 23 22 24 31 16 27 43 34 23 33 55 20 23 27 17 29 20 36 25 26 21 25 27 25 20 26 27 51 32 28 49 27 23 28 23 50 15 27 22 23 26 21 22 26 28 23 20 34 28 24 49 29 22 27 24 29 31 55 41 28 24 31 29 23 17 28 15 26 59 22 28 16 18 22 27 22 16 15 20 29 33 17 19 24 18 21 24 20 29 16 25 24 39 49
50 17 29 21 27 28 21 24 25 24 24 28 29 22 21 25 28 25 24 23 17 16 27 39 23 25 20 40 27 23 0 24 23 30 27 32 22 34 21 36 29 30 28 35 29 42 35 24 34 32 32 40 29 22 43 19 35 45 15 23 12 27 21 30 21 28 31 36 25 50 27 38 21 29 28 13 22 22 54 24 27 29 24 23 15 31 58 16 47 22 38 22 25 28 32 27 27 20 23 20 27 24 17 31 27 25 29 18 28 22 19 20 28 40 31 27 28 28 55 28 27 26 30 26 21 32 21 21 25 33 24 23 23 25 41 24 27 30 21 27 21 39 25 21 23 54 30 53 23 33
24 20 33 25 26 35 34 26 29 26 32 29 31 29 27 38 22 27 26 27 18 36 27 24 18 21 47 25 21 26 22 0 19 29 20 35 20 26 35 27 22 24 29 38 21 27 48 25 17 22 43 26 18 16 22 29 26 27 29 18 18 20 15 28 24 31 21 30 23 38 21 27 27 28 23 28 41 29 58 38 36 22 34 25 32 13 27 22 14 16 55 18 29 24 51 42 50 23 22 32 28 42 26 25 27 24 26 42 57 39 30 41 57 20 22 20 20 29 18 26 41 21 32 30 25 33 22 37 24 19 42 11 22 31 21 30 19 23 22 25 25 22 26 33 28 31 32 35 28 48
21 21 32 21 23 22 24 23 28 19 36 22 33 17 29 22 30 26 29 23 30 24 36 19 33 29 23 58 51 43 29 28 0 29 27 20 28 21 15 27 29 18 22 19 23 29 18 20 24 56 24 35 20 18 56 20 13 32 26 39 55 31 12 37 26 22 18 28 48 31 34 27 24 36 26 23 21 27 57 26 20 23 29 20 30 28 26 46 33 17 29 19 25 20 20 18 21 33 25 23 21 34 24 19 30 22 48 27 27 41 36 24 30 25 46 17 19 23 28 42 19 15 16 23 20 36 27 27 26 27 31 30 23 32 27 24 24 20 28 27 27 22 55 28 23 34 54 31 22 20
25 23 25 55 27 21 30 24 29 23 19 30 50 28 58 36 29 27 27 32 34 30 27 20 27 38 35 29 41 39 22 20 17 0 31 29 18 17 22 26 20 24 38 29 24 56 20 18 41 30 20 22 23 41 20 19 29 37 18 24 24 28 20 49 36 21 25 32 18 26 18 21 21 23 22 44 29 38 31 32 27 29 38 28 19 21 28 37 29 30 23 48 17 17 26 41 30 24 22 36 59 19 28 22 23 35 34 41 23 32 25 27 21 42 27 32 26 22 23 37 28 31 18 29 28 31 23 24 32 21 46 25 31 28 37 27 39 55 24 27 19 25 54 27 31 40 19 19 24 28
27 20 22 13 29 30 48 28 45 30 21 37 27 28 19 24 22 40 25 34 23 16 25 29 23 26 20 28 48 39 25 15 22 20 0 14 17 23 30 20 28 27 26 27 20 29 22 19 38 21 52 18 33 23 33 27 25 27 16 29 27 27 34 26 26 26 16 28 21 21 28 21 19 27 26 26 30 22 23 32 29 32 22 27 20 31 27 26 22 29 37 27 34 26 28 16 22 23 51 25 17 26 30 25 51 29 32 19 28 20 24 18 39 32 18 30 23 31 42 20 23 17 39 27 28 32 25 20 31 18 27 32 40 28 36 22 37 36 56 30 22 27 17 20 29 32 59 33 31 27
24 33 27 31 25 48 32 33 22 15 29 21 17 36 22 30 32 14 36 22 19 28 20 39 20 29 25 26 28 23 29 22 26 19 25 0 26 29 21 27 26 26 22 22 18 26 29 18 42 33 33 25 29 30 27 19 29 14 19 23 43 25 30 34 31 56 28 16 22 22 24 35 16 23 42 46 20 17 23 23 28 29 21 30 21 35 19 29 19 42 15 57 24 22 19 27 24 36 31 39 24 40 21 48 27 24 20 42 16 26 20 23 27 37 24 33 36 23 24 24 21 25 22 26 28 31 24 37 38 38 20 38 29 25 38 24 20 21 31 29 33 26 31 14 32 25 33 41 19 29
19 23 18 18 28 25 23 18 29 29 24 21 20 24 23 26 25 33 58 27 27 22 34 17 18 29 28 28 25 19 14 23 24 33 24 29 0 26 54 26 20 42 16 20 24 17 20 40 29 25 27 27 40 26 45 20 34 29 18 21 21 28 23 22 24 38 24 29 39 35 25 24 23 22 31 28 23 25 23 27 16 29 15 40 17 21 37 50 45 19 36 25 17 17 25 25 21 24 25 20 57 18 45 25 20 39 25 33 27 18 27 31 24 58 20 51 19 53 16 37 30 27 53 24 21 31 25 41 27 28 29 21 21 34 24 30 23 27 20 26 45 42 35 27 20 19 26 17 52 20
27 25 44 26 29 18 39 36 30 29 21 22 21 25 26 56 30 27 37 32 15 20 51 41 32 46 27 33 20 23 23 48 24 57 22 43 26 0 20 29 21 25 25 38 37 43 24 21 28 15 26 20 27 17 34 12 30 31 35 24 32 41 29 46 40 16 28 59 24 22 24 33 27 23 23 20 52 24 28 29 22 22 20 34 24 27 28 42 22 18 22 20 27 49 29 54 23 30 36 26 22 22 42 37 22 16 30 24 21 39 36 39 24 20 28 36 40 21 22 20 22 27 24 26 39 45 23 53 25 31 19 19 24 21 19 32 28 26 43 38 21 56 28 50 29 18 21 33 20 27
52 17 24 27 21 19 31 41 25 18 18 26 55 39 33 21 21 19 25 29 26 19 42 25 49 27 18 40 11 42 31 22 17 22 28 22 19 54 0 25 25 31 26 27 32 20 28 23 28 22 20 19 27 24 12 20 20 29 42 20 33 22 23 40 23 28 35 24 25 58 49 20 14 37 22 22 22 25 25 58 21 30 30 28 27 25 41 19 31 41 29 22 31 48 39 42 24 18 21 30 31 26 50 49 17 22 26 24 25 57 35 26 28 32 31 20 20 26 18 27 29 33 16 23 27 21 27 18 18 25 28 42 26 24 23 25 23 31 26 37 28 27 22 18 26 27 26 33 23 28
39 26 25 24 20 24 18 32 38 41 14 53 25 22 18 24 44 24 17 33 16 22 53 20 35 23 17 30 45 27 40 24 23 40 36 24 22 27 20 0 27 33 16 19 25 19 25 51 22 26 21 33 33 36 25 52 33 28 28 33 30 29 29 28 25 29 21 24 34 45 19 45 44 28 29 32 18 22 32 20 22 24 28 40 27 55 22 27 22 25 26 21 20 24 19 33 29 30 27 24 34 32 36 29 46 39 29 20 19 39 26 21 23 21 39 27 29 32 41 20 20 17 28 27 19 30 28 38 17 34 14 27 35 16 27 18 34 34 41 21 20 20 28 22 27 27 17 29 23 48
26 29 18 47 24 23 24 25 20 23 26 23 49 38 30 39 24 28 28 27 21 24 20 43 28 13 25 27 21 20 37 17 25 24 16 28 18 20 38 22 0 38 36 27 33 21 22 20 28 52 28 29 20 32 23 26 22 24 34 29 16 29 25 31 21 15 28 26 28 20 32 23 23 42 27 22 22 22 24 20 27 51 34 23 20 33 22 28 24 21 28 16 32 22 15 21 22 20 27 18 28 15 40 25 31 21 28 21 19 28 23 21 32 42 30 27 40 17 29 39 23 14 23 25 26 21 20 17 32 24 23 28 34 38 38 25 59 42 28 29 19 26 47 26 17 49 32 48 21 26
42 26 25 20 23 54 26 20 26 23 22 23 24 27 21 19 22 45 22 21 22 31 29 14 20 27 45 23 25 31 19 59 19 27 23 26 29 27 23 51 42 0 34 22 22 52 44 38 26 23 27 14 18 22 40 16 37 30 22 26 26 20 40 30 47 41 28 22 20 28 34 39 26 16 23 19 21 20 38 22 42 16 34 32 24 27 24 18 21 24 36 28 21 23 32 34 40 16 52 38 53 24 22 23 30 32 29 28 27 59 31 16 25 22 30 22 11 20 29 26 21 26 26 20 21 32 19 35 19 25 28 28 42 21 48 21 16 27 22 33 31 33 22 28 15 29 28 28 20 27
28 53 24 21 27 35 19 19 25 25 26 28 20 23 21 35 23 27 31 25 39 22 23 18 17 41 31 21 49 22 21 21 21 27 59 27 38 36 28 15 30 23 0 26 39 22 20 15 21 52 23 23 23 20 26 32 20 23 20 32 19 24 26 28 39 18 31 26 22 23 17 18 22 25 33 24 31 14 20 14 25 53 26 43 24 34 22 43 53 20 44 21 20 50 21 27 23 51 34 54 19 29 25 24 23 40 21 19 50 19 27 25 23 11 16 26 27 23 23 18 57 23 35 57 28 13 35 25 30 17 35 52 23 26 29 29 56 26 29 22 58 36 23 39 40 19 28 29 34 36
28 25 27 24 19 37 22 25 51 33 25 28 28 24 16 22 17 44 25 25 36 26 20 18 20 17 23 31 28 29 37 53 25 27 28 38 26 21 29 28 19 29 29 0 21 22 29 16 43 42 27 32 19 25 25 27 33 28 32 20 30 34 21 22 21 40 27 24 32 20 21 21 25 20 36 23 30 16 25 23 29 30 28 22 28 56 23 41 16 21 22 28 16 26 24 29 22 33 30 24 25 24 29 18 28 25 24 38 25 21 24 24 45 27 37 23 50 35 52 28 19 22 57 50 29 20 29 59 29 29 21 13 22 42 30 23 19 30 20 27 22 59 16 18 41 52 28 27 27 21
37 27 36 38 27 15 37 56 23 38 25 33 35 17 29 17 22 58 27 25 21 29 34 25 16 18 37 35 20 20 25 29 28 40 18 26 33 29 41 27 18 21 18 18 0 19 18 30 25 21 21 23 22 32 43 23 56 22 29 20 26 29 25 32 25 58 26 28 23 18 24 34 22 33 38 49 20 52 32 22 21 23 21 22 29 16 59 29 31 22 26 27 22 34 45 35 23 36 22 32 26 23 22 24 28 28 46 48 21 29 27 20 27 48 32 26 44 19 25 40 28 21 19 26 25 15 27 24 31 28 22 24 26 25 24 19 26 24 19 28 18 45 29 23 13 16 27 22 17 32
27 49 20 21 58 26 24 22 26 41 29 30 20 22 57 30 58 24 10 30 29 20 20 34 23 24 14 28 23 18 39 27 26 29 16 17 25 27 22 42 39 21 28 31 28 0 29 54 17 14 18 25 18 28 24 30 20 38 24 18 22 24 25 27 29 23 32 36 35 28 26 23 21 41 29 28 38 29 31 21 19 24 26 29 21 19 35 40 28 20 34 24 22 22 23 27 14 39 26 24 26 20 20 24 31 25 22 21 25 32 32 37 35 29 16 37 23 27 19 23 17 59 21 49 40 33 29 48 31 17 29 20 24 27 27 23 27 24 19 40 19 28 38 24 32 23 16 21 38 31
23 33 38 42 37 18 28 23 11 22 45 48 18 26 21 29 24 23 24 26 26 28 20 25 21 33 37 20 42 22 19 39 33 24 29 24 46 29 30 27 24 29 22 15 26 28 0 18 17 32 48 20 27 23 21 28 55 20 25 27 43 30 23 29 21 41 23 25 24 39 31 25 15 20 29 31 22 26 35 24 17 21 23 21 28 28 26 42 24 24 33 24 24 20 20 48 20 33 22 22 22 19 32 28 25 26 20 39 37 26 57 27 50 33 37 20 57 39 23 20 18 19 30 29 21 27 33 55 26 22 17 17 58 28 20 22 24 29 21 24 24 29 21 20 24 29 58 28 26 22
23 30 23 25 23 28 22 15 23 21 37 24 27 19 27 36 22 18 29 37 32 38 20 20 35 20 25 21 19 53 25 23 21 27 17 28 20 21 47 26 34 15 20 56 22 31 49 0 20 27 42 14 28 25 22 22 58 36 20 22 36 19 24 21 51 38 22 32 52 16 28 39 47 23 59 18 23 28 21 23 27 24 27 57 29 20 25 28 28 35 27 26 26 30 39 11 23 27 25 26 28 28 38 20 37 18 23 23 37 19 24 27 59 25 49 33 20 15 33 24 45 30 15 22 21 33 24 21 43 43 25 29 34 59 23 30 25 26 41 19 55 26 24 22 36 34 32 30 17 23
21 25 30 25 27 48 20 18 28 14 25 58 19 19 28 55 17 19 21 28 26 33 23 21 29 29 21 31 29 20 27 28 23 26 17 22 28 21 30 54 41 26 17 19 50 24 22 17 0 30 23 59 24 46 49 37 40 34 22 37 24 24 18 28 57 23 48 25 26 20 24 52 22 29 22 23 23 25 42 15 19 21 14 35 33 25 19 15 26 34 30 29 27 23 17 20 22 37 23 32 20 32 24 31 29 20 29 26 31 31 14 37 21 21 23 25 20 23 23 28 16 24 34 21 20 38 19 22 22 23 19 44 35 19 39 29 19 27 22 31 14 24 23 24 22 31 29 21 34 36
23 20 24 16 39 40 25 28 37 30 30 25 30 21 25 20 26 21 18 16 17 28 24 20 21 28 55 56 23 22 23 40 27 28 21 29 47 21 29 20 29 30 27 25 25 10 29 21 18 0 39 25 24 36 28 27 34 22 35 25 25 26 33 18 22 28 20 31 20 26 33 32 38 57 37 32 24 32 26 40 21 28 27 20 32 33 24 41 38 30 24 22 23 28 21 29 25 20 58 19 43 23 28 20 37 29 16 23 25 40 21 30 35 17 39 30 56 28 24 36 41 25 52 21 27 35 18 25 43 25 17 20 26 20 25 37 23 27 30 21 16 29 20 22 31 27 18 25 26 20
31 28 34 17 35 25 28 24 26 31 21 30 38 21 20 33 28 36 20 15 20 25 38 25 30 40 15 26 24 29 22 29 24 24 23 23 38 27 23 21 24 54 14 17 18 53 28 26 34 19 0 21 24 23 22 25 15 17 26 26 25 31 21 20 29 22 26 38 16 22 20 22 22 21 27 42 14 54 20 55 30 52 18 20 23 41 20 36 29 28 20 27 36 14 27 28 22 14 17 21 21 16 24 30 21 23 56 37 48 38 18 22 26 25 25 21 28 35 27 20 20 18 57 34 22 37 28 30 23 23 18 18 35 23 26 27 34 29 22 25 40 29 23 27 33 25 20 41 32 23
47 28 26 21 23 22 27 24 17 28 26 22 36 22 26 25 26 19 26 21 21 20 20 25 57 21 45 45 28 32 27 16 28 27 39 21 23 31 32 25 28 43 31 37 26 15 37 25 38 49 24 0 17 27 24 27 25 28 28 56 30 31 31 24 42 30 30 22 32 28 20 20 23 22 26 18 28 23 28 27 52 10 30 26 40 22 28 20 16 39 28 22 18 22 21 23 29 23 25 26 33 31 27 29 45 28 31 38 27 19 27 12 31 34 25 22 11 25 52 26 22 17 20 29 25 21 52 32 26 18 26 30 29 22 24 22 18 26 30 29 19 28 17 53 21 31 21 15 28 35
28 32 21 27 26 31 28 31 25 24 35 25 25 23 30 27 20 31 22 29 24 22 24 17 48 28 22 55 23 24 16 22 27 22 36 16 24 37 25 32 22 25 22 58 23 29 25 28 24 20 18 21 0 20 24 42 27 23 26 29 41 22 26 28 28 23 47 46 27 29 40 26 24 59 54 29 22 25 44 25 28 26 16 21 26 20 36 29 19 29 31 26 29 27 21 20 21 23 38 21 20 28 22 47 15 28 25 14 28 30 39 52 48 58 24 34 22 32 18 28 22 29 27 25 33 33 24 34 37 29 23 17 19 51 25 19 27 21 42 29 24 27 39 14 27 34 51 28 43 28
29 26 23 23 24 31 33 37 21 21 28 17 17 25 21 36 25 23 25 28 19 18 32 26 27 22 25 59 22 28 25 23 15 55 28 22 17 31 29 25 28 32 53 25 22 17 17 15 28 21 27 18 34 0 43 31 28 41 32 40 28 17 22 28 25 29 30 24 29 28 34 47 31 22 21 29 38 24 24 22 21 35 22 53 27 24 56 17 29 34 40 36 26 24 26 25 19 18 21 25 26 19 25 41 29 41 26 28 25 25 30 22 19 28 28 28 36 16 26 26 23 20 19 37 38 17 49 56 23 25 36 32 27 19 31 23 20 28 22 16 14 18 31 20 20 38 25 31 27 31
39 40 28 16 35 58 33 22 27 26 23 18 22 16 24 56 27 27 38 37 22 15 48 36 18 14 35 29 53 35 24 20 48 27 18 28 34 58 13 22 24 28 20 21 24 39 48 43 25 23 25 39 27 29 0 41 15 33 22 28 16 25 12 25 43 27 37 43 31 17 18 23 52 36 21 37 25 28 28 27 28 25 25 37 28 28 33 25 40 18 26 22 40 38 17 26 22 26 39 26 18 26 38 23 22 28 42 25 28 34 29 29 22 26 33 17 23 25 54 25 32 27 18 14 27 32 26 42 45 41 33 27 35 22 36 23 24 29 21 20 25 21 43 24 32 35 29 32 25 58
39 22 25 24 48 33 20 26 26 20 35 26 30 46 24 28 22 23 35 19 28 20 29 25 38 25 35 37 24 33 19 27 21 19 19 22 28 15 23 24 48 26 31 31 29 20 37 24 28 24 34 23 18 35 30 0 14 21 26 21 28 24 25 16 39 17 29 26 21 36 25 41 25 25 16 28 24 19 34 25 41 41 25 37 23 28 30 50 31 28 31 31 15 25 50 33 32 35 23 26 22 27 19 32 32 29 19 41 51 32 33 22 22 23 44 24 27 38 38 25 21 33 23 22 21 17 20 29 39 23 23 26 28 24 22 39 25 20 22 20 28 46 21 25 25 28 20 22 22 21
34 31 22 23 23 23 28 21 34 21 15 25 26 27 27 26 24 21 18 33 20 23 27 27 28 18 40 20 13 23 34 41 54 24 29 38 52 54 13 29 20 31 24 24 25 17 36 18 32 37 52 23 48 27 20 28 0 18 15 35 24 34 17 30 21 19 29 28 29 23 27 24 32 22 21 28 25 20 26 27 25 21 37 20 22 34 52 26 25 24 45 25 50 30 58 23 28 14 29 16 34 30 24 28 24 27 33 24 26 25 41 20 40 30 37 24 29 29 20 24 19 25 25 20 57 19 21 42 22 27 26 22 25 20 47 22 31 23 25 21 29 17 37 18 22 20 33 24 58 21
44 23 29 17 22 27 22 21 22 22 22 45 19 21 23 21 27 27 18 28 20 38 34 23 20 25 19 13 20 32 21 28 29 25 39 46 32 40 33 45 42 35 30 32 14 34 21 28 23 18 28 23 38 24 38 25 28 0 32 45 58 38 34 25 54 23 22 21 24 24 39 28 24 20 25 25 25 33 20 36 23 37 40 16 29 39 36 15 24 36 18 40 18 23 30 58 24 29 38 25 17 21 26 27 19 22 17 20 28 23 45 21 27 25 17 16 29 26 26 39 20 36 21 41 18 28 34 16 41 28 19 37 32 29 13 25 24 22 21 18 24 16 15 49 18 18 22 21 21 22
26 15 37 32 18 36 26 34 15 36 21 25 46 27 26 22 26 32 32 20 16 27 29 22 21 29 20 23 27 29 30 26 22 20 16 22 50 27 29 37 31 28 23 36 26 24 28 20 29 55 20 32 50 23 20 28 20 20 0 28 29 39 28 19 31 16 26 39 39 28 22 24 31 18 21 39 29 22 32 16 23 27 44 26 25 32 26 15 30 20 26 28 40 39 24 51 31 21 27 34 25 28 39 14 38 38 21 21 28 38 15 19 41 21 14 21 33 32 28 25 40 26 27 38 22 20 25 23 20 41 29 23 30 18 27 29 38 15 28 27 27 16 20 27 27 27 20 36 22 15
22 31 20 21 23 29 27 22 21 28 23 22 24 35 25 23 19 24 26 23 23 20 22 27 28 37 33 25 28 23 28 18 21 21 26 33 30 24 21 23 23 26 31 31 26 22 23 15 21 22 39 25 28 20 34 23 22 28 24 0 26 29 26 26 23 32 18 10 24 26 29 29 37 29 28 21 25 58 25 23 24 27 26 23 32 26 28 25 18 27 23 19 33 23 40 22 47 23 27 25 15 28 25 39 33 18 39 22 24 22 36 20 37 22 23 28 20 17 32 26 25 41 25 44 28 35 29 20 40 23 20 27 31 28 27 23 33 21 34 22 29 23 26 31 58 20 42 18 36 24
22 26 49 51 29 38 32 26 25 30 35 29 22 25 28 21 29 24 20 20 22 31 35 22 21 21 36 35 25 35 20 21 59 21 32 25 28 24 24 57 21 28 26 23 20 41 22 37 34 23 49 18 24 29 20 25 24 40 33 28 0 29 32 26 24 28 32 28 21 30 16 28 52 23 17 14 29 36 23 30 20 22 33 23 18 37 16 41 51 30 28 28 26 36 26 54 22 24 26 24 32 17 30 25 37 28 27 20 26 26 26 30 28 59 55 20 25 21 25 27 23 22 20 14 22 32 22 21 22 26 19 19 24 21 18 31 18 31 18 23 26 39 23 25 34 18 33 28 33 27
19 29 17 21 32 20 37 26 19 21 30 21 29 29 17 20 20 30 37 38 20 21 33 21 21 32 24 22 18 20 20 25 40 30 18 43 21 27 22 21 25 23 27 34 24 31 40 30 21 28 29 28 23 50 58 16 30 37 21 25 34 0 27 34 28 31 44 22 21 29 45 31 24 29 26 19 17 48 36 38 27 26 24 24 28 20 17 24 25 31 29 29 25 16 17 24 29 17 29 23 32 25 21 22 22 31 28 29 30 29 20 19 20 32 24 37 23 26 28 12 34 27 32 37 19 14 31 37 30 32 25 29 27 17 28 20 29 25 55 26 26 29 53 24 42 21 21 35 19 20
21 46 21 29 20 22 29 33 21 29 19 20 29 27 33 24 29 23 25 20 22 13 36 20 24 20 25 29 14 33 23 54 19 42 30 46 25 21 17 27 54 29 38 22 37 36 27 44 31 58 24 16 20 27 40 24 17 22 30 42 19 27 0 25 22 25 15 29 25 25 25 24 24 18 21 22 20 24 22 23 38 24 21 29 21 27 29 20 34 31 28 34 19 19 17 31 31 36 17 21 25 44 28 21 37 25 24 39 35 22 24 33 27 18 22 19 23 15 20 38 26 23 29 24 33 29 58 56 22 24 22 23 24 42 25 36 25 29 26 29 28 18 22 50 29 35 22 26 20 56
23 24 39 16 16 28 26 27 58 22 28 25 30 20 29 20 32 34 28 28 22 30 34 37 26 47 22 24 17 20 20 40 39 20 29 18 17 17 53 54 14 26 33 29 26 27 28 24 29 22 25 22 34 25 20 18 29 22 27 20 40 24 25 0 20 32 26 27 16 23 16 27 27 20 23 38 33 23 22 20 25 29 26 26 44 20 25 33 21 52 51 24 16 32 33 28 24 20 22 22 20 41 29 25 29 34 39 22 20 25 32 24 28 36 19 17 23 21 21 24 20 41 39 28 24 24 18 24 27 20 29 23 27 29 20 20 33 28 20 36 16 17 28 33 28 16 18 18 24 36
21 29 51 24 35 26 33 24 21 27 32 25 24 15 56 45 24 24 21 29 28 29 33 19 18 30 29 32 27 19 26 22 31 25 29 56 25 32 25 25 23 40 17 16 52 26 19 20 40 25 35 31 26 29 27 29 26 44 35 24 20 46 22 20 0 18 23 32 35 37 20 13 20 26 23 20 21 14 26 20 20 31 48 28 24 24 30 20 25 19 27 20 44 20 34 23 24 57 58 26 56 30 37 33 24 23 19 22 26 58 59 25 54 16 32 38 40 38 22 17 37 23 25 31 30 14 56 22 40 30 32 27 21 38 22 38 30 20 34 21 43 27 27 15 21 39 23 20 16 27
31 23 19 21 36 28 22 47 16 18 24 24 22 31 23 31 24 25 36 24 31 29 37 43 19 28 29 26 26 21 28 19 45 30 24 23 23 21 38 26 38 19 20 27 38 25 32 18 25 25 44 43 25 43 28 57 21 18 15 21 23 38 25 18 18 0 32 15 24 22 29 33 23 48 29 19 28 24 17 19 27 26 24 25 15 32 32 15 28 31 32 19 25 26 25 44 22 16 33 22 17 27 28 20 24 10 21 26 22 58 24 39 26 23 19 29 25 29 27 29 17 36 36 23 42 21 27 29 35 30 28 59 26 44 25 48 22 20 28 37 18 18 19 22 24 36 23 29 21 27
26 42 15 24 17 22 28 21 28 39 23 11 26 25 23 26 36 19 29 21 21 30 51 23 29 25 29 31 20 39 32 27 28 25 21 29 18 26 24 18 29 27 22 17 33 59 15 38 24 29 25 30 29 30 38 29 23 14 36 10 50 23 24 32 23 18 0 17 30 21 26 27 42 21 25 26 21 20 18 28 46 31 29 21 25 15 24 52 23 39 25 27 19 29 44 18 17 54 21 19 16 22 24 38 36 36 21 31 32 18 26 26 57 27 33 22 58 29 30 25 29 32 32 31 28 22 20 20 26 28 29 23 58 29 28 20 20 26 24 23 37 24 28 23 20 51 47 43 21 18
30 27 19 29 16 15 23 37 39 56 26 18 22 27 23 20 29 28 29 28 36 26 27 23 29 24 23 28 28 20 44 18 57 21 28 19 20 55 22 38 30 25 25 21 27 21 24 25 22 45 16 19 29 35 21 24 26 19 28 27 35 27 56 58 28 25 23 0 29 21 29 27 24 30 20 46 23 21 29 27 26 42 24 21 23 50 33 26 44 31 33 20 48 28 17 24 48 21 23 31 17 21 16 22 33 15 38 21 26 21 48 21 55 22 28 17 25 18 27 38 25 27 40 29 23 20 28 37 27 16 16 25 28 26 30 52 27 27 27 17 34 26 23 25 23 20 21 13 22 20
55 24 21 35 31 32 35 26 29 25 20 18 28 27 29 23 24 19 25 42 24 19 27 42 40 27 23 41 18 23 18 27 59 24 26 30 25 25 26 36 28 48 32 17 32 52 33 30 45 27 38 25 47 28 21 23 25 22 22 33 26 33 24 27 28 21 27 36 0 22 36 31 35 21 14 27 20 21 58 24 18 26 32 17 23 20 30 29 26 28 55 28 21 24 37 17 20 38 38 31 16 19 27 21 38 15 23 27 21 28 30 30 54 27 35 28 35 23 40 21 16 16 17 33 24 37 22 38 20 30 28 28 47 23 23 38 35 21 22 40 20 25 29 22 28 29 21 28 20 21
19 27 24 19 28 16 23 19 33 26 37 23 23 41 18 28 25 27 25 17 40 26 29 27 21 28 20 27 42 23 23 22 21 25 32 27 32 24 28 35 36 26 17 29 30 37 25 38 19 27 41 29 26 22 42 39 45 25 18 57 27 28 26 27 26 29 24 28 22 0 28 17 40 25 37 16 25 39 22 20 45 24 23 16 28 26 36 23 31 28 23 34 19 27 16 25 26 32 24 29 22 22 31 43 24 27 24 19 39 17 29 43 29 28 28 17 15 32 24 29 33 20 32 27 26 35 50 28 39 22 28 16 32 20 36 26 21 27 35 20 35 26 25 20 26 30 42 23 26 26
40 16 29 28 22 28 25 20 29 31 31 25 35 16 39 56 40 38 23 24 17 28 14 27 16 26 25 38 28 34 29 45 36 30 25 32 29 21 22 31 39 27 25 19 28 33 49 19 25 29 23 55 27 31 25 28 19 26 41 27 27 36 21 22 41 24 40 15 23 16 0 15 34 33 27 36 46 31 20 39 34 24 24 20 23 22 28 25 21 20 15 22 27 35 25 22 29 24 47 21 22 28 21 56 26 22 29 46 23 19 26 23 31 20 29 20 24 27 20 28 30 25 32 22 30 33 25 16 26 30 37 30 28 30 40 41 28 35 22 24 26 36 46 27 37 27 35 23 27 26
30 26 26 23 23 24 23 27 27 32 35 27 21 21 46 22 20 29 22 29 28 28 27 18 33 24 22 18 24 24 22 21 21 21 27 38 25 52 49 29 27 21 14 28 24 26 24 34 28 23 28 35 21 29 18 58 28 22 32 28 18 26 27 19 20 23 21 27 28 29 19 0 35 16 59 20 17 13 20 38 22 45 28 32 27 28 28 23 19 25 29 26 29 22 18 34 21 57 25 25 29 26 23 23 28 20 30 16 21 29 29 32 19 11 27 15 22 18 29 23 23 24 39 35 18 15 21 35 24 17 41 18 26 25 30 20 28 21 29 18 20 19 26 30 26 19 58 20 24 25
22 25 20 27 26 21 19 24 11 19 22 20 26 38 50 17 28 37 22 25 22 58 27 19 28 24 25 14 22 21 25 19 38 19 15 20 20 38 25 19 26 23 22 18 43 20 15 29 18 20 21 25 36 24 18 28 23 28 32 38 18 24 21 28 30 24 21 19 24 16 21 20 0 28 25 30 36 49 51 23 20 37 15 14 37 32 20 21 28 22 26 27 28 24 19 21 19 22 31 23 37 24 30 27 24 21 39 37 32 35 40 32 29 19 17 26 33 21 21 47 27 16 25 20 21 23 19 24 27 22 29 32 24 35 36 20 24 25 27 19 21 24 22 25 26 25 22 30 20 43
21 24 31 27 27 29 29 21 43 28 36 24 51 34 33 28 18 22 26 22 36 17 29 28 29 27 28 16 31 54 32 40 26 28 31 36 41 40 17 20 20 28 37 24 32 27 36 28 29 20 38 22 29 20 21 19 22 22 32 21 23 18 37 29 57 24 46 31 28 16 17 35 24 0 21 26 56 16 25 38 27 29 28 52 32 15 20 14 24 19 19 25 58 16 29 23 29 17 33 18 26 27 33 33 15 23 33 14 28 56 27 34 22 22 17 24 25 20 25 32 28 26 30 13 19 29 20 21 27 24 25 27 29 16 18 35 25 35 27 24 24 20 24 23 24 27 24 31 19 30
24 25 17 33 24 23 22 23 34 21 30 18 31 26 46 32 32 26 22 28 35 19 23 31 30 16 27 43 21 25 21 22 40 28 21 21 30 20 27 23 19 37 33 17 28 17 38 25 21 30 38 29 28 59 26 21 24 23 29 30 26 40 27 23 28 21 56 39 21 19 29 28 29 17 0 32 26 25 23 20 30 24 24 58 24 28 22 20 22 21 29 11 31 27 36 28 13 46 37 29 19 21 18 26 32 27 23 28 26 29 28 19 27 31 55 28 28 21 22 29 23 26 16 18 38 26 22 17 20 20 20 20 40 18 22 20 15 24 26 22 21 26 34 31 32 23 25 21 42 29
27 22 18 29 26 15 22 17 19 48 24 25 27 22 22 48 25 25 22 25 27 19 20 46 20 18 20 30 28 17 19 18 21 20 26 30 16 53 33 18 32 28 28 34 22 47 23 21 24 42 24 18 36 25 28 48 20 24 24 21 19 56 29 25 17 22 21 44 25 18 18 35 25 39 30 0 32 37 15 39 23 37 32 29 23 48 47 27 26 37 35 27 58 37 26 29 27 52 30 20 36 25 21 18 25 20 24 35 22 23 28 24 24 20 19 16 28 31 32 23 24 32 23 26 52 32 26 20 25 28 18 21 22 21 31 33 22 17 26 27 36 18 21 26 20 25 29 19 27 47
25 26 23 25 53 36 30 24 23 25 54 36 55 15 37 22 24 45 49 15 25 22 28 29 25 23 23 26 23 27 25 23 25 23 19 23 21 21 45 39 48 24 30 55 13 17 26 36 26 20 25 15 26 26 29 27 37 59 35 33 21 28 28 29 31 29 31 21 29 25 20 24 20 39 35 21 0 26 33 28 19 27 30 37 57 19 27 21 31 21 34 27 57 27 32 16 20 19 17 26 30 23 25 38 21 28 25 43 26 25 39 41 28 36 32 31 24 20 28 22 32 17 26 35 29 20 29 16 14 25 28 22 24 25 31 26 20 31 25 15 32 18 25 17 19 37 32 27 21 32
30 27 43 33 27 25 19 30 29 37 28 20 26 27 24 25 36 31 54 26 27 23 25 51 20 25 45 46 14 22 19 20 20 29 24 29 29 29 24 27 16 30 15 16 34 23 28 23 28 20 24 26 28 29 32 32 25 21 17 38 32 38 33 44 24 18 21 21 23 57 21 15 19 14 16 31 23 0 25 47 24 26 23 24 26 39 49 20 31 29 31 39 23 16 28 21 43 30 21 28 18 21 17 15 28 28 27 32 25 24 36 18 23 18 28 44 22 32 23 24 36 29 15 25 21 16 22 20 26 26 24 22 23 22 20 20 26 27 33 40 20 22 28 17 25 31 35 30 25 29
28 31 27 46 38 21 34 29 48 23 28 25 36 21 23 54 25 27 28 30 30 25 19 21 29 27 28 20 21 33 17 15 28 26 25 27 15 23 37 29 29 33 29 18 25 59 22 38 48 54 29 23 12 20 40 26 51 21 49 34 26 19 31 23 26 42 23 37 28 20 24 32 18 32 24 20 25 29 0 20 23 57 17 27 21 51 24 28 13 24 19 26 21 26 25 18 20 30 27 17 23 18 17 21 26 19 17 21 22 22 34 15 21 20 26 46 26 26 33 24 18 25 38 20 26 25 26 17 22 17 26 12 17 25 37 39 18 20 30 16 21 30 21 27 22 14 39 22 24 29
21 31 28 47 16 31 26 31 17 27 50 23 30 21 20 44 42 20 28 17 34 25 35 23 38 36 22 16 27 20 30 31 21 44 30 35 35 39 20 22 20 26 26 26 22 22 25 26 31 30 22 29 26 25 20 21 27 22 16 15 27 24 32 40 20 20 26 20 25 52 19 22 22 29 26 25 25 23 25 0 42 22 20 33 34 22 27 18 31 34 37 29 22 26 15 25 28 28 28 39 32 36 30 38 22 18 22 22 34 19 29 23 24 33 44 36 23 42 27 34 39 21 21 21 29 41 31 21 30 29 22 31 24 23 22 42 52 22 22 33 16 26 25 24 20 28 27 27 26 31
21 59 28 17 30 26 24 26 28 29 25 34 23 47 17 28 39 26 23 25 21 23 21 29 45 24 38 21 24 26 29 26 28 29 22 30 40 54 20 27 20 24 28 16 39 45 38 26 40 34 28 26 26 37 26 32 29 33 29 26 27 27 22 19 20 27 19 35 28 24 18 23 24 22 41 25 29 26 27 22 0 23 13 28 14 29 29 33 20 20 24 34 28 24 23 55 15 40 23 40 32 26 21 41 20 55 21 20 25 16 36 25 20 49 22 26 20 27 19 27 22 23 28 34 29 42 29 25 25 16 42 29 32 36 18 59 28 15 41 26 34 19 28 29 25 20 28 22 45 26
20 33 26 31 23 37 28 22 25 26 21 21 39 38 30 39 29 16 37 58 17 23 59 29 26 22 39 19 34 22 23 18 28 32 21 24 30 24 17 20 22 14 29 18 36 23 53 25 36 27 27 11 20 37 24 25 27 24 22 21 34 18 29 24 29 24 29 23 33 37 26 32 26 19 57 18 25 23 33 33 54 0 38 42 26 18 23 32 28 26 36 56 35 28 35 35 24 20 31 19 19 43 15 22 24 24 21 29 22 31 15 21 17 29 47 28 14 21 29 24 19 22 41 26 25 24 26 27 22 20 25 27 25 20 59 42 19 38 14 25 41 20 28 29 16 44 28 22 28 37
53 17 24 26 34 23 19 19 36 25 42 19 22 15 12 41 30 25 30 40 22 29 23 23 24 26 36 39 18 25 41 21 20 59 24 33 50 21 24 27 51 29 29 24 31 32 24 19 37 36 32 28 27 24 27 21 48 31 18 36 20 38 24 27 26 33 30 26 27 31 20 24 37 28 21 25 20 29 27 31 16 17 0 24 23 24 32 19 49 25 22 21 23 24 37 23 33 36 22 42 18 24 25 18 49 25 29 51 18 16 29 22 30 18 24 19 29 36 22 25 25 36 57 21 28 52 27 22 22 22 29 35 28 23 19 42 35 29 20 51 54 26 37 41 54 31 21 38 21 28
19 33 21 32 25 21 32 25 14 18 28 26 21 29 31 17 52 21 29 25 35 20 29 26 31 18 22 14 27 30 27 20 24 24 37 25 29 30 25 26 20 23 27 39 32 23 45 29 22 23 32 22 21 24 25 17 32 24 17 38 50 29 54 18 25 27 40 25 35 23 25 35 33 17 43 39 35 59 19 29 41 45 19 0 25 26 26 20 32 41 44 27 23 21 22 40 21 22 23 27 26 39 53 56 14 32 19 16 34 30 24 28 34 29 18 21 21 26 26 29 34 15 23 20 17 57 39 28 29 31 30 24 22 28 17 31 33 37 21 28 22 14 21 32 25 20 20 14 40 35
48 42 37 24 26 34 19 26 38 21 29 27 21 23 21 26 18 25 34 24 24 41 28 20 21 23 22 28 37 16 14 26 27 19 29 33 26 22 21 32 21 26 21 19 48 20 28 29 22 17 42 55 20 15 38 33 32 35 27 21 20 20 20 47 34 26 22 28 24 25 24 24 49 21 36 14 31 27 29 27 25 20 26 25 0 26 19 21 33 43 30 19 27 32 33 27 36 20 25 29 27 37 28 29 31 22 22 30 27 17 17 26 18 31 26 35 26 28 31 18 21 21 29 17 25 28 35 27 24 30 25 23 24 24 21 15 18 19 20 31 25 23 36 26 19 38 55 22 34 54
30 21 15 32 32 27 25 21 31 39 26 21 19 21 19 29 31 29 24 27 21 26 19 19 28 50 31 30 33 25 23 24 29 31 17 20 21 24 16 59 25 31 21 14 45 32 50 23 18 30 23 28 17 22 35 22 33 29 42 23 18 29 19 38 23 26 27 23 30 17 23 23 36 23 51 26 20 20 16 40 15 24 31 25 30 0 16 44 14 41 19 28 31 20 37 27 34 20 24 24 21 20 23 38 35 39 19 43 21 26 24 31 19 34 38 17 36 43 21 29 33 16 31 17 24 33 15 26 21 22 28 16 38 40 41 23 22 24 20 46 24 36 25 33 39 20 27 32 40 16
37 19 33 42 14 25 28 22 40 29 24 28 27 14 20 16 29 19 30 56 26 52 29 24 19 28 23 23 26 21 24 34 34 38 36 40 19 38 26 28 26 22 26 36 31 16 21 35 26 37 25 56 29 53 20 41 43 41 23 20 38 55 15 37 26 18 24 52 46 50 27 26 24 24 29 16 54 43 36 18 23 22 23 28 23 19 0 43 21 31 57 37 30 17 50 16 27 20 31 35 27 54 37 30 14 39 38 21 36 21 29 34 28 19 24 17 33 28 26 17 32 40 25 27 27 24 38 21 27 28 48 23 38 26 20 27 26 23 29 21 41 47 37 20 53 39 29 30 18 25
19 25 26 26 21 27 54 28 34 21 57 22 40 26 57 37 24 27 40 38 41 22 34 23 32 28 37 26 22 49 25 40 57 28 55 36 44 28 22 28 25 25 27 20 29 56 22 28 31 24 23 37 22 37 25 29 20 14 14 54 37 18 22 23 25 40 20 23 19 51 20 17 40 16 28 36 34 34 24 16 29 19 32 36 21 15 20 0 30 28 22 24 37 43 24 27 28 27 29 57 21 25 27 17 39 19 36 20 25 26 34 33 25 34 28 42 29 26 25 18 21 21 15 30 26 28 23 23 21 37 26 40 22 32 28 26 22 18 30 37 29 24 23 25 24 23 37 35 30 24
23 25 28 35 33 31 40 25 22 23 23 55 31 36 32 49 20 29 26 54 23 41 52 26 37 32 37 24 38 31 19 9 37 22 23 58 25 42 59 29 23 26 22 22 20 22 29 20 31 22 23 28 28 46 21 23 29 15 21 23 37 15 28 22 25 24 49 25 24 24 25 25 19 24 16 23 40 23 20 24 27 27 29 41 29 19 22 22 0 24 27 20 25 32 31 38 39 19 25 40 18 44 36 21 23 19 27 20 28 19 34 32 17 20 18 26 20 37 16 39 36 20 17 29 18 26 29 50 28 29 20 14 16 25 22 25 49 26 20 26 24 24 35 25 31 27 27 28 58 28
22 30 27 27 19 34 22 30 37 21 19 28 44 20 33 28 37 28 55 23 28 22 26 36 22 24 20 31 24 16 22 17 26 29 20 20 22 57 29 23 37 21 19 23 23 28 29 15 20 20 22 21 21 21 31 35 25 30 16 27 34 25 29 17 20 43 40 31 21 21 20 32 23 30 29 19 16 16 20 26 28 27 23 59 18 20 27 28 20 0 27 29 21 28 21 25 29 26 51 41 19 32 25 22 28 17 23 40 21 24 23 55 21 20 22 29 26 29 50 28 19 35 47 23 24 28 21 31 22 25 28 20 34 20 21 26 28 49 45 29 26 24 17 28 20 25 20 51 23 24
28 28 24 28 31 25 24 30 50 28 25 25 21 49 26 24 38 21 22 25 27 16 24 26 26 19 31 15 25 43 24 29 54 25 29 21 20 32 40 41 25 19 37 20 20 20 21 20 33 37 52 47 27 28 29 29 16 17 41 25 29 52 44 40 34 27 23 31 53 27 29 34 31 9 26 26 20 23 30 24 35 36 24 25 38 48 20 25 31 29 0 36 11 26 24 39 19 22 28 26 20 20 25 23 19 33 29 25 26 52 24 29 22 32 23 36 57 29 47 25 24 20 21 19 25 26 28 22 19 24 23 24 50 58 19 26 22 55 21 33 31 18 28 20 31 51 30 55 48 23
29 19 31 25 19 23 29 38 21 20 30 20 27 43 36 23 26 28 35 23 29 29 17 37 24 18 20 19 38 23 20 23 25 22 28 23 26 21 32 33 21 27 20 54 29 20 30 24 32 20 41 32 20 28 14 50 33 35 27 33 25 27 23 23 30 39 28 20 23 23 24 29 32 29 26 38 21 31 29 36 21 27 29 21 30 18 19 20 14 21 27 0 34 29 27 20 16 36 35 33 31 33 22 26 35 27 20 30 29 24 20 25 31 16 23 22 26 33 56 24 24 20 37 20 21 24 29 22 38 24 20 32 32 22 29 29 38 24 27 29 38 36 21 30 47 21 20 25 25 30
20 20 24 25 25 37 24 20 19 25 50 23 31 27 29 24 28 36 28 35 28 20 24 35 29 22 38 59 41 27 31 47 23 29 46 19 26 25 26 23 22 30 39 24 22 20 30 44 35 31 32 20 24 31 35 18 26 18 28 36 25 51 28 22 25 24 29 19 23 24 27 23 45 19 36 37 23 19 37 18 30 21 28 19 21 16 30 27 21 24 15 36 0 27 24 23 26 21 23 41 20 26 26 21 18 16 32 10 59 38 24 24 17 34 21 37 22 37 26 21 24 23 19 18 16 29 27 23 27 33 36 17 29 41 16 18 24 58 17 26 32 19 20 29 20 33 23 52 26 26
23 19 23 38 17 21 21 44 22 40 27 27 23 22 20 22 24 41 57 16 23 20 28 37 26 47 38 24 27 26 25 20 22 41 20 29 23 29 21 31 41 15 21 30 28 23 23 34 21 17 21 21 18 34 38 47 25 33 22 21 20 24 29 24 47 27 25 27 23 54 49 22 27 25 25 26 23 20 24 30 52 25 29 37 28 18 27 18 23 36 27 24 34 0 29 16 31 33 17 21 29 28 21 56 23 24 39 21 26 16 46 18 36 21 18 29 23 24 29 28 23 21 35 20 27 11 23 56 28 31 26 38 23 29 24 20 28 29 29 32 14 27 47 21 21 32 25 21 37 28
22 25 25 24 23 21 21 29 20 36 21 26 28 27 22 28 26 17 28 25 22 16 39 25 18 29 23 43 21 49 20 24 19 27 48 41 29 18 36 21 50 29 20 21 19 27 22 33 34 29 27 27 19 24 40 15 28 53 27 37 31 34 30 40 29 21 31 28 35 21 24 32 18 21 21 23 25 28 35 20 35 44 39 32 18 23 23 29 21 18 26 17 20 21 0 20 37 23 20 29 20 27 39 24 24 29 14 34 40 23 38 46 26 28 26 23 29 33 18 25 26 24 16 26 22 15 24 20 48 55 29 21 22 21 19 35 22 25 39 19 22 24 16 14 22 20 20 20 39 26
29 29 38 23 26 56 14 58 20 36 30 17 22 41 28 29 55 36 25 41 24 46 18 24 26 34 22 31 22 17 25 20 26 22 30 28 22 25 29 36 31 22 59 20 27 21 30 24 31 20 58 58 16 37 37 25 28 22 29 21 25 20 27 40 31 36 32 20 35 49 27 24 27 28 23 26 37 43 15 45 29 26 29 58 38 24 53 18 27 17 28 17 24 41 18 0 28 16 47 24 15 22 31 23 23 56 38 36 15 26 58 39 32 35 32 22 18 25 24 25 34 20 44 40 22 17 15 29 25 30 27 26 22 26 26 15 58 21 20 38 40 20 24 30 22 35 34 28 25 28
34 22 45 14 37 29 14 30 26 17 30 22 18 26 21 26 26 29 44 17 48 18 23 29 26 28 20 22 47 25 22 55 33 25 34 21 20 40 19 25 41 29 26 31 22 50 56 35 31 24 21 38 26 20 28 25 18 26 29 49 26 24 55 18 33 22 22 32 14 29 25 21 22 22 18 33 21 21 34 22 18 30 20 37 31 40 20 22 22 25 20 18 23 31 44 35 0 30 43 19 28 31 20 29 20 30 29 38 22 34 20 16 47 29 24 20 22 23 26 22 26 17 23 33 22 22 20 29 20 35 29 17 30 40 51 18 38 25 16 31 25 18 22 19 22 27 24 24 30 30
45 31 28 20 21 54 15 34 29 35 35 33 34 37 26 30 23 25 37 32 28 19 38 23 21 28 19 47 46 33 39 26 44 25 23 20 23 30 27 41 27 41 25 30 25 50 33 17 30 22 17 16 25 48 41 34 46 18 21 24 17 24 23 23 28 25 22 22 22 29 29 21 22 33 17 28 24 36 27 31 28 20 15 42 22 26 23 25 23 41 33 24 23 24 23 28 23 0 27 24 28 18 22 57 34 25 30 38 37 34 26 57 23 53 21 32 17 25 21 25 41 37 28 42 25 28 15 22 19 27 40 32 29 22 22 25 28 33 26 29 15 38 20 23 29 22 22 16 39 25
33 26 34 28 25 14 30 23 23 24 21 23 27 23 21 20 17 29 17 44 23 26 26 21 29 57 26 45 42 20 28 21 29 22 37 34 27 31 19 34 33 25 33 33 24 29 21 22 27 23 20 27 20 13 54 27 21 17 25 27 32 26 31 34 29 23 29 35 47 25 29 36 40 27 22 30 39 20 37 27 26 32 28 27 28 22 42 22 23 26 21 22 25 25 28 26 19 38 0 26 26 25 21 33 40 26 25 41 22 20 36 23 28 38 20 20 37 27 40 18 25 25 28 26 24 23 28 19 24 25 20 37 47 31 45 44 22 36 34 12 27 22 21 21 26 31 26 25 26 20
25 28 25 24 24 20 54 24 25 34 28 21 28 28 27 29 24 24 46 28 41 32 36 29 25 16 22 23 30 45 18 24 22 37 31 26 29 43 29 21 12 21 59 19 22 22 26 25 22 38 27 23 25 28 22 32 21 35 22 20 31 34 19 21 20 30 36 20 43 23 24 29 35 26 23 26 19 28 25 16 30 48 30 36 19 22 21 23 28 28 29 28 33 17 24 27 29 16 22 0 19 11 44 35 26 21 26 25 21 45 12 45 20 25 23 37 30 26 19 28 24 26 22 37 26 23 37 40 38 30 17 33 26 38 20 28 29 25 26 26 27 21 25 27 31 29 28 21 37 30
32 50 12 21 59 23 27 25 32 23 30 13 26 34 21 15 20 32 25 18 26 29 28 31 22 31 23 25 22 26 24 21 22 27 20 27 15 28 31 18 21 24 59 30 23 17 29 28 16 27 36 55 26 27 23 23 25 30 28 16 27 29 26 25 23 25 26 22 24 40 27 17 17 22 22 23 24 18 20 23 29 35 45 21 59 23 33 52 22 24 29 54 21 20 29 19 25 24 21 47 0 25 51 24 23 22 25 31 29 40 25 30 20 26 27 27 27 26 19 27 52 26 33 48 39 24 54 20 21 15 26 23 45 17 21 18 39 25 23 14 25 19 37 36 22 23 39 17 24 24
59 24 35 23 51 30 19 29 28 29 43 25 41 18 22 22 45 26 22 20 22 36 39 20 24 15 20 31 31 21 28 37 32 21 29 26 15 32 20 22 26 17 25 19 28 23 35 21 39 28 24 24 37 21 28 34 41 29 27 26 21 29 26 22 47 21 34 26 18 17 27 25 28 24 29 25 25 36 25 24 27 21 45 34 22 29 37 23 33 27 24 33 29 25 23 17 56 46 21 17 20 0 22 27 28 32 45 23 37 31 16 15 23 29 22 30 28 33 52 19 27 29 22 33 18 25 27 57 36 35 25 20 22 20 23 47 20 24 16 21 29 57 25 20 34 18 26 20 26 22
30 24 26 41 18 27 20 45 23 32 22 30 24 21 38 38 28 26 27 30 28 26 56 28 28 35 27 25 59 25 31 25 20 32 27 27 16 21 21 20 37 22 23 38 29 30 24 30 27 34 48 24 20 25 34 28 19 19 44 16 29 24 19 19 21 48 20 43 28 27 31 25 19 30 26 29 18 19 45 28 25 26 20 23 20 20 28 21 29 24 25 51 29 21 36 26 26 26 20 27 22 29 0 30 31 28 25 26 24 28 22 22 39 47 41 26 21 50 10 21 25 24 21 28 21 28 32 23 25 21 29 25 27 29 22 21 37 32 27 31 37 30 38 20 30 26 22 24 17 22
27 24 26 23 35 42 22 52 24 29 25 26 25 33 27 29 32 25 24 24 25 25 29 41 40 25 33 25 24 18 28 20 30 17 33 26 24 29 31 40 22 23 49 25 25 37 34 30 39 26 20 27 21 22 27 33 41 51 12 24 19 22 24 29 22 19 25 29 24 22 22 42 25 25 35 24 23 39 15 14 32 24 23 59 16 26 27 16 29 24 20 16 27 28 36 18 32 30 24 34 22 20 24 0 28 14 37 29 38 17 44 32 38 27 33 23 40 32 24 21 24 40 21 28 29 21 22 37 31 20 15 28 29 31 23 34 29 22 29 35 20 34 26 28 34 18 30 20 20 20
33 16 26 25 33 21 20 18 25 26 45 17 24 23 20 25 28 25 28 21 28 26 29 28 20 24 26 12 24 24 32 16 26 16 29 18 22 27 21 24 29 34 25 24 36 35 53 34 23 24 30 16 21 22 26 22 21 12 20 31 17 21 27 39 27 20 21 26 17 21 24 37 20 17 28 20 22 24 25 25 41 25 26 21 25 40 22 19 29 19 23 37 14 28 27 41 22 25 25 26 25 28 25 20 0 25 30 14 19 25 24 24 50 18 16 59 39 22 27 29 24 36 32 58 14 23 38 28 33 22 20 18 21 38 50 21 29 35 20 23 33 13 22 26 27 27 23 25 36 24
16 29 23 33 38 21 26 17 27 33 20 31 34 22 31 19 24 38 28 35 40 29 29 28 22 43 38 39 19 36 40 27 28 25 30 29 40 21 37 25 20 35 24 30 52 26 20 23 30 23 29 28 26 26 41 21 55 17 23 24 19 34 32 32 25 19 39 25 26 39 26 34 24 20 19 57 23 20 26 18 22 53 29 28 45 16 23 18 29 26 19 29 21 27 29 20 23 22 26 29 18 18 35 15 51 0 26 41 48 19 26 38 29 24 28 24 23 23 28 20 19 24 37 28 27 28 47 27 25 38 24 26 23 25 21 30 23 41 28 39 28 33 26 21 22 25 36 50 55 26
37 20 30 32 52 17 20 21 22 26 29 41 22 37 25 16 23 34 29 23 23 26 23 22 32 26 20 51 59 22 26 25 23 28 27 20 58 27 34 23 21 41 35 35 15 29 54 24 23 27 53 22 26 30 40 25 32 23 26 28 26 32 21 42 19 20 17 31 27 27 37 30 21 31 33 25 22 38 34 47 17 31 27 27 21 26 24 18 28 23 24 22 54 20 29 26 25 42 29 33 17 20 16 29 20 26 0 18 27 25 21 28 55 15 26 24 27 23 27 25 38 24 23 28 22 29 20 22 30 29 32 22 13 25 25 33 24 19 16 23 38 23 31 23 24 13 22 28 34 25
32 22 36 26 27 29 28 32 22 41 26 20 45 28 24 24 37 27 29 29 35 28 25 25 27 19 21 13 32 16 27 38 26 28 40 29 30 21 21 25 29 32 24 29 21 24 26 27 34 34 28 43 20 24 26 25 43 17 20 27 32 20 50 23 39 22 22 28 29 18 21 35 29 16 54 39 27 41 18 27 23 25 22 58 36 18 35 36 21 18 43 24 22 21 55 43 30 24 53 23 28 39 21 25 18 27 36 0 22 36 16 20 27 17 18 20 23 34 25 15 29 25 26 20 20 46 24 22 20 30 25 35 28 21 13 24 21 25 31 51 45 47 24 20 38 28 42 16 25 25
42 38 20 15 38 20 22 21 39 17 32 19 41 24 22 52 14 35 25 28 20 27 18 38 28 29 36 24 29 20 22 24 31 20 39 51 20 23 32 28 21 18 26 28 28 22 19 17 23 23 33 17 32 18 15 20 23 20 24 24 22 31 55 20 46 23 37 28 29 23 17 36 18 54 20 23 32 22 36 24 37 24 19 17 22 25 35 25 22 21 18 37 37 25 29 16 18 16 27 38 16 20 20 28 22 35 22 27 0 16 21 25 36 56 29 35 20 24 19 32 29 40 20 29 22 21 29 21 21 18 45 23 22 22 23 22 40 18 29 35 31 31 31 29 21 25 26 21 23 29
31 18 33 20 44 24 25 46 21 20 26 33 28 16 31 38 18 23 29 29 19 29 34 24 43 27 28 33 17 24 32 41 36 33 12 20 33 31 38 54 21 20 16 21 22 25 28 26 25 21 26 23 20 15 55 28 17 28 38 37 21 27 59 22 14 22 21 27 26 37 22 34 28 25 22 15 37 22 23 22 20 22 20 56 35 32 22 29 33 29 19 17 29 24 32 33 23 22 29 36 26 27 26 23 52 21 21 19 39 0 24 23 23 28 18 15 19 24 27 34 15 19 21 41 42 26 30 26 17 11 29 17 23 32 26 13 58 19 26 28 26 21 26 31 22 37 29 28 22 24
26 18 19 38 24 31 24 31 24 30 33 36 36 25 56 22 27 21 28 20 29 24 16 20 21 13 28 22 33 16 27 23 22 25 27 25 23 20 26 28 16 27 21 28 33 20 32 25 32 31 33 22 18 26 34 26 29 17 18 34 43 22 22 26 27 28 26 31 22 24 40 20 22 16 28 26 41 29 24 26 34 25 55 26 28 58 29 28 27 26 22 19 19 48 54 23 20 30 16 26 41 15 17 28 21 21 24 26 21 26 0 21 31 18 34 43 24 24 23 23 36 24 25 27 26 37 28 20 22 22 23 20 26 21 28 41 25 28 17 35 23 31 30 20 23 26 27 54 22 24
31 30 33 54 16 20 28 22 25 18 22 25 29 29 48 27 21 20 32 29 23 22 20 28 23 26 22 27 30 20 33 37 28 26 27 15 25 49 28 21 40 17 38 22 25 25 27 31 24 27 20 18 27 19 51 32 21 27 19 24 21 39 30 23 23 33 24 32 23 35 25 35 23 23 31 30 59 32 26 26 22 19 58 25 21 25 27 31 23 24 19 25 24 25 31 35 55 23 17 33 29 29 29 34 29 49 21 37 28 23 37 0 20 34 22 21 47 28 34 53 38 23 24 28 24 28 18 52 33 22 47 34 28 59 21 25 27 24 18 58 27 19 21 57 44 25 28 20 40 30
34 18 16 21 15 33 21 32 15 33 28 21 28 18 23 18 27 21 20 24 22 50 17 30 29 23 22 27 26 51 29 20 28 26 17 30 38 28 25 30 22 32 32 49 57 30 27 22 31 25 23 27 25 28 17 25 59 31 29 44 39 28 34 26 25 15 17 40 17 22 29 26 18 32 42 27 41 29 20 20 26 39 23 28 27 26 22 20 21 34 25 31 43 37 29 21 25 26 28 37 42 21 28 28 17 22 20 27 24 21 25 23 0 27 52 21 22 13 20 39 19 18 38 22 22 22 20 25 27 32 36 26 28 20 33 18 44 21 36 24 25 32 22 26 33 13 25 28 29 29
20 29 25 24 28 21 21 38 30 29 35 22 26 31 17 31 22 28 25 27 28 34 20 18 26 34 25 19 21 35 28 33 34 23 23 31 25 38 37 29 30 28 19 25 30 33 25 25 26 27 26 23 23 30 43 25 27 28 33 22 29 17 30 22 42 28 26 32 23 29 33 14 19 30 30 28 26 19 28 20 17 15 29 18 28 36 29 22 24 26 30 29 37 10 25 23 26 18 24 24 27 21 27 24 21 27 23 27 21 24 25 27 33 0 25 29 25 30 18 22 50 53 26 26 26 19 29 19 25 37 21 50 55 23 21 27 25 30 23 37 23 21 19 18 32 32 23 40 29 42
34 24 36 27 33 19 24 26 31 25 23 19 23 28 16 29 19 59 22 24 26 25 24 32 26 25 22 14 25 14 23 22 30 35 28 32 21 21 34 23 29 25 23 17 22 30 30 20 28 22 24 25 22 58 25 35 49 13 18 24 25 32 44 39 28 21 28 16 23 25 49 21 24 40 21 39 34 20 14 28 15 27 23 24 20 24 17 19 26 25 14 28 17 20 16 39 51 19 34 28 31 25 25 19 38 30 24 17 31 18 38 55 21 25 0 24 27 37 20 27 28 21 34 20 18 46 19 32 20 24 32 27 47 29 12 29 31 23 22 24 37 21 25 34 22 25 27 24 38 57
31 25 32 33 53 16 18 28 28 24 13 29 36 25 20 22 20 17 41 20 28 20 23 22 24 36 53 20 13 40 21 23 53 31 24 26 27 34 15 24 18 39 20 32 40 36 19 30 29 26 24 20 33 16 54 16 13 26 43 27 32 31 19 24 28 22 34 28 42 27 22 22 25 22 36 28 36 19 19 24 23 24 20 41 28 23 26 57 30 18 29 30 31 34 38 44 32 19 23 22 19 22 27 19 31 34 30 39 20 29 22 26 28 37 28 0 37 25 30 25 42 35 26 31 26 29 33 29 18 28 58 27 24 26 35 50 45 38 20 40 26 21 27 21 21 31 26 20 14 36
20 36 26 37 26 26 19 31 30 29 29 25 26 26 29 39 46 27 22 27 23 27 24 17 20 52 32 22 27 28 28 41 22 23 42 31 39 20 37 31 27 16 25 29 25 16 24 25 26 56 21 16 22 21 24 54 34 27 19 21 23 22 31 18 25 53 30 22 34 21 19 21 22 46 53 29 48 28 15 18 29 28 40 27 22 26 16 27 21 24 24 21 20 22 22 37 32 19 49 24 23 25 28 16 33 20 36 19 25 24 25 15 28 27 37 31 0 29 21 52 24 26 32 21 22 18 23 20 24 24 16 22 18 38 41 16 20 19 52 32 27 23 28 26 16 20 37 27 21 22
22 31 29 28 29 30 21 36 21 25 29 22 19 29 59 16 40 36 21 30 40 27 24 28 18 55 24 22 20 29 15 24 22 27 29 27 28 27 22 32 26 23 52 28 29 43 19 20 22 25 27 14 51 25 26 26 29 18 22 27 20 20 28 36 37 32 18 22 37 24 25 28 24 26 32 18 27 38 24 32 30 26 26 25 19 29 16 17 17 16 17 18 35 45 32 23 28 40 25 21 25 22 22 43 22 30 12 25 28 59 26 34 19 27 20 19 25 0 18 34 22 20 27 20 21 58 25 49 21 30 17 24 15 38 25 21 31 22 17 21 37 27 19 29 19 11 28 27 40 27
32 29 38 27 29 20 26 52 29 29 40 21 29 28 18 22 24 25 20 25 30 22 27 24 39 29 21 57 20 31 24 23 51 31 28 36 19 35 41 21 28 39 49 31 40 42 25 24 15 27 20 18 28 44 50 32 25 24 28 27 28 23 41 25 35 20 33 20 37 29 27 34 15 19 28 30 32 22 40 32 13 33 16 54 21 20 25 28 50 22 20 29 24 24 28 22 20 25 34 24 37 28 45 37 25 25 19 27 38 33 38 19 26 45 40 24 31 30 0 23 38 29 52 43 28 26 37 20 29 25 17 27 56 28 36 26 58 43 22 59 35 27 49 59 27 46 17 27 30 32
16 23 45 39 23 22 31 30 28 36 32 21 39 24 29 28 26 29 21 19 43 49 54 23 39 22 27 23 22 32 38 42 31 31 36 20 20 38 32 29 29 27 31 21 15 26 48 25 20 28 22 48 33 48 20 31 19 22 32 23 20 9 29 26 17 26 25 23 24 18 21 18 25 37 26 32 27 39 37 18 36 59 23 34 27 22 19 21 20 32 29 30 29 32 25 27 15 22 24 25 35 30 25 17 41 20 32 32 18 29 45 21 28 27 15 44 24 26 59 0 22 23 17 39 27 27 19 25 24 25 19 36 23 18 38 47 34 26 20 30 20 21 52 45 48 25 25 20 15 23
43 26 29 27 19 35 55 31 16 26 24 19 32 31 40 53 18 20 18 37 31 29 22 35 19 36 19 24 30 25 29 28 50 37 25 29 20 14 23 19 31 29 23 36 29 20 20 38 22 23 17 39 35 23 28 23 32 32 28 25 20 29 23 22 25 21 27 20 27 36 24 23 22 31 37 21 27 30 22 48 25 26 21 34 23 25 25 36 23 21 26 25 24 27 16 27 20 38 19 17 25 45 45 16 47 23 36 23 20 28 20 23 23 20 27 20 23 27 24 29 0 20 45 35 26 44 38 27 27 27 21 46 31 25 30 34 21 21 24 26 20 39 25 25 16 28 19 34 50 55
23 12 29 20 27 34 18 26 18 31 22 20 21 42 30 40 22 30 27 27 33 25 35 36 14 22 26 36 32 22 22 52 41 29 18 23 20 20 34 27 23 22 23 56 19 39 25 32 27 40 22 29 26 19 15 25 20 29 24 29 38 35 20 29 21 32 30 20 30 36 24 21 29 37 22 16 27 28 20 32 36 20 26 29 44 22 27 21 39 25 16 28 31 33 15 28 25 27 36 35 23 35 36 27 26 27 28 29 19 12 23 24 58 22 37 16 41 30 23 23 27 0 28 32 22 22 24 35 21 12 30 30 20 18 25 18 31 32 27 26 18 34 27 41 20 44 25 20 22 31
32 19 24 22 34 23 34 32 26 46 20 37 23 32 24 28 21 16 38 22 22 29 26 24 34 36 21 32 36 25 26 30 20 18 23 30 38 27 23 36 24 26 21 53 20 34 24 34 21 21 27 49 22 27 26 42 30 30 51 36 32 29 24 26 19 25 32 25 18 41 29 28 29 23 18 27 31 59 35 16 31 26 29 17 29 50 24 51 25 22 28 15 26 23 35 20 22 26 19 57 22 26 26 23 21 26 20 22 26 25 19 36 34 16 38 35 32 35 27 23 19 29 0 40 55 27 53 16 29 29 21 32 32 24 15 40 20 20 18 22 24 19 22 40 24 30 33 20 24 37
18 25 58 16 47 24 59 23 53 24 22 20 29 43 32 19 25 41 33 41 29 24 36 25 20 29 33 51 38 52 59 31 45 22 25 28 32 21 27 20 20 24 17 54 29 29 23 40 20 35 25 28 37 33 55 29 27 19 15 29 23 23 26 19 45 21 31 30 31 36 27 27 34 16 15 25 17 25 35 49 28 27 28 18 46 21 36 34 19 36 23 25 18 36 27 27 35 37 24 25 24 37 18 24 20 25 28 13 27 29 46 16 24 28 24 20 26 25 20 37 29 24 24 0 15 20 22 25 28 52 27 38 36 23 19 50 37 25 22 24 24 15 24 31 32 16 26 18 33 28
21 26 26 20 28 24 24 26 28 35 21 29 24 48 26 22 29 31 37 40 25 38 30 15 20 16 34 26 28 19 31 17 52 20 22 20 27 30 31 21 23 29 27 30 42 24 52 38 15 22 29 25 24 36 17 41 17 18 31 29 21 35 33 27 21 21 33 32 22 35 59 48 29 14 41 38 33 19 41 28 46 28 31 18 21 20 20 19 21 34 17 21 18 27 24 22 25 36 35 53 18 28 29 18 17 36 49 14 30 27 18 32 27 25 16 23 21 24 22 22 31 25 24 24 0 53 23 28 30 20 25 17 18 20 24 28 26 43 23 29 23 29 22 21 18 23 37 23 44 35
28 28 29 32 23 27 26 20 27 29 20 39 42 28 31 32 32 25 20 26 22 29 18 20 30 32 30 52 22 19 25 17 26 31 44 33 34 17 17 36 18 25 20 24 18 21 30 25 24 41 21 17 21 20 22 23 21 29 26 41 29 19 32 22 21 28 27 43 28 29 25 38 22 32 23 26 22 14 48 22 20 47 37 30 27 27 34 18 25 19 24 25 29 19 22 34 26 21 21 29 59 20 22 20 32 35 30 22 17 31 29 23 22 12 26 54 22 27 24 25 58 27 25 29 27 0 19 19 43 25 24 23 26 19 22 23 25 26 15 20 30 26 20 59 36 26 38 35 19 20
22 24 28 25 42 22 25 29 40 18 22 16 20 20 25 36 24 24 23 29 27 36 21 23 30 21 31 30 19 29 19 24 40 23 26 19 28 26 24 28 22 19 26 26 24 14 24 15 23 35 59 10 21 44 27 26 45 20 37 17 40 29 22 23 20 15 28 28 35 19 26 38 21 24 39 15 30 27 35 26 19 23 40 18 20 22 22 23 27 19 19 23 22 23 29 20 34 19 18 16 33 24 25 22 32 23 23 29 24 25 20 16 28 24 41 23 25 25 20 26 27 24 38 37 29 47 0 24 22 24 22 27 52 22 24 34 26 18 21 20 19 18 24 21 31 35 27 32 29 47
24 30 43 19 26 17 34 52 30 28 29 21 22 22 26 47 27 22 15 29 19 37 58 27 24 27 27 36 38 23 34 24 22 20 24 55 23 25 46 34 45 22 25 20 49 35 21 26 29 29 33 17 21 25 38 55 24 36 27 24 25 28 20 20 38 25 24 19 27 46 29 17 32 26 20 22 18 20 15 24 23 24 34 36 27 32 25 31 39 21 24 23 20 22 16 27 24 16 34 31 28 24 30 26 26 24 36 19 45 28 20 32 26 58 28 20 32 32 22 18 20 19 30 24 22 35 26 0 25 24 20 14 37 25 26 21 18 32 25 25 32 38 33 15 21 30 19 27 21 27
23 15 38 42 15 25 39 23 19 14 15 32 14 38 30 20 21 16 27 21 10 44 21 20 18 27 23 28 26 12 23 24 38 31 33 55 34 28 38 23 31 23 23 50 17 25 16 24 18 14 33 22 22 54 24 22 39 28 21 22 57 26 22 21 23 31 31 59 19 22 27 32 45 59 21 22 28 26 17 31 29 22 20 42 40 20 27 17 22 22 25 26 16 24 16 24 28 24 28 37 28 29 29 27 22 23 21 32 36 23 14 21 23 25 22 25 29 35 34 20 24 25 22 20 38 19 37 26 0 23 19 32 19 28 31 20 22 38 38 30 14 27 28 20 20 24 40 22 23 27
45 42 56 19 28 25 25 22 29 28 27 28 22 35 34 40 23 20 55 41 30 25 21 34 23 26 21 18 18 25 31 29 27 19 16 23 22 28 25 23 21 22 58 38 27 32 45 23 28 16 41 19 40 21 55 21 35 36 33 29 32 40 22 52 23 15 27 21 30 28 26 25 34 34 36 31 18 22 22 18 36 22 21 49 23 33 42 29 27 37 51 21 21 27 22 27 58 31 25 19 21 27 20 23 23 58 54 42 23 17 52 44 50 28 20 22 31 35 20 15 20 15 28 37 35 28 39 21 15 0 20 23 37 21 20 18 20 36 25 51 22 29 34 36 24 29 31 22 28 20
23 28 24 29 38 24 47 22 22 22 29 28 15 41 37 40 20 32 18 27 33 27 32 17 51 18 27 25 23 39 26 46 42 37 23 27 25 40 23 20 23 28 21 25 32 12 28 23 21 15 16 26 26 21 26 23 27 25 25 17 28 25 33 26 37 28 20 24 19 29 19 21 32 31 31 57 42 30 39 36 20 25 30 23 19 24 24 28 22 23 29 28 23 32 40 30 26 15 58 56 38 23 26 32 27 22 30 20 28 24 27 25 22 29 20 25 26 29 28 16 13 55 28 25 22 21 20 29 26 29 0 26 23 30 29 26 49 59 30 18 36 22 22 29 24 26 35 24 25 38
22 26 36 38 23 26 54 28 21 20 28 28 27 40 38 35 20 41 36 31 20 21 35 21 25 29 34 31 58 26 29 18 24 28 26 24 51 31 30 42 34 28 24 59 27 20 22 28 24 28 26 25 16 23 22 38 22 39 22 32 21 20 19 29 27 26 17 27 22 34 28 41 21 29 26 35 23 15 16 30 24 56 21 33 32 19 57 18 17 18 26 26 19 26 27 29 26 28 19 35 28 29 21 48 27 25 22 34 22 27 39 26 21 38 18 20 28 28 15 27 27 36 18 27 26 22 26 24 27 15 21 0 40 21 40 21 27 22 23 20 38 36 26 26 31 30 25 24 28 33
23 41 23 40 22 24 18 33 20 27 26 35 21 24 16 18 23 26 24 14 34 26 22 49 27 32 15 24 24 31 32 21 20 27 35 37 35 52 23 22 23 27 34 20 27 26 21 27 28 23 38 21 36 36 26 56 24 28 29 21 22 28 19 29 32 32 23 21 37 19 24 24 35 26 36 27 16 23 15 39 26 24 45 34 39 29 15 29 33 18 36 32 27 36 28 27 28 34 16 23 19 24 21 23 23 22 23 43 19 22 18 19 17 27 33 26 21 21 27 28 19 28 26 26 28 27 34 23 31 39 25 24 0 29 34 22 33 32 23 26 28 26 22 22 23 25 29 19 41 37
21 20 22 58 30 22 19 32 15 49 19 21 38 22 26 57 18 33 23 20 17 30 14 27 17 40 44 29 19 15 17 29 23 22 22 20 26 51 22 38 27 23 33 26 59 27 22 25 25 43 32 19 38 40 18 26 32 29 20 54 20 20 29 31 33 25 22 20 37 32 18 36 18 20 31 46 25 25 31 31 22 40 26 27 22 21 24 27 34 30 29 55 16 25 25 21 25 29 28 22 21 39 44 24 35 51 26 23 14 29 29 27 23 20 31 20 27 25 26 26 30 23 26 27 37 29 25 28 18 35 44 21 40 0 25 15 22 17 22 47 14 17 35 26 21 25 24 21 32 37
40 29 30 57 29 18 22 26 28 34 28 20 26 18 14 29 26 29 17 22 24 29 31 43 20 21 23 43 27 18 30 26 31 23 34 27 21 21 23 22 27 32 26 32 20 31 23 21 26 57 26 41 30 22 30 21 31 16 24 32 18 27 46 25 27 22 20 57 28 25 32 16 23 22 25 18 33 38 32 21 29 34 53 14 26 19 22 26 25 29 11 32 12 28 16 26 20 24 24 23 20 28 21 22 22 23 24 59 41 49 20 23 29 39 9 16 17 24 36 52 52 33 35 13 25 27 32 22 23 56 44 29 36 26 0 27 23 22 22 33 26 15 42 27 27 24 29 39 25 19
17 18 24 13 24 27 20 26 58 41 24 37 20 20 21 25 20 17 21 26 40 20 31 24 23 24 26 32 20 28 34 26 25 27 17 27 24 20 25 47 28 44 28 41 22 31 27 18 30 20 28 55 46 26 20 28 24 41 44 37 27 16 54 30 26 25 23 20 21 19 24 17 23 22 27 26 26 27 51 18 23 19 29 21 37 23 25 26 18 16 55 48 23 34 52 28 29 31 23 31 27 40 41 39 30 29 20 19 17 13 57 23 38 26 22 37 19 33 59 17 27 16 22 39 59 22 35 25 23 18 24 20 24 22 21 0 23 46 37 26 29 28 19 38 30 21 31 35 17 32
25 29 25 31 22 58 25 25 28 25 20 24 22 25 28 36 37 29 28 25 32 17 29 23 29 25 35 14 28 42 23 25 23 25 19 36 30 39 28 31 27 23 26 19 35 51 28 26 29 27 34 26 31 22 31 38 47 27 32 28 24 40 29 34 27 24 31 22 27 26 18 17 26 27 26 25 25 26 27 37 25 17 28 34 26 23 29 21 24 27 24 15 20 20 54 28 23 33 14 24 26 25 39 27 26 34 25 26 28 28 29 26 29 27 25 26 48 25 31 24 35 26 37 59 32 32 35 23 27 27 24 38 21 19 37 31 0 38 20 20 22 25 23 16 34 38 21 25 22 30
28 35 35 34 25 27 17 26 47 25 21 19 32 25 26 25 23 16 40 20 25 25 22 35 29 29 30 15 31 17 25 22 25 57 20 36 21 50 23 26 20 35 18 29 20 24 24 54 31 22 20 33 36 22 31 29 31 24 56 25 28 22 49 28 55 13 34 37 28 34 26 20 22 22 24 25 20 24 20 12 32 28 26 32 30 25 37 23 22 49 20 35 31 28 36 24 37 42 25 16 28 48 18 17 24 40 31 29 23 28 21 20 20 35 26 30 27 31 19 24 21 21 19 24 35 59 28 41 24 41 18 24 29 22 17 29 26 0 16 40 32 21 33 27 36 31 27 23 30 27
25 33 33 28 20 43 23 25 32 33 29 27 19 47 26 49 22 23 29 33 22 22 19 32 22 25 40 23 36 21 21 36 26 16 29 48 25 32 26 27 26 30 40 17 24 18 33 26 32 26 33 30 39 23 35 23 26 29 30 26 34 40 14 25 21 33 32 24 23 33 27 58 26 23 38 22 22 27 22 25 23 25 23 40 27 29 22 22 28 9 33 22 29 46 15 22 23 26 52 24 29 31 21 26 25 52 22 29 29 28 58 27 27 31 57 22 21 26 29 35 32 25 31 24 36 18 30 55 20 23 31 24 36 18 26 34 23 28 0 26 23 24 14 35 57 29 25 21 28 23
24 36 27 26 21 20 23 28 25 26 24 23 27 20 25 25 28 58 34 24 21 38 58 26 20 38 26 19 43 33 28 27 28 20 22 22 29 25 19 53 14 28 30 27 31 19 29 32 30 38 24 25 29 15 21 24 48 41 34 28 39 26 27 25 37 31 21 27 16 43 24 28 20 24 24 32 25 19 23 48 59 23 21 28 36 25 41 20 28 24 26 26 59 27 21 43 27 33 15 27 22 28 35 33 31 30 38 25 25 19 22 28 26 21 21 53 27 29 19 21 33 29 18 29 21 47 38 21 28 43 20 21 16 38 21 22 16 51 25 0 20 29 20 29 38 52 38 23 31 34
38 20 23 21 18 21 39 41 20 11 23 55 20 29 39 24 36 21 35 26 16 23 20 26 55 27 15 42 29 16 56 22 36 46 46 22 37 56 31 18 25 31 56 38 21 22 20 36 27 28 29 21 19 28 19 20 37 20 21 33 22 49 29 28 32 20 26 23 28 23 39 15 33 27 43 23 23 27 33 22 40 29 23 18 17 28 35 28 20 21 27 18 28 27 57 23 28 26 24 19 27 25 19 20 59 30 16 22 39 24 20 20 26 29 23 37 26 46 55 26 48 15 24 32 32 34 22 51 17 16 32 28 34 14 29 35 23 23 29 25 0 19 22 28 25 23 46 27 22 34
25 17 25 31 26 32 20 22 15 34 37 23 28 30 16 26 26 32 40 40 25 26 29 39 26 21 26 20 23 24 21 29 23 31 16 27 21 34 25 29 40 17 41 38 26 53 44 35 23 30 21 20 55 23 33 25 24 13 35 30 26 27 25 28 30 28 15 25 33 50 35 46 28 43 32 27 25 24 29 36 25 26 36 16 16 23 59 40 21 46 15 26 19 34 26 29 21 30 29 23 22 23 25 25 21 27 36 17 21 30 16 21 20 21 19 29 25 35 30 32 57 26 39 15 11 21 25 28 25 29 38 24 22 30 17 21 27 20 28 18 39 0 28 15 22 25 23 33 25 26
34 33 24 20 24 26 47 23 36 50 30 43 53 31 30 24 26 26 19 28 27 44 23 26 20 30 31 34 27 36 20 29 21 22 25 29 28 30 35 19 21 27 19 32 39 28 39 21 40 27 24 20 36 30 20 28 29 40 21 23 29 32 26 38 22 27 55 53 24 20 23 19 28 28 35 31 19 25 29 55 27 27 27 24 29 21 22 14 28 19 20 22 33 56 31 31 26 27 29 22 32 22 34 28 14 31 18 27 32 42 19 23 28 28 21 27 24 20 53 28 22 42 55 25 26 29 21 31 20 28 17 36 30 40 32 23 39 29 41 27 45 28 0 29 20 28 29 27 19 50
20 23 29 22 19 33 46 21 25 29 27 17 23 28 24 42 28 16 21 22 28 28 27 55 32 20 23 28 30 28 20 24 37 19 41 21 28 14 22 20 21 23 29 23 18 29 23 29 42 24 30 25 41 21 27 39 26 24 54 16 23 29 37 24 23 26 21 28 34 26 24 31 40 41 28 17 24 58 24 50 31 22 24 27 27 23 42 15 28 53 36 17 38 39 14 29 21 20 27 17 19 25 32 31 30 38 31 22 50 23 25 29 29 29 23 42 33 20 19 29 22 57 20 32 18 22 26 15 23 47 29 31 22 16 25 25 26 39 17 22 25 20 21 0 29 38 22 21 26 23
29 29 24 21 23 26 25 38 36 49 15 20 25 57 33 23 17 32 24 21 21 53 27 26 19 26 26 35 22 29 38 28 25 57 20 23 16 27 23 25 34 23 22 27 24 24 57 31 40 21 20 43 29 25 21 27 39 22 23 28 21 21 44 21 27 27 17 40 36 59 30 18 20 24 34 59 15 28 19 31 21 23 29 14 43 22 45 19 22 25 18 32 29 29 27 26 28 27 21 27 38 25 22 28 20 57 24 22 22 20 20 21 29 30 35 30 24 25 28 37 24 28 22 29 26 51 22 26 27 35 25 21 38 57 29 20 49 37 54 21 24 30 26 34 0 56 31 16 30 22
28 40 27 31 30 19 27 29 25 25 22 15 25 28 20 15 18 20 35 20 33 26 24 31 24 25 22 29 25 24 58 27 21 25 31 28 18 23 15 24 27 28 33 31 19 29 26 28 25 20 41 25 26 32 26 32 27 29 26 38 25 26 23 44 21 19 27 18 24 16 25 21 34 21 25 26 31 30 50 28 23 23 21 29 36 23 23 23 59 30 24 47 37 23 39 23 17 21 22 21 27 18 24 23 32 18 15 25 31 20 28 24 16 41 38 31 27 15 46 41 27 20 28 17 16 36 54 19 22 27 36 32 15 21 26 54 29 20 50 23 24 38 19 23 22 0 22 18 22 26
14 45 33 42 25 26 36 39 21 38 20 46 20 32 24 23 20 24 33 48 24 20 16 24 28 22 29 27 32 21 35 27 23 20 22 31 16 16 20 20 25 32 21 27 31 26 24 38 36 28 26 19 56 21 23 27 22 21 25 17 29 36 19 15 52 32 25 26 23 49 31 20 24 21 28 27 16 22 21 19 18 36 21 25 25 24 15 25 36 16 32 25 35 28 28 18 40 28 20 24 28 29 41 20 16 29 32 27 25 35 31 31 30 38 21 20 57 24 16 37 27 19 20 19 27 20 52 30 36 27 22 26 38 16 24 37 25 27 31 23 49 21 26 29 21 28 0 56 42 19
24 21 18 23 17 21 24 22 25 31 21 16 16 50 28 22 33 20 46 23 16 30 24 26 56 20 21 22 26 29 29 21 25 40 29 22 21 16 57 24 17 20 20 30 27 27 24 18 25 22 25 26 26 21 20 27 30 41 23 22 23 26 30 25 38 31 17 17 36 38 22 28 22 28 29 27 31 28 25 32 24 35 36 28 36 29 29 19 38 21 19 20 26 20 20 26 15 37 15 19 21 20 29 19 39 28 28 23 33 21 29 21 21 28 19 26 24 28 23 18 28 30 32 55 15 40 25 25 39 26 33 25 23 27 23 36 18 19 32 37 28 25 28 39 23 39 29 0 29 20
20 25 26 23 29 23 22 32 32 29 17 29 23 23 21 27 25 19 27 25 51 25 36 34 49 16 30 21 28 26 36 14 28 38 20 23 19 39 21 21 20 33 26 35 41 20 29 21 38 23 28 26 18 30 30 27 27 17 23 18 25 24 16 20 29 38 22 20 17 22 52 27 26 31 44 27 26 23 22 19 23 23 56 40 28 26 22 27 16 47 20 41 32 21 28 23 24 27 32 14 28 29 29 29 27 24 16 19 29 35 22 27 19 30 20 21 29 18 29 10 27 21 35 24 22 19 22 48 21 25 22 33 27 24 15 16 36 29 23 23 27 34 23 29 21 25 23 28 0 22
23 37 22 14 32 20 32 29 12 56 30 18 25 34 26 20 20 35 26 30 29 22 25 23 21 17 16 24 46 40 17 37 25 24 24 38 27 15 34 32 31 21 30 40 25 27 15 21 28 24 21 23 29 28 25 29 25 27 22 38 24 38 17 27 24 22 35 28 40 18 20 27 19 27 52 33 22 21 24 27 26 22 32 21 27 27 25 37 32 14 22 43 30 21 28 26 24 29 37 19 38 52 49 52 20 21 26 32 23 22 28 22 28 25 49 17 29 22 27 50 20 20 19 24 24 27 23 42 27 21 19 22 34 20 26 51 27 23 22 18 34 17 30 21 31 39 49 42 20 0
