150
71 45 42 56 73 1118
38 38 70 69 37 4407
57 58 75 39 74 3073
50 41 54 53 47 1907
52 37 53 49 59 2189
66 75 73 72 66 1737
55 70 63 70 51 4464
44 37 75 69 74 4177
55 52 46 54 58 2758
59 47 57 53 51 4422
56 41 73 67 51 3889
59 73 61 48 68 1417
53 57 51 63 68 2231
64 47 44 53 61 1931
61 41 53 65 64 2223
53 57 66 39 55 3871
73 47 55 67 60 1133
72 70 48 63 53 4461
64 54 40 70 60 3335
59 63 49 67 73 1142
40 45 38 38 73 3558
50 43 64 40 65 2478
70 52 50 53 37 2755
66 43 53 52 45 2198
69 56 57 74 44 3624
68 68 38 62 64 3347
62 73 49 66 47 1959
65 65 48 46 61 1116
61 58 50 40 41 1081
58 73 58 63 55 4462
39 56 38 43 46 1053
39 75 38 42 45 3840
44 44 61 59 51 1367
44 44 38 57 56 1624
37 59 48 46 62 4130
41 43 39 68 37 2998
57 46 59 64 54 1942
43 65 72 45 71 1127
70 38 70 67 50 3619
40 49 37 64 60 1081
41 59 46 55 71 3042
64 54 59 50 51 4433
42 64 57 49 69 1389
41 65 59 48 41 2747
53 46 65 68 72 3351
37 67 62 50 45 3585
37 75 42 65 59 2771
75 73 39 41 62 3337
53 45 67 63 54 1390
42 62 62 37 63 4421
37 56 75 41 55 1649
60 52 60 39 61 4150
52 51 59 62 53 3601
69 44 62 69 54 3345
68 47 70 45 59 1951
42 52 64 55 53 4421
64 72 71 72 46 3649
44 65 45 39 42 3005
39 68 49 57 66 1110
67 63 42 67 65 1966
55 46 54 45 64 1926
39 65 54 64 53 1383
37 75 37 61 73 3053
60 62 57 59 62 1131
64 75 59 67 65 1438
39 72 63 51 45 3317
72 49 37 42 61 3585
39 62 59 46 60 1374
57 75 54 41 58 3609
42 45 40 73 64 1926
52 73 64 38 56 3330
43 49 45 54 75 4421
64 60 67 42 66 4177
53 60 67 65 46 1399
42 49 45 61 47 4122
70 69 75 75 66 2571
55 61 56 51 53 2769
71 54 56 67 50 3068
64 38 48 48 40 4393
48 53 59 50 56 1097
44 69 43 58 54 2761
53 41 69 45 37 2184
37 63 68 53 51 2765
44 38 44 73 75 3321
71 71 64 44 39 1397
74 43 70 69 50 1414
70 38 49 60 47 3865
58 57 39 70 55 4157
54 56 68 72 54 3905
49 37 50 42 39 1048
65 58 39 49 40 4406
48 51 45 72 64 1942
69 67 50 39 43 1099
43 67 53 63 49 3322
60 52 74 49 41 2215
56 46 47 51 42 1350
72 40 64 67 55 4176
47 61 71 59 48 2225
58 37 60 52 41 3849
70 42 49 55 41 2473
48 64 68 38 37 3856
68 46 67 53 56 1675
53 53 63 46 74 3613
54 59 37 42 53 4400
39 50 38 69 68 4142
39 50 69 41 54 1084
53 75 46 52 51 3047
54 44 48 42 58 1631
60 48 68 54 48 4156
48 73 67 58 48 4172
71 72 50 40 58 1399
71 47 54 61 43 3323
41 48 40 68 62 3860
68 41 70 48 40 1375
58 74 53 38 56 1387
61 39 60 38 42 3841
43 67 50 48 69 2770
67 64 47 72 51 3625
47 54 55 61 58 4430
66 45 40 53 72 3046
43 60 62 50 58 3320
59 70 71 55 56 3635
40 54 66 59 59 2771
63 64 58 41 46 1657
62 51 44 54 57 2207
41 41 45 54 64 2184
63 39 50 45 71 1653
75 75 75 50 42 1425
54 68 51 62 73 2524
69 40 72 56 55 3339
43 41 49 70 63 2482
66 43 56 58 55 2494
72 42 75 46 75 4188
59 64 41 65 58 4442
63 49 50 53 71 3056
37 66 59 56 64 2221
68 51 37 47 68 3595
57 51 64 52 69 4448
71 69 53 65 51 3356
47 42 38 46 65 3839
53 38 53 48 74 2205
66 75 72 51 74 3108
64 71 43 64 50 1400
58 59 69 58 57 2240
65 42 46 75 47 3045
69 69 71 38 71 4196
64 54 44 67 73 4180
50 37 72 61 49 2762
45 61 61 57 72 3897
67 64 75 49 45 3624
0 79 90 71 48 57 92 82 53 73 34 49 62 74 97 92 30 78 92 106 81 100 84 104 100 58 108 68 96 52 57 68 41 44 33 101 75 42 74 63 57 27 56 69 31 38 36 41 97 66 42 96 109 34 66 90 101 53 77 54 40 64 80 46 64 50 78 33 56 44 110 45 48 94 61 107 50 63 37 110 88 65 86 109 85 69 29 69 83 61 36 47 105 46 60 82 96 44 103 97 103 58 92 62 35 28 105 75 78 53 108 44 37 71 97 95 32 69 64 108 41 50 78 89 79 56 70 83 92 104 92 42 29 30 28 58 92 89 49 50 104 41 93 30 82 103 51 37 87 53
102 0 30 72 68 80 64 27 84 101 85 104 66 55 68 38 102 32 85 108 96 76 78 94 61 31 46 77 29 59 77 54 33 42 81 83 99 38 97 57 40 36 83 44 39 64 49 75 90 35 66 54 105 28 110 48 97 78 80 27 102 53 85 43 27 72 82 98 86 35 88 70 43 52 101 110 89 86 52 104 44 104 33 76 47 94 87 40 45 29 33 69 95 53 72 80 27 92 69 103 98 72 89 69 56 96 102 85 57 31 78 56 96 56 56 29 56 69 58 56 107 107 79 90 102 75 80 71 79 77 28 77 74 69 76 55 102 49 73 91 66 60 33 31 99 34 46 43 55 72
47 41 0 53 82 97 31 81 96 57 46 68 106 79 76 30 54 96 103 67 50 65 48 87 95 67 100 109 88 54 56 79 101 99 29 87 103 50 45 35 74 100 80 37 84 91 30 39 29 74 90 60 95 105 31 100 69 85 94 103 62 104 59 90 32 78 84 37 103 34 49 77 35 62 44 31 88 55 99 103 110 66 45 92 100 37 50 52 100 88 52 107 85 69 38 72 86 105 43 64 54 69 50 79 38 95 61 54 35 38 92 92 51 51 105 40 62 101 38 81 72 97 84 97 103 52 32 80 102 104 29 78 98 97 101 76 49 105 59 34 45 43 35 73 82 82 48 33 74 105
85 74 29 0 52 81 81 40 47 57 52 40 103 110 40 78 52 104 36 48 83 61 55 79 81 87 107 54 27 75 35 82 30 99 61 64 90 108 103 105 33 97 74 80 79 95 79 33 95 85 66 47 64 107 40 85 56 98 72 70 48 39 41 60 109 103 82 67 96 97 97 41 71 56 77 38 40 41 104 55 34 68 48 50 70 43 45 108 47 40 100 46 29 85 51 31 53 81 104 49 57 68 68 84 109 70 58 102 76 36 101 101 32 46 38 89 52 92 99 66 80 89 88 60 68 74 95 91 70 104 104 56 95 102 38 65 104 72 34 55 30 79 75 27 103 43 95 90 35 45
28 97 37 103 0 46 71 78 58 63 42 37 74 68 96 99 88 35 48 33 50 46 29 76 106 54 38 37 43 89 51 70 100 110 28 55 36 41 51 64 37 33 89 101 31 31 80 67 99 80 85 90 105 64 99 74 46 110 64 27 39 78 67 30 34 70 94 95 27 34 50 100 48 60 63 61 43 97 90 37 39 49 53 32 40 50 95 44 51 54 33 102 76 56 34 99 60 69 105 54 91 35 96 61 31 79 34 32 31 47 82 42 110 92 100 81 43 104 87 44 69 78 73 84 61 43 93 68 64 37 102 45 91 40 92 90 50 69 60 76 56 27 88 106 74 105 32 27 49 73
67 29 105 67 55 0 49 53 96 27 53 67 60 43 100 97 104 59 77 103 93 56 82 62 82 97 73 32 105 96 48 58 93 53 104 93 105 93 70 46 38 59 90 38 30 37 30 78 96 64 32 50 86 103 60 61 103 108 35 91 90 94 100 62 88 28 50 29 88 93 35 40 79 101 46 102 71 54 91 63 88 85 101 47 92 64 62 89 77 36 96 73 34 82 89 64 92 83 43 55 63 63 56 45 56 109 35 85 34 65 72 44 84 97 40 75 46 44 68 47 87 72 80 84 89 42 44 56 85 38 55 80 95 80 47 42 101 34 60 101 81 36 89 105 64 60 37 64 60 88
78 80 92 54 45 52 0 98 33 76 40 34 89 59 61 47 31 35 107 74 51 92 72 108 35 67 29 76 73 104 80 52 77 100 80 71 101 33 80 93 89 29 109 88 73 106 30 77 45 66 41 47 88 99 79 30 105 66 39 74 73 80 33 29 69 50 28 100 86 41 28 31 103 49 108 82 72 72 93 92 36 44 41 78 45 70 57 61 58 106 61 82 104 95 61 89 61 34 38 70 81 47 81 48 61 93 107 61 78 52 82 98 72 83 63 61 33 29 92 86 110 67 36 40 102 63 51 90 60 31 55 53 39 96 81 61 107 74 32 82 51 110 59 33 64 61 78 37 110 78
106 62 109 62 72 32 58 0 41 57 96 103 69 80 42 105 61 68 106 41 43 102 43 110 69 80 75 107 75 101 98 63 71 97 62 56 92 83 28 65 51 43 51 76 62 43 101 75 68 101 98 93 54 33 95 97 97 103 106 77 41 108 100 73 98 69 74 44 31 91 76 52 43 74 36 30 41 27 84 66 31 37 50 104 58 108 29 43 28 80 95 103 54 39 40 57 102 54 56 82 71 38 75 48 78 63 78 80 86 35 106 71 104 108 79 39 52 75 86 57 72 40 48 101 47 63 66 33 102 43 81 38 36 50 38 77 34 63 97 34 61 92 85 29 44 29 33 42 51 81
99 100 75 82 64 35 33 68 0 49 47 89 106 83 98 96 42 93 67 75 64 87 61 80 55 106 100 48 30 99 40 67 103 29 101 37 86 101 107 55 36 61 66 110 92 48 48 99 107 104 107 72 40 110 104 33 87 40 96 109 80 36 30 85 57 50 79 42 86 42 79 51 46 71 44 60 31 36 68 103 28 82 38 44 64 74 102 44 99 34 45 93 53 47 109 59 107 30 87 76 51 109 48 48 98 94 72 53 104 36 57 30 27 90 47 102 40 30 44 86 55 107 59 43 76 31 55 33 37 73 71 81 52 57 40 65 83 75 81 77 107 83 75 30 105 90 63 101 68 41
68 95 100 77 47 74 80 65 102 0 28 60 60 98 100 62 83 87 80 29 51 63 109 76 47 63 106 108 52 37 100 55 34 44 110 73 47 64 91 27 84 93 43 84 52 37 30 64 58 109 101 69 105 85 74 72 56 98 27 103 89 61 40 94 80 36 53 74 75 103 63 89 97 31 53 56 66 50 94 60 35 76 51 48 46 104 92 62 41 83 40 85 34 35 90 108 65 90 52 32 82 68 54 40 49 81 94 45 87 46 109 72 59 41 76 63 32 94 75 47 30 55 61 74 58 43 70 67 103 57 46 45 37 31 97 61 91 33 55 78 101 104 76 107 36 93 68 69 74 45
53 68 105 105 85 41 84 110 54 95 0 43 55 68 35 42 46 31 28 109 45 71 35 75 71 84 104 100 39 105 100 60 94 57 31 41 103 79 32 75 30 72 94 108 44 71 44 62 63 106 62 87 94 52 56 84 96 95 58 60 109 44 35 67 79 51 34 57 80 42 31 87 49 63 36 94 33 52 35 103 93 39 106 110 100 89 109 42 88 84 52 61 27 60 57 41 97 74 27 40 65 31 53 83 70 91 34 102 55 71 84 60 109 104 82 50 43 50 86 97 59 78 61 87 101 31 70 41 93 43 85 75 40 98 35 103 55 88 79 99 35 85 70 64 94 64 107 28 39 71
59 110 100 88 79 102 35 69 101 66 108 0 42 35 90 75 52 81 73 103 39 29 65 93 33 29 45 94 83 44 109 107 67 72 45 61 27 34 28 93 45 92 33 84 86 46 100 35 75 35 72 81 70 103 49 96 55 71 38 105 27 28 40 84 85 99 73 70 49 49 56 41 33 78 108 39 81 61 77 77 36 94 44 34 64 89 104 49 86 55 55 67 39 39 57 110 56 63 107 107 98 76 71 88 55 64 77 101 90 97 29 39 83 58 102 90 29 101 30 78 56 39 44 71 77 30 68 32 58 30 52 63 34 84 73 96 84 93 32 50 62 66 87 81 62 33 92 40 88 104
38 50 29 103 106 49 50 90 102 42 65 45 0 92 27 38 71 85 35 65 81 52 32 104 71 59 32 39 49 55 85 105 56 48 77 51 85 99 96 69 101 49 74 40 66 50 87 72 31 73 72 71 97 74 35 29 56 47 81 61 104 78 63 73 84 73 34 42 78 107 105 53 45 84 50 65 51 62 81 104 104 79 55 41 70 82 91 29 55 31 30 106 109 52 100 108 32 33 72 47 43 74 54 97 48 86 94 92 104 28 85 105 30 44 68 98 92 77 43 70 100 29 38 57 51 45 109 93 101 45 33 48 31 85 28 101 37 50 70 69 70 99 78 90 67 29 39 53 91 55
73 97 103 109 61 72 37 100 56 68 40 73 63 0 74 73 94 89 89 50 55 63 108 46 41 73 27 94 90 36 86 47 42 109 110 102 110 100 36 110 91 71 75 38 104 61 39 54 46 87 99 76 52 70 81 51 110 78 98 71 90 82 40 67 49 47 96 35 103 106 62 64 74 50 30 110 72 67 98 48 63 35 93 90 47 74 105 62 43 38 98 41 28 57 70 35 55 27 58 81 92 50 45 67 60 48 102 71 48 48 59 101 47 70 76 59 103 88 93 79 57 96 32 90 59 90 28 105 51 46 28 28 90 103 29 38 73 82 41 39 66 43 80 69 96 105 74 76 65 75
53 54 94 69 109 55 59 102 39 104 71 37 60 71 0 37 83 81 87 43 100 46 63 34 44 68 86 76 96 47 38 82 46 77 36 53 97 94 109 86 61 56 100 50 38 60 56 28 108 91 45 60 31 37 47 75 52 33 81 68 38 57 100 105 61 67 78 91 46 67 101 54 57 87 63 72 105 64 106 105 95 72 73 45 43 42 105 79 66 88 59 86 85 27 46 90 51 59 81 57 85 106 47 51 42 93 69 102 75 85 44 68 56 78 80 28 53 71 35 33 46 83 64 102 34 87 31 27 63 80 72 71 61 33 74 31 109 108 102 71 62 53 44 56 85 82 47 80 56 38
32 36 72 30 59 63 69 40 60 40 104 103 56 86 98 0 53 28 105 60 103 65 53 96 87 36 99 98 96 103 55 52 57 85 110 78 70 77 32 47 97 76 69 79 86 36 70 30 77 72 79 105 89 70 60 46 61 78 49 37 64 74 52 92 90 86 72 92 33 67 57 68 76 83 58 54 68 57 62 36 72 33 44 40 28 61 37 33 74 72 92 49 73 31 60 55 37 35 51 30 72 61 33 36 82 56 29 46 80 86 46 62 46 83 53 35 62 37 29 36 82 46 35 28 28 54 70 62 37 40 58 100 64 35 72 39 78 97 28 77 69 106 85 74 63 34 44 61 93 81
53 38 67 38 54 32 27 42 76 75 36 71 104 32 28 95 0 105 98 90 48 107 32 31 27 27 62 46 84 63 103 108 68 47 41 85 66 28 66 42 30 79 37 39 104 69 92 93 54 29 38 30 52 103 80 78 90 43 78 108 74 92 39 62 46 101 90 69 77 98 57 106 51 37 88 31 89 50 40 110 38 65 83 80 89 93 103 84 28 56 105 78 86 69 93 99 42 40 103 65 38 35 35 55 72 84 35 55 59 92 36 70 86 72 105 45 58 31 44 83 57 83 110 32 36 91 29 71 64 96 77 38 86 44 83 42 43 60 56 82 91 81 48 36 30 68 50 98 47 29
92 35 58 92 27 57 104 70 39 106 31 90 104 31 101 62 43 0 97 75 101 80 94 87 46 51 81 107 55 65 81 105 110 72 83 55 107 106 59 44 39 99 48 66 46 99 45 41 65 29 67 53 54 29 82 101 100 84 72 38 29 68 77 43 97 67 49 86 96 85 62 78 68 31 84 66 37 33 50 64 90 104 81 93 35 64 39 42 55 60 95 42 27 68 102 59 98 75 30 28 105 61 76 92 40 60 71 90 59 96 79 110 79 107 107 109 80 97 106 102 75 57 93 82 33 59 40 74 65 49 110 32 35 110 63 44 30 109 75 70 65 79 53 78 77 41 98 86 48 40
69 79 58 76 43 86 74 84 47 67 66 62 41 104 32 97 66 80 0 43 59 51 92 49 43 71 79 40 54 95 49 100 32 89 100 85 60 67 74 53 60 41 81 97 55 55 30 73 40 44 53 82 86 106 86 43 41 30 44 33 102 82 70 100 63 69 29 27 55 76 61 101 36 65 58 78 95 91 50 69 49 82 107 47 47 62 36 92 87 45 67 89 70 78 40 89 77 89 86 92 100 94 94 88 99 32 61 48 96 30 51 64 88 89 75 72 30 30 102 47 40 58 48 27 79 39 82 83 109 50 36 54 28 35 90 95 50 54 38 100 57 94 52 95 97 108 29 31 87 109
29 28 67 108 35 96 104 105 57 61 57 41 66 110 29 34 69 101 76 0 56 32 101 91 60 65 54 93 50 32 46 95 89 36 44 76 56 64 66 48 74 32 80 54 80 53 35 94 105 92 41 107 43 30 57 28 69 52 27 68 89 61 108 76 102 74 85 57 44 89 88 77 103 66 27 30 34 49 31 65 55 83 90 30 84 96 45 46 71 47 75 50 105 95 45 58 96 67 27 78 105 108 62 75 80 41 109 43 51 100 106 97 29 77 78 89 42 52 49 56 29 31 106 42 68 59 30 66 81 56 101 88 90 85 41 74 41 81 94 34 85 94 106 50 52 101 81 77 98 38
78 51 65 54 57 68 28 83 52 33 102 27 81 49 57 42 52 59 49 85 0 27 52 67 105 103 102 97 109 100 87 90 63 104 59 95 106 91 82 50 82 46 42 28 103 50 60 82 78 36 51 100 64 71 56 74 68 98 90 67 41 32 88 28 29 59 48 78 46 106 67 28 61 104 39 106 73 95 110 55 108 85 37 47 41 97 109 59 32 32 76 87 110 59 77 104 79 96 90 87 62 38 61 42 108 45 91 79 70 50 88 110 77 98 83 29 106 71 27 84 38 79 36 93 28 60 87 59 77 44 85 32 64 70 110 35 49 59 87 68 73 44 106 101 98 35 78 64 93 30
103 41 31 66 109 93 68 54 67 70 103 60 66 71 43 74 85 54 56 103 29 0 75 49 47 36 73 44 27 41 79 40 95 81 38 55 65 56 87 33 105 83 41 64 87 87 107 32 107 78 104 49 51 28 76 80 73 28 86 45 29 66 97 40 41 64 38 42 94 47 55 103 36 33 77 88 87 80 87 27 89 92 110 102 70 27 92 50 31 65 101 70 38 65 79 80 40 103 110 89 30 77 30 32 43 46 81 97 89 74 79 103 61 29 27 86 74 55 37 83 34 92 56 110 62 103 47 80 61 92 102 71 55 85 69 75 31 30 64 76 36 101 39 64 108 32 65 49 87 66
101 99 57 31 80 92 109 57 55 107 81 40 41 106 45 46 100 72 70 46 83 53 0 102 58 97 107 77 30 56 33 74 110 28 79 59 47 68 85 54 69 97 59 44 36 50 81 49 95 61 36 70 31 50 75 94 40 71 51 44 100 36 59 66 73 99 63 69 68 69 43 31 110 67 34 36 45 61 31 92 68 56 91 46 53 49 30 72 33 76 57 92 79 30 35 96 108 50 69 65 102 96 36 95 82 80 42 44 74 58 50 75 76 41 36 100 77 108 98 37 63 34 28 90 80 41 51 41 40 81 40 97 28 38 74 100 57 65 60 30 72 28 41 66 104 81 85 99 28 32
42 39 61 56 27 89 108 69 34 73 40 83 36 76 97 91 92 100 34 66 92 63 63 0 59 103 51 77 83 51 68 100 69 96 79 30 36 75 67 80 92 42 56 53 96 49 87 45 56 45 54 73 101 47 85 65 97 103 49 107 71 54 66 56 80 42 58 36 73 74 58 29 59 31 66 95 28 61 96 78 85 100 53 61 89 65 76 64 64 57 101 32 75 44 107 47 53 33 41 40 96 99 49 89 38 64 72 92 87 81 98 89 52 41 92 105 105 87 107 74 80 62 102 47 82 32 63 46 91 36 70 35 110 69 66 27 29 67 60 104 54 60 68 102 51 70 105 33 41 68
91 103 53 98 47 67 105 93 99 54 31 101 88 90 77 53 52 91 70 49 82 80 77 89 0 42 34 61 51 42 96 89 62 79 32 60 32 27 77 107 44 51 70 47 41 49 28 106 50 34 52 105 56 72 106 79 105 58 65 44 70 30 68 36 49 107 56 31 66 73 58 101 40 54 106 29 49 101 27 57 82 92 75 76 101 107 43 45 91 30 100 104 55 81 41 91 85 96 109 77 38 99 97 82 63 72 72 61 79 84 51 88 77 49 95 48 33 60 90 58 47 68 84 99 47 75 72 110 105 66 45 80 82 105 104 55 31 32 30 59 66 86 72 83 42 94 60 100 70 37
72 81 93 43 47 58 100 94 43 62 35 84 28 75 28 28 86 28 76 30 73 61 107 85 81 0 65 72 77 105 87 33 36 77 45 78 40 92 70 76 61 80 39 77 51 93 33 107 72 50 42 32 37 31 61 63 66 43 43 110 58 30 71 29 79 37 35 31 84 100 75 62 96 51 45 92 34 108 59 89 61 63 42 100 75 59 29 59 110 56 110 95 47 27 58 46 58 101 65 75 49 48 73 110 81 78 73 85 91 109 61 36 32 95 105 56 35 77 67 82 73 109 110 79 75 61 97 40 97 45 59 54 87 33 63 80 63 40 102 29 68 108 65 74 32 109 93 70 110 58
94 73 43 61 101 27 88 101 68 86 53 49 93 56 101 108 30 27 79 93 70 41 29 109 47 71 0 31 46 110 79 30 56 76 59 75 84 49 101 33 31 94 51 75 81 74 45 95 55 60 86 40 28 83 51 90 68 28 42 59 32 72 66 108 63 74 36 89 72 51 77 86 93 65 101 68 48 107 52 29 101 91 83 55 42 29 74 35 56 77 75 40 81 45 51 53 54 89 90 83 37 80 66 57 48 52 106 79 74 98 102 53 83 42 86 95 78 95 95 68 44 50 94 109 67 39 81 68 30 39 81 37 54 45 31 36 85 33 89 68 69 85 86 64 105 55 97 78 78 54
96 86 53 45 35 31 89 78 62 82 95 107 104 73 76 43 89 58 54 74 51 108 35 31 108 67 58 0 93 110 101 37 106 63 77 46 36 86 97 103 109 100 47 64 37 44 30 30 62 105 77 109 95 42 44 59 78 53 82 92 40 92 54 37 61 42 73 57 78 31 47 101 47 90 69 96 84 107 84 99 108 93 92 42 42 50 75 45 101 84 47 95 40 79 47 55 43 80 101 86 81 49 52 41 53 97 33 51 64 47 41 36 109 72 103 101 57 33 51 64 109 77 47 41 38 83 28 28 89 52 56 49 31 72 49 55 91 80 92 100 75 82 110 36 42 28 82 79 29 33
108 98 51 63 65 85 85 34 53 89 36 68 52 70 82 62 51 64 98 75 80 97 49 104 44 30 93 63 0 42 40 44 100 69 108 43 95 86 47 79 28 89 62 51 38 70 44 67 32 46 65 89 108 37 76 46 68 58 89 46 55 90 59 54 81 91 64 69 45 54 31 73 28 109 106 43 61 45 108 78 43 65 54 80 69 67 90 35 43 62 104 71 60 89 40 63 45 35 39 76 37 82 39 52 45 89 61 47 62 103 37 85 105 42 59 73 91 84 85 99 41 61 89 46 85 36 42 29 85 99 94 52 87 69 101 58 50 73 44 57 80 80 33 87 86 63 85 48 68 107
98 54 94 89 104 75 92 53 51 39 98 42 53 49 105 40 66 80 68 92 40 73 89 90 103 105 67 30 52 0 77 86 27 71 80 82 106 80 67 39 59 36 53 37 53 104 82 74 65 102 99 37 89 84 98 89 57 105 33 91 74 69 99 60 29 75 104 35 107 53 99 27 69 56 89 87 100 54 55 31 87 31 64 108 64 69 86 104 57 42 59 91 78 60 46 30 40 87 63 59 86 58 67 56 64 60 67 73 33 45 83 35 51 69 96 66 28 27 28 31 72 32 66 63 100 90 58 38 101 103 49 90 93 38 74 94 86 27 55 61 67 60 83 85 101 93 29 70 79 70
60 36 88 56 41 29 65 60 62 27 63 29 98 98 72 53 51 29 80 102 52 53 87 43 45 28 57 78 46 41 0 38 97 65 102 33 75 81 50 40 66 89 35 88 60 80 108 52 101 81 97 65 93 35 77 72 67 54 63 52 63 79 89 98 110 87 103 84 94 79 73 86 39 77 80 29 67 61 106 49 37 78 46 107 108 108 93 58 32 36 103 70 101 73 59 88 89 91 83 83 72 104 55 78 52 84 80 99 57 35 90 44 86 85 75 73 110 27 53 100 82 90 55 80 53 110 66 50 88 33 77 73 69 90 69 72 70 103 45 46 62 104 90 70 41 95 47 64 49 83
81 48 39 89 60 59 54 81 71 58 89 28 88 49 62 36 44 103 90 99 79 105 38 88 53 72 58 38 71 64 46 0 81 41 63 83 30 104 45 106 56 57 90 40 32 69 86 78 72 36 63 49 44 31 81 55 28 34 79 83 27 106 46 50 54 101 104 83 80 105 87 78 88 82 73 97 107 56 54 80 44 97 49 37 60 75 31 84 32 33 96 89 63 63 94 61 98 105 72 87 46 42 95 98 67 68 69 47 88 83 96 55 62 92 85 27 82 33 37 50 107 68 51 110 92 92 79 50 63 65 75 65 65 38 76 38 44 35 68 77 80 36 37 59 54 36 109 31 89 42
107 67 38 29 95 109 109 82 51 31 29 37 54 48 102 36 33 68 30 81 97 40 100 37 56 97 38 52 66 48 49 105 0 42 82 34 92 36 110 69 35 45 44 91 40 93 99 91 27 28 82 36 107 53 54 88 60 103 82 68 47 80 94 57 61 68 91 76 61 76 78 99 79 70 97 55 30 88 66 46 58 58 68 44 36 76 104 101 54 65 38 84 95 36 78 42 32 30 97 40 59 76 79 70 85 52 99 34 104 55 107 31 72 109 105 58 60 68 64 66 62 32 43 75 85 56 45 50 46 63 36 70 71 31 88 107 93 71 82 101 56 56 33 109 46 51 90 90 80 54
96 44 52 100 73 98 110 99 91 99 89 53 31 102 71 76 45 102 62 41 56 90 107 69 39 109 98 100 65 106 76 64 73 0 42 95 60 47 39 44 83 91 41 77 38 86 55 48 33 74 61 40 102 62 82 30 57 96 75 35 73 101 67 40 91 108 96 85 54 64 40 110 62 84 64 59 43 36 56 93 92 67 52 97 72 99 84 31 79 90 41 80 107 98 94 31 59 91 89 74 54 93 45 59 86 86 41 106 56 91 57 56 57 46 57 56 80 86 30 38 92 54 87 47 47 47 32 33 78 110 96 35 42 106 37 45 95 73 99 45 31 37 101 96 56 39 74 29 59 90
27 27 43 65 79 109 108 56 63 101 96 72 80 104 63 56 81 83 95 33 45 86 70 47 101 88 29 105 87 100 95 45 54 37 0 64 44 29 35 101 35 102 72 108 101 58 98 71 97 102 88 65 90 104 103 44 93 80 101 92 38 52 27 50 72 109 82 39 103 33 93 81 30 79 60 44 55 86 39 64 38 30 105 109 67 42 55 90 29 82 72 97 37 54 73 57 105 106 74 98 82 102 50 64 27 86 89 89 29 50 77 77 105 39 28 49 59 107 42 33 86 53 34 63 51 83 82 44 42 57 31 84 27 105 67 84 83 45 82 50 104 68 55 106 94 59 54 55 77 28
71 108 73 93 66 110 36 58 88 34 35 97 56 101 73 86 87 60 82 68 89 79 33 90 35 55 86 49 96 110 68 53 105 75 80 0 109 58 66 34 55 100 30 29 91 43 71 31 56 78 78 41 79 95 99 106 93 55 80 30 51 93 53 103 85 33 32 102 92 76 54 64 76 92 58 54 37 46 31 85 67 69 59 36 75 54 53 42 45 95 49 31 105 81 65 60 34 36 86 34 29 27 91 107 105 46 89 32 63 58 52 50 36 67 34 98 82 28 29 103 94 75 61 82 89 27 47 92 110 27 77 30 97 37 54 50 79 51 79 103 99 59 72 99 56 80 62 52 59 72
34 76 46 66 79 49 101 58 104 99 96 108 89 32 71 72 34 49 75 51 84 34 76 99 35 69 42 44 27 65 39 47 58 33 90 52 0 38 70 99 110 73 107 81 102 107 44 92 48 85 67 103 60 69 53 82 94 27 85 39 73 44 70 94 84 94 33 106 77 47 106 50 43 38 89 93 62 101 95 39 70 79 96 35 103 93 109 33 72 110 46 32 35 42 71 92 87 38 75 29 92 49 40 70 57 104 63 56 53 36 95 39 78 72 85 59 94 33 86 56 40 31 56 61 71 100 65 51 94 88 28 39 106 68 53 69 79 70 106 87 92 57 98 90 72 105 75 107 31 71
52 79 66 33 72 106 64 66 95 60 105 48 48 103 104 92 56 106 87 58 92 110 88 110 33 51 54 42 55 28 35 66 66 45 32 57 46 0 42 99 101 99 72 66 94 78 33 76 40 109 100 33 41 36 45 44 82 89 100 30 71 60 37 30 82 28 106 40 109 79 103 48 82 110 33 40 66 80 70 27 64 89 68 92 81 36 46 75 95 90 30 52 27 100 69 48 31 109 93 44 101 75 71 49 71 33 56 33 87 103 80 109 68 87 107 101 33 86 103 84 48 94 89 73 41 46 55 92 86 64 109 74 73 46 101 64 69 46 64 87 88 49 96 27 65 95 85 33 87 107
65 30 78 88 106 65 56 109 57 44 95 29 97 59 83 86 27 40 73 80 27 68 41 96 108 101 68 43 43 39 65 32 89 27 74 46 29 84 0 90 38 90 47 85 50 58 101 91 108 82 108 58 73 105 50 109 106 78 74 86 89 58 90 60 57 83 108 44 35 29 108 102 99 81 44 49 60 67 34 41 70 60 89 101 45 32 58 107 54 69 101 31 37 64 79 109 33 44 51 63 98 99 65 82 106 50 46 46 27 87 65 110 96 94 76 104 30 107 105 31 78 65 75 88 75 64 34 97 43 32 71 62 91 40 27 36 60 110 89 81 96 94 50 93 68 94 34 33 30 48
59 102 50 77 82 66 90 87 99 54 43 106 103 46 99 79 78 40 92 77 46 60 105 73 58 34 33 52 47 80 75 39 88 73 105 78 42 40 63 0 95 105 58 68 51 93 55 46 102 64 59 88 78 101 108 90 33 108 73 65 107 66 86 42 71 64 54 74 47 81 67 30 98 79 84 104 44 51 102 72 55 34 36 73 57 45 73 82 32 77 47 46 33 92 58 77 28 85 61 83 76 51 109 44 27 60 61 32 36 81 36 38 83 30 36 60 81 65 103 66 29 58 93 35 53 60 29 75 53 83 48 33 37 64 65 105 40 85 73 86 96 31 48 31 55 72 99 48 107 45
76 68 46 58 84 48 47 94 60 95 105 59 62 28 88 31 70 39 31 52 105 73 84 57 85 60 64 96 39 72 73 78 68 53 100 86 58 36 40 91 0 84 63 88 77 55 71 101 56 29 32 46 46 93 63 64 81 69 86 49 39 61 40 54 91 38 91 86 105 67 49 72 76 110 37 29 69 64 110 42 63 86 91 56 110 88 109 67 71 92 47 104 96 80 62 53 88 105 70 73 84 48 55 69 54 72 88 72 70 73 51 78 90 31 56 92 28 57 41 67 35 56 66 30 39 37 83 80 57 47 44 106 46 109 69 52 60 40 41 101 106 47 82 61 94 55 42 74 93 45
44 41 31 90 61 105 110 47 104 79 50 89 74 99 66 72 86 42 71 106 75 65 69 29 80 65 82 52 110 107 81 68 68 76 41 28 29 94 59 28 52 0 55 98 109 47 79 37 94 66 80 40 68 44 90 105 57 82 62 109 52 41 76 92 89 43 79 70 79 106 85 97 39 98 39 37 69 55 50 89 41 53 37 42 98 78 75 91 98 41 101 105 63 108 84 57 78 34 57 43 54 100 34 74 91 105 36 81 51 106 66 106 60 89 44 38 53 103 78 55 72 41 109 51 96 59 53 99 93 97 38 69 49 87 59 31 54 64 69 103 32 49 61 99 97 63 86 79 43 51
33 34 78 52 49 31 51 59 101 95 38 93 47 45 67 73 45 50 37 55 47 101 107 90 27 106 63 51 63 98 31 108 35 81 99 76 50 77 55 42 57 105 0 52 61 36 68 27 68 97 108 47 86 94 41 28 61 35 82 88 108 83 80 59 59 47 40 62 79 31 49 87 83 66 53 57 62 94 44 46 60 28 80 101 85 91 65 39 32 51 56 69 32 93 93 100 85 73 38 59 94 77 66 78 29 50 72 29 83 57 29 47 94 85 103 61 93 99 72 99 91 43 82 47 62 99 100 65 83 28 33 36 60 83 54 45 43 52 97 80 42 78 59 93 39 65 87 91 32 79
104 62 83 86 28 98 94 106 106 76 95 89 104 87 40 65 58 67 72 38 51 49 81 51 54 97 47 91 50 87 60 88 80 67 110 90 75 71 75 49 89 108 42 0 63 94 56 47 52 107 106 58 105 45 34 29 51 73 70 38 47 33 73 69 88 60 105 96 54 104 77 102 109 95 109 105 102 49 73 53 108 83 104 48 104 67 35 38 66 100 43 48 50 87 85 101 57 80 108 71 95 75 73 70 44 97 97 57 60 71 81 63 55 42 109 47 33 48 94 84 89 67 65 106 92 64 35 94 88 108 82 67 80 94 41 41 88 34 45 51 47 85 42 104 104 36 94 29 85 99
104 96 47 38 27 31 27 95 92 33 52 69 95 69 86 30 55 77 54 81 84 44 103 89 42 38 87 42 67 47 92 63 82 48 52 73 86 59 73 95 50 37 78 54 0 59 69 36 66 66 29 29 107 68 65 82 51 51 61 98 87 33 106 58 73 30 52 63 73 110 75 59 28 80 46 102 98 59 87 56 31 99 48 99 61 52 47 54 79 39 93 39 37 63 38 78 72 100 38 102 110 75 86 76 35 55 80 50 96 101 103 79 103 105 85 66 76 83 49 33 68 52 55 90 41 49 87 57 39 89 55 85 34 54 46 62 78 60 83 55 82 32 50 95 62 98 54 44 73 77
63 82 89 91 88 60 107 37 54 41 78 94 64 102 64 84 56 55 37 69 83 37 60 81 83 27 36 97 70 29 72 76 34 91 77 30 89 58 83 55 35 37 110 66 84 0 87 57 66 54 31 38 51 93 67 62 66 61 73 84 95 35 51 96 59 27 107 80 87 54 33 76 34 47 50 48 94 71 105 44 53 72 74 108 84 108 39 97 96 32 100 46 46 109 60 50 109 77 109 45 100 34 105 94 99 28 87 87 90 42 105 30 90 98 101 57 69 65 98 50 39 103 56 92 106 91 47 69 91 51 59 42 91 30 107 34 67 73 44 33 103 75 40 54 103 92 30 75 80 42
105 43 50 57 81 80 43 42 36 106 76 86 39 99 45 65 44 95 80 41 58 82 81 110 42 110 90 47 106 55 43 29 60 99 92 41 40 44 87 50 33 103 63 83 38 88 0 91 45 64 75 28 84 29 98 68 69 51 34 31 88 44 46 94 62 38 76 93 69 73 29 49 54 60 74 27 74 47 36 100 86 88 51 38 98 92 75 76 101 29 91 62 31 80 38 85 51 89 51 49 38 51 54 66 86 85 51 29 58 80 41 107 85 110 78 32 28 83 92 84 64 42 59 109 36 67 87 85 33 107 110 101 57 58 84 104 48 104 60 77 34 72 41 97 36 99 108 82 62 50
43 29 35 43 29 51 34 69 64 29 102 27 109 61 48 53 87 107 81 29 68 55 64 98 100 59 74 86 38 56 73 80 96 47 96 76 69 84 63 39 104 80 66 37 108 72 80 0 50 92 60 50 101 81 92 53 36 110 39 73 79 90 53 83 98 55 32 104 107 79 96 46 98 90 101 70 64 103 43 109 53 59 91 104 52 27 94 33 99 83 59 65 65 88 56 97 96 56 94 58 36 94 87 36 44 66 35 73 77 110 106 68 94 88 61 43 68 43 54 98 45 107 95 92 98 60 27 46 95 110 73 60 59 27 79 64 62 30 66 29 106 110 46 46 63 35 51 94 74 54
42 77 79 76 103 37 31 66 100 37 90 95 48 93 104 88 100 99 110 84 76 104 41 35 103 77 110 88 90 79 80 69 31 37 81 66 80 31 93 48 51 40 84 50 75 69 94 40 0 101 101 108 97 31 76 77 81 58 45 66 96 36 85 44 58 87 89 77 63 62 42 27 54 99 82 99 69 86 95 71 48 81 31 87 83 104 49 74 43 31 60 51 63 88 82 103 100 27 49 54 93 45 39 69 44 108 71 80 81 98 98 96 34 64 47 58 35 100 63 79 28 53 84 43 110 79 107 95 46 29 91 60 38 29 46 94 44 57 110 80 103 110 81 105 92 109 33 109 41 82
63 61 72 75 104 101 78 38 65 106 73 88 28 102 95 104 81 80 71 62 69 27 61 92 28 78 50 95 40 56 45 66 99 90 105 63 48 80 96 28 40 103 54 76 83 84 78 107 59 0 48 87 89 101 68 84 38 82 98 84 66 38 68 94 86 36 49 84 49 99 75 43 41 38 107 67 42 63 61 46 45 33 61 105 74 58 40 82 52 61 77 84 74 79 57 81 36 100 97 85 58 28 32 48 30 87 34 46 89 81 100 88 71 50 40 48 110 55 46 81 50 105 90 65 109 49 90 70 85 82 35 35 58 58 90 59 46 76 61 104 85 39 64 106 39 85 104 96 44 33
59 54 56 55 103 29 59 64 59 72 79 36 64 65 31 44 45 63 98 53 87 110 91 75 85 62 97 75 52 91 107 71 84 101 70 97 101 106 105 95 35 50 27 87 35 44 76 38 63 80 0 52 33 60 108 100 44 98 46 106 105 86 87 98 110 92 98 81 54 94 61 104 84 53 99 39 36 84 83 101 68 63 108 42 42 72 102 95 104 82 65 47 42 50 86 78 69 75 80 61 85 73 48 98 91 38 35 33 99 77 29 89 30 77 40 102 60 103 80 109 80 42 63 87 49 100 52 107 35 68 54 84 102 42 51 92 57 52 88 69 108 44 95 84 33 78 68 80 86 72
51 80 102 39 95 63 59 76 32 49 57 101 101 50 42 79 73 50 64 82 58 63 76 54 98 89 48 33 31 76 38 33 86 102 42 67 70 62 40 88 50 54 108 78 64 88 57 87 97 36 74 0 81 60 73 67 34 72 78 105 51 74 37 65 74 77 49 106 59 106 74 99 78 32 75 91 94 46 66 104 103 88 54 74 33 38 54 78 103 107 73 63 93 56 72 46 63 27 81 33 69 90 94 33 51 72 74 84 53 100 86 99 110 97 27 47 27 50 81 96 53 79 57 47 46 37 106 82 34 60 85 51 39 109 76 40 52 78 78 57 105 65 96 52 105 51 46 75 80 38
37 66 52 39 90 89 103 37 36 45 51 67 108 91 99 69 82 76 45 74 28 55 71 103 83 86 60 56 78 104 53 89 87 82 102 40 71 66 30 80 83 42 88 90 28 72 54 60 83 27 85 84 0 51 101 77 39 66 74 96 93 85 42 50 79 28 49 89 64 108 62 78 105 50 61 95 75 75 39 81 59 105 88 102 54 62 92 97 30 46 81 69 38 46 103 38 59 30 41 42 61 28 106 64 51 100 32 44 33 66 89 38 44 68 54 77 44 83 99 33 92 65 81 62 101 30 77 65 106 34 64 107 51 49 106 31 99 89 106 70 36 83 93 92 92 107 110 30 84 47
80 93 71 99 90 35 96 88 92 72 63 46 98 62 62 93 96 59 34 105 65 63 88 35 92 103 69 32 64 66 73 61 80 107 29 53 69 42 70 56 38 33 36 94 73 100 66 49 57 67 35 94 110 0 67 42 79 83 99 98 73 68 50 94 89 98 108 39 62 90 59 59 107 31 36 48 50 85 58 58 50 98 52 33 88 89 57 99 33 27 61 78 86 43 83 51 109 80 56 31 62 67 107 80 33 87 82 39 99 56 92 28 87 75 78 77 83 71 68 35 67 68 79 87 95 79 70 89 89 86 43 53 34 68 28 108 91 89 46 63 66 78 70 60 59 62 97 80 34 48
29 94 50 81 90 89 80 45 49 95 61 50 67 34 69 48 33 64 105 45 103 33 78 62 59 29 52 106 88 30 51 28 31 96 47 79 82 106 107 95 97 57 80 101 40 79 73 39 87 66 108 33 32 72 0 45 41 85 110 60 66 54 49 37 40 102 100 102 41 30 42 76 61 29 40 77 85 58 109 55 62 41 75 86 78 50 93 34 28 36 32 50 57 43 36 52 77 48 31 35 103 58 43 42 37 27 97 59 53 62 57 103 51 80 45 76 46 42 44 49 108 73 50 85 91 86 80 109 109 99 67 97 37 57 61 55 80 104 98 29 64 100 47 93 86 98 95 104 82 36
29 61 75 53 48 71 39 90 56 40 88 37 96 33 108 107 94 71 71 72 57 61 60 90 95 36 71 54 102 78 91 31 96 99 94 99 79 53 89 27 87 36 49 108 70 90 67 28 54 43 34 54 46 74 82 0 99 66 110 56 40 56 72 107 106 34 33 52 68 59 61 91 29 104 35 106 28 33 79 40 103 81 89 56 55 45 107 50 108 64 100 92 71 59 81 91 66 45 99 85 107 43 92 94 73 85 62 38 95 38 106 85 110 71 102 81 107 35 72 71 70 40 40 83 66 47 61 98 97 77 57 98 35 27 109 76 76 40 54 53 58 80 61 82 31 89 41 102 63 81
102 53 55 73 50 48 37 78 43 76 107 62 94 72 59 31 96 86 78 66 79 51 69 77 62 105 102 77 110 89 98 107 92 30 103 72 30 104 85 44 103 105 52 51 27 43 61 59 66 100 61 77 42 27 46 47 0 73 61 79 32 75 102 106 86 60 28 94 66 35 37 48 88 95 81 79 107 41 32 56 28 103 70 77 51 66 100 69 28 35 63 48 35 102 102 43 51 27 48 107 36 80 30 105 110 91 76 32 65 90 101 85 48 77 35 108 93 84 49 92 67 107 29 106 86 100 60 109 44 84 73 57 30 74 27 34 102 108 49 89 48 78 43 98 85 85 95 65 61 98
66 92 77 41 38 106 93 46 73 78 34 38 58 35 50 104 91 94 100 90 90 108 87 28 41 62 82 33 110 74 76 104 40 69 27 99 103 50 87 72 90 89 51 42 85 83 85 70 83 48 67 70 34 56 56 42 59 0 45 92 45 90 29 52 64 79 74 88 72 92 39 74 73 37 95 59 78 52 61 75 105 80 83 65 66 32 38 40 94 64 36 68 109 59 97 79 68 80 60 95 93 89 40 78 90 97 106 104 28 79 69 51 91 44 42 41 49 61 66 45 100 63 103 102 68 83 41 75 70 56 98 66 29 30 42 28 88 109 59 57 67 93 95 92 99 58 90 44 67 51
88 56 58 27 54 64 109 51 39 50 42 36 67 87 54 66 103 105 110 75 65 54 108 63 66 92 57 71 71 44 93 33 28 93 103 94 54 74 44 83 28 56 90 58 87 62 88 75 57 110 68 55 108 32 29 58 29 53 0 84 86 110 56 98 49 99 108 108 62 34 52 56 43 98 59 68 83 57 49 93 49 48 70 94 44 46 84 59 99 48 35 81 42 70 64 57 42 77 86 100 44 65 64 50 43 93 32 71 109 71 30 100 58 103 66 89 44 97 37 64 83 61 79 33 107 91 80 96 99 78 35 65 49 36 74 106 82 76 55 98 28 66 75 95 99 81 51 52 87 77
38 67 46 88 89 95 45 84 64 100 88 88 89 47 97 32 81 75 64 73 65 92 47 62 106 80 107 102 92 39 44 74 85 42 88 80 107 36 44 102 76 72 82 27 39 75 43 88 39 28 41 89 87 45 80 86 46 41 80 0 88 96 85 29 78 41 109 36 29 65 28 68 77 58 110 107 76 70 59 63 49 76 66 100 60 38 53 107 89 57 102 105 67 86 55 69 47 50 85 75 38 36 103 72 42 71 107 27 97 27 68 52 60 69 105 28 98 39 76 98 83 100 65 80 104 77 37 50 35 44 34 42 86 68 55 97 52 76 55 40 47 52 79 94 69 100 104 41 55 103
107 69 95 94 87 76 50 41 63 55 71 45 39 105 50 43 38 84 104 43 60 53 73 75 57 97 43 103 94 88 33 58 45 66 44 106 90 80 56 66 100 87 86 106 29 73 58 65 68 42 34 70 57 32 86 66 95 98 55 66 0 92 51 35 45 41 51 47 49 55 89 85 109 97 78 109 29 94 27 38 92 94 96 43 100 57 94 101 64 30 64 96 77 52 75 98 100 79 99 39 73 87 92 57 98 91 42 92 67 90 43 97 47 29 82 82 102 32 42 96 76 35 91 48 53 78 57 63 63 97 34 68 62 95 77 83 91 94 78 34 34 66 87 84 67 88 48 77 45 38
41 101 44 89 86 54 93 34 58 66 63 43 87 56 89 27 70 79 27 57 43 106 110 69 74 82 51 47 99 98 95 44 84 55 100 37 95 50 40 103 101 69 94 57 51 84 38 42 43 107 58 39 49 27 80 76 71 108 86 95 31 0 88 109 75 80 100 45 41 94 38 83 80 104 54 48 78 86 28 90 30 33 54 58 46 93 58 107 69 33 83 81 110 54 96 60 96 95 44 71 109 51 107 103 31 107 55 85 72 98 79 46 48 73 103 108 87 44 82 100 86 59 66 89 56 88 59 100 48 96 86 42 56 49 107 80 40 62 102 107 66 81 108 77 96 52 80 60 40 56
77 91 73 68 57 59 81 38 60 105 70 50 100 108 42 90 72 105 54 42 48 99 38 103 37 49 45 60 84 35 79 60 28 106 60 90 44 77 48 45 27 51 66 43 65 76 91 107 32 69 41 54 45 42 49 84 59 55 91 31 42 110 0 51 35 65 96 102 64 107 43 83 107 66 86 32 44 33 75 31 60 41 60 31 83 107 49 91 98 56 54 102 61 88 96 75 35 56 70 72 72 77 73 65 59 109 97 66 27 43 67 104 97 80 46 90 99 62 91 30 93 63 107 82 87 61 42 107 53 49 107 85 87 64 97 106 86 69 82 92 81 32 104 89 27 35 93 84 27 57
87 75 36 84 94 90 43 104 69 88 98 51 34 95 98 80 53 53 49 71 33 102 66 34 33 65 85 83 78 69 101 104 106 76 68 67 79 49 76 99 83 31 75 49 99 90 79 81 74 49 66 78 71 66 32 30 95 40 43 98 90 102 94 0 105 89 56 57 87 66 66 86 56 109 55 107 81 34 109 105 51 27 28 68 106 31 66 59 82 110 28 65 103 109 75 91 87 94 105 52 86 101 63 43 66 97 56 101 79 97 34 90 42 56 65 44 53 48 55 80 52 101 56 45 36 78 31 70 81 28 29 47 76 51 86 31 85 88 76 28 35 88 51 45 81 27 90 95 44 57
42 28 104 89 51 98 110 83 85 73 66 50 57 54 108 75 42 35 102 69 96 59 104 80 53 27 78 38 100 27 85 32 88 42 62 72 55 49 68 72 102 71 28 90 110 87 49 89 77 61 69 54 50 70 77 67 56 83 84 41 53 72 74 100 0 83 31 81 39 89 65 77 38 94 94 44 100 90 100 70 41 104 61 75 34 65 100 75 54 77 30 33 89 77 60 61 80 58 39 67 73 29 83 30 99 69 43 47 97 50 58 57 36 60 57 83 110 96 36 65 55 74 69 58 98 96 64 30 63 27 59 37 53 73 91 60 27 68 94 103 46 45 45 28 44 51 105 49 90 27
32 86 38 65 110 108 47 87 86 81 109 75 69 42 96 37 78 93 75 71 79 76 55 36 47 100 69 67 42 104 48 30 83 100 94 102 89 31 63 106 31 98 110 33 31 96 49 86 71 47 81 97 40 102 42 78 98 67 57 76 64 109 71 96 68 0 106 40 49 46 102 30 86 109 95 78 77 63 54 79 43 49 57 88 70 81 64 98 92 91 103 38 37 109 101 33 91 88 68 44 28 60 54 81 79 50 105 65 32 98 44 36 82 91 58 29 55 62 47 42 91 95 27 103 100 65 54 110 78 28 72 29 71 101 46 100 61 101 63 101 56 58 33 62 62 38 101 93 53 89
96 43 105 43 83 35 32 100 85 110 85 69 43 61 72 40 68 77 50 66 72 41 50 76 95 77 100 104 101 35 44 63 42 43 78 32 61 94 51 55 103 38 102 79 43 89 79 40 76 95 89 64 58 104 35 97 31 101 96 50 36 84 54 43 53 50 0 38 33 36 105 68 76 73 101 88 41 61 101 40 53 39 74 82 90 51 27 77 67 108 41 62 58 42 47 99 89 62 106 43 54 103 107 106 93 87 107 37 81 81 64 36 81 75 38 79 66 27 81 110 29 98 53 49 80 53 76 95 49 44 44 28 31 110 97 85 35 27 71 58 53 92 37 46 68 65 36 82 104 44
49 81 75 70 86 46 45 73 60 110 84 38 35 105 52 38 78 67 81 76 101 78 59 63 27 59 97 32 82 100 107 98 77 38 85 77 45 59 67 36 49 43 35 44 97 84 47 110 69 73 78 108 67 35 71 72 78 107 82 86 67 95 85 68 64 51 104 0 40 93 80 42 81 61 34 49 38 52 109 62 105 29 110 38 104 68 99 74 57 51 59 97 31 51 27 66 86 88 94 82 80 31 61 110 83 61 46 100 49 85 103 27 56 85 53 84 42 100 110 55 50 60 81 74 96 87 56 96 56 87 79 104 81 50 71 81 49 105 72 107 103 62 40 27 28 108 56 93 89 92
89 87 45 77 82 50 104 31 32 70 105 42 57 35 32 85 75 79 55 41 40 52 107 85 35 35 53 51 70 32 106 81 108 30 55 72 61 90 45 78 55 70 89 36 80 106 96 65 38 84 106 47 90 52 102 44 33 73 37 66 96 64 93 69 47 95 37 48 0 86 50 69 30 91 89 56 78 86 74 64 51 74 87 32 43 29 61 77 78 45 75 43 47 61 36 110 86 106 43 107 36 87 53 95 60 38 42 64 102 43 32 29 69 46 108 37 42 65 44 96 106 94 94 50 97 62 84 34 46 31 91 53 64 64 82 90 74 83 71 98 98 107 102 31 89 99 110 71 62 77
86 63 110 52 45 30 104 77 99 50 59 33 34 93 56 97 55 68 30 103 83 62 58 74 81 61 74 109 33 32 101 92 36 99 99 95 67 105 57 55 101 70 83 35 33 104 73 51 104 87 53 52 88 93 47 47 104 78 67 81 62 68 73 50 84 33 49 53 70 0 79 34 93 74 43 34 100 41 71 50 99 83 44 81 46 102 86 68 68 29 101 69 37 63 55 110 39 75 61 94 75 87 52 83 92 30 80 30 103 83 106 108 71 77 81 78 98 73 50 62 50 29 83 80 44 110 64 35 41 32 80 36 57 30 80 42 105 63 32 33 57 88 48 64 48 102 51 74 32 28
37 101 79 57 73 69 49 61 71 51 108 105 102 73 71 33 106 39 108 37 56 102 47 94 70 27 50 109 45 69 71 57 89 56 83 62 95 32 48 68 104 74 100 97 47 108 61 29 69 34 91 28 73 85 29 27 109 79 76 109 60 37 50 62 81 28 110 69 94 93 0 77 58 101 58 77 38 29 92 73 55 98 78 67 62 58 51 99 85 101 69 34 101 43 42 44 92 28 84 45 38 89 91 100 80 77 67 101 108 78 92 47 70 65 51 87 35 71 91 78 41 82 52 83 61 58 57 107 27 91 36 93 72 103 46 84 83 73 94 61 105 52 84 95 36 46 43 53 60 55
39 83 47 88 58 101 74 99 91 93 40 36 85 75 60 57 37 35 60 81 91 82 54 59 55 91 69 28 53 51 94 65 106 33 100 30 55 98 80 74 52 101 64 87 36 68 39 31 105 40 79 110 92 83 90 74 80 75 57 81 74 35 89 53 63 96 105 109 84 76 79 0 99 95 84 101 92 80 103 108 38 35 64 36 91 105 63 68 82 99 34 102 75 66 72 95 56 29 91 109 71 61 95 82 63 42 62 69 61 44 72 103 67 101 39 68 70 110 69 63 87 64 52 41 95 109 109 64 28 71 49 35 41 32 77 52 82 34 104 47 87 58 97 103 72 48 54 99 72 72
52 71 63 109 106 97 44 48 38 33 105 46 86 100 60 50 75 57 48 94 104 44 92 104 44 108 47 93 37 82 96 78 38 64 77 47 51 27 98 41 106 36 102 85 69 50 87 77 95 97 87 45 108 49 35 29 107 100 64 27 36 33 37 54 43 84 38 103 53 108 31 104 0 36 40 73 39 51 101 33 106 43 52 45 71 46 54 109 59 42 65 32 54 27 89 39 58 58 33 102 34 28 87 75 46 98 43 80 88 70 45 46 75 71 71 95 39 29 64 74 110 35 43 39 98 35 44 29 57 71 40 72 56 81 84 60 83 34 72 108 39 67 33 98 109 43 38 41 104 65
49 54 101 49 97 81 44 29 49 82 91 46 66 51 85 30 48 40 39 30 103 38 72 84 38 52 88 95 28 99 55 86 32 49 49 47 33 38 107 91 50 95 65 82 88 109 84 105 86 35 109 29 108 42 107 82 108 93 89 42 68 38 94 90 65 88 62 48 66 68 39 77 87 0 38 58 53 71 85 76 80 59 103 96 64 29 35 61 78 67 58 28 82 80 56 89 61 44 71 60 43 97 49 48 96 55 34 101 38 58 105 87 62 105 63 107 65 48 82 35 85 66 82 71 71 85 45 39 79 32 61 92 30 43 31 83 35 82 101 44 62 43 33 51 31 47 93 61 81 80
96 86 33 29 92 107 71 108 109 51 94 87 59 92 98 56 38 67 55 108 99 73 105 52 65 64 51 90 35 37 103 53 36 56 94 102 82 94 29 53 95 32 70 105 52 81 34 96 84 84 89 63 62 94 50 45 89 79 91 109 54 69 42 104 58 84 28 52 107 81 100 77 73 108 0 74 92 58 49 40 108 53 39 31 39 62 50 75 80 42 67 32 44 92 78 47 106 84 53 36 102 102 43 61 53 42 44 97 65 99 57 65 36 38 105 81 51 62 90 54 43 85 77 44 56 86 42 99 53 64 66 67 100 105 42 40 93 71 98 98 71 43 88 66 94 30 57 35 36 93
45 54 27 75 108 28 109 76 30 58 96 30 74 35 85 72 69 95 73 77 58 46 86 63 37 87 76 62 30 88 37 81 49 70 85 90 45 109 87 94 69 73 110 29 27 99 44 89 48 85 75 101 33 69 71 96 102 76 80 94 34 49 102 83 56 87 30 86 71 60 30 40 38 68 43 0 33 39 39 59 83 59 70 101 69 32 109 104 81 67 46 76 50 90 60 40 42 60 87 72 40 94 79 92 52 40 109 79 96 63 79 56 108 44 87 64 79 108 52 75 44 61 99 66 79 109 37 106 93 81 69 108 41 59 106 45 49 53 34 102 55 89 74 88 67 56 48 105 96 82
46 86 38 98 55 97 87 31 56 109 53 44 32 57 71 74 33 56 34 99 67 40 43 98 44 52 37 101 32 52 80 38 96 92 105 97 54 36 73 67 58 70 76 87 43 54 69 82 47 62 47 107 74 96 82 93 47 59 64 89 110 34 72 67 94 58 38 38 89 99 90 63 92 87 31 102 0 99 56 41 51 88 97 46 85 67 105 108 83 53 89 42 38 93 51 28 74 69 106 76 34 87 63 93 70 40 41 62 75 61 39 96 30 72 42 60 51 30 89 51 103 36 36 37 49 80 42 108 70 86 55 51 39 102 43 93 47 58 64 95 54 61 85 84 101 67 99 31 95 52
110 57 106 106 96 108 68 56 73 70 96 32 64 43 62 95 83 59 60 52 87 89 58 54 103 54 32 103 74 89 36 51 44 68 109 49 87 58 108 53 31 106 59 81 31 97 96 46 41 50 80 31 46 99 72 49 54 108 64 54 46 50 85 80 56 84 66 101 54 89 56 103 27 43 85 59 65 0 64 55 98 37 58 73 36 94 83 69 89 52 39 58 62 105 92 58 92 78 105 34 108 39 68 31 80 38 90 59 31 100 108 48 76 77 57 30 41 40 68 89 64 95 94 85 66 27 38 89 108 36 76 100 60 53 88 34 105 69 73 43 68 82 32 73 79 49 59 59 93 63
80 74 76 41 49 99 88 35 46 50 90 47 51 85 88 75 58 107 77 52 30 83 39 67 103 31 71 72 51 98 79 43 55 54 77 94 79 35 79 85 95 40 51 67 36 28 37 86 31 86 87 100 108 65 95 105 99 79 37 71 91 80 53 64 95 51 70 45 35 28 68 34 94 84 95 71 54 57 0 90 101 108 59 70 95 105 34 65 66 54 30 58 47 30 65 27 93 110 90 71 90 73 66 78 79 106 43 33 76 38 104 106 109 42 67 35 64 109 30 96 50 77 58 96 68 52 109 91 54 28 74 83 29 47 93 54 44 77 68 95 62 27 99 46 55 105 44 91 75 60
54 73 94 48 97 43 29 92 85 35 32 53 97 79 37 47 49 71 77 32 58 91 33 102 89 110 71 101 41 110 54 101 68 31 42 102 62 90 79 107 88 95 60 30 54 81 60 89 40 27 103 71 86 93 64 72 42 91 48 97 83 66 61 96 72 101 83 98 62 107 71 27 67 92 91 98 86 42 29 0 42 44 61 97 54 102 87 99 105 62 76 100 54 84 64 41 55 83 66 35 59 36 43 62 104 42 92 27 35 92 30 76 75 108 66 94 99 57 103 106 53 51 87 95 31 41 65 78 48 67 102 37 109 34 48 50 78 65 75 70 91 47 102 44 56 97 79 107 30 46
42 105 100 95 55 46 91 105 51 92 90 102 35 59 101 97 92 98 30 41 61 84 87 80 52 59 36 30 44 94 47 109 50 102 97 68 36 83 33 37 54 102 108 53 86 42 108 87 90 82 28 42 31 97 85 53 90 89 82 70 38 54 97 33 53 41 36 49 83 66 88 52 107 90 89 55 31 84 89 66 0 68 50 104 60 38 80 33 31 70 76 85 49 101 64 53 41 54 94 70 78 51 43 57 32 56 71 101 28 110 63 47 53 55 41 54 68 98 70 91 73 55 47 68 27 57 51 60 28 33 33 98 109 93 63 64 102 86 97 56 102 73 92 42 97 57 83 46 44 109
109 79 102 77 29 107 61 73 76 62 56 102 34 87 94 54 85 83 66 29 55 49 108 84 87 57 88 86 40 91 56 73 80 64 55 49 48 91 73 49 62 88 50 51 51 77 109 30 39 91 91 33 37 53 101 78 106 89 68 57 104 84 49 79 52 60 83 93 99 110 87 102 61 54 95 54 95 88 95 50 89 0 105 97 36 46 91 109 95 39 57 71 49 42 92 100 87 69 94 37 65 95 37 103 44 32 87 84 82 104 51 50 89 95 54 32 35 27 93 45 77 41 57 79 65 77 42 37 54 101 84 37 62 98 66 52 83 77 38 97 38 75 33 52 87 63 41 82 72 65
29 53 47 104 93 31 72 78 109 80 29 44 97 47 42 84 79 40 100 85 108 107 80 65 47 39 77 86 85 74 52 69 96 94 66 64 107 42 64 45 34 80 28 81 64 46 105 79 63 34 92 97 59 71 103 55 84 82 110 102 45 61 43 40 42 56 89 51 68 41 97 57 70 70 80 104 47 49 97 81 82 29 0 106 54 55 96 37 53 99 102 93 28 66 62 39 102 73 51 68 77 38 107 42 70 53 32 76 27 73 39 100 49 33 80 56 109 85 86 84 85 63 79 27 42 110 43 79 85 33 110 104 76 63 94 88 29 81 43 80 104 77 101 71 69 86 66 99 95 110
65 45 109 67 86 84 97 61 64 65 90 85 86 95 75 63 81 96 36 41 54 83 74 49 34 28 61 40 97 79 87 34 62 64 53 68 36 106 31 38 108 53 82 91 51 93 107 68 92 69 96 98 85 44 30 40 32 82 59 82 94 49 90 56 47 38 48 76 107 65 82 80 62 96 29 99 89 108 45 38 79 107 67 0 96 98 99 93 67 28 79 45 98 72 41 96 78 77 83 51 109 56 77 70 29 90 77 67 50 71 108 74 66 94 37 94 88 74 91 110 109 84 103 79 33 64 48 38 64 40 83 101 27 38 51 80 93 83 45 78 86 109 68 57 64 76 38 75 57 44
48 64 70 96 81 39 80 89 93 51 108 108 32 107 79 81 66 99 89 65 46 70 108 89 75 32 93 63 70 91 66 57 76 88 33 94 97 99 108 58 108 77 57 44 85 102 55 85 83 38 28 94 109 78 101 76 51 107 93 80 37 49 66 46 99 73 100 90 34 59 95 51 55 74 80 45 59 44 53 53 49 30 60 38 0 30 73 101 28 82 45 74 99 62 64 96 72 99 54 59 47 37 105 79 44 71 101 81 34 109 108 49 79 37 93 44 70 40 79 94 104 37 30 74 49 49 61 90 58 65 54 44 71 68 67 61 60 29 95 66 80 97 37 100 103 33 73 28 62 99
109 84 84 96 109 68 99 34 41 104 82 48 56 51 62 38 40 73 68 110 61 44 92 82 105 37 90 30 41 73 41 57 43 63 52 42 50 51 50 76 108 53 27 69 91 43 35 40 37 74 47 97 41 81 28 55 41 71 86 96 52 79 58 94 30 92 49 63 100 63 38 84 74 40 89 93 82 54 101 44 39 54 70 102 33 0 74 69 61 66 52 36 107 30 94 106 74 58 59 67 44 109 65 100 63 91 33 41 81 80 28 48 41 33 79 93 36 40 93 84 99 30 90 89 102 89 63 62 70 75 69 76 97 44 29 88 104 45 95 77 55 94 79 47 28 52 38 92 50 43
107 54 61 74 76 35 35 66 60 45 34 83 93 37 63 55 103 58 72 62 68 44 92 82 39 40 50 46 59 92 81 97 48 60 30 28 45 54 96 81 67 33 70 47 85 45 39 110 60 103 85 41 80 98 36 99 87 88 85 60 71 55 87 40 56 95 102 108 98 80 85 88 40 67 50 39 37 78 71 43 34 28 91 104 74 96 0 55 60 66 37 109 97 97 86 34 51 32 86 78 44 47 45 31 58 63 103 65 101 110 80 68 103 35 85 62 110 75 29 98 94 64 32 79 35 102 83 77 44 55 84 80 35 41 85 45 82 42 108 95 89 101 56 109 28 75 38 47 75 46
67 103 71 86 90 97 91 39 109 43 39 28 104 45 85 47 89 79 92 41 93 37 51 91 88 54 84 81 28 92 56 71 39 49 58 36 99 110 101 55 86 96 92 56 33 66 85 52 68 91 70 86 33 60 59 44 76 110 36 92 102 74 40 68 31 105 93 93 49 110 53 51 100 45 59 100 57 35 69 101 110 103 95 88 60 37 87 0 61 31 71 104 97 49 48 110 28 46 71 88 29 44 66 67 75 76 93 65 92 110 81 29 69 63 43 84 107 49 67 96 100 48 91 93 93 92 100 69 97 86 60 45 51 61 73 34 93 75 54 50 107 60 35 36 50 86 52 96 78 90
105 108 48 110 78 110 103 71 75 100 31 62 94 91 70 28 84 37 89 104 81 101 96 33 101 92 70 96 106 90 91 38 32 107 80 106 45 67 89 78 107 69 46 110 53 103 72 108 44 41 52 78 70 43 64 59 30 46 29 59 95 62 70 66 62 74 37 75 54 32 100 109 84 66 32 48 47 90 82 41 59 65 55 85 75 53 76 68 0 37 74 75 62 53 109 87 73 96 99 62 34 42 28 99 33 95 65 96 50 34 86 69 53 27 71 60 51 57 43 38 93 35 36 88 61 88 82 106 109 56 97 33 55 86 74 67 63 38 53 100 32 33 62 96 50 108 66 107 90 65
103 51 65 68 65 78 45 34 97 54 70 110 68 64 71 30 94 65 71 83 62 91 27 43 103 46 54 54 53 34 81 31 67 96 30 107 27 96 48 109 85 37 67 47 49 94 40 66 93 38 75 54 35 77 104 96 74 34 55 71 81 65 47 63 80 103 73 56 68 51 49 48 73 31 32 93 33 45 42 98 94 67 42 49 34 49 56 83 51 0 43 62 56 83 75 52 37 100 110 50 30 96 102 88 82 65 44 102 71 91 67 37 82 79 75 96 94 58 73 77 90 29 29 81 103 32 45 96 53 34 72 48 93 59 102 88 76 82 36 53 107 33 110 48 91 94 51 72 98 28
43 76 48 37 58 31 62 90 79 80 104 44 87 104 86 61 108 61 46 34 54 57 91 47 95 28 30 95 98 42 80 41 52 52 73 84 99 50 99 42 59 61 108 76 91 95 97 48 49 89 109 36 61 60 73 38 107 37 81 52 80 74 53 100 74 48 88 96 88 28 55 59 106 74 61 77 99 105 58 110 43 88 50 108 36 97 68 58 110 64 0 79 49 98 69 87 57 80 66 32 46 82 62 33 108 36 86 99 101 91 59 58 79 55 94 37 50 69 57 36 71 60 70 93 63 81 86 47 74 41 95 93 55 91 108 28 68 38 46 42 46 49 110 35 47 69 86 43 103 39
100 99 56 55 45 74 103 68 72 56 77 96 89 28 38 39 90 81 78 60 31 71 28 93 80 67 55 81 34 107 54 92 38 34 91 79 35 85 106 61 59 52 100 78 32 27 55 52 44 104 97 75 99 72 92 92 55 84 38 60 29 47 63 90 85 35 57 41 81 56 86 56 64 52 83 27 30 93 55 57 46 96 62 80 67 60 89 104 50 94 31 0 36 39 85 84 59 51 93 58 105 28 106 84 60 65 76 102 64 102 102 45 60 68 101 86 68 46 85 50 92 58 28 69 97 31 106 58 99 87 47 38 37 38 30 46 71 90 108 42 33 48 31 88 66 98 95 60 79 93
54 48 106 53 35 43 66 60 101 88 61 81 48 94 79 106 72 78 67 43 71 68 57 76 65 35 87 64 30 82 61 55 44 84 56 27 82 97 35 108 59 43 70 37 49 38 84 54 110 31 94 59 41 87 108 90 52 30 67 60 89 38 102 94 76 90 69 89 53 62 29 53 86 30 51 109 106 34 91 94 101 72 80 105 63 94 56 96 42 100 97 29 0 57 51 35 101 45 52 54 28 65 83 44 61 65 42 70 31 80 63 53 91 43 53 58 74 91 74 65 50 107 108 91 78 90 29 85 99 106 31 109 49 54 73 42 31 96 82 33 38 84 33 60 29 109 86 58 93 46
37 32 87 58 108 84 98 31 95 97 103 62 105 98 38 77 80 79 80 103 86 83 108 76 110 72 67 68 30 30 40 76 87 34 51 88 60 70 41 75 82 101 40 97 52 100 38 96 99 89 27 35 85 79 96 76 58 82 42 62 33 84 32 54 33 65 107 50 47 76 87 79 56 73 93 72 45 72 93 95 94 80 50 30 44 47 92 36 54 50 86 32 73 0 99 71 45 99 59 57 40 82 86 69 87 39 109 108 56 45 95 71 33 93 68 103 67 46 76 58 65 68 82 27 101 53 104 77 76 62 44 94 58 44 72 75 31 81 67 42 102 78 74 64 88 99 80 30 96 46
29 88 88 98 58 27 79 92 41 81 57 101 62 103 73 67 69 90 27 75 41 30 99 64 85 52 56 69 95 36 71 94 29 59 90 95 41 42 46 37 102 93 50 74 69 98 72 60 32 43 83 83 36 91 29 34 52 36 100 106 81 88 76 30 60 85 42 105 95 89 47 62 29 106 94 61 79 98 52 78 104 72 30 78 77 39 45 102 102 106 104 54 68 43 0 41 62 104 60 85 102 98 89 98 30 65 45 54 87 81 38 83 81 55 43 40 64 57 61 96 97 38 90 51 35 72 64 74 29 107 103 85 27 56 52 46 43 91 89 30 35 90 81 88 102 90 51 35 74 46
108 56 86 60 65 58 107 47 52 60 66 71 45 88 52 37 36 48 77 71 89 85 106 87 58 46 47 91 35 34 33 55 78 48 65 74 94 35 35 99 46 62 69 80 72 90 30 49 93 80 102 105 96 44 107 80 107 82 39 48 28 91 96 36 32 77 84 61 101 57 52 72 33 36 36 39 94 50 47 88 42 45 109 33 38 31 72 88 41 50 56 104 65 98 82 0 46 67 69 51 74 87 108 88 29 52 42 29 49 67 51 110 62 53 83 46 89 34 32 47 44 83 52 80 57 63 57 85 102 58 37 100 90 74 93 36 86 107 97 94 68 73 32 58 52 32 93 68 66 70
66 89 43 72 73 98 62 27 51 27 57 104 89 30 86 83 106 97 36 38 98 65 87 37 68 67 68 60 52 32 27 40 30 84 41 35 53 65 109 104 76 107 34 86 49 33 93 36 29 93 92 31 106 37 81 73 53 99 71 66 28 107 86 53 66 91 71 93 45 65 70 34 39 68 27 91 99 79 108 107 107 107 42 75 69 110 71 84 109 100 62 102 44 71 33 79 0 37 92 87 45 74 65 102 51 96 109 91 48 80 33 53 106 52 88 70 90 67 84 30 39 43 58 73 28 64 45 32 103 90 74 66 79 102 56 91 65 97 50 74 92 33 73 57 64 41 81 29 84 108
74 106 99 58 65 52 49 110 88 96 106 80 74 42 66 34 88 29 87 27 74 74 85 95 68 86 97 89 71 99 53 59 40 42 37 69 84 103 47 67 32 107 56 88 110 60 85 74 102 94 89 32 97 59 39 101 43 106 106 45 71 89 106 52 78 61 79 51 110 81 79 93 43 89 51 109 69 82 90 28 78 99 102 44 60 40 110 51 107 32 36 83 107 37 97 95 76 0 49 83 96 61 36 81 30 42 65 65 104 89 43 73 70 56 40 102 50 89 77 36 73 109 73 35 65 43 93 29 39 72 58 99 66 92 82 47 54 104 83 101 39 43 27 92 83 43 69 73 109 46
31 76 80 76 98 79 52 67 35 74 71 67 101 88 70 57 90 72 53 32 27 64 82 41 107 58 87 72 49 104 71 109 92 81 80 92 60 88 43 62 77 104 50 43 95 45 104 65 85 40 40 90 108 110 105 99 90 88 67 78 81 41 79 104 70 101 58 53 33 94 55 60 56 67 34 68 77 99 52 99 92 59 28 40 101 109 65 73 80 80 51 74 50 57 38 52 88 66 0 59 77 97 64 109 104 84 89 39 99 44 107 69 100 82 105 60 63 52 69 71 100 82 73 97 89 61 83 85 86 41 43 108 34 99 88 109 38 85 64 79 108 87 27 58 96 49 103 27 32 110
95 87 73 75 108 102 56 102 84 81 35 110 93 42 27 90 54 74 89 45 94 68 37 79 86 99 42 103 29 32 41 84 110 86 56 61 101 73 47 30 61 35 42 55 93 95 97 34 101 64 89 100 97 94 44 52 93 108 52 32 48 31 84 57 99 34 44 79 43 104 68 76 65 97 71 67 65 35 53 87 108 93 61 83 74 52 99 58 105 29 36 103 88 42 101 60 44 60 56 0 91 58 55 39 86 77 77 98 58 74 91 57 86 31 84 64 34 96 50 101 34 86 44 87 62 57 65 76 36 91 39 31 71 81 53 36 78 58 84 92 69 69 75 40 40 63 36 65 63 90
108 100 77 28 79 63 42 62 33 41 45 40 90 36 106 95 87 97 44 80 28 79 63 56 52 77 77 60 73 53 67 103 84 92 39 72 70 89 43 76 54 79 62 73 40 61 78 57 55 38 71 31 31 80 83 50 36 28 44 67 59 103 61 77 48 34 53 31 82 76 27 37 88 96 67 98 48 60 51 60 100 87 87 83 47 62 110 78 34 81 67 40 56 48 41 110 49 96 55 85 0 44 109 39 30 86 98 106 75 43 27 99 44 52 46 84 92 82 59 79 46 92 108 98 108 66 40 69 53 95 44 54 108 109 106 80 88 85 40 82 57 77 99 31 91 102 68 30 60 63
46 50 108 75 60 56 29 83 58 105 104 91 70 103 89 87 31 91 75 35 60 43 67 88 91 65 108 28 92 58 96 107 37 107 38 99 41 85 58 106 65 64 63 106 41 32 60 72 67 84 83 94 74 47 95 71 83 39 27 76 30 96 33 65 41 44 77 85 71 88 69 88 36 83 30 27 91 102 83 70 44 51 109 51 76 27 82 45 29 93 71 105 29 38 44 78 40 61 36 55 53 0 96 55 77 60 51 76 107 79 80 104 76 87 54 34 45 36 79 53 29 91 46 101 90 46 105 86 65 66 103 54 36 33 74 92 56 48 102 66 102 81 84 90 79 87 36 29 72 33
102 101 27 57 105 90 78 47 100 35 74 61 42 100 35 67 70 78 102 60 110 104 44 76 65 103 56 57 65 45 42 72 85 97 37 59 32 31 69 40 66 63 34 58 41 106 52 33 50 73 31 77 36 104 45 34 72 93 100 33 75 29 70 104 109 38 92 65 104 103 81 43 68 98 68 45 46 76 92 74 50 51 91 62 80 34 67 72 55 77 67 55 66 101 72 39 69 44 65 86 106 29 0 102 86 61 85 81 46 41 87 98 101 106 101 30 56 78 98 86 89 43 98 104 56 60 76 67 31 59 91 109 64 56 29 42 66 66 63 38 88 32 43 30 68 49 32 108 93 70
50 48 52 36 36 48 35 94 28 104 107 89 67 70 75 62 30 97 73 30 87 101 36 64 99 52 76 80 74 81 55 40 103 69 94 63 39 74 66 35 64 99 109 53 101 64 110 39 72 38 99 65 45 85 104 27 51 88 76 44 90 35 106 89 108 42 39 92 102 92 36 34 106 49 67 31 29 106 31 41 89 45 88 38 48 76 77 28 75 84 28 34 81 82 102 102 81 65 63 83 32 55 70 0 87 57 41 51 40 62 72 75 59 31 99 33 40 57 89 83 90 34 43 88 97 27 33 82 64 53 39 30 84 81 81 64 40 82 34 55 44 67 53 49 95 65 90 52 84 62
79 70 68 98 42 105 38 58 47 32 53 32 49 69 32 73 51 85 42 39 73 49 46 108 63 99 86 56 37 54 64 49 34 105 85 107 99 91 102 37 50 83 84 98 27 61 92 91 61 66 74 98 57 30 56 83 57 39 42 104 55 55 102 107 79 66 50 84 62 83 35 94 66 109 72 57 72 70 35 46 68 34 40 34 81 97 42 74 88 79 72 67 96 96 75 36 74 48 47 102 27 31 32 75 0 67 76 57 64 53 50 42 91 29 53 79 75 108 63 72 37 56 69 68 48 107 98 59 73 110 73 56 40 59 85 94 62 84 83 51 70 98 62 47 30 98 37 32 67 40
73 35 37 72 85 51 98 84 96 95 90 38 84 99 36 62 69 100 30 66 32 108 52 48 76 36 96 77 84 80 65 88 98 31 71 51 40 86 51 101 31 97 32 32 76 47 83 32 69 104 92 71 50 57 32 44 54 83 27 97 59 94 54 69 43 105 81 32 54 41 38 46 110 70 50 65 28 106 40 36 56 94 46 72 56 103 110 81 85 68 105 60 77 105 60 69 47 31 56 54 43 74 86 78 41 0 86 71 99 61 58 90 97 41 70 66 83 66 86 61 96 80 69 104 67 85 43 81 80 46 88 72 80 46 104 108 36 48 110 100 53 99 49 40 64 40 79 27 58 74
28 108 99 75 93 83 109 73 103 100 59 82 107 92 66 80 37 88 52 45 51 45 41 99 105 64 76 103 44 107 93 71 29 36 52 85 76 31 27 77 29 63 52 68 81 89 94 45 49 84 61 34 73 31 71 95 80 102 66 66 77 58 89 77 109 48 29 100 79 92 31 81 81 101 82 87 71 87 91 88 105 39 56 29 54 89 56 47 54 81 61 93 89 105 101 78 88 28 45 49 62 34 58 98 49 65 0 82 76 31 41 60 81 80 103 34 30 39 72 39 42 66 41 45 28 106 44 92 110 46 57 98 76 99 37 27 89 70 99 84 105 58 77 80 73 56 30 52 43 92
99 100 27 86 40 107 47 49 89 100 102 88 109 77 74 102 72 110 81 75 37 50 104 69 92 71 96 59 51 90 98 31 73 28 84 101 105 74 29 89 66 46 29 71 93 51 32 31 71 35 100 27 98 103 66 30 63 75 90 76 105 106 85 92 90 27 80 58 33 100 82 58 35 98 64 100 63 29 110 31 78 63 64 82 29 80 86 50 64 97 40 67 70 48 110 84 110 43 50 83 104 73 97 28 82 90 42 0 51 30 98 45 77 41 81 79 86 33 75 82 67 66 81 105 107 29 94 51 71 103 66 81 74 49 89 100 67 82 34 94 66 38 103 70 95 79 62 86 92 40
30 57 63 49 31 95 67 35 68 103 103 80 99 101 35 100 104 29 77 109 36 73 56 41 66 33 103 52 29 58 48 83 52 43 39 96 66 44 86 29 92 58 77 33 55 102 41 67 75 31 65 36 78 93 87 46 43 47 36 61 89 107 70 88 98 38 81 43 60 91 28 84 50 95 84 55 103 92 31 105 29 101 80 80 33 32 73 59 65 56 109 44 33 44 42 102 102 83 90 61 27 109 40 45 37 55 56 91 0 59 48 63 60 71 55 45 99 68 61 70 33 69 31 85 46 75 106 31 28 85 64 98 55 103 76 46 79 29 74 51 46 86 64 98 83 107 30 56 107 38
38 85 103 105 64 48 56 42 33 77 100 39 83 45 37 42 45 109 74 69 78 57 95 78 75 86 35 73 88 34 93 33 61 99 40 62 86 41 51 50 64 91 98 31 50 60 33 69 58 45 63 77 35 62 73 44 67 63 34 56 79 102 75 66 89 35 42 104 92 81 99 67 39 101 56 38 59 65 90 89 82 59 102 30 31 53 107 59 108 90 31 83 59 79 44 61 75 75 66 61 57 64 52 67 74 85 72 44 32 0 68 67 35 90 82 97 27 92 32 91 42 61 80 70 89 93 84 54 55 99 40 90 108 74 48 97 100 80 62 43 99 106 103 59 55 86 40 45 30 56
29 89 100 61 84 52 104 97 38 39 63 74 34 97 79 72 50 90 53 29 88 107 53 69 52 43 32 30 71 58 45 43 103 102 36 67 73 67 93 57 59 72 78 66 66 90 86 110 44 88 65 93 106 69 84 70 49 94 57 93 27 55 78 86 75 83 41 81 39 68 101 38 73 87 78 33 56 92 92 101 107 61 29 107 87 47 69 78 81 30 43 29 99 85 83 104 31 32 72 53 31 39 81 45 40 61 34 31 98 34 0 82 70 49 44 60 105 58 75 46 50 33 48 73 50 38 64 51 70 90 105 98 44 85 66 97 98 53 64 87 47 41 48 104 89 34 43 76 91 106
61 104 63 91 90 48 68 56 67 83 34 97 74 42 97 108 52 96 94 62 107 33 92 38 100 92 71 106 50 42 68 51 91 29 110 83 50 97 103 62 64 71 77 78 79 90 66 90 54 67 110 47 92 69 29 81 95 40 47 62 51 57 34 106 28 61 104 45 87 62 94 59 96 47 73 50 94 62 40 74 92 57 99 69 52 42 30 70 84 101 63 103 49 109 76 96 86 86 69 67 48 30 55 110 95 96 67 60 35 80 39 0 36 43 68 96 37 105 59 64 101 101 72 67 42 105 40 35 101 89 33 90 36 95 52 60 45 82 91 77 79 31 37 30 33 95 83 91 74 62
101 41 80 39 78 68 68 79 80 43 47 88 56 44 74 110 109 37 99 81 57 66 40 100 67 106 30 28 95 55 96 67 70 30 71 49 63 99 58 56 88 107 41 81 101 54 41 69 72 73 43 99 107 51 100 101 110 61 64 71 90 37 40 70 64 73 57 70 72 51 55 68 44 99 87 29 90 35 40 28 106 53 29 100 94 47 85 72 109 84 61 109 31 98 71 55 110 64 60 109 68 56 109 85 86 42 29 47 74 84 81 81 0 107 101 63 43 32 67 79 48 29 77 44 30 42 28 53 59 108 46 70 83 71 83 90 31 97 88 70 84 69 94 34 39 51 40 45 87 63
75 68 49 36 33 60 45 110 75 64 89 66 80 95 78 90 98 56 67 88 70 73 96 73 62 32 54 45 104 86 47 42 67 100 43 103 80 42 110 93 103 97 51 28 83 39 27 110 49 92 54 106 62 73 40 100 34 70 75 42 29 101 73 72 60 97 72 95 41 84 68 48 49 68 49 40 108 35 36 93 105 84 34 58 62 105 96 58 64 59 69 108 106 69 103 49 95 103 84 84 82 45 90 59 75 63 44 49 60 33 72 98 99 0 38 49 77 88 53 75 85 36 40 96 67 103 28 67 29 60 49 83 80 87 99 49 85 97 47 104 84 30 68 105 94 95 72 63 108 79
31 47 84 74 101 84 69 72 87 33 103 99 54 95 28 80 61 107 70 43 91 57 36 66 85 96 85 94 61 51 75 85 37 59 48 84 43 33 76 53 63 30 35 70 43 29 64 40 88 85 39 62 50 50 35 83 30 75 29 79 69 64 42 89 61 61 83 54 107 81 58 108 65 50 98 59 48 39 60 28 102 52 44 31 105 106 28 78 45 109 73 42 81 87 35 35 55 105 63 94 60 74 47 35 70 55 46 91 95 33 90 29 65 45 0 41 88 92 104 49 70 100 97 49 32 90 78 48 31 90 109 30 98 87 109 63 73 51 92 89 75 40 83 80 104 68 87 44 96 45
72 56 105 46 59 42 75 90 106 87 73 30 84 79 33 107 58 109 55 100 35 29 40 58 108 103 83 34 75 61 28 95 29 69 44 48 81 75 70 99 63 75 40 104 90 99 80 64 75 70 81 79 48 92 59 79 47 34 77 90 49 87 34 91 101 83 45 33 65 90 99 76 43 64 98 57 94 39 99 101 41 28 75 44 34 88 109 36 32 105 45 43 47 71 87 108 108 110 64 44 31 72 53 95 48 64 35 74 31 62 85 58 42 52 36 0 83 60 91 106 68 52 66 67 99 101 80 103 104 60 59 92 46 83 65 86 31 105 91 59 79 56 95 28 103 29 47 55 41 72
44 40 60 79 63 30 89 29 37 62 36 82 69 107 72 62 104 94 52 82 110 40 99 66 89 70 42 43 81 70 57 85 30 48 71 32 33 71 94 62 64 80 83 84 73 49 83 95 73 82 41 109 78 36 34 82 82 63 74 55 90 41 35 31 93 98 90 97 88 110 30 98 72 49 36 62 106 97 62 98 103 69 37 30 54 79 39 85 92 28 99 93 38 48 88 43 101 91 39 75 46 109 42 100 83 92 88 53 51 38 27 108 27 33 102 108 0 83 83 94 79 95 39 83 30 80 49 96 92 59 34 107 53 61 88 58 103 49 28 80 98 62 95 69 95 41 70 88 50 67
86 53 31 53 92 55 49 63 92 79 82 27 57 104 109 106 46 28 103 74 35 97 79 67 60 28 74 71 43 96 41 90 74 87 41 97 102 27 69 39 61 36 40 73 51 79 39 88 61 75 79 96 70 53 65 34 56 60 73 89 35 51 29 84 29 89 99 56 98 65 77 76 57 39 98 40 100 39 34 66 97 106 104 52 45 35 42 39 32 77 57 70 49 36 68 82 92 99 77 62 85 32 69 110 92 84 104 86 62 29 49 42 70 29 68 83 93 0 94 105 84 43 66 48 61 42 88 96 27 35 97 109 110 82 55 29 50 47 65 47 34 70 90 36 36 58 81 99 49 49
82 98 98 67 87 46 68 44 70 91 50 27 80 59 74 35 49 28 80 63 51 108 83 53 76 91 94 70 74 31 71 81 53 32 85 56 64 51 99 109 81 54 84 89 51 65 81 106 61 36 54 61 37 105 33 60 67 57 94 77 104 98 89 40 94 96 35 100 58 57 70 95 100 43 57 99 44 50 109 65 110 106 70 97 47 61 73 88 110 105 62 106 108 68 73 45 97 89 60 69 89 56 55 29 99 96 53 102 32 52 100 53 73 59 28 59 67 70 0 61 27 33 42 63 59 28 30 88 66 62 99 100 91 90 49 37 109 73 65 88 38 103 65 53 48 94 43 27 76 35
42 53 47 33 80 91 60 99 77 109 58 102 93 84 51 45 46 103 107 108 67 68 57 36 48 75 70 49 68 87 92 29 41 38 75 57 35 54 90 48 83 78 97 106 105 30 65 66 47 75 53 95 49 76 108 28 88 57 95 43 61 65 79 34 91 41 91 29 65 80 27 106 100 57 78 55 109 60 34 102 40 107 77 58 75 44 83 72 99 102 58 31 75 51 107 53 32 100 71 52 90 88 32 65 38 40 39 65 30 85 69 73 56 32 40 84 55 30 84 0 36 107 107 62 29 59 88 107 27 81 69 83 96 59 86 89 45 85 52 57 97 32 43 95 75 104 86 28 50 60
53 27 80 110 43 81 39 110 29 99 90 62 99 47 82 89 101 79 66 59 81 70 46 57 42 94 84 36 89 73 35 56 28 77 42 48 41 90 61 48 104 98 72 52 35 57 86 106 62 31 109 71 109 89 71 75 39 87 81 56 45 58 54 94 96 102 43 107 36 76 101 104 64 49 106 56 33 34 93 50 65 108 50 87 49 94 85 72 65 79 90 62 104 34 38 35 85 45 51 93 95 110 96 77 86 49 70 74 76 90 66 51 105 53 107 61 91 60 41 82 0 92 27 68 39 33 36 42 35 69 68 43 52 41 47 51 102 34 53 62 47 71 90 52 69 102 39 76 73 44
65 87 95 107 32 39 50 28 82 60 105 56 51 50 74 75 95 27 47 79 90 100 27 84 47 46 39 71 54 107 34 43 32 93 34 60 79 110 64 110 51 65 97 41 72 84 44 102 88 50 33 73 84 75 49 94 70 32 94 33 98 98 103 64 41 91 45 29 90 34 47 106 94 35 61 30 40 87 75 49 58 64 104 65 79 94 85 96 97 109 63 49 101 77 82 80 52 65 103 80 49 29 68 67 72 34 68 99 52 107 28 110 49 64 75 108 104 92 48 84 104 0 53 96 86 48 104 90 110 76 84 65 37 28 105 93 101 67 88 70 38 37 51 41 39 49 56 108 32 75
90 42 27 62 86 32 32 77 41 31 63 29 37 49 90 110 72 84 37 107 44 94 103 33 60 28 49 71 73 27 93 50 68 31 69 89 63 39 75 83 51 56 90 78 58 44 38 80 95 86 96 80 31 108 47 89 96 68 77 54 104 55 105 107 88 39 94 108 73 109 44 60 101 98 102 66 53 35 62 28 39 104 70 67 107 43 99 73 84 89 52 33 40 39 94 83 72 58 35 102 67 101 103 89 72 74 78 52 81 76 85 81 60 55 49 104 33 88 66 29 45 92 0 35 103 61 46 62 93 35 43 37 61 92 31 64 94 108 73 86 67 44 29 85 64 69 93 60 95 57
69 58 85 109 108 33 28 33 53 85 65 35 93 87 88 97 100 109 93 85 104 35 58 54 74 60 96 71 101 31 71 103 42 72 52 64 94 76 93 108 76 36 44 58 61 49 100 63 88 40 56 39 52 68 90 75 82 48 81 53 100 36 102 83 83 79 99 64 106 30 72 103 67 78 83 48 90 55 77 99 104 110 107 93 110 87 79 33 100 45 42 95 96 66 75 88 72 61 84 34 97 65 87 77 27 35 59 49 33 53 66 77 28 38 99 110 97 46 77 29 50 32 109 0 52 98 33 91 31 78 42 33 35 108 103 62 69 73 69 63 96 48 41 81 28 96 38 49 56 98
30 98 68 101 78 73 96 31 101 76 109 80 54 34 46 76 53 107 55 100 45 46 46 64 39 37 37 47 71 39 89 82 50 49 43 69 34 94 107 102 49 70 74 36 100 34 68 75 77 71 85 53 57 87 44 101 67 101 64 32 36 82 69 95 108 29 37 51 53 68 57 99 75 77 37 79 68 48 99 101 100 105 28 51 58 85 35 105 52 64 87 89 99 53 29 78 55 91 81 78 93 87 33 51 110 49 35 98 28 65 48 85 42 108 94 27 77 85 46 104 55 49 73 79 0 82 47 71 81 80 80 82 103 95 86 86 102 44 96 99 46 37 108 63 58 54 74 36 41 49
39 69 38 30 94 110 77 34 96 42 85 83 96 97 38 49 96 55 106 50 47 102 107 96 53 79 62 90 55 78 84 107 53 41 94 83 90 46 70 38 51 80 67 71 78 89 86 78 31 105 81 99 94 91 72 46 89 70 68 74 80 34 62 34 96 35 42 76 60 60 71 105 49 50 78 63 45 104 108 106 85 75 90 40 66 57 69 29 88 45 39 82 85 29 82 91 107 88 74 60 79 60 38 67 85 94 93 75 100 33 76 39 55 109 63 89 50 94 66 67 46 108 88 74 92 0 34 51 79 75 96 38 63 110 62 63 33 41 30 66 80 51 99 39 56 36 89 76 91 54
109 49 72 66 101 68 46 91 77 42 37 84 85 72 29 42 98 56 49 54 52 88 30 70 94 46 40 97 40 39 52 56 27 33 82 86 78 57 103 109 61 49 36 84 37 35 53 39 94 84 99 65 84 74 74 34 42 92 65 86 85 72 57 76 100 58 44 92 71 63 90 101 49 86 104 99 86 95 93 57 39 39 33 98 80 109 77 108 84 65 89 95 72 74 80 73 77 37 74 63 84 83 85 94 102 71 81 62 57 107 28 70 105 97 61 55 45 50 98 75 90 90 54 29 54 83 0 81 55 94 46 79 97 41 37 57 75 69 92 33 87 52 96 34 71 29 110 64 62 108
58 38 52 79 83 45 71 58 65 97 58 66 85 80 71 71 86 33 80 97 44 93 77 82 37 47 50 103 44 46 34 49 93 81 60 32 78 33 41 68 97 107 109 106 108 41 98 85 94 71 97 45 39 87 102 52 79 56 28 104 30 52 91 31 59 67 30 108 65 46 85 48 40 92 60 100 81 101 98 73 58 69 48 91 110 55 101 107 36 65 29 65 33 98 56 92 102 79 66 98 37 59 36 108 106 84 87 103 86 30 43 42 76 103 57 45 84 81 90 91 85 32 96 36 40 108 107 0 109 104 88 75 87 61 52 40 95 94 81 87 80 58 107 103 96 104 75 61 93 31
45 66 81 35 38 64 92 38 49 93 88 108 52 102 97 43 30 43 74 79 70 106 106 109 98 52 86 39 109 55 37 89 104 108 77 98 37 58 73 76 29 27 60 94 85 61 83 30 107 51 48 105 67 101 106 37 36 85 87 32 33 38 57 57 34 67 57 98 40 106 44 100 39 72 64 45 45 98 45 68 93 51 71 84 91 100 61 35 103 94 90 92 66 41 38 36 28 78 79 102 36 60 108 90 36 76 31 75 70 107 45 92 64 85 31 31 108 27 71 55 110 47 35 109 50 67 46 73 0 108 27 82 47 70 108 55 73 77 42 52 61 108 89 104 59 59 104 50 50 39
95 87 64 37 77 64 47 99 59 64 59 67 69 101 45 62 70 78 47 76 58 66 37 73 71 79 59 50 101 48 109 59 31 47 95 94 63 73 56 91 37 30 58 53 84 72 99 109 54 75 49 98 27 29 84 36 85 107 74 48 71 98 83 94 33 61 98 72 96 71 97 81 90 27 110 49 82 44 60 38 27 63 45 108 39 85 102 37 86 96 46 76 102 110 39 98 110 74 58 68 38 27 79 71 64 30 37 74 36 34 85 31 64 39 81 102 62 79 93 110 62 54 73 58 72 49 97 92 69 0 86 47 101 86 102 55 66 42 51 66 39 110 34 78 55 49 49 80 52 103
49 93 48 34 39 109 36 72 54 106 27 31 102 68 56 54 32 46 97 53 100 91 90 45 110 67 64 109 99 106 79 91 82 99 99 71 106 42 48 68 54 99 91 63 107 44 54 66 73 36 98 57 76 34 94 109 35 106 61 67 36 89 75 47 34 52 27 97 104 50 61 93 108 57 99 109 41 28 102 34 85 42 103 65 84 89 88 76 87 66 69 93 39 53 72 84 79 93 57 61 42 50 108 84 107 90 110 79 90 42 99 96 57 108 63 65 110 48 93 77 89 33 108 45 89 37 77 48 63 74 0 48 101 31 99 39 54 56 70 58 80 68 39 32 36 94 51 37 42 49
73 40 50 36 108 45 45 75 105 66 56 41 99 70 41 75 93 50 39 36 64 87 102 93 94 73 52 42 110 41 79 70 45 37 90 90 74 37 61 104 32 110 70 28 62 43 58 106 50 106 107 77 33 96 43 38 42 64 104 57 98 70 62 46 37 78 30 40 71 84 48 97 42 93 104 33 98 109 108 79 28 40 66 66 43 50 102 37 93 54 80 36 63 84 64 64 80 107 47 88 62 59 96 40 96 48 84 55 75 41 50 82 40 52 107 51 85 99 36 32 29 79 89 45 48 38 74 106 46 94 52 0 101 67 66 27 78 90 64 42 105 49 94 71 75 80 69 83 92 98
98 63 81 61 92 57 55 92 101 43 53 108 110 73 68 90 38 63 103 52 100 42 100 43 80 56 63 67 95 94 40 34 96 104 38 45 65 83 77 48 57 46 102 51 65 104 58 29 44 51 52 60 80 38 97 37 45 73 107 85 54 45 44 96 37 44 86 106 85 106 91 90 38 109 95 35 39 56 44 46 43 108 109 46 55 35 42 87 95 81 95 95 70 71 44 31 109 41 103 106 104 64 57 38 35 100 96 96 51 89 81 56 107 66 61 84 43 52 63 47 79 44 31 78 67 85 107 35 106 62 45 34 0 64 39 66 103 73 107 93 81 82 38 77 56 38 89 57 29 101
106 44 103 72 39 106 96 68 32 63 55 86 28 95 92 95 69 44 69 104 55 95 91 103 43 78 105 65 57 79 62 59 93 39 81 70 74 82 78 82 90 91 61 72 45 45 103 34 83 55 35 29 31 28 42 62 94 48 52 109 58 92 61 104 99 95 77 63 63 27 46 37 96 88 104 60 51 97 27 105 69 64 50 34 107 97 75 85 102 67 95 43 29 75 47 52 61 89 59 35 84 76 107 81 28 82 40 47 97 105 36 90 78 68 28 67 104 52 73 105 57 52 100 97 44 34 61 42 35 51 64 44 62 0 93 90 78 103 54 46 82 78 58 39 70 48 60 79 79 36
80 64 96 57 99 27 35 78 40 84 82 108 30 108 105 39 63 63 54 55 95 88 45 33 52 50 97 45 56 90 76 74 96 29 43 110 33 77 50 110 47 73 104 92 107 29 32 86 42 27 43 105 94 54 79 92 57 63 33 78 63 100 69 107 49 100 59 49 100 31 100 43 80 62 69 77 61 98 35 81 93 59 32 108 73 108 85 28 107 28 92 77 91 52 51 43 110 56 110 73 84 33 92 72 79 36 79 67 76 44 35 103 80 42 74 50 79 57 44 51 44 84 57 109 35 46 39 82 101 91 94 53 51 69 0 103 41 42 58 65 35 51 103 99 31 81 50 93 45 96
50 46 81 56 70 98 92 101 74 59 36 99 56 45 78 106 83 33 81 66 55 44 91 27 109 106 28 38 71 104 110 91 65 109 74 55 66 80 70 46 46 35 88 29 107 104 106 101 91 43 44 41 61 52 63 32 106 85 58 110 68 101 46 56 39 33 75 103 66 96 70 108 99 97 51 108 45 64 78 51 33 90 84 53 69 87 63 42 37 53 46 71 108 67 107 46 101 83 95 62 102 98 31 92 28 54 35 33 33 96 32 43 101 91 27 99 42 41 108 60 58 86 75 107 41 110 31 80 64 67 83 66 56 99 42 0 46 98 53 109 62 27 108 32 72 67 49 71 106 78
66 30 59 109 44 44 87 33 67 43 81 81 63 59 97 59 60 103 57 77 87 63 102 88 31 106 70 50 45 105 66 56 92 60 47 71 94 71 31 94 66 47 65 69 63 108 93 56 31 77 68 67 48 65 96 30 98 54 92 68 63 96 88 53 88 46 28 92 31 94 35 54 48 95 52 79 90 59 94 89 31 34 83 65 94 93 36 33 36 95 88 101 81 93 109 78 104 54 81 107 100 50 104 51 46 98 46 84 81 80 31 102 51 57 71 43 49 88 104 101 60 68 100 103 31 69 57 40 68 59 49 30 39 98 53 96 0 69 100 34 87 71 53 61 30 50 47 100 51 69
58 62 29 99 98 107 89 50 58 34 70 97 47 65 81 98 56 96 38 80 63 44 75 61 88 63 40 73 87 83 52 36 29 102 44 81 37 109 65 30 63 88 38 57 74 77 92 78 54 52 68 40 38 58 54 54 86 88 79 42 39 53 48 46 36 105 87 66 62 48 68 97 54 28 77 73 62 69 30 86 62 48 61 94 49 61 70 58 44 37 56 32 67 51 82 68 88 93 74 42 31 76 105 31 99 102 104 96 40 75 36 104 92 62 95 79 42 58 69 46 99 46 80 108 36 69 81 102 110 63 79 45 92 27 107 69 67 0 43 41 66 91 104 100 28 47 51 57 53 52
47 73 41 81 39 76 34 47 30 44 95 43 109 93 31 40 93 97 83 110 46 58 79 75 44 95 97 68 38 39 85 85 105 57 81 78 106 67 107 32 68 54 69 29 100 99 43 64 76 41 31 88 51 43 58 66 56 85 27 35 92 98 101 80 40 27 110 53 36 57 57 104 57 97 49 54 66 86 31 51 36 99 37 78 34 84 101 49 94 100 29 103 34 51 62 77 31 65 46 78 67 100 100 94 61 67 73 104 31 75 77 108 52 45 97 61 68 29 77 96 94 81 63 96 63 73 45 78 45 88 84 61 90 104 40 103 37 29 0 78 48 72 62 80 43 78 55 102 102 49
78 108 85 71 75 58 72 75 59 27 102 62 74 55 92 82 110 62 64 107 103 61 91 38 102 64 43 34 100 34 84 39 36 39 28 53 69 71 57 81 96 75 74 81 109 87 75 83 95 71 75 80 56 101 98 58 100 45 51 40 68 88 82 103 108 81 41 27 80 67 43 44 104 63 108 73 28 101 40 70 46 110 71 47 78 96 80 94 42 88 77 57 61 98 53 83 80 80 86 30 91 107 53 83 76 93 55 30 37 85 68 83 36 110 48 56 32 78 54 99 56 100 37 35 42 69 36 76 106 33 81 78 108 110 29 83 49 56 45 0 107 108 32 71 109 85 29 100 32 67
47 50 103 63 84 67 67 55 44 75 97 97 34 37 96 57 97 58 42 64 76 45 28 27 34 73 104 85 90 37 50 102 53 27 101 104 55 97 30 64 88 36 35 67 54 107 69 60 50 74 28 33 97 103 43 72 36 73 68 95 69 84 75 50 95 33 36 84 37 76 54 85 63 43 66 38 100 37 63 40 47 79 106 94 37 97 78 106 41 43 38 56 107 80 83 91 86 98 80 35 107 30 28 80 106 76 45 29 74 94 95 47 59 65 78 81 101 80 55 52 46 33 40 47 80 46 63 67 54 81 97 80 46 51 35 53 61 48 75 84 0 86 46 34 94 43 89 61 79 59
97 73 66 104 43 71 108 28 90 104 75 82 64 35 58 33 70 59 58 102 100 65 79 54 94 79 77 67 64 55 90 59 34 101 27 73 89 108 39 82 94 49 109 59 86 55 78 36 105 63 102 65 31 103 30 44 46 93 72 70 61 41 54 62 83 108 80 93 31 86 69 56 29 34 58 53 37 84 90 54 56 42 33 100 102 42 105 82 31 96 45 79 67 96 75 99 40 34 50 79 69 51 35 52 90 53 80 102 36 65 88 66 63 100 51 83 32 64 42 103 33 94 109 97 64 89 104 36 51 66 102 75 46 67 86 82 60 41 30 51 101 0 67 30 67 50 94 80 64 109
61 95 87 53 74 64 75 29 66 109 53 89 108 58 32 92 57 45 105 94 65 61 66 54 105 102 79 70 103 70 83 45 104 49 65 31 37 86 101 62 68 79 90 39 102 56 90 110 80 60 31 95 100 67 42 47 101 51 41 106 109 81 89 94 47 69 106 91 54 29 38 80 69 63 40 98 36 77 30 77 41 83 79 36 54 95 92 60 69 43 82 46 108 94 45 74 63 94 46 37 98 79 44 28 27 40 60 97 31 43 109 81 78 67 83 58 102 29 38 58 98 41 60 59 110 30 101 97 31 38 104 46 94 48 39 49 64 106 44 96 96 79 0 43 70 32 57 51 37 68
100 34 29 104 73 66 69 91 44 93 106 88 47 53 100 73 101 30 43 60 51 47 102 42 73 48 82 100 82 84 110 99 47 87 34 35 50 49 41 57 40 50 46 44 84 102 65 86 71 97 107 104 77 65 40 105 97 90 85 56 94 96 108 79 59 30 94 65 29 48 64 101 52 98 31 73 73 69 55 37 44 39 76 97 72 106 68 68 41 48 90 58 30 82 69 51 40 80 75 82 97 107 34 86 102 80 45 99 88 72 72 101 74 91 57 28 55 52 56 70 80 37 40 44 30 70 82 38 83 40 57 58 102 66 86 63 52 79 41 72 96 90 42 0 100 33 49 88 60 82
75 109 95 35 28 34 81 76 54 72 93 97 110 58 80 70 59 65 30 73 47 87 31 45 93 28 104 32 62 31 61 52 42 45 58 97 38 108 28 32 36 43 64 42 32 64 78 60 77 105 37 55 44 65 36 30 27 36 64 35 30 64 48 89 61 99 56 108 83 95 62 49 77 37 82 42 55 44 108 40 71 51 34 97 83 109 91 58 75 56 95 100 62 62 107 37 58 37 100 71 84 34 80 66 74 38 31 100 41 73 109 70 46 40 110 70 33 35 28 48 53 69 60 89 108 31 90 90 88 27 97 44 33 109 30 103 41 34 99 33 81 65 64 59 0 34 99 80 47 66
83 102 69 51 66 70 51 70 56 49 50 55 67 68 100 60 56 95 109 100 108 102 95 93 53 56 80 30 45 97 51 81 109 39 49 65 107 38 107 105 66 81 103 99 35 69 90 49 79 100 45 98 55 101 69 109 51 31 77 53 46 93 90 36 102 58 83 89 91 58 80 84 55 65 52 52 57 53 45 27 84 50 43 75 52 57 77 40 72 49 85 77 50 55 78 50 35 82 63 41 86 100 81 31 88 44 42 108 57 72 94 45 73 30 100 80 38 69 103 77 96 102 91 82 64 38 95 96 82 91 52 94 45 77 57 35 31 56 67 94 61 74 70 95 74 0 36 48 31 107
58 30 92 86 50 103 91 63 101 27 92 65 54 60 89 30 96 51 87 47 68 85 82 102 94 54 67 56 45 81 87 69 63 34 39 107 49 64 108 87 28 110 45 34 61 60 35 80 109 40 98 42 50 45 36 82 30 60 60 41 90 91 35 60 89 28 108 31 65 66 66 71 28 55 66 94 73 44 55 67 54 65 50 29 101 95 58 92 56 55 28 80 108 67 62 91 37 35 104 109 57 79 100 66 96 80 94 69 39 96 90 39 94 74 70 79 75 55 101 77 42 35 53 62 36 69 45 60 47 30 90 27 54 45 103 50 40 46 90 69 59 31 107 38 78 31 0 50 37 94
74 68 41 61 76 27 75 76 49 73 52 35 45 56 36 31 80 110 32 100 37 41 100 110 86 63 79 69 52 75 63 49 110 98 42 85 36 105 51 28 45 56 59 44 63 49 106 89 39 82 105 76 34 96 63 29 52 99 30 76 95 73 32 89 104 53 92 43 99 36 80 42 85 42 53 89 107 81 110 87 61 40 75 101 60 67 57 35 96 36 101 28 76 108 68 105 35 106 110 44 46 109 78 87 109 68 45 27 31 35 57 30 83 109 73 71 43 31 91 102 100 64 43 109 106 56 30 49 80 82 82 82 91 89 106 98 37 54 34 94 71 53 108 103 49 35 61 0 70 45
74 49 70 49 38 32 79 49 105 40 45 58 39 40 34 71 40 46 48 60 89 69 77 103 83 43 29 71 39 76 102 37 68 68 105 63 101 56 79 76 63 55 100 27 63 104 30 97 42 40 99 67 82 106 44 55 102 64 38 31 94 108 106 46 66 52 52 46 64 44 31 84 33 71 37 65 101 95 65 45 78 64 80 55 28 81 107 63 40 98 55 73 82 110 83 100 36 78 95 43 64 40 84 86 100 107 30 103 103 47 91 88 105 66 106 98 65 29 95 64 105 100 76 50 61 61 78 52 74 105 35 100 77 102 78 96 71 45 52 50 110 47 27 60 70 90 44 94 0 109
74 33 49 101 38 71 81 63 97 31 51 106 31 62 107 82 96 45 88 62 30 71 32 50 66 64 83 95 29 74 51 105 98 62 52 76 52 85 92 54 68 79 29 60 51 34 72 58 93 28 52 62 83 92 101 106 109 99 77 92 30 79 31 27 39 63 96 44 42 107 95 29 106 56 88 28 69 95 105 78 51 73 46 88 82 57 69 68 27 107 35 27 33 39 51 46 88 100 101 62 80 80 83 100 90 58 89 52 32 93 73 43 73 60 99 92 96 71 101 33 67 100 38 42 64 101 44 102 48 40 65 53 63 61 71 33 63 27 85 51 75 54 99 106 71 90 68 94 107 0