150
13 16 17 17 20 2487
6 14 7 1 7 1793
14 2 7 19 15 2343
10 7 7 13 18 2255
4 8 12 1 11 1898
18 11 13 12 1 1647
1 1 3 1 1 2011
12 9 9 16 14 1655
6 11 7 2 20 1481
14 14 6 9 17 2787
10 13 10 14 5 1547
5 7 7 5 1 2601
7 4 14 16 16 1535
18 12 19 11 12 2612
19 15 3 10 12 1378
12 9 10 13 19 1261
20 2 16 3 17 1982
18 16 18 9 13 1450
11 4 18 5 17 1475
14 15 4 9 10 1407
2 9 2 14 13 1266
17 4 2 4 1 2749
12 14 9 15 19 2342
8 10 8 1 10 1712
18 16 3 13 10 2560
17 13 2 13 11 2218
5 6 14 8 20 2449
7 10 4 20 11 1765
1 19 16 20 5 1912
19 1 4 9 2 2041
3 15 9 6 13 2871
11 8 3 19 3 2670
20 13 17 12 5 1737
11 14 1 14 4 2233
9 12 15 8 18 2385
14 15 12 13 3 2632
19 5 17 15 10 1504
6 9 6 18 8 1993
10 11 7 16 18 2805
9 13 19 19 8 1211
12 6 7 2 18 2374
17 4 2 12 13 2439
14 9 7 9 5 1560
20 3 14 20 12 2425
6 10 20 7 7 1707
8 17 15 18 14 1779
12 10 12 5 2 2517
11 11 14 6 4 2760
11 15 4 13 16 1286
1 7 12 20 5 2038
15 5 2 15 16 2701
8 9 10 19 14 1361
19 8 13 3 14 2339
3 2 2 5 9 2338
20 18 6 6 17 1618
14 1 1 18 10 1305
17 17 14 18 7 2744
1 3 5 15 17 2118
17 7 16 15 4 1236
13 15 4 12 11 2484
2 3 8 6 12 1444
4 2 10 15 6 2582
13 20 7 16 20 1459
4 9 13 2 17 2269
6 1 4 15 16 2191
18 18 10 12 8 2609
18 16 9 2 6 2029
13 7 13 20 10 1890
8 11 1 9 15 2578
10 3 10 13 11 2766
18 3 16 5 7 1301
9 3 1 3 11 2284
17 18 20 16 6 2231
8 20 5 20 20 2392
17 20 20 7 3 2062
1 19 8 8 17 2829
15 16 14 4 11 1693
4 7 1 17 6 2372
13 8 8 14 10 1497
4 3 5 4 13 1455
14 10 10 17 12 1616
6 11 20 2 9 2612
14 9 7 15 19 2648
14 17 11 8 10 2724
1 6 11 3 7 2655
4 18 11 17 18 1978
2 1 14 17 18 1731
13 2 19 19 16 2898
11 1 17 11 9 2873
20 4 17 19 13 1333
6 12 17 8 19 1240
19 13 6 13 16 2419
6 15 17 18 16 1426
6 13 4 12 20 2425
13 4 16 14 18 2404
8 2 16 10 6 1724
5 17 12 6 14 2693
18 16 19 16 12 1799
16 20 8 18 12 2582
3 19 19 18 12 2845
4 17 10 7 8 2217
20 1 18 15 5 1567
19 9 7 14 7 2053
19 18 17 11 6 1569
17 9 2 19 15 1925
6 6 9 11 18 1805
4 6 13 1 11 2077
17 6 10 2 5 2030
19 9 16 4 14 1834
3 14 12 11 18 1865
17 8 8 5 11 1435
12 15 16 6 1 2648
2 11 8 3 16 2008
13 8 19 2 11 1367
11 6 10 15 16 1626
3 20 1 4 9 2118
4 14 17 14 3 1606
16 6 8 15 5 1781
2 19 14 15 2 2725
20 15 16 7 8 2483
15 3 20 3 2 1490
3 2 16 17 19 1384
19 3 7 14 10 2868
16 11 4 17 17 2819
16 1 12 3 1 2241
20 10 3 4 4 2323
18 18 1 1 6 1217
15 13 9 11 19 2091
13 5 16 2 5 2540
13 14 4 10 6 1482
13 17 10 10 20 2149
12 6 1 2 5 2859
16 6 14 3 6 2429
13 14 16 11 16 1743
20 20 5 13 16 1796
15 5 7 9 16 1459
6 5 15 13 20 1308
9 13 10 4 18 2430
12 15 1 4 19 2626
1 19 16 14 6 2616
16 4 14 10 6 2555
16 4 1 11 12 2411
7 13 1 17 10 1400
5 4 12 20 5 1308
4 2 12 4 9 1695
7 7 12 8 1 1498
10 13 3 15 4 1726
10 12 16 2 3 1680
12 3 14 4 1 1973
17 3 4 13 19 2554
0 7 10 3 8 7 1 5 2 3 8 4 3 9 6 8 9 6 9 2 5 4 8 7 8 1 9 5 7 4 9 7 5 7 2 8 2 1 1 4 10 3 1 4 8 8 2 3 7 3 4 4 2 7 2 3 3 6 8 3 9 6 6 3 10 1 10 3 6 5 2 2 4 7 10 5 9 9 1 7 6 6 8 6 7 5 1 9 10 3 7 7 7 10 5 8 6 10 4 8 10 1 1 5 8 9 3 5 4 2 3 7 6 3 9 2 1 7 3 5 6 5 10 3 7 5 4 2 2 5 3 2 7 4 5 2 9 7 4 9 4 4 5 6 3 5 6 6 9 9
1 0 4 7 10 2 5 4 10 7 4 4 5 1 6 9 2 9 4 8 6 9 7 10 6 4 6 6 5 7 4 4 1 7 7 1 7 3 10 1 2 8 9 1 7 7 5 8 4 6 7 5 5 7 2 9 9 7 5 5 6 2 2 8 3 10 5 4 7 6 10 1 7 2 7 9 6 7 4 3 9 4 2 4 6 6 1 2 4 4 3 7 9 7 1 9 4 10 4 4 10 5 1 7 9 2 4 1 7 4 6 4 3 4 9 8 2 1 2 1 10 6 10 7 5 9 6 5 5 9 5 2 4 4 10 9 2 7 9 5 3 4 1 3 8 4 5 5 1 5
4 8 0 3 5 7 1 8 2 5 7 10 9 10 4 6 10 3 4 8 6 10 10 9 7 10 1 9 1 10 8 9 1 8 7 5 9 10 7 5 10 6 2 3 7 5 1 2 3 4 6 7 5 5 10 2 5 10 5 5 9 7 5 1 7 9 8 4 6 4 2 2 5 7 4 8 10 3 10 1 10 4 2 5 4 7 6 7 9 6 10 4 9 1 2 10 5 4 2 4 1 2 4 2 7 2 4 4 8 9 6 9 1 1 9 10 6 2 5 6 7 3 9 9 7 8 7 9 8 6 6 7 6 2 10 5 8 9 3 9 3 6 3 6 4 4 4 9 7 7
7 5 8 0 5 10 2 5 4 10 7 6 7 5 7 3 5 4 1 5 4 3 2 1 8 5 2 1 6 6 8 7 7 9 10 7 1 6 3 6 6 3 8 10 2 2 4 7 4 8 9 8 4 8 7 2 1 3 8 10 4 10 2 10 7 9 2 2 3 7 5 7 1 5 6 1 8 7 3 7 3 8 4 1 6 7 1 9 10 5 1 5 2 6 10 3 2 1 5 6 4 8 2 1 5 3 6 6 9 8 10 4 3 7 2 6 4 9 10 9 5 8 5 3 8 2 4 9 2 8 8 10 9 10 6 7 10 4 2 2 3 10 10 9 1 9 8 10 3 8
7 6 3 1 0 5 6 2 7 2 9 3 8 10 4 9 5 8 5 7 2 3 3 6 4 5 4 8 9 9 5 4 9 3 7 3 9 2 5 2 8 7 9 7 9 4 5 7 1 3 4 6 10 6 7 1 1 7 4 7 8 1 6 3 10 1 9 4 2 7 4 7 6 1 2 9 4 9 2 4 5 9 8 2 1 9 1 8 4 8 9 5 2 5 1 4 2 3 7 6 2 10 10 4 7 5 7 5 9 10 10 2 1 10 7 6 4 6 4 9 2 1 6 3 5 2 8 6 9 7 1 3 10 6 9 9 5 6 8 4 3 7 7 3 3 7 1 3 7 10
9 9 4 10 4 0 10 3 8 5 9 7 5 1 4 3 3 10 2 6 4 9 1 1 3 5 8 7 6 5 4 6 2 7 9 5 8 4 5 1 10 9 8 4 7 3 1 1 2 1 8 1 9 3 8 3 8 2 2 6 4 8 5 4 10 6 7 1 9 6 10 1 2 1 7 4 4 5 8 8 1 8 1 10 5 8 7 9 1 9 8 3 7 6 6 2 10 1 3 7 5 8 10 2 10 4 8 7 2 4 5 4 6 4 7 10 1 4 7 8 9 4 10 6 5 4 5 5 2 10 9 10 8 6 6 9 1 10 6 3 7 8 9 7 1 4 3 7 4 2
7 2 6 2 4 1 0 3 1 5 6 10 5 2 10 5 4 4 6 9 10 3 10 9 2 3 10 5 5 10 6 3 6 4 8 9 5 7 6 7 3 2 2 7 8 3 1 6 9 7 3 5 2 5 8 5 1 3 2 10 7 1 10 7 10 4 10 4 8 3 7 8 1 6 2 10 10 3 3 5 2 1 7 1 4 7 6 1 9 7 4 1 6 4 10 6 9 9 9 2 2 7 8 5 7 1 2 6 3 2 9 3 5 1 2 7 4 10 1 4 1 6 8 9 6 1 6 1 3 7 7 6 9 9 1 7 10 8 8 4 1 3 5 7 10 5 10 10 3 7
4 10 2 10 5 4 1 0 6 6 2 3 7 7 1 7 1 9 2 8 6 8 3 3 10 1 7 6 8 9 10 7 7 6 5 5 4 6 9 6 2 8 8 10 10 8 3 8 4 5 1 7 7 8 2 2 5 10 6 5 2 6 1 8 3 8 10 3 4 2 3 8 10 2 2 8 7 1 10 4 3 7 2 7 3 8 3 1 2 6 1 9 3 10 4 10 3 5 9 7 5 1 10 9 4 3 4 4 5 2 3 1 1 6 3 9 7 4 2 10 1 1 7 5 3 4 9 2 6 5 10 4 9 6 1 4 5 5 9 9 9 4 8 7 2 9 4 3 10 8
9 9 10 1 10 5 4 6 0 10 10 7 4 9 6 8 2 4 7 8 3 6 9 10 1 6 7 10 10 1 1 8 1 3 4 5 4 9 9 4 8 5 2 9 5 3 7 5 1 4 5 5 1 7 3 6 6 8 3 7 4 2 6 7 8 7 3 10 6 1 6 10 1 3 10 7 2 1 4 7 7 4 1 10 10 1 6 3 9 10 8 4 5 3 1 1 5 10 10 5 3 2 5 2 8 5 1 5 1 3 5 8 10 1 2 1 10 8 9 4 7 4 10 1 4 6 7 10 7 7 7 2 2 1 2 1 6 1 1 4 5 9 2 10 9 8 2 9 3 6
9 3 9 10 4 6 3 5 3 0 4 8 8 1 9 2 4 7 6 3 9 7 7 5 7 6 8 10 4 5 5 8 7 4 3 2 8 7 9 7 5 8 4 1 4 6 10 9 8 4 8 5 3 6 9 1 9 10 7 1 1 9 8 5 3 4 6 3 8 3 6 7 7 7 8 7 2 9 5 1 1 8 5 4 5 7 6 8 8 10 10 10 4 10 3 3 1 7 7 9 10 10 4 5 3 5 9 10 8 6 10 10 7 10 10 7 8 2 5 7 8 6 5 9 5 1 6 9 4 3 3 4 1 4 7 6 4 9 9 8 3 8 3 8 4 4 7 1 7 7
3 8 3 4 4 1 7 1 9 1 0 2 6 3 9 6 4 9 9 8 5 10 3 5 4 9 10 2 4 5 8 5 9 9 10 10 5 1 2 3 9 7 3 8 4 8 8 4 4 3 10 10 8 6 1 3 2 8 2 6 9 5 1 6 9 8 9 6 10 3 10 8 7 2 3 9 8 4 9 7 5 4 4 10 6 10 4 8 5 3 6 1 8 2 3 4 8 8 5 9 6 3 5 6 7 6 2 2 1 5 3 6 4 2 7 8 4 1 1 8 3 8 2 9 6 8 8 4 6 7 8 7 6 3 9 5 10 5 5 2 9 6 5 4 3 8 6 8 2 9
3 8 10 9 8 8 7 9 10 5 4 0 9 6 1 8 3 4 3 8 9 2 1 4 9 5 10 10 7 8 9 9 8 8 4 1 8 2 6 2 10 7 9 5 3 6 10 2 10 3 3 6 10 6 7 6 1 7 4 2 8 3 10 10 4 8 7 9 4 9 4 8 1 5 4 8 10 7 7 10 6 3 10 7 1 8 9 3 9 9 7 8 1 1 1 5 7 7 7 9 8 4 9 10 3 8 6 2 8 4 8 4 9 7 5 3 10 8 2 4 1 10 7 8 2 3 10 5 8 1 5 4 9 2 3 2 2 6 9 6 2 5 1 2 3 9 3 7 1 8
3 8 9 8 3 9 1 4 7 1 6 2 0 7 9 10 1 2 7 2 7 4 7 9 8 3 2 6 2 10 6 1 7 5 9 9 2 10 5 1 6 5 5 4 8 8 3 5 7 8 7 4 1 8 2 7 2 1 4 10 8 5 2 6 10 1 7 10 4 2 4 6 2 6 2 9 8 5 3 4 1 10 2 9 6 7 1 4 2 3 7 9 7 5 10 8 6 2 3 6 2 6 3 9 9 7 1 5 1 5 3 6 3 1 3 5 1 1 1 1 8 4 2 8 7 2 3 2 8 2 3 7 4 5 8 5 5 7 10 4 6 10 9 5 4 10 3 6 3 1
4 7 4 3 7 10 4 8 3 7 8 6 7 0 8 9 3 1 3 8 4 5 2 2 7 3 6 1 1 1 4 2 2 10 6 8 9 9 3 9 5 6 3 6 7 2 6 5 4 7 10 7 4 4 7 8 5 6 9 9 2 6 1 10 7 7 6 1 8 8 4 4 5 5 7 4 1 7 6 10 10 6 8 3 2 2 6 10 5 6 6 3 7 7 5 7 8 6 3 7 6 2 10 9 6 5 2 2 1 5 3 4 9 10 10 4 10 9 5 3 9 10 3 1 8 10 3 10 10 6 5 7 7 2 10 7 6 7 7 2 5 6 1 6 1 10 4 9 1 9
6 8 6 9 9 6 7 1 3 10 4 5 8 10 0 8 1 1 5 9 8 10 2 4 4 9 4 1 4 3 8 2 9 5 6 3 5 8 8 4 9 4 8 2 7 3 10 7 5 6 4 5 1 7 7 2 3 9 1 3 4 3 6 5 10 8 10 1 10 3 10 8 6 10 2 5 1 10 7 2 3 10 7 2 5 9 6 4 3 6 10 7 7 2 10 8 5 8 10 6 3 3 9 5 10 3 9 1 6 9 2 9 6 3 9 3 9 3 2 1 7 5 7 1 7 4 2 6 7 4 4 2 6 7 2 2 1 6 3 7 10 7 5 8 7 5 10 10 1 5
8 5 1 1 7 9 10 4 5 4 4 7 8 5 6 0 6 10 6 9 8 1 8 6 7 1 5 1 1 2 10 7 2 9 6 9 8 2 7 2 9 9 4 2 7 2 8 5 10 3 1 10 9 8 9 10 8 10 3 10 6 8 8 3 7 2 6 10 7 3 5 6 2 1 7 4 4 2 2 5 3 3 7 1 9 1 6 9 7 3 4 9 7 7 2 10 2 7 8 8 5 1 3 10 2 4 8 2 10 8 9 10 4 9 8 4 4 2 6 5 4 9 4 9 3 7 10 1 3 10 1 7 9 2 3 1 6 7 4 9 7 7 4 9 2 2 8 2 5 7
10 9 2 3 2 7 9 9 3 7 9 4 5 7 10 10 0 7 1 10 5 2 1 10 7 9 1 10 3 1 6 7 4 8 1 2 5 10 8 4 4 3 7 2 4 4 2 1 6 10 5 9 7 1 5 3 9 6 6 9 4 8 4 3 3 3 2 8 1 2 3 1 4 1 8 8 6 3 7 10 7 2 2 6 10 6 1 9 7 2 4 7 5 6 6 10 1 8 4 5 5 9 8 10 4 8 1 6 6 3 6 2 3 7 1 1 3 1 7 9 5 8 9 2 1 3 8 2 5 8 10 2 2 10 10 3 2 8 6 6 2 4 7 6 7 4 4 10 1 4
9 2 2 9 9 1 10 1 8 4 2 9 4 5 10 9 10 0 4 2 5 9 9 4 1 7 8 7 4 7 2 5 7 4 9 3 7 2 2 6 10 3 9 1 6 9 10 7 8 10 9 8 5 9 10 3 2 6 2 7 6 8 1 9 5 10 6 5 9 10 2 6 2 4 1 2 1 9 2 1 6 6 4 2 4 7 2 7 9 6 4 6 3 6 6 5 10 2 2 6 6 9 4 10 7 7 2 2 5 8 4 7 9 10 1 6 7 8 9 3 1 4 4 3 5 1 4 6 6 1 10 5 6 5 2 10 1 1 5 5 1 9 4 9 7 9 7 10 6 9
4 5 9 2 2 8 7 1 2 3 7 4 7 7 8 1 6 3 0 10 3 6 7 4 8 8 2 5 8 10 1 8 4 10 5 1 2 3 10 10 6 2 5 6 7 5 5 8 10 1 1 10 8 3 1 4 1 5 9 5 7 9 2 1 4 9 7 6 1 4 8 2 2 1 9 3 4 9 1 9 7 7 8 9 3 9 6 8 1 5 2 3 6 3 2 2 5 10 1 2 3 2 7 9 1 1 5 6 5 7 5 2 8 4 3 8 2 6 8 1 5 5 7 2 6 4 2 6 9 8 2 6 4 2 2 8 8 8 7 10 2 1 8 2 4 10 9 2 2 10
6 2 10 10 8 4 8 2 8 4 1 10 8 4 9 6 2 10 4 0 8 1 2 1 5 8 8 1 8 5 4 7 8 6 7 1 9 10 2 6 2 4 9 1 7 9 9 9 1 4 3 2 3 3 1 6 2 9 2 4 6 7 9 3 3 8 1 5 3 1 1 1 10 5 3 3 6 8 3 6 2 1 8 6 4 1 10 1 9 1 10 4 4 7 3 4 2 5 2 5 4 8 1 8 2 1 9 1 6 5 9 9 10 7 8 5 4 4 3 2 7 5 10 9 9 8 3 8 10 5 7 5 3 4 9 3 5 2 2 3 7 6 10 6 7 10 1 6 1 3
2 1 10 6 2 8 9 6 2 7 8 1 4 10 2 10 10 2 7 9 0 10 6 7 3 8 2 9 10 5 10 4 9 1 9 6 10 8 10 5 4 4 5 3 6 6 8 9 3 7 7 5 10 9 2 8 10 10 2 7 10 9 2 6 9 9 5 5 9 3 10 6 2 1 8 1 2 9 1 5 1 9 4 2 10 3 7 4 6 1 2 3 10 3 6 1 10 2 10 2 7 5 9 5 3 3 8 6 1 7 8 6 4 3 7 2 1 3 1 6 7 6 2 7 6 10 3 10 3 4 6 3 4 8 7 7 7 3 10 2 6 9 10 4 10 3 4 7 8 6
8 6 2 5 4 3 1 5 1 9 6 6 7 7 5 10 9 2 9 9 5 0 3 8 1 8 2 10 9 1 6 8 4 1 1 1 8 8 5 4 7 6 7 2 1 10 5 5 7 2 7 7 6 10 5 5 6 8 8 3 10 2 7 1 3 4 5 9 8 1 1 4 4 6 10 7 4 5 2 10 7 6 7 9 3 7 10 8 10 8 9 2 4 5 5 6 9 10 4 3 3 9 1 9 3 6 4 3 1 2 5 10 2 5 2 5 10 2 6 2 1 2 6 8 8 10 7 4 5 5 5 1 2 7 1 6 1 2 2 1 3 9 7 10 8 5 2 8 1 6
10 1 5 9 5 4 4 6 10 9 3 2 4 3 3 6 5 1 3 4 4 3 0 7 4 9 1 2 4 7 5 3 4 8 3 1 9 10 5 3 1 5 4 5 3 6 1 2 2 4 4 3 5 1 3 3 9 1 2 3 2 4 10 1 6 10 9 3 1 1 2 5 9 3 9 2 9 2 9 1 2 8 10 3 2 6 5 6 6 4 4 7 7 7 6 4 5 2 1 10 7 2 4 9 9 1 7 10 1 10 1 7 7 2 5 4 9 2 10 7 5 4 9 3 9 10 1 7 8 2 3 9 2 9 3 3 1 4 10 4 9 1 1 10 2 5 10 3 3 7
4 5 9 5 4 1 8 8 5 2 4 10 2 7 2 1 3 7 2 6 3 4 4 0 5 3 4 3 8 3 7 2 4 1 4 10 1 1 1 2 5 4 4 4 3 10 8 6 3 7 7 7 2 10 9 1 1 9 2 1 6 10 1 5 2 10 3 10 10 10 2 1 9 2 5 6 3 2 1 6 7 5 5 7 3 3 4 5 8 7 10 3 9 8 5 3 2 5 8 9 10 4 1 8 10 1 1 5 4 2 4 7 3 9 4 10 10 7 9 4 7 4 7 1 7 7 9 1 2 6 8 9 5 2 1 3 5 2 10 1 1 4 3 4 3 2 9 5 5 2
6 1 7 8 5 4 1 1 3 7 7 5 1 6 7 6 6 2 7 10 9 2 6 6 0 10 8 5 2 3 3 1 6 4 2 2 7 1 6 7 6 5 2 5 8 10 5 9 7 2 10 6 1 6 9 6 2 2 10 10 6 2 1 9 1 2 9 10 2 3 2 10 9 5 8 7 7 1 10 5 4 10 10 6 7 7 2 3 4 7 2 1 1 4 9 3 2 8 7 2 4 4 7 9 7 6 8 4 10 2 6 6 1 5 8 2 4 10 2 10 3 8 3 3 4 2 6 5 5 4 6 7 6 5 2 5 9 5 9 8 1 10 3 5 10 6 8 7 7 4
9 3 9 4 7 9 10 10 7 7 9 4 4 2 6 5 3 8 9 9 8 3 6 1 4 0 7 5 3 7 6 1 8 1 6 10 4 7 7 9 8 2 3 6 1 7 7 9 6 5 10 9 7 7 5 9 10 6 4 2 9 6 5 1 3 10 6 7 8 9 7 9 9 2 9 1 10 3 5 3 1 6 8 5 7 10 10 10 9 3 7 1 10 4 5 7 3 4 2 4 2 7 3 10 7 7 8 1 3 6 8 1 4 5 9 9 2 10 5 4 8 1 9 2 10 6 8 5 6 6 7 2 2 9 6 5 8 9 2 6 4 1 1 6 4 1 5 4 4 6
1 5 8 2 6 7 3 5 8 4 6 8 9 6 9 3 5 2 5 10 4 1 7 3 6 4 0 2 4 2 4 6 5 5 3 1 7 7 1 6 4 5 4 1 1 6 7 4 3 8 2 9 3 6 1 8 10 2 2 3 4 4 4 8 6 4 2 6 1 4 10 8 7 6 2 1 4 4 1 3 7 10 7 6 9 2 7 3 8 9 5 4 8 3 8 2 3 2 4 1 5 1 2 8 10 6 5 8 1 3 8 2 8 3 6 5 2 2 7 9 9 4 9 2 3 1 2 4 9 10 4 9 3 6 10 9 1 2 3 3 8 1 9 3 3 5 3 7 1 5
2 9 6 9 5 3 6 1 1 6 9 1 4 7 3 3 7 6 2 5 4 1 5 6 9 1 2 0 8 3 7 2 4 9 6 3 2 6 6 2 1 2 4 2 4 3 5 8 5 1 5 2 6 7 8 10 5 6 6 9 6 4 4 4 10 3 3 9 9 4 8 4 1 2 2 9 3 5 10 3 10 5 10 8 2 5 6 4 2 2 4 9 2 5 8 7 10 8 3 2 9 10 1 10 7 10 2 10 5 8 6 3 3 9 5 10 1 6 10 2 1 8 6 9 5 4 8 10 5 10 3 5 4 1 6 7 4 10 1 7 8 9 4 8 7 5 2 5 6 4
8 4 3 1 9 10 9 2 8 9 4 2 1 8 7 4 7 7 10 10 1 8 1 1 3 6 4 1 0 1 3 7 9 5 2 4 8 7 9 4 5 4 4 9 7 3 2 10 5 2 6 5 8 2 3 8 7 8 7 1 4 1 10 5 5 9 10 9 1 7 5 5 10 4 1 8 6 10 6 9 1 9 3 10 6 6 4 7 5 1 9 2 4 4 7 3 1 9 5 9 7 1 9 5 8 10 7 5 3 4 9 8 1 9 10 8 10 2 9 1 3 8 7 6 3 6 7 8 4 5 6 1 4 10 9 9 8 5 9 6 4 5 5 7 9 8 8 10 1 3
7 10 2 10 6 1 2 10 8 10 5 4 10 5 7 7 4 9 5 8 3 4 10 5 2 6 5 5 8 0 1 5 5 7 9 5 9 4 9 4 4 7 6 7 10 4 9 6 8 5 4 8 9 8 1 4 4 9 5 3 2 10 2 4 7 1 9 4 2 4 5 5 5 3 9 4 3 1 7 3 7 9 6 4 9 5 1 4 2 6 1 3 2 1 2 6 10 5 6 7 9 10 8 10 3 6 1 10 9 3 1 3 1 8 1 10 8 7 1 9 8 5 9 5 5 3 9 3 10 5 7 4 3 2 9 5 5 1 3 10 7 10 1 1 6 5 5 4 10 7
9 5 3 4 9 10 9 10 1 4 3 6 2 9 9 2 1 10 6 3 4 4 10 7 6 9 8 5 10 7 0 5 2 4 6 10 10 8 3 10 3 4 4 9 5 4 4 4 3 9 2 5 10 3 6 3 1 5 7 5 6 4 10 8 5 2 7 7 5 1 7 1 4 3 9 6 9 9 1 2 1 1 6 1 4 9 5 8 6 9 7 8 9 5 5 5 6 9 10 4 7 5 7 1 4 2 10 1 7 7 2 3 10 3 5 2 7 4 3 9 4 2 9 6 4 3 10 5 4 6 6 4 3 2 3 1 8 3 3 9 10 10 2 8 1 3 6 4 6 2
9 3 6 2 1 9 8 8 4 7 2 10 4 4 7 10 10 8 5 7 8 7 6 3 6 9 6 9 5 4 3 0 3 10 9 1 8 2 3 4 1 2 6 3 5 3 7 2 9 4 5 8 4 7 2 6 7 6 7 8 9 5 8 4 7 7 1 5 1 5 8 3 4 3 2 1 2 1 6 4 7 3 2 1 5 1 10 4 10 6 6 10 4 6 5 3 9 5 8 2 8 9 8 10 3 9 7 9 8 10 6 6 10 10 4 8 3 1 3 8 7 4 8 9 3 8 2 6 8 7 5 3 8 10 3 4 7 7 10 3 10 8 3 10 3 10 1 7 8 5
4 5 1 2 4 2 4 2 8 1 4 2 4 5 7 5 6 8 10 5 9 4 2 8 8 4 10 6 3 7 6 3 0 4 10 1 7 8 4 6 1 5 7 8 7 5 4 7 8 6 9 8 3 2 5 1 9 7 3 3 3 3 6 8 9 1 4 7 2 3 8 4 9 8 3 6 10 3 3 8 2 2 5 2 2 6 2 2 8 6 8 10 2 7 1 5 10 5 3 5 8 10 5 8 10 5 1 7 9 8 9 6 6 8 5 6 4 8 1 9 2 4 7 2 3 8 9 3 1 2 8 6 4 4 1 5 8 1 8 4 3 8 2 7 8 3 8 5 1 10
8 9 1 2 3 4 7 5 2 9 10 5 4 6 6 6 4 3 5 1 6 3 7 1 3 6 10 4 4 6 6 10 5 0 9 10 6 7 1 1 10 1 5 7 5 4 6 3 5 8 2 2 4 1 5 3 3 7 7 1 5 1 3 7 7 7 10 2 3 3 6 8 1 6 5 4 7 6 2 9 4 7 7 7 9 5 8 9 6 10 7 7 8 2 1 4 9 3 4 8 9 7 7 7 8 3 10 8 5 3 6 9 7 3 9 10 7 3 2 8 1 4 6 8 4 6 4 10 9 3 1 7 10 7 10 3 10 6 1 7 4 10 8 1 3 3 7 10 7 3
6 4 10 1 9 8 9 8 9 4 2 8 6 7 2 5 3 8 3 3 9 9 5 4 10 8 7 8 6 2 1 8 10 9 0 7 4 5 9 3 5 1 9 10 1 4 9 8 2 3 5 10 2 7 6 7 1 9 4 8 1 1 10 6 5 1 4 3 5 2 1 8 2 1 3 7 9 4 6 1 8 6 5 3 6 7 7 9 5 8 10 6 4 1 9 4 5 4 5 5 8 3 10 1 5 2 10 6 5 8 2 10 1 10 9 8 7 7 4 3 10 6 4 3 7 5 7 4 4 7 5 4 3 3 6 10 6 3 2 2 9 6 10 6 8 5 3 3 3 2
9 3 2 10 5 7 8 3 2 10 3 3 2 7 3 3 4 5 6 8 3 1 1 4 6 4 7 5 4 2 2 9 3 7 7 0 8 3 9 5 4 8 1 10 10 10 2 6 10 3 9 6 10 1 10 4 5 2 4 3 8 7 5 3 10 1 5 5 10 7 3 4 5 1 10 9 9 4 2 3 10 1 2 2 2 8 9 1 6 4 6 3 2 4 2 8 10 4 3 8 10 9 3 3 7 8 6 10 4 10 5 3 10 7 5 1 2 8 6 7 4 1 1 10 1 4 5 6 10 4 8 4 10 10 10 1 5 5 1 7 8 1 3 10 4 9 3 7 7 5
4 2 6 6 9 9 6 9 8 2 1 4 10 8 7 8 4 6 9 2 10 8 2 9 8 10 9 8 3 10 1 5 7 3 4 10 0 10 5 5 9 4 8 9 1 4 9 6 5 4 10 4 1 10 5 6 6 8 4 7 2 10 3 7 4 6 9 4 8 5 5 10 8 4 8 4 10 2 1 2 2 9 8 3 2 2 7 7 6 9 10 7 9 9 7 5 5 4 3 1 1 2 10 8 8 7 6 9 6 6 6 8 7 6 3 10 6 3 9 5 10 10 9 4 10 5 10 1 10 4 9 9 10 6 6 5 3 4 2 6 1 3 5 5 6 1 9 10 3 9
4 8 7 5 8 8 4 10 7 10 7 10 5 6 8 3 7 5 9 7 3 9 6 6 1 5 10 3 3 2 2 10 8 2 6 5 7 0 9 1 7 7 9 2 6 6 3 2 8 6 10 4 10 3 5 7 10 9 8 1 7 6 6 2 1 6 3 2 4 9 9 9 6 9 6 5 3 9 8 4 2 3 5 1 7 5 2 6 4 4 1 10 10 1 3 9 1 3 10 10 9 3 9 1 7 3 8 1 3 3 10 1 4 7 7 4 4 6 10 8 6 4 8 8 9 1 2 1 2 2 2 1 1 3 3 10 4 10 6 4 4 4 5 7 8 7 7 5 5 3
8 3 10 4 3 4 4 10 2 2 5 7 1 2 7 2 7 6 2 1 7 10 10 3 7 9 5 9 9 5 6 4 1 5 10 9 7 1 0 5 8 5 1 1 4 7 10 7 3 7 2 9 10 4 5 3 5 3 3 2 4 7 1 6 10 9 8 6 10 5 9 3 9 6 5 6 4 4 1 9 1 9 9 3 6 7 6 6 5 6 2 2 3 7 9 3 9 4 3 2 4 3 8 10 3 4 7 3 4 3 5 5 7 8 2 3 8 4 1 6 10 4 4 10 6 3 5 2 5 7 7 1 2 10 7 3 2 5 4 7 2 8 6 4 10 8 10 1 7 7
8 5 9 8 4 9 8 8 10 2 2 9 7 5 9 4 9 9 8 6 1 3 5 4 8 8 6 3 2 3 2 9 9 7 7 4 8 10 7 0 3 7 4 7 6 3 2 7 10 3 8 2 8 7 3 7 8 2 7 2 6 2 8 9 9 9 8 4 9 9 9 2 3 3 3 3 4 8 4 1 1 4 8 6 6 9 1 1 7 1 10 2 8 6 10 5 3 3 3 9 4 5 9 4 5 5 8 8 2 3 6 5 9 2 2 8 5 1 3 10 9 3 7 10 5 10 6 8 1 9 1 2 6 5 10 10 4 4 3 4 2 5 8 9 4 7 3 4 8 8
2 8 1 2 3 3 10 8 10 4 6 3 5 8 9 8 5 8 3 5 7 10 10 10 7 8 6 1 4 3 7 4 5 9 3 6 10 9 8 9 0 4 6 10 7 5 10 3 10 9 1 5 5 3 4 7 1 5 10 9 6 9 6 9 8 8 5 1 6 10 10 4 8 5 3 1 9 2 10 7 7 7 3 6 1 1 8 8 9 6 7 1 5 5 10 5 6 9 7 3 4 9 9 7 1 8 8 4 5 10 9 5 6 2 1 2 3 7 7 8 10 9 7 7 9 9 9 1 10 2 9 1 4 3 10 7 7 1 1 10 7 9 1 10 10 10 10 2 2 6
4 10 10 10 4 7 2 3 1 3 8 3 7 3 7 8 8 7 8 9 4 7 2 7 7 1 7 5 5 5 1 7 2 9 9 3 10 6 1 1 8 0 2 4 4 2 8 8 4 5 8 1 10 7 8 5 5 7 9 6 10 8 10 2 10 2 10 8 8 10 9 10 9 2 8 6 1 9 7 5 7 8 5 7 4 6 10 8 5 7 6 7 6 1 8 5 3 10 8 9 6 3 9 10 4 8 1 10 5 5 6 9 10 3 3 8 10 1 7 7 6 4 8 6 7 6 3 6 6 3 1 10 4 7 8 9 4 10 5 1 10 7 10 4 6 4 3 9 4 6
5 6 6 7 1 7 3 4 5 2 7 10 1 9 7 10 1 3 4 5 6 2 2 7 5 9 4 9 10 7 5 8 1 10 9 5 2 7 5 4 7 6 0 7 2 7 1 7 9 7 2 6 6 8 7 2 2 4 3 8 7 1 8 5 1 7 9 3 10 3 10 8 7 2 10 1 4 9 7 7 2 9 3 7 10 10 9 8 10 10 3 3 7 2 2 7 10 1 3 4 2 7 5 4 8 3 4 9 5 5 6 8 4 5 1 9 2 2 7 8 1 3 10 7 10 8 2 4 4 2 4 4 6 9 3 10 1 1 10 10 2 3 8 8 5 2 8 7 9 8
1 8 3 8 1 5 3 10 10 5 7 5 6 4 4 1 3 10 2 10 3 10 2 9 6 8 9 1 2 9 1 3 1 1 4 10 5 2 6 2 5 9 2 0 8 4 2 7 4 5 7 4 2 6 7 5 8 9 10 1 1 6 5 10 9 7 7 9 10 10 5 4 8 9 2 5 7 2 10 5 5 9 6 4 3 2 5 8 2 5 6 10 10 1 7 1 9 10 7 3 3 4 1 3 7 6 10 3 2 8 4 9 9 7 10 9 2 5 3 4 2 9 6 7 2 10 3 5 2 1 3 6 10 9 2 1 10 6 8 9 9 2 9 9 6 4 1 7 9 8
8 8 7 3 8 2 6 1 8 9 8 5 1 9 2 3 3 5 4 6 8 6 4 10 9 8 6 3 10 6 1 2 6 2 5 3 5 10 4 6 5 4 2 6 0 10 5 6 6 9 7 3 7 10 4 8 1 10 2 3 10 3 9 1 5 6 1 2 3 2 5 2 1 5 7 1 8 8 9 9 9 3 8 4 7 10 8 5 9 5 5 6 6 2 1 7 6 8 9 7 2 3 3 7 1 9 10 1 4 3 2 7 10 5 1 5 8 1 3 3 1 9 4 4 3 6 4 7 3 8 7 6 10 7 5 3 2 4 10 10 6 4 10 7 7 1 6 1 2 4
7 9 6 4 9 5 4 10 7 7 1 2 4 9 8 5 1 7 5 7 10 1 1 4 6 2 7 2 1 8 9 9 7 6 7 2 1 10 9 4 6 8 8 4 10 0 4 8 1 3 2 6 5 2 9 4 10 6 5 10 5 4 6 7 10 4 3 10 8 5 10 3 4 1 5 1 8 5 7 3 2 7 9 10 10 1 4 9 1 2 4 9 8 2 1 2 1 3 3 7 8 4 5 5 2 2 9 4 7 4 3 8 10 3 3 1 9 3 6 2 8 6 9 7 6 1 9 5 2 1 9 8 6 9 9 8 10 8 9 5 3 3 6 7 3 6 8 9 5 4
1 7 5 6 9 10 8 10 1 6 7 4 8 9 10 3 4 9 6 6 4 2 8 6 3 5 10 2 5 8 9 1 10 4 6 6 10 9 4 2 3 10 3 8 9 9 0 3 5 7 1 2 7 5 9 9 5 1 7 5 10 10 5 1 3 4 8 5 3 6 4 1 3 2 4 9 6 5 3 1 8 7 10 9 4 2 8 3 7 6 9 7 4 2 4 5 9 8 5 6 9 4 6 9 5 5 3 9 5 10 3 1 2 6 7 3 3 6 5 9 7 2 1 3 9 8 7 7 2 10 9 1 9 3 2 2 2 9 3 7 9 3 6 10 6 2 6 1 1 5
3 2 2 10 9 7 3 6 10 10 4 7 1 1 6 4 10 5 1 2 2 1 2 7 9 10 6 9 10 7 5 2 9 3 10 10 2 3 2 3 9 2 4 7 8 6 4 0 6 5 1 8 1 7 8 5 6 4 7 9 5 2 1 10 8 7 3 3 2 3 4 5 2 6 4 8 3 5 2 7 5 9 3 3 1 2 6 8 7 3 3 8 1 5 6 1 4 3 8 1 2 7 4 1 10 10 7 3 6 4 1 8 5 4 6 5 2 7 7 5 7 4 8 8 10 7 2 3 4 2 10 5 5 10 2 8 6 3 1 6 5 10 1 8 2 1 4 6 10 2
2 10 2 4 6 10 2 4 6 8 4 2 4 1 7 5 2 7 2 1 3 8 5 4 2 10 3 3 9 4 6 10 6 7 5 10 1 1 7 8 4 5 9 4 3 2 6 7 0 1 2 9 6 4 8 4 8 7 7 4 7 3 4 9 7 9 4 1 4 6 7 1 10 4 3 4 4 8 2 2 8 8 7 1 7 10 3 3 3 9 7 2 3 1 3 2 6 9 1 8 9 8 5 7 3 4 1 9 10 9 2 6 1 4 8 1 8 6 7 5 3 10 7 2 8 6 8 9 6 5 10 2 2 7 8 3 5 6 4 1 1 8 8 10 10 1 8 7 3 10
3 6 8 5 7 6 3 10 9 3 3 2 9 8 3 5 7 7 4 4 8 6 4 6 4 7 3 6 2 7 1 5 8 6 3 4 6 7 6 9 1 2 1 10 5 2 5 7 6 0 6 3 5 4 3 4 8 10 9 9 8 1 7 2 4 8 1 7 1 5 6 1 7 6 4 5 1 8 2 7 2 10 5 9 8 3 10 1 5 8 5 6 6 6 7 8 7 8 2 6 4 2 3 1 5 9 5 3 7 10 10 2 10 9 1 4 7 5 5 5 3 7 6 10 9 3 4 3 8 1 5 7 2 10 6 9 4 6 10 2 2 10 3 3 8 1 5 6 4 5
9 1 2 2 9 3 9 10 9 8 6 1 4 1 7 7 1 2 8 4 3 6 4 8 7 2 6 7 1 10 2 5 6 5 5 10 7 4 8 9 4 2 4 8 1 6 2 4 7 10 0 8 10 5 2 6 8 2 7 5 6 3 8 1 10 4 8 10 5 7 3 2 4 7 7 6 2 3 3 10 5 5 7 3 9 8 8 5 6 10 5 9 6 6 4 9 9 1 9 10 7 8 9 9 9 10 6 9 1 6 4 4 1 5 4 8 4 2 3 7 5 7 3 7 4 7 3 10 5 4 9 3 7 7 1 5 7 4 1 9 5 6 7 4 2 5 10 5 4 2
8 7 2 4 1 7 3 5 6 9 5 10 4 6 6 7 4 1 6 3 3 5 2 2 3 2 3 2 10 4 9 6 3 7 9 5 2 1 2 4 5 2 9 8 5 1 3 6 5 2 5 0 4 2 4 4 9 8 4 7 8 9 7 2 7 10 6 8 6 8 2 2 6 9 9 9 4 7 10 9 4 4 10 8 10 9 5 9 8 6 6 4 5 5 4 9 7 5 5 10 7 10 8 7 5 8 9 6 4 5 6 10 7 3 4 3 2 9 7 9 1 3 7 7 4 9 3 3 6 9 10 3 7 7 5 8 5 8 10 1 1 1 6 1 7 3 9 10 6 1
9 9 4 10 5 1 10 10 3 6 10 5 9 6 5 5 1 9 3 8 7 6 7 10 4 8 4 9 8 6 2 8 6 2 10 5 3 6 9 6 1 10 3 5 8 1 3 4 4 9 10 3 0 6 1 8 3 2 9 8 8 1 6 3 9 3 5 8 7 10 4 6 8 2 3 1 9 9 2 4 1 3 10 10 9 2 5 3 2 1 9 3 1 4 8 9 6 5 6 5 5 7 5 5 7 7 1 5 2 5 8 3 4 6 6 5 8 5 7 9 6 1 5 6 3 4 6 8 4 6 9 4 8 3 6 7 8 7 10 5 9 4 2 10 4 4 2 8 8 7
5 3 4 2 8 9 2 2 2 1 10 9 6 6 4 7 8 3 6 4 4 4 3 4 10 1 7 3 6 6 10 1 4 5 9 10 8 10 7 7 8 8 8 10 5 7 10 9 1 2 8 3 9 0 6 10 6 4 7 4 8 10 4 4 8 10 8 8 7 9 5 2 2 1 4 6 2 10 4 2 10 1 4 10 9 1 9 10 10 10 2 1 2 4 6 1 3 10 3 2 1 8 3 2 1 4 5 1 6 2 1 4 8 5 4 1 3 6 7 4 6 4 4 1 3 4 5 3 7 6 10 8 1 3 8 4 1 10 6 1 10 2 1 8 1 8 10 5 4 8
3 8 3 5 10 1 10 4 5 3 4 6 7 1 6 8 5 2 6 3 1 4 8 8 10 7 6 10 5 8 10 3 6 8 9 6 4 8 10 4 7 3 4 8 5 6 5 4 5 5 4 5 1 5 0 1 3 7 6 7 7 7 5 8 8 6 7 7 8 3 8 10 10 7 4 8 5 8 9 10 5 5 1 10 5 3 8 5 3 9 8 7 8 5 6 6 9 5 2 6 6 4 6 8 1 2 4 1 7 3 1 4 9 6 4 8 6 10 5 3 8 4 7 6 4 2 1 5 4 4 8 6 5 9 7 10 7 8 3 8 4 4 7 2 10 4 3 9 6 3
7 3 7 8 4 7 2 4 5 2 6 8 7 4 5 3 2 9 4 7 6 8 9 8 9 10 1 6 1 4 10 5 9 5 6 5 9 5 10 3 3 6 9 2 9 4 7 8 2 1 6 10 6 6 5 0 3 5 9 5 4 8 8 8 3 5 4 9 4 10 7 6 2 9 2 7 9 9 5 3 9 10 1 10 8 9 7 8 2 9 10 2 1 9 8 6 10 5 10 5 6 6 9 10 9 4 3 3 2 6 10 10 4 9 9 6 1 10 7 9 10 6 8 3 6 9 2 6 10 6 4 7 2 6 7 4 9 10 1 6 3 2 10 5 2 8 6 10 1 4
7 5 8 2 1 2 10 7 5 8 7 6 9 3 1 7 6 9 6 6 2 5 9 2 1 5 6 8 6 2 1 1 5 9 2 10 4 10 8 9 7 3 8 3 2 9 3 3 8 3 3 10 3 10 10 5 0 1 8 9 5 10 10 3 2 7 1 6 2 9 4 7 3 10 6 5 10 5 1 9 7 5 5 3 6 3 3 6 5 4 8 8 10 3 5 1 2 3 4 7 8 9 1 5 6 4 5 3 5 6 7 10 7 6 3 10 9 1 1 2 8 7 2 10 4 9 3 8 1 10 5 2 7 8 6 8 6 2 2 5 7 4 4 6 9 3 1 9 8 10
2 3 2 9 8 3 3 9 7 10 4 7 1 2 2 6 7 2 8 3 2 9 7 9 1 5 8 1 10 10 5 9 7 4 10 3 7 8 5 6 10 5 10 6 5 1 8 5 7 6 4 5 2 9 5 5 9 0 10 6 8 3 6 1 1 10 7 6 3 3 7 6 1 8 4 9 8 4 7 8 8 10 2 3 10 6 2 1 8 10 10 3 4 9 4 9 4 7 8 4 3 2 5 7 5 6 5 1 1 10 6 4 3 3 10 7 4 4 2 6 5 2 8 9 8 10 9 6 2 4 1 7 9 4 1 9 2 3 3 2 3 6 8 3 2 7 7 5 10 2
7 3 3 1 5 10 5 8 8 3 1 10 4 1 9 8 6 10 5 9 6 4 8 2 2 10 7 4 1 6 10 6 2 5 9 1 1 9 3 9 4 7 7 2 3 2 9 8 10 9 1 4 3 6 6 10 3 9 0 2 6 3 4 6 1 1 10 9 8 10 4 7 8 7 9 3 1 1 6 8 9 8 3 8 2 5 6 9 3 4 2 3 8 1 9 9 2 1 5 1 8 9 6 7 6 9 3 3 1 10 2 2 9 5 1 6 4 8 5 5 5 10 9 6 6 3 6 5 8 7 7 3 10 4 2 5 2 9 5 3 1 7 6 4 9 10 4 4 7 4
8 5 4 7 1 4 10 2 6 10 4 4 1 8 10 8 10 3 10 2 7 10 9 4 2 3 6 6 9 8 3 10 3 7 5 1 3 4 6 4 4 4 6 7 1 5 1 10 3 5 2 7 6 10 9 6 4 9 8 0 9 1 5 3 7 9 3 8 3 5 9 9 3 6 5 10 3 7 5 8 1 2 4 9 6 10 1 3 4 3 10 2 5 10 4 6 4 1 2 5 2 5 7 4 4 3 1 9 8 10 9 6 1 8 6 6 7 9 1 9 5 5 9 3 3 1 5 5 7 3 4 2 6 7 1 9 7 3 2 4 7 2 5 6 8 2 9 1 5 1
1 8 3 4 4 2 4 5 9 5 7 7 5 7 8 3 3 3 7 3 7 5 9 1 5 3 7 10 9 7 1 6 5 4 5 2 9 8 7 8 9 8 5 10 5 6 6 3 6 5 3 9 1 10 10 8 10 7 1 10 0 9 2 8 4 9 4 9 9 4 6 4 8 3 10 9 4 8 7 2 6 5 6 7 5 2 5 6 8 4 6 6 8 6 8 6 8 6 4 1 10 6 4 6 8 10 7 8 7 3 8 4 1 10 1 5 3 4 6 4 7 9 5 5 1 5 5 3 7 5 3 5 4 10 4 7 10 1 6 6 2 4 9 9 5 10 5 3 4 5
4 10 4 2 9 7 10 8 10 6 1 9 7 6 1 2 9 7 7 7 6 9 5 3 6 3 3 7 2 9 4 9 10 4 1 3 10 6 6 7 5 7 8 7 6 2 6 5 5 6 4 6 8 5 6 2 4 4 10 10 10 0 6 10 4 6 3 4 4 1 4 8 7 4 6 5 6 4 7 1 1 9 10 3 8 7 4 6 3 1 9 6 1 7 7 1 1 5 2 7 2 5 1 10 2 1 6 2 3 5 6 10 8 1 6 6 2 10 2 8 10 8 8 10 9 10 3 5 1 3 1 2 5 8 2 9 10 8 6 10 8 9 10 4 3 7 2 8 3 9
5 3 8 6 4 2 5 9 5 1 2 10 9 6 9 9 3 6 2 1 1 7 3 3 1 7 7 3 9 4 2 3 10 8 1 10 3 5 2 8 8 8 3 3 8 9 4 3 10 8 6 10 6 8 2 3 3 7 4 10 10 1 0 2 1 9 10 6 6 6 4 3 9 10 5 7 3 7 1 3 4 2 1 10 1 4 6 3 9 8 9 7 7 6 5 10 6 4 10 7 4 7 4 10 1 9 10 9 5 4 9 4 4 6 10 6 2 4 2 10 4 7 8 5 7 4 8 8 7 5 10 9 1 5 4 10 9 8 2 7 1 4 10 5 2 6 1 6 4 5
1 10 7 4 10 1 5 7 9 1 5 6 6 5 2 10 5 8 4 2 3 4 4 10 10 4 1 10 6 4 9 9 3 5 3 7 4 10 3 9 10 9 7 3 9 6 4 1 8 2 1 8 9 7 7 1 4 2 10 2 8 1 4 0 8 10 7 6 3 7 1 4 1 3 2 4 3 8 2 2 6 4 4 4 4 1 4 2 2 5 2 5 6 7 5 4 2 4 3 1 2 4 6 10 2 10 3 1 10 9 4 6 2 10 7 8 2 3 7 3 7 10 5 7 4 2 5 9 2 2 10 6 3 9 6 10 9 2 10 3 10 9 9 8 9 10 8 4 1 10
2 10 4 2 7 6 1 5 10 9 5 4 8 4 2 6 4 1 10 5 10 2 1 6 7 6 7 1 4 3 9 3 7 6 8 7 2 9 10 3 9 10 3 3 8 6 8 5 6 9 8 10 8 5 8 10 9 9 1 2 5 4 3 7 0 5 2 9 6 10 8 7 10 8 8 10 6 10 2 3 6 3 5 4 3 5 2 2 8 8 7 5 8 8 9 1 3 4 2 10 3 7 7 6 5 2 1 1 1 4 6 8 5 3 9 6 6 9 8 1 5 1 7 10 7 10 1 7 1 3 6 5 4 8 4 6 5 6 10 10 8 10 2 4 8 4 6 4 4 7
8 1 3 9 4 8 9 9 7 2 5 3 3 3 4 4 1 4 3 10 10 9 5 3 3 3 3 2 4 2 5 1 10 6 2 10 8 8 5 4 3 2 6 10 5 10 1 9 4 1 6 8 9 2 4 1 8 2 7 10 10 8 8 6 8 0 9 4 8 10 3 6 2 2 9 5 10 2 8 4 2 9 10 7 8 5 8 5 4 8 6 6 3 4 10 7 7 10 1 3 4 8 4 3 7 1 10 5 4 4 2 2 3 10 8 1 8 7 6 5 2 10 10 10 1 2 3 9 10 5 10 1 3 1 8 3 7 6 7 8 1 10 7 6 5 6 4 7 3 5
9 1 9 1 1 10 8 7 1 3 5 3 5 4 6 9 2 9 9 9 7 6 3 9 6 5 5 8 2 5 2 6 3 9 6 2 8 9 5 7 8 2 5 9 2 3 6 8 10 7 4 2 5 3 5 6 4 9 3 4 8 6 9 4 5 2 0 4 4 7 8 8 8 4 3 5 7 4 9 10 6 3 1 3 1 3 8 7 2 6 7 1 6 10 8 7 5 2 6 5 9 5 7 5 3 6 10 3 2 2 8 8 3 1 5 3 9 4 3 9 4 6 6 8 9 7 10 10 7 1 7 1 4 2 7 6 2 2 6 2 1 5 8 5 6 6 3 2 2 8
2 10 4 1 1 10 4 5 1 4 8 2 1 9 9 6 2 6 1 7 5 10 6 8 8 3 4 5 5 6 4 5 8 3 3 10 6 3 4 9 3 10 4 5 4 1 4 3 6 2 3 10 10 5 5 4 7 2 10 8 8 5 3 9 5 7 7 0 5 8 10 9 2 6 10 8 8 9 4 2 7 5 10 9 7 8 8 6 8 7 7 7 10 2 6 8 1 8 4 8 5 8 6 6 1 8 6 8 2 1 10 5 4 7 1 10 9 2 3 5 7 10 2 4 4 4 10 1 10 2 10 1 2 5 6 6 7 7 5 3 8 6 9 3 8 10 8 9 7 9
1 2 6 1 1 4 8 7 10 9 2 8 7 6 1 7 6 5 4 10 1 1 1 6 7 8 6 3 4 1 1 10 1 8 6 7 6 1 2 8 3 1 2 2 8 8 2 7 3 6 1 3 4 1 9 3 1 3 5 9 10 4 9 9 7 7 4 7 0 3 5 8 7 7 9 8 1 1 1 8 5 4 4 3 3 3 9 2 8 9 10 2 5 10 8 10 7 8 5 7 4 10 9 8 7 8 3 3 1 4 4 2 8 7 10 5 9 4 7 4 9 3 4 8 9 7 6 5 2 10 6 9 5 5 7 4 5 3 3 9 8 6 10 7 10 9 8 2 4 9
10 6 8 1 4 9 8 10 10 9 5 1 9 9 10 5 7 10 8 4 6 9 9 7 2 1 5 2 1 7 10 4 9 6 6 6 8 9 9 6 6 9 6 3 6 7 10 4 1 7 1 3 7 3 8 10 2 7 2 10 7 7 2 10 2 1 4 7 6 0 2 2 7 1 8 10 6 5 5 10 5 4 9 7 5 3 7 1 1 10 3 4 8 5 2 5 8 7 1 6 2 5 2 7 10 3 9 4 2 6 7 3 8 8 1 4 9 1 5 7 9 5 1 10 5 8 8 1 2 8 8 6 4 9 3 4 3 10 10 4 6 1 4 1 6 8 10 4 6 2
2 5 9 2 9 10 4 10 8 7 3 8 10 3 1 3 4 4 9 10 6 6 8 5 9 9 10 10 3 9 1 6 8 5 4 7 4 4 4 5 7 5 8 8 9 7 8 7 5 8 6 10 1 8 2 6 10 1 8 6 2 10 10 3 5 5 2 8 6 5 0 5 10 6 2 5 7 6 8 8 10 10 9 8 4 5 2 5 8 8 7 2 5 6 9 5 8 3 4 9 10 1 2 10 10 5 3 1 8 8 4 4 8 6 2 6 2 3 5 6 8 10 1 5 6 5 8 10 2 4 8 8 6 8 9 6 7 9 4 10 9 8 4 1 1 9 4 7 5 1
6 1 9 8 6 9 4 6 7 3 6 9 8 10 8 6 9 5 5 7 8 5 4 3 2 4 10 8 7 3 3 9 4 7 8 5 3 10 10 6 10 1 2 7 2 6 4 8 10 5 4 9 10 2 6 8 7 2 7 8 7 7 1 5 7 9 5 3 5 4 2 0 6 4 1 5 10 10 3 8 7 4 2 4 2 7 7 10 5 4 10 1 9 6 7 6 3 9 9 1 5 2 10 8 9 9 7 9 2 8 6 6 10 9 2 6 4 9 2 3 3 1 10 4 1 8 5 2 5 3 9 1 2 10 6 6 10 8 9 7 10 7 1 4 3 5 4 5 6 2
7 4 3 5 3 2 1 10 10 3 4 4 5 9 6 10 4 8 1 10 1 8 8 5 6 3 7 9 10 2 7 9 10 9 9 10 10 5 4 3 2 5 9 7 8 2 3 3 5 2 6 10 9 7 7 5 9 6 7 4 6 8 6 9 3 2 8 4 6 4 6 10 0 6 8 10 8 4 2 9 9 8 8 5 2 3 7 2 9 3 1 7 2 2 2 7 4 6 10 4 6 10 4 8 3 6 10 2 1 7 10 3 2 5 3 10 7 7 2 6 2 9 5 6 4 2 3 9 3 6 2 10 2 4 10 9 2 7 3 1 3 3 1 5 10 7 1 9 8 2
7 9 9 4 1 3 2 3 5 10 2 3 1 7 5 5 1 10 1 9 3 2 8 6 7 1 5 5 5 8 7 10 5 6 2 10 10 3 2 5 8 9 2 3 6 4 5 9 6 1 9 5 8 3 5 9 5 4 6 8 5 6 9 4 3 8 3 8 3 6 2 4 10 0 1 4 8 7 2 1 2 1 3 6 7 7 8 10 4 3 1 9 9 8 2 10 2 4 7 3 6 2 3 1 4 5 6 10 3 1 5 5 5 6 4 8 7 7 8 5 3 6 1 2 6 3 6 5 9 3 10 3 2 1 10 2 6 7 6 8 8 5 10 6 9 4 6 5 7 10
4 3 5 10 8 9 8 8 3 2 6 8 6 3 1 3 3 10 3 6 7 7 9 8 8 10 3 7 8 6 1 9 8 2 5 5 7 6 5 8 8 6 7 7 8 6 3 9 9 9 2 6 10 4 9 2 7 10 2 2 4 1 2 7 1 3 8 7 9 1 10 7 5 1 0 6 9 3 9 7 9 4 4 5 5 2 7 6 10 6 6 6 9 8 9 3 1 10 8 7 5 9 6 1 2 3 6 2 7 7 9 4 1 5 7 9 5 6 9 10 8 7 2 10 4 7 5 6 5 8 5 8 5 7 8 1 4 10 2 7 10 9 6 9 7 8 5 10 8 8
4 9 8 6 4 3 8 4 3 4 1 10 5 5 8 1 8 1 7 4 3 4 10 8 7 6 7 7 8 1 7 2 3 1 10 5 9 8 4 3 7 9 9 4 3 9 9 5 5 3 9 8 5 9 1 3 4 3 9 2 10 5 2 6 2 2 9 7 2 5 8 6 10 1 10 0 7 5 8 7 1 2 2 3 1 2 3 6 10 5 7 2 9 3 2 2 2 6 10 3 5 6 2 10 6 5 7 2 7 8 2 8 6 7 3 4 2 4 5 3 5 3 9 4 7 10 4 6 1 4 10 3 10 7 8 9 4 7 10 10 3 10 8 3 4 5 3 4 6 5
8 7 6 4 9 3 4 3 9 4 4 3 8 8 6 9 5 1 4 1 3 8 4 6 3 9 2 4 9 3 10 7 1 1 4 2 2 9 8 10 9 7 10 8 3 7 4 7 8 1 2 1 8 4 2 9 9 4 9 9 8 3 5 4 8 1 6 3 6 2 10 6 8 9 1 2 0 8 9 7 1 8 4 8 7 1 3 10 9 6 8 2 1 10 9 1 1 4 5 6 9 7 1 3 2 7 7 4 7 4 10 3 3 9 3 4 10 5 4 7 8 5 8 8 10 1 4 5 10 3 1 6 4 8 8 4 6 5 8 4 5 3 4 2 5 6 2 6 6 7
10 10 1 3 10 4 5 5 1 2 9 5 3 2 3 6 4 2 4 5 6 9 4 8 3 8 10 2 9 1 3 9 1 8 3 3 5 10 8 7 4 7 1 10 3 7 6 6 3 6 9 10 6 6 1 8 7 9 8 4 5 2 2 1 4 8 9 8 8 4 2 9 8 6 7 6 3 0 4 9 1 3 7 7 8 10 7 5 2 3 1 6 2 1 6 7 8 1 7 6 9 9 9 1 8 7 10 7 5 2 9 9 6 9 8 10 1 1 4 3 9 5 2 7 10 1 4 6 8 6 7 4 7 7 10 7 3 4 5 6 8 6 3 2 3 9 1 7 9 4
1 2 3 5 8 4 9 2 6 8 4 10 4 10 9 6 1 7 1 9 10 6 1 10 1 9 7 9 8 6 6 9 7 4 6 4 6 2 8 7 9 1 9 1 10 9 10 10 5 5 8 7 9 2 9 10 2 10 2 6 6 3 2 1 3 3 7 3 8 6 4 2 2 8 1 10 4 9 0 9 2 10 3 10 10 3 8 2 3 9 5 6 9 2 8 4 8 8 5 3 8 6 2 8 10 3 7 10 6 5 7 9 3 2 2 9 6 5 8 9 3 5 5 6 6 8 1 9 2 10 3 3 1 6 2 9 10 1 4 2 7 6 2 8 10 10 5 4 1 8
4 5 5 2 1 9 5 10 10 8 10 3 10 10 8 10 1 9 7 10 9 4 8 3 2 6 5 1 10 7 7 10 8 3 10 3 7 3 8 3 3 2 10 4 2 8 6 2 1 9 6 4 1 5 8 5 5 4 6 4 4 9 5 1 2 2 9 2 8 8 6 9 5 2 5 5 2 1 6 0 7 3 1 7 2 6 10 7 10 1 10 6 8 4 8 6 5 1 10 7 6 7 3 2 3 3 7 7 4 7 5 3 6 4 9 8 4 4 1 9 6 9 1 4 5 6 8 5 9 5 5 1 2 3 4 2 4 8 1 3 6 6 8 6 1 8 2 8 8 9
1 3 5 6 8 8 4 5 6 6 3 9 3 6 8 1 3 4 8 1 4 10 10 10 5 5 1 4 3 10 4 1 3 2 10 9 8 10 8 5 7 8 4 6 2 9 5 6 2 10 3 1 1 3 2 3 4 9 7 4 10 2 6 9 9 6 4 8 5 4 9 4 2 4 8 1 2 8 9 4 0 8 2 8 10 7 1 2 4 8 10 5 8 7 7 2 5 3 9 10 7 10 6 7 3 9 4 1 7 2 8 10 9 10 1 4 4 3 8 9 6 1 5 5 6 1 8 9 6 7 1 5 10 6 8 8 7 6 1 2 4 6 6 9 9 8 1 8 10 4
10 7 9 6 10 9 3 7 9 4 2 1 10 8 2 4 3 7 3 7 7 10 10 5 5 3 6 3 3 5 7 8 4 7 2 9 9 8 5 2 5 7 6 1 2 5 8 6 2 7 2 7 4 1 1 8 8 7 2 9 3 10 9 6 7 9 5 8 6 4 1 2 2 6 7 7 3 10 2 6 5 0 7 1 1 1 7 4 1 9 8 1 2 3 9 3 8 10 8 3 1 8 9 9 6 4 4 10 8 2 5 7 10 7 1 7 1 9 10 10 3 8 5 7 9 5 9 5 2 10 5 7 2 3 5 1 6 2 9 2 5 2 5 4 9 2 2 8 4 8
8 5 3 9 10 9 7 2 6 8 10 4 8 8 3 7 4 6 8 6 4 6 7 2 7 4 8 1 5 9 4 5 7 2 5 1 6 7 10 5 8 7 8 1 3 6 3 5 7 3 1 5 2 9 10 5 8 3 6 7 8 8 4 4 3 7 8 3 1 1 8 7 4 2 4 8 8 6 10 1 6 8 0 3 5 8 4 10 10 1 9 7 1 8 10 9 8 8 8 1 5 8 1 1 2 2 10 5 8 4 4 7 2 3 2 9 4 9 3 8 5 1 7 7 2 2 6 9 7 10 7 10 7 9 4 7 5 2 4 5 8 8 5 7 3 3 2 1 3 4
10 10 10 5 9 8 6 3 5 4 7 7 9 2 3 8 1 2 8 10 1 9 7 2 4 7 9 10 1 8 10 1 6 8 3 5 1 4 7 2 8 9 7 8 7 1 2 7 6 4 5 6 7 7 3 5 1 8 10 6 6 4 7 4 2 2 10 8 5 6 4 9 10 7 4 7 7 10 1 6 3 6 6 0 9 8 10 3 6 3 3 3 3 1 9 8 5 5 3 4 8 7 2 4 2 7 7 1 10 3 4 2 7 1 3 1 4 10 6 6 1 3 9 4 2 6 6 7 3 10 1 9 10 10 7 9 8 6 10 1 10 3 4 6 7 7 1 10 3 7
4 7 8 7 3 3 9 2 1 8 7 6 2 10 3 4 9 10 2 4 2 3 7 7 1 1 1 10 9 10 3 3 7 3 5 3 3 1 1 1 2 9 7 4 8 8 4 6 1 5 9 4 9 4 6 9 5 6 8 8 1 1 7 4 4 8 6 1 8 8 9 7 4 9 7 3 3 4 3 10 2 2 7 10 0 9 8 1 1 8 10 6 2 6 5 8 7 9 3 9 9 1 6 8 3 5 1 6 10 9 6 4 7 2 7 1 6 4 7 4 7 3 6 2 7 5 9 5 7 7 1 3 10 6 8 9 3 6 9 5 9 10 9 4 5 1 2 8 1 4
10 6 3 9 3 9 1 10 3 2 3 8 5 1 10 10 5 8 8 8 3 2 5 2 8 10 8 8 7 3 1 5 10 5 9 5 1 2 3 9 1 10 1 9 6 5 6 10 8 8 8 4 3 4 4 5 8 9 6 8 5 7 5 4 10 2 2 6 3 4 5 4 5 4 6 2 8 3 2 5 1 4 8 5 4 0 5 3 8 10 4 3 4 2 5 6 1 1 10 1 2 6 4 4 5 2 8 5 9 9 5 7 9 3 9 7 3 5 2 10 2 7 9 5 9 1 6 1 9 2 8 7 4 10 6 6 9 3 1 9 1 1 5 8 3 2 7 3 4 9
9 8 4 6 7 4 1 9 10 10 3 1 9 4 9 6 1 7 4 1 4 1 4 8 9 4 2 3 10 8 3 1 3 9 7 9 4 10 3 10 4 9 2 9 3 10 8 2 1 2 4 6 6 2 5 1 4 4 8 8 1 9 8 1 10 2 9 3 5 10 5 6 4 2 3 9 3 5 1 10 9 4 4 2 7 3 0 7 5 10 9 7 9 6 6 7 4 4 8 2 7 6 5 7 6 5 10 4 4 8 2 6 5 8 9 1 7 3 9 6 9 2 3 8 6 4 5 4 4 4 8 9 6 10 4 9 6 1 2 4 7 4 1 10 8 1 8 1 10 10
10 10 4 6 9 7 6 9 1 10 1 7 3 7 8 5 2 2 6 1 2 6 4 2 7 7 8 3 6 8 1 4 6 2 4 9 10 8 6 1 2 2 1 8 10 5 10 7 1 7 8 5 8 5 4 9 7 1 6 3 6 7 4 10 4 1 6 2 9 10 2 10 5 2 5 1 9 5 3 3 8 3 7 5 4 4 10 0 8 2 5 3 3 8 5 2 6 2 5 4 1 5 2 5 7 5 10 9 9 4 3 1 9 5 3 4 3 8 2 10 5 7 9 9 6 4 7 1 2 10 7 2 1 9 8 1 5 3 7 6 7 8 10 1 5 9 2 2 9 1
10 1 6 6 7 4 10 8 1 1 9 9 3 10 5 10 6 2 1 10 8 4 6 2 4 7 1 4 2 6 5 6 4 6 8 1 8 6 2 2 6 7 7 4 10 4 9 8 4 4 3 9 6 3 5 2 6 10 7 3 2 2 3 6 9 1 2 2 9 6 8 7 8 2 4 10 6 7 9 6 9 5 5 6 7 1 10 1 0 10 8 4 5 10 5 8 6 4 5 10 4 8 7 6 6 4 10 7 6 8 7 8 5 10 3 6 3 8 7 9 3 5 4 8 9 10 1 10 2 6 3 1 9 7 3 3 7 7 4 3 3 2 6 7 5 4 6 7 8 6
8 4 2 2 10 2 7 3 8 9 3 3 10 3 4 4 10 7 8 10 2 10 7 5 10 2 5 8 8 8 8 10 6 3 3 10 3 6 4 7 9 8 6 4 4 3 5 6 3 1 7 7 3 9 5 7 8 4 3 5 4 5 6 5 9 7 3 6 2 2 4 6 2 10 8 7 5 7 8 2 7 7 6 7 6 10 8 10 10 0 10 2 10 2 8 5 1 5 10 8 10 3 6 1 6 9 3 4 3 8 3 4 7 3 9 10 7 3 10 3 8 4 4 3 6 7 4 1 3 8 4 10 1 6 2 10 2 3 9 10 8 7 3 8 2 5 6 10 8 2
9 7 3 8 2 10 8 4 4 7 8 1 3 3 10 10 8 1 2 8 4 9 7 2 10 9 5 10 3 10 8 4 1 5 9 2 7 8 7 6 5 9 4 8 1 4 6 5 5 8 2 7 8 10 2 3 7 9 8 9 6 5 9 7 10 4 4 9 5 5 8 2 9 2 4 3 5 7 6 6 1 2 1 3 6 8 7 4 3 1 0 1 9 1 7 8 3 1 6 10 3 7 1 4 9 10 10 2 6 3 7 4 10 9 1 1 9 4 3 9 10 7 7 5 4 2 3 6 9 7 3 10 2 6 6 4 3 3 9 5 1 10 5 4 7 8 7 6 1 8
10 4 8 2 4 5 4 4 1 6 5 6 8 4 9 1 8 1 7 10 10 9 1 2 9 4 1 10 4 1 5 5 1 6 9 4 3 5 1 5 8 8 1 2 10 6 6 4 6 5 9 5 7 4 8 6 2 10 1 10 10 4 2 1 7 6 6 4 8 4 10 3 2 8 7 9 9 4 6 9 1 6 3 9 9 10 7 6 2 2 9 0 4 8 3 4 6 10 7 1 5 1 6 4 4 3 6 8 4 9 1 10 1 7 9 10 10 10 7 9 10 10 5 8 1 2 5 5 4 4 3 2 2 9 9 4 4 2 4 4 2 9 8 2 6 8 8 8 7 6
3 5 8 5 4 10 2 4 3 10 1 1 6 9 8 5 9 2 5 10 8 8 1 3 1 5 4 9 3 10 4 7 4 2 3 4 9 6 8 5 1 5 8 8 6 9 6 9 5 1 3 1 5 10 5 5 5 5 5 5 10 1 3 4 6 2 5 5 3 1 10 2 9 10 8 8 5 6 6 7 1 5 2 5 4 7 8 4 6 4 2 6 0 9 4 4 6 1 10 7 9 8 4 10 2 4 1 1 1 2 4 10 4 7 2 5 3 5 10 6 3 10 2 7 6 1 9 5 3 6 10 2 5 1 1 8 5 10 4 8 2 7 5 1 8 6 10 4 4 1
9 7 5 1 8 3 9 3 4 7 6 7 8 4 7 10 6 9 6 5 10 6 3 8 2 1 6 9 2 1 2 4 5 5 3 4 2 2 4 6 3 1 7 7 3 7 3 6 7 7 7 2 3 3 8 6 1 5 8 4 8 2 9 9 10 4 8 2 2 3 3 2 9 2 5 6 9 8 10 1 6 5 2 9 2 7 9 7 6 1 10 1 6 0 6 2 6 4 2 2 2 1 7 9 6 10 6 9 3 3 7 7 3 5 8 9 2 7 6 6 7 8 9 8 4 10 7 4 6 6 1 3 8 2 10 1 8 4 7 4 5 1 4 2 2 4 8 1 2 8
4 4 5 10 3 8 6 9 1 10 10 4 2 5 6 6 2 6 2 6 8 10 5 8 4 1 1 1 1 4 5 3 10 1 9 2 7 10 9 7 9 4 8 1 5 9 1 10 3 10 5 8 4 3 2 3 10 9 4 3 7 4 7 7 4 10 2 3 2 2 3 5 5 9 5 8 7 7 10 2 7 2 6 2 3 9 9 3 2 9 2 9 6 8 0 1 8 5 6 1 1 1 5 6 2 6 1 10 2 6 7 10 1 3 9 1 3 8 8 4 10 4 2 3 10 1 4 1 10 8 9 4 3 8 10 3 8 8 10 4 9 10 10 2 5 4 8 3 9 3
4 8 9 2 1 4 6 9 2 3 4 10 9 3 4 1 4 10 1 2 7 8 4 5 3 9 2 8 2 2 1 8 9 9 8 6 3 5 3 5 6 2 6 4 10 9 6 6 10 3 8 4 3 7 9 10 3 2 1 7 2 8 3 6 8 1 6 3 10 3 9 2 9 3 6 7 1 3 10 5 2 8 8 2 6 2 9 1 3 1 5 10 7 5 7 0 3 2 9 1 3 9 7 2 6 5 8 8 5 5 9 7 2 4 2 5 10 7 7 3 10 7 7 6 8 9 6 3 10 3 10 1 4 9 10 5 2 4 4 2 1 8 9 5 1 9 2 8 1 9
4 7 8 2 1 6 6 4 4 1 10 4 9 7 10 5 5 2 2 1 2 2 9 2 2 9 4 4 2 5 2 9 1 4 3 3 3 3 10 3 10 8 5 2 9 8 8 7 6 7 5 7 3 1 5 9 2 8 4 1 2 5 1 1 2 3 1 10 4 4 7 9 9 2 7 1 4 5 6 6 4 2 8 9 2 9 5 9 3 5 6 5 5 6 3 7 0 3 6 8 9 1 8 3 4 10 4 5 9 4 3 8 3 1 2 4 9 2 3 10 3 5 2 3 3 3 10 1 2 7 9 10 8 6 4 9 3 9 3 10 1 9 3 8 6 2 6 5 1 10
6 2 10 9 9 10 7 5 3 6 1 8 9 5 6 4 10 8 2 8 5 1 3 3 4 5 5 3 1 6 4 9 9 9 1 8 2 3 8 7 10 1 1 8 10 5 10 2 3 10 6 5 5 1 1 1 2 4 7 1 7 3 8 9 6 1 7 9 10 1 5 2 1 3 1 6 8 9 1 5 6 10 3 7 10 6 9 9 8 6 7 5 3 7 10 5 6 0 2 10 7 4 5 5 10 9 2 1 1 1 4 1 6 3 3 7 2 1 10 10 4 10 9 10 6 4 5 10 6 2 10 4 2 9 3 8 9 4 8 4 6 5 2 10 4 9 8 8 2 5
4 2 1 2 1 2 3 10 6 8 5 2 4 7 6 3 8 10 1 4 4 4 4 3 5 2 7 7 10 5 8 6 2 6 10 10 1 5 10 7 4 7 7 2 9 3 7 5 8 9 2 10 1 2 7 3 2 10 3 10 7 8 1 10 8 9 1 2 5 9 7 1 9 5 2 7 10 6 8 1 8 1 5 4 9 2 5 4 3 6 4 7 6 5 1 9 1 2 0 5 10 9 2 10 3 10 7 6 3 6 6 2 6 10 9 8 4 3 2 8 7 9 10 2 10 3 1 3 3 8 5 6 9 9 8 1 6 1 4 2 9 6 10 8 9 10 4 8 4 3
1 7 8 4 2 3 7 8 8 7 1 1 10 5 9 10 8 3 9 6 10 5 7 4 9 8 5 10 4 4 1 8 8 9 10 1 9 5 9 10 5 3 7 2 4 3 4 6 1 10 4 10 2 3 8 4 1 2 1 5 1 3 10 5 1 8 2 5 8 6 7 5 4 10 6 5 8 8 10 7 2 5 6 2 8 5 4 9 8 4 8 10 5 6 5 2 10 10 2 0 9 6 6 6 10 9 4 5 10 8 4 5 6 6 4 2 8 9 1 7 7 1 9 5 6 10 2 3 5 5 9 5 10 3 4 3 3 2 7 1 5 10 7 2 2 4 6 5 7 9
2 5 3 3 5 6 8 6 7 7 10 5 10 10 4 7 1 5 5 9 4 5 9 7 4 7 7 3 4 9 4 5 1 9 9 1 8 6 8 1 6 7 3 7 4 6 9 5 10 5 6 9 6 7 4 10 1 2 3 1 6 1 3 8 5 7 8 3 2 10 7 1 1 5 8 1 3 2 5 10 5 1 6 3 8 3 7 2 5 10 2 4 2 7 7 5 4 6 5 4 0 7 8 9 3 8 1 1 1 7 7 4 9 5 5 2 2 3 4 10 5 7 9 8 6 7 6 2 10 5 9 7 7 8 8 10 8 8 6 6 7 10 9 9 9 4 9 10 6 10
9 4 8 4 7 2 8 10 9 10 9 2 10 8 6 6 10 9 7 3 5 6 9 8 7 7 4 10 1 9 4 4 6 4 2 2 4 6 3 5 2 3 10 2 4 5 10 3 4 9 3 4 3 7 3 6 5 5 9 1 9 2 1 5 9 4 9 1 2 6 1 7 3 6 4 10 9 10 10 8 1 9 6 6 8 2 5 9 1 8 8 5 6 3 4 9 2 6 6 7 1 0 8 9 10 7 6 7 9 8 8 3 9 10 7 3 1 3 4 3 3 3 7 8 8 2 2 2 8 8 9 1 7 5 1 5 7 8 6 8 2 3 8 4 3 9 6 4 8 5
6 3 4 2 3 8 8 1 8 7 1 7 5 1 3 7 2 7 10 2 7 10 10 4 10 9 4 3 1 10 4 3 8 3 7 9 10 6 2 1 1 8 8 1 4 5 4 3 5 8 2 8 5 4 6 8 1 1 2 7 9 8 4 10 7 8 3 7 1 1 6 8 7 10 1 6 7 4 6 2 9 1 6 7 7 7 10 6 2 3 9 10 7 4 7 6 4 2 1 4 1 7 0 3 1 1 6 1 1 5 2 9 4 7 4 10 8 6 4 6 4 9 8 8 9 4 7 5 10 10 4 5 7 2 8 6 5 3 9 5 4 8 3 9 8 9 3 4 3 6
6 6 5 2 5 1 9 7 10 10 4 8 3 9 7 2 8 2 7 4 4 4 1 4 9 5 9 9 1 2 2 9 6 6 2 8 1 10 8 6 5 4 2 4 4 1 10 8 4 2 9 7 5 3 2 7 1 10 10 9 6 10 7 9 5 10 2 8 4 4 2 5 1 8 5 7 6 5 3 9 7 7 6 8 3 9 5 2 1 1 8 10 5 6 6 6 6 4 6 6 8 3 2 0 2 10 6 8 8 4 1 6 9 2 10 3 5 4 5 6 1 8 1 10 6 6 5 4 1 10 4 10 7 5 7 5 2 2 8 1 9 2 9 7 9 4 2 4 3 9
1 5 6 8 5 6 4 1 7 2 7 5 6 1 4 6 4 6 4 6 10 5 7 10 10 9 4 8 9 8 5 10 9 5 5 2 7 5 5 3 8 5 8 7 3 1 10 3 1 10 9 3 8 10 8 5 8 7 10 9 1 9 2 4 4 2 8 9 5 1 8 5 7 10 5 10 9 7 5 8 8 4 6 10 10 7 5 1 7 2 3 3 5 9 9 8 10 4 3 3 1 10 10 6 0 5 1 9 9 10 2 7 8 7 4 1 9 6 9 9 5 10 7 10 6 5 8 6 7 5 4 5 5 1 5 1 8 9 6 9 4 9 4 6 4 6 7 7 3 1
9 3 9 7 1 3 6 4 3 8 2 7 7 2 3 10 8 10 3 9 3 2 8 4 3 3 9 7 7 3 8 5 7 8 8 1 2 5 8 2 6 7 7 7 6 7 5 6 9 4 7 9 5 10 10 10 8 7 10 5 6 8 5 3 6 1 5 7 2 7 1 7 7 10 5 6 1 8 1 1 6 5 4 9 1 3 10 9 4 10 10 3 4 9 6 7 7 1 5 1 1 3 10 4 3 0 7 2 10 3 8 8 5 9 4 2 3 5 5 7 5 4 8 3 3 4 3 7 7 6 9 1 2 9 1 5 2 10 6 2 6 10 10 5 5 10 10 9 5 2
7 8 8 1 8 9 5 1 1 2 4 2 7 3 1 1 2 9 8 9 5 2 9 9 2 4 9 1 2 5 6 8 2 2 7 1 7 7 7 4 7 2 1 6 2 5 7 3 8 6 2 6 1 10 1 6 10 6 6 2 2 3 6 5 3 3 9 8 8 10 5 10 1 9 7 9 3 7 5 1 7 6 4 7 3 5 4 9 7 5 3 8 3 4 4 7 9 4 7 2 10 5 2 2 2 7 0 4 9 8 6 2 1 7 7 1 1 1 8 1 10 4 7 9 9 7 10 3 8 9 7 7 5 4 10 4 1 6 3 1 3 9 7 10 6 9 7 10 8 1
5 3 10 3 2 3 6 5 10 2 8 1 9 2 2 5 9 5 8 2 4 6 4 9 10 5 1 5 6 5 7 6 8 10 10 1 7 3 3 3 2 3 1 9 10 7 10 1 9 1 8 10 3 7 6 10 4 8 8 3 4 3 3 10 10 1 1 4 9 1 1 6 5 1 6 2 3 5 6 3 7 6 6 1 5 6 1 9 3 2 10 8 1 9 4 3 1 7 3 1 9 4 8 10 3 1 3 0 8 3 10 2 3 6 6 10 5 3 1 9 9 1 1 9 9 2 10 6 6 3 4 10 8 9 3 5 6 2 5 3 8 7 2 2 7 8 6 5 5 3
6 4 6 9 10 5 6 1 3 7 2 6 6 8 4 6 8 4 2 3 5 7 2 2 7 2 7 6 4 4 5 10 9 2 7 7 9 9 10 2 8 10 10 3 8 6 6 10 5 10 1 7 8 2 3 3 1 8 10 7 9 8 5 9 9 6 2 8 4 3 6 3 4 3 6 4 1 3 2 9 2 10 6 1 6 9 10 7 2 8 2 3 2 7 10 7 6 2 5 9 9 2 4 6 9 1 2 1 0 6 10 5 4 4 4 7 8 1 9 4 7 6 7 5 2 2 6 2 8 9 3 10 8 1 7 4 1 7 10 1 1 8 3 5 1 8 6 10 8 2
5 2 6 10 5 7 1 3 8 10 6 8 6 9 4 9 8 6 1 8 5 5 8 2 1 1 2 6 8 3 10 5 10 10 6 10 6 6 6 7 10 9 1 2 8 10 10 3 2 9 5 2 7 3 3 1 9 9 9 9 8 3 2 5 1 6 5 7 3 9 9 6 7 7 9 4 2 5 4 6 7 8 3 7 10 2 10 5 3 8 2 8 9 10 3 8 8 3 4 4 6 5 9 9 8 6 4 5 3 0 5 5 9 1 2 4 3 10 4 4 10 1 9 7 4 5 5 10 1 8 5 9 10 5 7 5 9 1 10 8 9 1 1 2 9 1 1 3 10 3
3 5 1 2 3 8 6 3 10 3 8 3 2 10 5 1 4 6 6 1 8 9 4 4 4 5 9 5 9 7 9 9 5 5 1 7 5 7 6 6 2 1 7 1 3 10 10 4 4 10 9 9 5 4 5 1 2 1 8 2 5 1 10 1 3 6 6 8 5 2 9 6 8 6 10 4 8 5 10 6 2 3 7 4 4 3 5 7 2 9 6 2 7 2 1 3 10 7 8 2 5 6 7 1 1 10 3 6 6 3 0 8 7 6 7 9 5 8 3 4 8 5 10 7 5 8 2 3 9 6 4 9 3 7 6 10 7 8 7 9 1 1 7 1 3 7 1 3 1 6
9 2 5 6 4 5 10 6 1 2 9 3 8 7 4 2 4 2 1 2 3 5 6 1 4 1 10 2 1 4 4 1 7 4 6 5 6 5 8 9 7 4 10 2 9 7 6 9 9 6 7 4 2 3 6 5 1 2 2 2 4 3 10 8 1 7 5 8 6 4 7 7 7 3 1 1 6 10 8 7 10 3 3 6 10 5 8 3 8 5 8 5 5 1 8 7 4 5 1 6 6 6 7 3 6 9 7 1 8 3 8 0 6 3 10 8 10 3 1 3 10 9 9 2 3 4 3 3 4 7 4 1 4 5 9 9 2 5 5 6 2 10 3 10 2 9 9 5 9 10
4 9 9 2 7 2 4 3 2 9 2 3 7 5 2 10 2 9 10 9 7 7 8 8 5 1 1 5 2 3 10 4 6 4 5 10 1 1 1 4 5 7 1 5 10 7 4 7 7 2 10 8 10 4 8 6 5 9 4 4 9 3 7 7 7 3 2 2 1 7 1 10 9 9 6 5 7 5 8 9 9 1 8 10 3 8 6 4 1 10 4 7 10 4 2 2 1 5 9 7 7 9 6 2 7 6 8 1 4 3 2 3 0 3 9 8 10 4 7 5 5 10 8 7 1 8 5 4 6 8 5 2 1 2 2 1 7 5 5 6 1 6 6 7 9 3 8 3 6 9
9 7 4 4 1 4 10 1 6 6 9 4 2 6 4 6 8 3 10 8 4 1 9 2 2 5 10 1 10 10 8 3 2 1 5 1 1 10 5 8 10 6 8 2 10 3 10 3 10 5 6 4 10 6 4 4 8 1 5 1 4 9 3 4 3 7 2 6 2 10 7 10 6 10 9 6 4 6 8 6 8 10 1 6 2 7 1 7 8 5 10 5 2 10 9 4 10 7 2 3 7 10 6 7 5 4 3 6 3 1 8 1 9 0 4 6 1 1 4 2 4 4 8 1 10 2 8 5 6 8 5 3 9 5 7 6 6 9 7 3 9 6 10 6 10 6 7 2 2 6
8 5 3 10 5 6 10 3 7 10 4 9 2 5 2 3 5 8 9 9 8 5 4 9 2 1 8 3 3 4 4 5 10 2 4 1 9 3 7 10 6 3 8 3 3 1 7 2 9 5 10 8 6 2 9 3 2 5 6 6 10 5 8 7 2 9 8 7 3 6 3 6 6 9 6 1 2 4 8 2 7 6 3 5 9 8 6 4 5 5 7 5 3 2 1 6 2 2 10 2 7 6 1 4 8 4 2 1 5 9 2 7 1 2 0 9 1 1 4 5 2 2 6 7 2 1 9 9 6 5 9 2 9 10 10 10 9 10 2 9 9 1 7 5 9 7 5 7 6 2
9 7 7 8 8 10 10 8 2 3 1 8 7 3 10 6 6 7 6 7 1 10 7 10 8 5 6 1 7 9 8 9 7 2 7 8 1 4 5 2 10 5 5 1 3 3 4 7 7 7 7 1 10 7 9 7 1 8 6 9 10 10 3 7 6 5 6 6 1 7 4 7 3 6 7 8 10 6 6 10 2 1 7 2 7 1 7 5 5 5 7 10 4 2 9 2 8 8 6 9 10 6 5 4 5 8 8 9 3 3 1 9 7 6 1 0 3 10 8 2 2 9 9 6 10 2 5 3 3 2 5 4 7 7 3 2 3 5 10 6 1 2 4 8 10 2 8 1 1 8
3 5 9 10 7 4 3 8 6 4 6 10 5 7 2 8 10 2 5 3 5 6 1 2 2 7 2 9 5 7 1 10 1 2 3 6 10 8 9 10 4 3 10 3 6 5 7 7 8 10 2 7 6 9 5 7 6 1 8 10 10 7 5 3 2 7 10 5 8 3 8 10 10 4 9 3 10 6 1 7 1 7 5 5 8 3 3 3 6 5 7 5 8 2 10 1 9 8 3 8 3 1 10 8 1 2 6 9 7 2 6 1 8 8 4 10 0 7 9 10 9 10 10 2 10 6 5 6 1 10 6 7 2 6 5 3 4 4 3 6 8 6 2 6 6 7 4 10 7 3
8 8 10 4 8 10 8 2 1 7 8 10 9 4 4 4 5 5 6 5 1 4 8 8 2 1 8 6 5 8 3 8 7 10 10 10 1 3 4 6 2 5 5 5 8 7 5 8 4 2 1 10 4 6 8 4 7 4 8 1 8 2 4 10 2 4 6 8 10 9 5 1 2 4 6 1 4 4 10 10 1 6 9 4 7 2 8 5 7 2 10 2 2 4 10 7 4 8 3 6 8 6 2 6 7 4 1 9 5 1 4 1 7 2 10 8 5 0 1 5 1 3 10 5 10 7 7 5 2 4 10 4 8 6 7 9 5 4 2 3 7 3 1 3 7 2 7 10 9 7
6 2 1 7 9 1 7 4 3 4 4 5 9 5 2 2 1 1 1 1 3 5 5 6 5 5 3 6 1 5 1 7 3 1 6 3 4 9 2 1 1 8 5 6 8 10 6 2 7 9 7 8 4 3 4 6 7 10 3 3 6 4 2 8 4 9 7 4 2 6 7 9 4 2 6 7 9 10 5 7 6 8 5 10 6 10 8 4 1 5 9 5 6 5 3 4 10 4 9 7 2 7 1 6 1 10 3 10 10 8 6 6 10 6 9 10 5 1 0 8 6 10 7 6 3 1 5 9 10 7 7 9 3 10 5 7 2 8 5 10 4 4 6 7 4 3 7 4 1 9
10 6 2 4 4 4 5 5 1 4 9 9 6 8 4 10 5 5 2 4 3 4 9 2 9 6 10 7 6 6 6 6 4 9 5 8 10 4 6 2 9 8 7 1 4 1 2 3 9 3 4 1 8 10 9 6 1 5 6 10 6 9 8 4 3 2 6 3 3 4 3 1 8 6 10 7 8 8 2 1 7 2 9 10 1 1 5 6 3 8 8 9 3 1 4 2 9 5 8 3 8 10 1 9 7 6 6 1 2 3 4 4 7 8 8 2 7 7 1 0 5 7 9 3 9 2 5 7 1 8 6 4 8 9 7 4 10 9 2 9 10 8 2 3 6 3 4 5 8 5
8 9 1 3 9 2 5 3 4 3 7 4 5 3 1 8 8 4 4 2 8 10 3 1 5 5 6 8 4 3 10 5 5 4 1 6 7 8 7 7 2 3 3 6 9 9 8 5 10 4 7 9 10 6 10 1 1 1 5 10 8 3 3 6 3 4 7 9 3 10 4 8 5 10 3 3 8 7 2 1 7 2 8 4 10 7 2 8 4 9 5 4 8 6 3 6 2 9 3 8 5 10 8 3 1 10 9 5 3 4 1 1 6 4 2 1 4 5 2 7 0 2 10 9 2 3 7 10 1 3 10 10 8 8 7 2 5 2 5 9 7 2 6 9 3 7 6 4 8 4
4 2 5 2 9 9 7 1 9 3 9 2 3 8 9 2 10 9 9 2 4 5 5 6 7 4 2 8 4 3 9 5 7 8 8 10 5 6 8 1 6 5 3 4 6 3 9 2 2 1 8 7 2 1 1 2 1 4 8 7 4 9 6 6 9 6 4 2 7 7 8 4 1 2 3 2 6 4 2 2 7 7 6 3 10 7 1 6 4 4 4 7 1 9 4 1 4 2 7 7 7 4 3 1 4 9 4 4 9 1 7 6 2 10 6 6 7 4 3 7 7 0 8 3 1 8 4 8 5 6 2 9 1 10 2 7 3 2 6 7 5 3 5 6 6 5 8 5 4 4
2 8 8 3 1 3 10 4 6 1 6 2 5 4 7 4 10 8 7 10 9 9 4 3 1 3 3 10 8 4 7 2 8 3 1 7 4 5 8 1 5 3 4 6 3 5 10 6 5 1 9 8 7 10 1 8 2 10 3 2 5 5 5 9 4 2 2 8 9 8 7 4 6 6 1 7 2 2 9 7 6 8 7 8 2 8 2 8 8 2 7 1 2 9 3 4 5 9 2 8 6 3 9 6 3 3 3 5 4 8 10 3 10 3 5 4 4 5 4 9 9 9 0 1 1 6 8 5 8 9 8 5 6 5 5 6 7 5 1 6 4 8 2 5 7 1 10 5 5 9
8 1 5 6 8 2 6 5 1 9 9 2 9 4 2 5 8 9 2 6 6 10 8 6 4 5 5 2 2 3 4 8 5 3 5 4 10 3 9 2 7 3 1 6 8 4 9 10 3 4 2 3 7 6 7 9 2 4 2 9 3 8 7 5 6 8 10 7 10 2 3 5 8 9 4 8 8 8 9 9 5 7 4 7 4 7 7 9 6 3 5 10 7 10 2 10 2 2 9 8 9 9 7 5 1 7 6 4 9 3 9 2 10 10 5 2 2 4 4 2 2 7 5 0 2 8 4 4 5 2 5 1 10 1 9 8 9 10 5 2 7 3 7 7 6 2 4 9 4 10
10 5 2 8 9 4 3 2 2 7 3 7 1 6 9 10 9 1 10 4 8 5 6 3 2 9 5 1 4 8 8 9 8 9 1 2 3 8 2 6 6 9 8 3 2 8 2 8 10 2 7 2 7 2 1 7 9 10 10 3 1 7 5 3 5 10 4 10 6 7 10 4 10 9 5 3 7 4 4 1 1 2 2 10 4 3 7 1 6 6 5 3 8 5 4 2 5 3 6 2 1 10 9 9 9 7 2 10 5 1 3 6 10 5 6 7 5 10 4 5 9 6 2 3 0 8 8 6 9 6 8 5 8 7 5 8 10 7 7 10 3 7 4 2 10 2 8 4 4 3
8 8 3 10 9 2 4 7 5 3 1 8 6 8 4 8 5 1 7 5 9 2 6 9 10 2 8 9 2 7 9 8 4 9 9 7 4 2 8 6 5 6 5 7 8 1 4 5 1 9 5 4 6 9 2 6 6 8 2 2 9 10 4 4 3 4 3 10 9 3 6 2 2 4 8 8 3 6 5 3 4 6 7 10 10 2 8 9 4 4 8 6 9 1 7 2 10 9 6 9 5 7 8 10 2 1 7 5 5 2 3 2 6 5 4 3 8 1 10 8 2 9 3 2 5 0 2 4 2 4 3 10 9 9 8 6 9 9 1 7 8 8 10 2 9 3 1 5 7 9
5 3 7 5 10 5 6 9 2 5 4 2 10 1 10 6 9 7 6 6 10 5 5 6 7 5 3 3 6 1 8 2 2 5 7 3 3 6 2 8 9 9 1 2 5 4 9 4 2 2 8 4 5 4 5 1 3 1 5 3 4 3 10 2 4 1 8 1 4 3 3 3 2 10 6 6 8 7 8 1 5 6 9 1 4 3 5 4 4 9 5 7 3 9 6 9 4 8 7 4 7 2 2 4 8 6 9 9 7 6 1 1 2 10 6 10 4 4 10 5 6 2 3 5 3 7 0 1 4 3 5 8 4 8 6 7 9 10 10 3 2 10 2 3 6 5 4 9 4 3
9 10 9 9 6 4 2 3 5 3 3 8 5 8 1 8 8 8 3 6 4 2 4 1 8 8 5 2 2 5 7 3 6 4 8 8 6 6 10 6 1 5 2 2 7 10 7 9 10 10 9 1 3 2 8 3 1 9 8 8 2 2 1 2 10 8 6 2 8 9 5 3 1 8 5 5 3 10 10 7 3 1 10 3 4 3 8 3 8 7 3 3 8 2 7 1 4 5 8 7 10 2 1 10 9 10 1 7 1 6 1 8 3 3 1 9 8 1 9 2 7 6 5 7 2 4 4 0 3 8 4 6 10 2 10 9 3 6 10 6 8 4 7 9 8 1 3 8 7 6
10 5 3 7 9 6 4 10 9 2 4 6 4 5 9 9 7 7 7 10 6 7 6 3 5 5 3 6 6 3 6 6 10 5 3 10 6 7 10 4 9 8 6 7 7 1 10 4 10 8 9 1 2 7 10 6 3 2 4 8 4 10 10 8 7 5 8 6 6 5 9 3 5 4 3 1 9 10 5 4 9 9 8 2 8 10 1 2 1 8 4 5 1 10 1 4 6 2 10 10 1 8 10 4 7 6 8 4 9 5 8 4 2 7 8 3 6 9 9 10 10 7 5 6 3 9 3 7 0 8 2 9 6 3 4 2 9 9 4 6 8 5 1 1 3 1 4 10 6 9
4 3 7 1 8 3 4 5 7 8 6 7 5 1 3 10 8 3 3 6 10 10 7 6 4 4 3 10 8 7 1 6 7 2 10 6 9 8 1 1 9 6 2 6 1 2 7 8 4 8 7 10 2 7 1 2 2 9 1 4 5 6 3 7 5 4 5 10 7 4 7 4 9 1 9 7 1 5 3 4 4 7 5 9 4 1 7 5 4 6 3 10 2 6 2 6 10 10 10 5 5 10 1 2 3 5 6 8 1 1 1 9 3 3 2 3 10 8 6 6 10 5 8 6 2 8 8 4 9 0 10 10 1 6 7 2 10 7 3 1 3 8 5 6 1 7 3 6 1 6
7 6 6 3 1 6 8 3 8 6 7 7 3 3 6 6 2 2 2 5 6 2 5 7 2 6 5 2 10 7 8 1 7 9 5 1 1 1 5 9 5 4 8 6 5 5 9 1 10 5 9 5 6 2 2 2 3 7 7 3 10 3 10 8 6 8 4 4 7 9 7 4 9 6 6 4 2 2 9 10 5 9 6 6 3 8 3 8 1 6 3 6 10 4 2 8 7 3 2 8 4 2 3 9 4 10 9 5 2 8 9 4 4 1 4 10 6 3 6 6 9 6 4 8 10 10 1 9 6 5 0 9 10 6 4 5 3 10 4 2 9 6 1 7 1 8 8 5 8 3
5 7 9 1 2 5 2 2 2 5 9 6 6 9 9 9 9 10 8 4 10 10 6 4 10 7 5 7 4 1 8 8 6 4 10 7 8 6 3 3 10 6 3 6 1 10 8 3 5 1 4 7 10 10 8 5 4 6 7 6 1 1 7 2 2 10 5 9 2 9 7 8 2 1 8 6 9 8 7 3 7 10 7 9 6 3 3 6 7 5 9 4 9 7 9 7 1 7 8 6 3 4 4 1 7 5 9 3 4 6 9 4 8 2 3 7 3 1 2 9 5 4 10 6 1 1 9 10 9 5 9 0 3 2 4 6 10 8 7 4 9 8 7 8 6 6 8 5 3 1
2 2 7 8 5 9 2 1 5 4 5 5 9 6 5 3 6 4 10 7 5 7 2 6 4 8 8 4 9 5 5 5 3 3 6 9 8 8 3 3 10 4 6 1 8 5 9 7 10 9 7 1 7 1 3 10 1 8 5 9 6 10 9 1 8 10 2 2 3 8 1 8 5 3 6 9 10 8 4 9 7 6 10 7 10 10 8 6 4 10 7 2 3 4 7 3 8 10 3 2 7 2 10 5 3 3 3 1 3 4 4 5 9 5 5 4 8 10 8 2 4 8 1 3 1 3 3 7 5 9 10 3 0 5 6 6 2 9 3 2 10 8 6 10 9 4 1 10 9 7
1 4 3 9 3 4 5 9 5 2 8 6 6 10 1 7 8 10 3 1 1 4 2 7 6 6 1 1 6 6 7 8 4 3 4 9 10 6 7 1 10 6 8 2 9 2 4 6 9 8 7 7 1 7 1 8 7 8 7 1 1 7 10 2 8 4 3 2 7 7 7 9 7 8 1 10 6 8 3 1 3 7 8 2 6 5 3 4 3 7 4 1 5 7 2 3 1 1 3 10 4 6 1 3 10 7 9 5 4 7 5 6 5 2 8 1 7 2 8 1 9 9 2 4 2 8 2 3 10 9 6 3 5 0 6 7 2 2 3 5 4 7 7 6 9 6 6 6 8 3
6 8 2 9 9 2 2 8 4 8 6 9 10 5 10 4 10 3 9 5 4 10 8 9 5 10 5 5 9 3 7 6 10 6 1 3 8 4 8 7 5 2 6 9 7 7 2 10 7 7 9 8 3 5 9 3 6 2 10 10 10 10 6 6 8 1 3 8 5 10 1 10 5 4 2 2 2 10 8 6 7 1 3 3 10 7 7 5 10 4 3 5 10 2 2 3 1 9 5 10 4 8 2 7 4 7 9 8 10 5 8 6 9 8 10 1 2 7 8 1 5 3 5 2 3 7 5 5 10 6 3 1 10 10 0 6 3 1 3 6 10 1 4 2 6 6 7 10 6 7
1 8 6 8 5 6 5 10 6 3 3 4 5 8 10 2 1 1 5 7 7 3 10 8 7 4 10 9 10 7 3 7 7 8 4 1 6 6 5 10 3 9 3 5 8 8 8 2 5 2 5 8 9 3 5 5 3 2 9 6 2 7 6 9 2 2 8 6 1 10 10 6 7 3 1 1 2 9 1 5 6 3 2 7 2 10 6 8 1 7 6 1 1 6 5 4 6 8 6 5 10 4 5 5 8 8 4 2 10 8 6 1 4 6 6 6 7 4 5 7 2 9 1 3 4 8 7 7 1 1 5 8 7 7 8 0 8 6 3 2 9 3 8 2 2 8 6 3 1 10
7 2 4 10 4 10 1 7 10 1 7 10 1 5 10 1 2 4 8 10 5 9 9 1 1 4 1 6 10 1 1 3 10 9 2 5 2 8 3 7 7 10 4 2 9 2 7 5 4 5 1 8 2 9 6 5 9 5 7 1 7 8 5 6 6 6 4 10 3 7 3 10 9 7 6 9 4 1 10 10 7 4 6 5 10 9 2 10 3 9 9 5 6 2 7 1 8 2 2 9 6 1 10 10 4 9 8 7 1 6 10 9 8 3 3 2 9 1 8 5 10 9 3 3 8 1 1 6 8 10 4 3 2 10 1 7 0 2 8 1 3 3 8 9 2 3 10 6 9 3
9 3 9 9 8 5 2 5 3 10 9 6 10 1 2 7 4 9 1 4 1 5 3 2 6 8 8 8 10 4 6 10 2 10 7 9 2 5 7 3 8 5 7 10 2 4 6 3 8 2 6 8 6 4 10 8 5 5 6 6 4 7 6 2 9 6 8 2 9 8 6 10 5 8 4 10 7 1 10 2 5 8 5 6 3 1 3 4 9 4 1 7 1 6 1 6 5 4 8 2 2 10 7 4 10 9 5 9 8 4 10 4 3 4 6 2 5 10 3 10 6 8 2 8 5 4 2 5 7 6 10 1 10 10 7 7 10 0 2 8 1 3 3 9 1 3 3 9 4 7
3 1 2 6 5 7 6 8 10 8 10 1 2 7 5 2 7 10 4 9 3 2 9 9 9 3 2 3 8 4 10 10 7 3 1 4 9 1 7 1 2 3 1 2 10 10 5 3 6 1 4 8 4 6 8 2 6 10 7 3 7 10 8 1 8 3 9 9 6 3 2 3 10 6 8 8 10 5 6 4 10 6 3 4 8 5 6 1 6 7 6 10 2 9 3 5 7 5 8 3 3 8 9 9 2 7 8 3 7 10 3 5 10 3 9 9 10 2 2 4 4 4 3 2 7 2 3 9 5 8 7 2 7 7 5 5 3 5 0 8 3 1 1 10 6 7 4 7 4 5
7 10 7 9 6 3 3 10 7 1 7 8 1 1 3 2 6 5 10 5 6 9 10 4 7 2 2 1 8 6 7 3 4 6 7 3 8 2 7 6 2 8 10 9 5 3 4 8 5 9 6 3 1 9 3 9 1 4 2 8 8 6 4 1 8 9 9 5 1 7 1 9 6 5 10 9 1 6 6 8 4 7 3 8 8 5 8 8 2 4 5 8 2 9 2 7 7 4 10 5 4 2 7 7 10 9 6 7 6 5 2 10 5 9 2 5 10 10 3 6 10 3 9 5 9 1 10 9 9 7 4 10 3 3 5 7 8 10 2 0 7 7 3 8 2 5 9 3 3 9
3 8 7 9 5 9 5 3 4 8 7 1 7 5 2 2 5 7 3 6 10 7 10 9 6 8 9 4 8 7 9 1 5 3 3 2 3 8 1 2 10 9 10 2 3 4 8 6 4 8 8 1 6 6 8 6 1 8 10 1 6 4 6 1 9 8 3 9 1 3 7 7 8 4 6 5 7 5 8 1 6 5 5 3 7 5 3 5 7 3 7 5 7 10 9 1 9 4 1 5 10 8 5 8 8 10 6 4 2 7 9 8 2 9 7 3 9 2 1 6 9 1 8 10 1 9 2 5 4 5 3 10 10 3 6 5 10 10 5 2 0 3 10 3 10 10 1 2 9 4
8 6 5 4 6 6 3 2 2 5 6 4 9 1 8 9 5 7 1 2 8 10 5 8 1 6 10 4 4 1 7 1 1 5 5 3 7 4 9 2 5 5 8 9 1 3 6 2 1 10 2 2 1 1 1 9 1 8 7 9 6 10 4 1 1 5 10 8 1 6 5 1 6 2 9 8 3 2 3 1 7 7 8 2 2 2 9 8 4 7 5 3 8 10 9 8 5 10 9 4 7 7 9 4 9 9 6 10 9 8 2 4 10 4 9 6 1 5 7 10 6 5 6 7 8 4 3 3 5 7 2 2 2 10 4 6 2 5 3 9 6 0 5 7 9 1 7 6 3 2
1 9 2 7 8 9 6 10 7 6 8 10 3 7 5 8 6 2 2 4 10 3 8 1 6 2 6 3 2 5 9 4 8 8 8 3 5 4 10 1 7 5 3 9 7 7 2 5 3 8 8 8 1 8 2 10 9 2 5 8 8 7 3 3 6 1 4 1 1 6 6 10 2 4 5 5 5 10 10 10 4 6 8 8 10 7 5 5 3 5 2 8 4 4 1 8 8 7 3 2 6 4 9 3 9 2 9 3 7 4 5 4 7 7 2 6 7 6 9 3 7 2 6 4 3 5 9 10 6 8 2 8 2 9 3 4 5 7 6 9 5 9 0 6 4 1 8 9 7 7
9 6 4 5 4 6 6 9 1 7 6 7 4 10 5 6 5 3 4 3 1 9 8 4 6 8 7 8 7 3 1 4 6 5 4 5 8 8 6 2 3 10 8 9 4 6 3 1 8 7 5 10 8 10 5 10 9 3 8 4 5 6 6 10 2 6 5 9 1 5 3 5 1 10 3 5 3 6 9 4 6 3 5 7 10 6 2 7 6 1 4 2 10 2 2 2 8 10 5 7 7 8 2 3 9 3 1 1 1 6 7 1 5 4 7 3 6 6 2 8 2 9 9 1 10 4 3 9 10 7 9 6 4 7 6 6 1 4 1 8 2 8 3 0 1 1 10 7 8 9
8 5 6 8 9 5 7 3 5 5 4 2 6 7 3 5 5 1 6 8 4 8 4 2 10 10 9 5 5 6 1 6 7 3 7 5 5 2 6 8 6 7 3 9 3 9 8 9 4 8 9 8 9 8 7 9 2 9 1 4 8 2 8 6 6 9 2 8 7 3 8 3 6 1 1 1 1 2 9 1 8 4 10 2 4 2 5 5 1 7 10 2 3 1 2 2 2 9 1 6 6 3 6 5 7 7 1 8 6 2 2 9 4 7 2 1 2 6 7 4 3 5 5 1 1 1 10 1 10 10 4 2 7 2 5 3 6 5 3 6 10 6 10 9 0 9 10 6 2 3
8 8 10 10 5 9 6 7 3 3 8 1 3 7 3 9 3 1 1 2 2 10 3 10 1 2 5 10 10 9 2 7 5 8 2 5 3 2 2 9 7 10 2 2 4 10 5 8 2 9 4 7 3 2 8 3 7 7 3 1 5 4 10 3 4 1 9 1 7 1 2 1 1 5 10 3 1 9 3 7 5 10 1 10 9 6 9 5 6 5 10 6 5 10 3 8 9 2 5 6 8 4 5 6 10 1 6 2 4 6 9 5 3 4 4 6 5 2 3 5 6 6 9 1 6 3 4 10 9 7 10 3 2 1 5 10 9 3 1 5 2 2 5 5 4 0 3 9 2 9
3 6 9 7 7 5 7 4 4 8 4 5 9 3 1 5 10 2 1 3 7 4 2 10 6 4 7 9 4 10 3 3 8 5 5 2 10 10 10 7 10 10 3 7 7 4 1 2 1 4 3 4 1 8 2 5 10 2 8 3 1 10 10 4 8 6 7 4 1 6 8 4 6 9 4 2 9 10 5 4 3 4 1 2 7 4 4 9 2 4 5 3 5 4 5 7 2 7 2 4 8 1 1 2 3 1 9 5 1 5 10 9 7 5 7 7 4 5 2 1 7 7 10 6 1 7 5 3 9 9 5 8 2 6 4 5 8 10 4 3 10 2 9 3 5 7 0 4 10 4
8 3 6 2 10 7 5 5 1 3 8 7 9 8 4 5 9 10 5 1 5 9 6 10 4 4 4 7 10 6 5 8 2 3 2 9 9 2 10 8 5 8 7 7 5 3 6 5 9 7 1 4 4 1 1 9 10 10 10 10 4 10 3 3 8 3 8 4 6 1 9 8 2 10 10 7 1 1 9 4 5 7 2 7 8 5 2 3 9 9 3 5 5 3 4 2 6 7 5 10 5 2 3 6 10 5 4 2 8 1 6 6 7 8 6 10 2 2 5 6 1 4 8 6 2 6 3 10 7 8 6 8 9 1 6 1 9 9 9 7 3 6 2 9 2 1 1 0 10 8
2 3 7 1 6 10 3 10 9 3 10 7 6 4 9 3 8 9 3 5 1 6 1 4 7 10 7 2 10 10 10 10 1 2 2 8 1 4 10 8 10 5 3 8 7 9 1 6 5 3 4 4 5 4 1 2 6 4 6 7 6 8 2 4 3 5 8 10 4 3 9 1 6 5 9 6 7 7 3 2 4 6 3 2 7 8 7 8 8 2 6 6 5 8 6 7 9 3 7 2 2 3 3 7 10 10 5 7 8 1 2 4 7 3 1 1 4 7 10 2 3 1 7 8 3 7 7 8 3 3 9 10 8 9 1 7 3 5 10 4 1 2 7 3 10 5 7 4 0 4
6 6 2 8 8 4 3 10 7 4 10 2 2 4 10 7 1 3 9 1 9 5 8 10 3 3 6 5 1 10 4 4 5 5 9 9 10 8 10 6 5 9 1 7 4 4 5 7 2 1 8 6 10 6 9 5 10 7 4 7 2 8 5 10 2 7 1 8 10 6 1 8 3 7 6 9 8 3 4 5 6 5 3 7 10 7 3 7 2 5 9 8 6 6 3 1 3 8 8 5 8 4 6 10 9 9 5 2 1 8 8 9 7 6 8 1 7 6 8 8 9 6 8 4 10 2 9 4 9 7 3 8 8 10 3 9 1 6 5 7 7 7 9 2 5 8 8 3 9 0
