150
118 74 58 92 101 610
38 8 57 36 15 156
70 103 45 74 42 430
93 113 100 35 56 576
25 64 51 4 3 182
67 83 74 58 41 463
49 58 22 16 20 210
114 78 33 43 70 540
24 47 81 3 12 223
30 20 14 48 86 377
13 32 50 59 45 297
15 21 87 104 90 326
53 35 26 35 23 349
2 48 19 41 48 298
107 117 30 99 94 558
107 49 24 37 20 403
57 12 34 60 26 413
119 61 54 23 70 355
1 29 30 23 28 264
1 49 40 7 28 331
28 95 3 1 103 244
108 36 35 85 8 291
3 31 77 95 44 251
71 33 25 2 19 373
99 6 75 61 20 404
84 58 101 30 60 425
32 58 86 47 13 377
60 116 27 5 26 418
39 4 18 116 27 321
20 111 50 10 113 349
87 45 71 30 20 418
102 9 56 11 36 432
23 58 54 88 16 351
60 73 60 38 21 295
51 63 13 118 17 441
47 106 120 50 27 385
61 44 52 48 102 359
34 94 22 66 4 426
56 30 55 37 101 407
4 54 67 8 79 221
11 32 90 100 63 392
47 80 94 24 15 260
8 26 106 8 53 410
39 4 31 7 12 238
78 4 43 16 113 423
77 19 16 75 72 337
67 38 40 109 43 499
8 26 26 54 37 316
37 94 13 108 20 381
54 50 88 115 30 554
22 21 15 30 45 290
9 10 105 90 37 358
99 100 34 95 8 372
33 13 29 112 98 371
21 84 92 39 9 468
19 10 96 58 14 403
44 20 35 13 36 254
51 60 22 24 11 322
49 2 57 53 18 216
87 37 21 100 35 307
15 11 63 95 89 400
101 24 7 13 113 272
25 115 109 14 44 343
82 9 21 59 34 220
24 7 31 49 16 231
4 60 58 87 21 421
49 17 53 57 40 234
119 62 44 92 2 534
116 93 3 102 47 556
39 62 40 113 13 328
58 50 10 31 49 330
86 43 36 116 45 545
2 5 4 38 94 338
59 32 105 61 29 423
4 61 70 12 21 214
17 6 18 45 73 180
41 12 24 26 109 248
6 40 93 28 36 206
39 18 89 48 20 424
14 36 14 57 1 271
117 101 85 25 13 510
51 27 58 60 51 422
10 35 2 12 45 241
9 40 37 92 26 440
43 13 79 5 97 464
55 36 44 36 25 282
38 20 84 11 99 360
63 112 120 80 29 642
63 55 86 35 5 450
20 54 74 59 15 344
19 112 1 48 16 322
1 67 19 20 29 189
27 19 7 60 35 191
86 95 20 31 26 407
113 113 38 76 21 530
5 103 4 18 117 403
46 19 50 1 1 318
13 58 66 9 114 437
89 60 72 51 69 571
79 23 80 19 76 505
6 50 82 11 37 363
74 87 20 82 27 377
36 100 9 118 26 453
17 79 18 83 5 217
27 61 32 28 8 228
50 111 25 115 77 596
46 66 7 24 7 285
55 40 58 60 14 364
50 7 11 18 118 299
29 45 6 41 26 368
71 68 16 7 21 274
62 18 80 9 11 395
40 118 6 60 7 308
57 26 18 81 120 515
28 11 46 30 113 381
34 58 101 26 30 271
1 11 46 55 20 219
85 51 114 64 29 553
17 9 28 47 20 167
54 47 22 20 46 320
65 6 9 64 63 441
30 27 14 117 5 363
60 111 115 5 15 316
109 38 104 31 12 405
24 20 47 58 108 423
26 109 103 17 55 390
58 1 57 29 94 253
20 21 39 97 10 314
9 22 28 75 25 382
22 20 69 22 104 270
74 35 51 33 72 407
50 46 27 25 9 324
64 43 2 69 78 376
114 114 102 13 58 615
34 35 14 6 110 207
24 14 32 111 31 305
20 12 88 75 21 380
25 63 21 107 64 324
11 45 24 60 11 191
106 43 54 36 30 400
107 17 96 29 95 481
35 115 76 74 25 369
81 56 56 15 5 388
69 72 36 15 65 476
21 18 76 58 1 386
61 33 62 89 33 422
18 31 109 8 13 249
10 47 55 47 81 424
77 90 47 69 25 344
119 11 10 52 75 327
0 15 42 106 3 99 300 48 147 99 16 93 106 318 0 108 115 262 151 0 33 0 244 151 60 0 0 116 242 303 43 92 184 19 353 0 355 115 197 250 71 75 0 13 0 64 0 120 129 247 193 77 0 76 0 259 83 118 78 20 298 153 81 63 53 16 24 326 313 29 73 0 7 111 97 147 178 97 137 37 175 303 103 330 15 283 38 106 21 92 7 314 11 0 16 236 12 98 12 36 186 0 87 83 62 116 62 0 77 360 84 42 67 238 0 113 53 46 14 0 71 87 22 90 216 332 86 61 57 0 46 252 138 119 27 0 284 22 55 24 183 132 181 109 116 293 0 98 27 292
291 0 35 4 217 17 86 0 0 256 38 34 273 120 71 194 15 74 218 326 11 48 48 90 207 155 119 97 170 224 114 89 69 152 94 26 128 9 264 17 44 342 186 21 277 0 0 133 36 0 276 42 323 23 292 47 111 32 118 293 44 133 39 0 5 48 63 8 51 0 322 135 114 104 104 300 113 287 100 16 155 170 16 136 14 18 71 64 115 91 52 102 0 44 203 0 44 149 116 229 216 27 117 65 75 24 0 350 87 23 346 216 186 307 90 1 10 91 5 120 93 359 251 12 16 350 116 44 109 276 0 50 0 327 10 144 315 2 91 7 0 21 108 45 52 17 50 155 49 204
22 121 0 335 54 62 95 226 48 0 281 38 80 78 68 79 0 81 106 15 84 292 328 322 172 233 55 266 102 333 271 211 277 14 42 24 227 54 126 31 109 43 325 39 38 11 0 173 110 75 96 311 114 26 63 236 8 106 26 33 0 14 39 63 345 10 223 11 357 22 68 209 29 0 11 109 131 29 2 0 205 0 77 35 251 103 44 202 0 135 41 0 17 73 113 45 271 39 6 46 44 227 207 14 337 0 107 331 112 351 74 350 34 83 62 72 17 0 181 4 86 5 98 0 316 24 118 104 4 4 86 216 272 0 56 93 14 255 312 96 114 260 299 18 40 49 197 26 7 23
107 146 319 0 300 118 105 114 78 41 25 299 105 248 273 33 6 112 112 338 84 88 35 114 51 51 25 79 187 0 86 0 318 95 173 263 11 101 18 328 31 10 96 15 0 148 0 220 99 186 63 155 8 14 171 102 0 161 303 24 145 80 324 77 37 0 283 329 120 57 0 207 1 53 331 69 115 50 0 19 217 54 3 310 51 0 1 107 182 337 79 83 14 302 125 275 18 104 33 87 68 19 285 107 17 3 360 50 218 100 69 25 159 340 24 215 0 14 295 5 13 251 289 232 293 46 309 83 121 147 112 101 157 314 44 0 357 82 212 0 317 23 201 263 0 24 89 257 76 223
10 88 44 102 0 51 32 83 185 43 37 59 138 46 108 171 10 38 88 35 87 178 16 15 83 56 0 56 0 57 75 150 199 354 88 0 0 0 97 17 188 68 112 78 0 44 188 71 120 22 215 45 71 50 68 33 80 81 114 19 78 345 356 8 75 35 19 291 188 71 0 118 67 230 129 129 61 0 0 105 353 0 8 120 354 0 0 48 307 11 109 100 112 0 56 92 49 20 22 110 0 112 105 114 0 15 62 52 7 50 276 0 0 347 164 77 189 95 38 28 98 0 97 22 236 237 116 311 96 114 63 43 68 99 165 90 357 82 76 86 21 0 183 253 10 34 121 80 120 180
12 4 272 87 117 0 258 94 319 4 0 59 4 261 102 117 269 1 57 0 148 270 57 52 354 144 88 137 11 0 256 0 193 89 0 293 98 80 34 88 31 25 146 113 0 79 3 60 39 0 38 56 42 0 0 0 316 259 84 40 232 267 22 264 16 19 22 27 0 49 86 66 33 211 0 125 295 102 51 20 30 0 0 0 54 113 73 84 53 329 12 72 204 214 77 71 45 64 47 67 69 112 290 175 0 97 41 278 103 97 0 185 0 10 5 343 311 56 94 58 12 89 68 52 308 307 302 84 0 11 0 0 89 28 289 2 29 120 351 169 28 157 281 19 181 255 253 70 60 302
271 46 0 101 167 0 0 33 48 72 27 131 268 52 65 95 60 42 256 0 318 233 0 42 149 21 172 243 260 0 198 0 41 248 158 160 113 332 339 280 62 193 103 20 0 67 271 0 66 72 144 23 84 111 301 0 13 263 25 77 339 155 245 163 281 62 107 54 244 70 10 101 92 65 107 327 49 75 314 77 239 280 18 299 115 101 314 33 156 35 0 142 95 105 57 19 0 56 0 120 298 0 0 120 306 46 181 235 116 21 8 120 55 14 224 322 0 245 0 42 93 279 283 0 45 81 0 68 57 307 114 35 183 260 211 102 0 16 0 74 338 1 58 40 0 172 110 96 232 42
54 118 124 188 40 0 178 0 81 35 121 225 139 168 286 178 24 48 28 90 122 32 125 319 33 12 305 162 112 117 44 274 188 1 41 310 112 310 107 25 219 95 280 86 77 146 3 173 15 85 53 5 0 82 293 79 87 232 101 31 21 105 125 304 116 33 50 61 77 113 15 111 0 226 18 355 324 88 17 107 16 135 32 5 186 89 74 51 83 107 91 23 44 331 13 76 335 193 175 37 208 248 87 278 114 256 114 108 114 246 99 0 246 73 7 330 86 40 10 0 292 77 48 0 104 0 63 0 40 1 4 92 109 24 224 0 64 36 36 0 1 103 102 57 0 117 110 149 89 40
116 139 109 281 94 0 111 97 0 69 333 45 0 160 241 24 250 194 221 7 36 61 0 63 0 23 202 27 86 94 16 103 95 226 185 123 0 0 151 7 50 165 0 93 104 312 84 0 27 286 283 24 92 0 340 37 343 170 48 43 116 30 99 25 34 262 60 140 0 47 77 209 177 310 80 301 20 239 90 98 197 16 322 69 260 118 310 269 81 330 76 56 23 240 296 26 201 7 120 29 119 47 92 112 63 22 320 43 88 155 110 58 63 332 94 140 0 20 138 45 217 103 251 357 309 114 128 6 208 329 249 63 185 8 60 30 12 279 175 255 0 79 27 0 96 91 113 202 0 8
96 58 74 118 118 20 98 38 39 0 27 2 290 298 0 7 207 114 108 37 6 25 132 6 59 106 5 245 7 0 93 219 13 133 305 245 344 0 110 57 27 82 177 178 84 228 32 37 79 0 58 294 235 9 8 5 94 57 107 68 2 37 331 162 41 301 332 88 93 198 0 121 11 0 324 101 112 65 320 23 7 275 2 335 64 224 34 28 66 293 4 73 185 79 20 10 0 243 252 96 314 105 80 299 348 181 217 40 87 51 3 15 213 0 178 268 273 106 44 0 11 179 304 207 65 79 103 86 219 107 90 20 169 194 61 70 33 0 0 60 132 235 43 321 146 343 333 41 259 6
13 97 12 18 17 0 1 359 166 325 0 228 8 33 209 20 51 90 54 116 10 45 165 19 240 26 70 213 257 0 300 101 0 55 0 52 36 186 83 56 95 57 78 291 120 96 52 0 36 9 60 196 12 5 139 97 57 17 322 82 85 189 106 5 254 246 98 0 0 135 154 99 42 111 62 326 112 94 21 0 136 193 320 339 198 43 77 119 160 346 275 202 16 120 326 49 0 91 111 8 72 71 14 98 259 0 211 64 303 116 11 0 161 45 26 83 12 324 22 15 149 65 56 50 117 260 39 44 114 0 97 264 143 30 28 90 0 346 116 116 3 92 1 0 267 117 52 104 0 33
119 55 176 192 243 115 225 79 156 51 76 0 107 111 0 327 327 2 91 46 251 183 84 107 14 309 279 0 57 69 0 83 68 42 228 111 196 65 187 347 3 71 350 202 48 110 96 0 168 245 329 97 324 52 11 153 30 56 66 3 1 53 34 43 360 74 250 54 337 81 0 320 48 0 297 32 5 75 110 231 100 313 0 7 11 55 0 63 262 106 37 46 65 225 82 0 95 114 12 75 13 58 72 236 102 0 201 77 65 200 0 332 33 99 170 101 332 63 56 329 36 284 72 193 99 0 271 266 291 108 36 82 0 99 2 140 279 342 37 8 150 36 59 357 82 6 61 69 336 223
0 30 181 305 137 79 46 63 89 0 351 82 0 182 30 0 0 30 23 103 65 137 102 26 37 21 47 61 29 12 318 148 94 222 194 57 103 49 69 175 0 7 206 10 0 108 101 293 84 326 82 185 270 40 6 177 106 45 70 0 90 16 331 61 230 25 52 12 38 30 58 2 10 52 169 115 131 0 67 0 30 111 249 294 54 123 0 43 46 60 304 225 174 0 2 46 0 92 4 116 133 0 73 0 64 171 180 72 100 25 313 85 35 197 50 289 229 63 144 60 11 261 72 108 349 12 70 8 97 129 41 82 17 39 51 41 355 31 41 91 143 65 69 299 82 298 10 62 33 54
27 160 262 110 100 92 41 37 0 85 0 0 81 0 67 0 0 214 76 116 56 73 312 25 60 0 80 102 29 122 0 18 84 55 73 69 46 157 102 90 64 186 6 110 120 88 80 0 120 345 91 0 114 105 349 95 20 46 101 168 108 35 82 0 141 311 11 80 0 308 21 58 273 159 47 249 271 104 92 199 43 139 52 320 164 152 95 49 177 61 35 91 97 102 10 159 55 0 9 0 43 68 16 278 41 255 94 161 0 59 128 4 237 89 19 93 62 17 180 0 16 179 16 114 142 168 17 36 76 194 51 76 12 113 317 112 265 0 320 86 59 95 46 300 172 328 45 91 113 7
5 99 61 109 207 184 131 126 35 199 16 13 104 282 0 97 312 95 31 43 0 75 158 306 105 175 28 98 99 70 55 31 61 97 4 346 209 0 118 45 130 37 46 108 110 239 176 39 131 77 0 56 207 84 0 113 50 0 258 47 32 9 0 99 67 41 166 102 129 352 91 0 61 241 210 48 176 15 59 78 67 194 46 218 291 37 71 88 351 352 25 56 149 0 71 105 79 259 82 112 213 43 115 191 184 0 39 156 30 0 31 188 66 341 19 231 191 183 57 101 47 73 115 13 62 4 221 29 170 114 219 0 232 356 25 165 133 93 13 31 271 286 319 21 113 0 117 102 73 25
38 299 210 307 0 98 83 25 236 131 116 0 290 271 37 0 44 100 101 83 149 0 30 21 0 87 78 88 60 302 78 180 34 199 4 112 114 111 102 75 251 22 64 23 290 83 106 0 85 46 354 21 39 117 108 209 137 227 31 3 14 213 36 192 81 70 76 96 84 63 22 280 96 72 59 276 16 0 234 77 75 105 61 62 115 82 353 316 71 261 105 24 115 68 34 114 119 158 158 44 0 54 57 47 60 53 82 72 255 251 82 169 29 46 64 51 236 27 263 60 303 49 51 78 187 166 73 57 43 0 113 108 10 264 335 79 56 267 37 60 68 27 298 0 16 101 102 17 98 146
179 43 22 70 31 23 44 3 210 0 170 63 231 59 92 109 0 307 346 269 63 90 0 48 7 184 192 229 148 289 0 102 133 17 159 14 76 43 34 99 19 130 0 296 0 205 4 166 302 56 209 164 194 51 336 227 299 356 38 0 0 21 250 209 247 38 32 38 93 245 2 47 79 284 38 111 0 93 201 123 0 257 0 105 116 255 1 105 116 30 91 68 0 297 282 227 260 60 324 57 346 44 20 45 142 76 72 81 247 60 81 44 29 169 36 5 52 79 29 6 247 93 131 141 67 55 76 344 88 0 95 0 0 27 14 359 106 242 15 0 39 0 49 49 0 252 180 3 176 112
32 63 296 92 91 319 356 62 0 84 299 64 55 6 332 7 118 0 348 24 25 34 286 18 38 90 326 0 13 319 90 0 10 73 347 174 199 253 0 23 45 114 281 37 96 120 18 162 136 91 21 169 5 111 54 41 22 158 78 36 49 62 92 298 225 47 6 111 23 43 12 102 172 6 153 34 96 97 282 47 2 30 0 104 74 1 0 349 9 95 18 244 0 205 188 242 0 1 25 304 210 0 147 49 49 55 0 118 104 2 45 131 76 58 0 341 56 7 213 72 75 96 120 295 57 52 108 99 115 15 265 175 332 201 71 242 54 245 34 207 56 216 69 50 170 45 94 7 139 158
1 7 20 99 354 252 0 80 167 3 316 43 109 299 249 50 105 50 0 0 44 115 189 204 255 119 108 198 147 41 0 0 41 36 0 272 257 90 55 116 0 105 32 94 261 2 313 0 0 349 84 23 0 143 318 2 302 51 68 262 83 18 177 65 18 112 254 317 163 0 290 78 17 115 110 78 58 151 297 141 65 82 100 9 47 1 144 109 182 0 255 314 0 147 111 335 0 60 43 85 48 252 66 14 198 58 37 0 39 89 17 173 299 106 307 14 92 79 184 105 36 159 35 40 120 108 313 157 108 119 20 0 69 0 30 22 15 60 278 78 0 111 69 71 86 281 43 120 41 0
98 118 0 82 203 37 0 98 20 268 74 0 80 288 0 102 348 31 40 0 107 264 149 0 95 57 26 47 60 265 15 0 75 87 36 15 82 122 109 106 277 282 100 34 91 59 19 340 47 23 233 0 292 178 0 358 62 100 24 24 296 230 101 220 0 87 253 87 97 116 16 92 162 164 169 190 201 120 21 3 101 0 64 0 128 82 62 75 66 211 331 54 108 3 0 11 96 308 109 119 24 32 113 327 59 122 2 321 112 250 90 0 0 69 286 7 161 253 175 254 68 48 40 61 97 0 57 32 110 198 53 31 83 54 54 97 65 287 259 22 86 184 35 5 38 146 94 41 235 97
42 183 75 0 96 51 0 0 0 115 0 142 3 65 97 53 98 65 262 0 0 56 25 213 43 233 0 93 0 0 85 93 243 49 99 76 256 92 0 106 21 88 30 50 105 36 287 81 246 0 271 44 117 115 43 69 343 118 72 358 120 37 0 355 55 199 29 35 195 52 138 102 16 43 168 88 22 199 83 133 71 149 5 0 0 113 283 62 0 106 264 22 316 0 20 284 194 98 74 56 74 19 320 17 127 0 56 59 83 34 86 50 359 85 192 227 28 109 51 37 84 214 332 114 202 99 47 24 0 46 73 54 9 30 51 79 339 180 54 4 288 0 0 63 29 166 95 26 9 72
0 66 83 161 258 32 17 24 47 86 0 19 253 130 175 0 52 52 24 95 2 0 267 304 48 112 0 60 241 69 62 206 0 42 133 92 115 42 42 85 17 3 0 281 85 39 72 0 198 59 33 39 276 0 56 19 120 112 94 195 176 293 51 5 200 32 0 95 104 185 4 100 78 110 199 76 0 84 44 88 25 56 77 0 106 62 213 0 13 10 23 86 36 348 0 56 96 72 21 128 39 82 21 7 44 185 20 0 243 61 100 86 185 114 21 113 31 356 113 155 55 236 21 70 225 7 71 95 248 222 55 191 64 56 111 68 30 225 0 280 342 90 120 248 69 50 40 77 58 86
201 304 111 97 232 55 26 85 23 350 293 42 108 177 290 358 13 322 80 114 86 43 0 42 72 107 0 148 7 118 87 248 69 32 273 0 79 38 347 155 102 0 0 61 0 105 342 60 91 324 60 46 73 46 34 76 96 260 43 9 44 45 0 99 107 249 263 78 0 9 99 26 0 94 181 339 232 16 47 40 105 278 47 111 124 90 40 95 100 0 0 115 175 76 15 0 2 70 120 31 53 50 75 76 20 332 0 180 111 351 64 107 209 92 73 189 150 5 0 301 55 218 81 52 340 352 60 116 54 88 0 20 0 270 158 28 22 259 37 83 0 62 253 73 71 82 23 95 8 347
231 97 87 61 0 120 233 27 223 37 243 276 50 74 92 59 23 24 325 117 169 177 63 0 275 115 63 255 100 52 317 19 353 97 230 57 171 61 192 5 11 352 37 70 69 50 72 338 38 95 26 132 278 102 18 58 86 0 23 0 108 119 149 109 29 25 122 112 90 34 82 93 11 0 23 153 102 151 242 304 89 74 8 318 357 41 113 306 0 64 115 5 160 56 0 281 110 116 48 6 104 43 192 113 281 30 72 354 46 16 186 92 98 35 0 190 344 201 69 58 93 9 307 56 134 32 21 80 54 137 19 58 49 184 0 358 97 120 61 21 38 155 0 153 3 120 17 345 119 83
3 349 100 23 105 6 70 14 52 93 302 81 43 85 166 0 0 0 1 0 223 69 108 102 0 227 90 22 193 65 110 144 50 0 110 345 347 332 24 201 60 6 116 78 39 241 110 41 90 247 13 19 68 40 54 0 118 39 7 59 0 125 296 25 81 259 72 164 19 19 117 35 2 235 124 20 102 19 269 86 113 27 20 249 4 358 80 97 24 0 117 213 243 287 109 295 88 186 97 69 161 335 159 111 209 0 45 0 36 97 0 46 195 15 163 0 82 46 0 138 66 333 82 358 323 105 59 74 196 165 0 188 105 12 0 39 250 31 172 236 12 115 46 69 24 138 40 293 353 37
0 0 79 66 282 66 76 151 42 27 305 289 35 93 238 23 238 0 96 279 60 11 0 96 106 0 86 0 38 41 132 0 0 57 313 314 155 224 0 92 255 17 57 50 17 255 183 87 116 329 9 70 48 100 307 168 0 50 126 11 89 98 108 111 107 120 82 109 0 39 209 256 212 21 0 111 82 113 186 312 35 92 26 139 103 213 41 182 40 42 73 0 264 23 302 249 115 39 138 0 185 130 317 112 77 281 360 37 23 2 9 331 12 22 296 0 357 98 0 336 140 75 85 238 0 67 122 0 4 162 87 345 98 96 0 335 23 0 106 0 322 111 118 172 18 63 0 55 0 225
260 38 169 90 303 31 242 7 211 4 40 64 213 61 75 38 176 45 120 181 239 73 53 330 108 96 0 43 201 355 272 0 236 0 0 13 195 11 85 14 55 340 285 85 41 16 42 101 211 75 319 252 120 18 62 192 68 36 75 0 311 172 64 69 3 17 178 236 98 81 0 194 177 64 163 68 0 0 61 209 8 194 122 4 115 35 18 118 98 105 167 112 32 114 107 215 298 23 39 204 354 15 338 0 0 61 314 99 271 20 32 112 100 6 104 101 185 89 280 0 299 38 65 0 11 44 236 108 0 113 10 292 0 348 14 98 98 314 43 0 0 207 305 181 100 0 358 29 16 301
118 23 90 43 26 208 346 111 42 269 18 84 0 355 0 8 0 0 118 178 324 16 44 6 114 104 46 0 62 120 32 158 39 282 60 113 0 197 195 58 270 305 45 48 7 0 259 109 1 84 49 73 0 21 0 158 39 104 117 110 216 48 153 0 48 17 221 311 80 65 113 133 292 236 102 5 59 95 226 0 102 82 23 100 13 112 0 82 57 23 23 282 109 33 261 109 69 196 105 243 102 182 225 261 335 173 242 15 110 78 0 112 0 112 35 33 0 217 38 124 120 60 86 16 102 315 160 15 75 203 28 80 85 49 17 91 0 334 33 306 56 2 71 68 344 225 101 85 319 274
79 304 120 83 114 54 174 192 215 237 110 86 89 215 131 283 1 29 35 24 0 257 34 0 132 0 328 172 0 61 120 0 26 107 0 289 107 53 195 1 93 110 90 181 78 65 0 62 150 78 57 166 207 105 154 336 0 339 60 0 206 20 9 78 0 328 0 33 91 0 0 310 149 298 285 33 85 110 31 35 109 38 224 9 57 53 282 358 168 69 56 241 20 0 107 0 25 21 26 0 171 0 300 55 309 62 9 88 351 34 7 82 230 117 57 42 149 86 219 0 57 113 109 2 344 197 35 89 0 204 130 0 79 109 312 0 63 95 216 40 56 87 105 50 29 126 234 0 120 80
13 40 231 97 196 11 7 261 41 65 0 69 61 164 97 114 27 0 105 125 298 59 36 330 135 107 8 86 46 0 114 98 16 197 17 66 180 109 25 95 98 137 154 12 32 242 100 352 313 83 357 71 0 269 220 16 60 89 50 44 218 0 1 10 12 110 20 185 320 158 194 141 7 148 23 329 0 14 62 57 201 52 44 136 50 227 108 4 0 3 72 165 110 279 340 285 199 256 75 203 237 140 103 92 71 193 6 12 0 35 73 84 105 249 2 64 16 20 46 44 27 100 41 331 336 173 60 282 329 336 156 189 42 346 107 56 119 58 0 89 190 117 19 41 19 155 66 114 132 308
37 247 200 39 300 206 150 52 332 207 79 308 279 341 34 96 344 320 71 116 110 119 127 3 93 143 62 84 111 72 0 58 26 328 265 66 341 109 336 140 0 203 0 49 82 233 217 174 299 0 91 322 59 63 2 9 10 93 3 205 324 48 67 14 107 173 168 20 119 101 152 222 28 41 57 324 92 164 92 118 109 94 140 109 211 107 300 144 196 108 84 228 76 110 0 299 7 104 0 98 111 94 95 12 81 251 207 210 5 1 104 10 2 281 77 80 246 4 0 11 125 90 16 131 263 0 69 0 11 35 64 321 0 337 113 0 0 9 119 2 20 90 52 257 290 49 274 19 102 76
40 5 307 118 0 304 46 35 231 39 0 14 43 30 0 82 272 332 358 65 66 190 80 120 0 34 29 104 59 7 84 0 82 171 96 30 16 170 20 242 112 86 0 150 95 260 226 10 0 188 320 65 70 20 72 219 324 70 261 211 69 134 0 281 64 104 111 173 13 89 41 64 38 115 105 193 75 12 36 351 49 0 52 73 69 80 230 37 159 54 60 30 228 321 36 90 42 105 304 211 250 84 119 20 35 64 12 68 215 247 0 42 66 292 86 139 31 219 0 25 0 103 269 26 314 329 183 129 0 319 78 105 302 44 0 268 0 0 6 0 235 99 7 0 49 60 33 83 60 50
0 13 42 102 250 22 18 238 249 274 55 0 52 297 0 57 160 87 159 49 109 49 360 0 24 59 0 116 271 98 91 30 0 17 123 0 93 216 65 8 226 278 42 0 12 143 0 190 147 86 57 34 0 135 92 139 29 92 51 27 45 297 60 160 313 108 5 103 59 59 0 29 340 250 0 84 105 111 112 245 25 297 19 71 48 91 119 111 0 62 324 96 95 246 29 272 297 34 53 0 0 114 8 329 311 208 233 60 0 29 42 65 31 26 70 191 6 30 321 204 75 45 251 19 221 129 38 103 93 110 40 40 267 45 125 163 233 336 68 24 109 0 31 45 0 156 93 44 20 273
120 231 36 112 262 12 98 35 0 99 329 246 143 189 175 208 194 0 93 39 78 89 28 42 11 60 205 86 54 114 194 163 155 0 6 330 215 93 203 222 86 85 37 256 346 322 72 93 64 100 224 0 52 246 171 55 85 53 94 0 52 97 81 199 60 21 259 89 100 115 44 0 340 187 265 115 161 258 239 32 158 42 203 107 44 0 234 110 49 89 77 301 194 58 98 357 12 155 28 146 67 264 163 3 245 59 47 61 57 42 27 290 354 62 7 0 89 346 4 34 2 0 197 44 64 50 203 0 106 98 55 88 332 134 16 351 44 131 336 350 93 55 28 39 105 55 93 95 215 39
327 77 0 193 0 37 40 0 244 0 71 0 3 0 15 0 30 0 258 110 164 148 34 350 17 0 66 0 28 0 39 283 5 358 0 95 198 255 92 107 85 56 106 3 16 132 107 78 208 81 0 335 45 4 110 78 49 108 24 4 85 119 46 308 286 16 137 164 72 267 36 233 108 264 164 62 334 0 112 114 16 137 37 316 51 218 174 32 114 280 55 72 17 83 1 106 105 103 112 113 160 346 202 219 0 0 124 13 230 112 173 179 328 312 300 21 111 101 22 144 39 182 19 359 250 314 219 0 20 57 115 0 88 33 254 144 312 0 244 14 16 122 27 321 306 247 291 42 112 59
0 236 162 31 0 61 292 6 42 86 41 44 46 244 220 85 73 37 70 158 62 180 0 104 86 67 143 207 89 311 18 73 0 232 20 0 21 40 67 210 82 107 0 0 68 30 166 94 0 75 15 345 50 100 14 240 216 13 85 49 90 243 286 8 113 0 326 61 0 327 39 0 7 201 71 77 85 40 119 22 249 207 95 1 12 117 35 11 155 5 0 114 46 21 349 77 56 115 13 245 40 86 128 61 76 343 67 338 0 8 170 73 103 47 83 295 168 263 105 69 115 0 333 0 22 10 118 68 92 6 280 335 84 131 116 272 211 54 127 102 54 236 292 94 35 309 322 52 0 265
78 352 102 245 52 7 326 73 321 83 270 149 26 58 0 92 100 33 96 348 75 7 289 76 89 0 0 30 174 166 109 246 33 105 115 189 0 16 85 236 54 259 0 0 32 61 152 29 0 19 33 318 97 16 151 97 0 318 68 72 190 17 11 55 72 59 107 219 213 108 99 46 334 173 323 43 0 56 299 195 56 230 80 353 348 91 21 62 281 35 297 22 229 56 68 125 75 6 115 100 8 37 45 96 219 100 70 102 295 104 165 55 118 119 243 42 71 8 76 23 25 48 0 77 71 186 171 157 337 0 104 0 64 301 39 0 11 67 78 113 0 54 116 23 287 0 227 12 21 35
55 30 99 124 18 60 116 66 19 32 0 62 59 310 35 270 82 50 17 162 73 280 133 337 32 2 28 81 129 5 16 276 0 29 270 246 340 0 29 77 78 50 313 22 266 16 34 286 35 28 255 63 131 40 176 155 351 38 321 9 333 275 0 55 119 0 247 109 0 286 252 5 7 331 241 63 255 78 23 56 43 19 156 16 149 23 44 344 167 228 64 29 256 268 60 120 40 51 55 0 258 62 57 2 180 282 61 98 18 92 79 0 88 88 107 296 69 114 337 116 48 76 39 120 325 265 163 254 201 46 63 75 77 38 66 0 192 147 2 231 13 100 169 0 86 93 251 0 256 29
169 34 314 0 48 0 119 75 340 30 193 85 0 101 316 76 0 155 30 4 16 94 86 120 24 136 190 40 203 266 74 60 86 127 104 78 31 27 0 64 187 30 23 16 44 27 110 87 162 25 50 295 104 15 213 90 108 330 86 26 19 0 7 89 237 57 320 0 50 0 13 110 76 199 206 0 201 244 19 109 357 105 0 302 252 0 336 0 87 0 109 76 11 175 134 92 246 98 116 91 49 96 64 87 271 228 176 59 0 238 95 116 99 183 13 9 55 301 118 27 23 186 15 97 196 0 120 57 52 168 78 121 75 17 57 40 139 45 0 73 61 24 94 53 55 100 0 18 151 119
241 3 18 58 298 93 31 78 80 8 99 146 56 50 0 226 191 49 111 56 15 194 258 171 48 35 201 62 0 5 16 87 24 13 239 57 62 80 56 0 72 46 0 0 48 66 69 23 82 75 17 191 205 44 62 75 0 272 108 79 7 204 0 201 259 101 112 101 128 113 72 70 72 240 50 0 103 41 335 37 0 11 35 4 0 32 81 25 9 0 96 346 246 125 102 0 105 86 207 63 346 333 70 26 21 96 100 19 27 79 130 245 94 273 0 26 31 61 64 267 252 287 79 57 71 343 30 99 5 20 47 0 171 96 41 0 259 47 0 0 65 120 39 252 6 9 42 247 279 18
0 27 66 224 27 304 42 104 252 45 223 15 280 76 46 0 180 73 114 290 15 0 190 174 280 31 91 185 44 299 64 0 80 74 76 325 195 102 0 0 0 18 116 30 71 195 32 0 115 344 6 130 0 289 49 0 87 27 212 101 76 295 36 64 307 0 129 297 138 10 265 0 30 41 288 36 172 58 49 79 26 72 74 14 205 47 35 107 293 57 193 350 58 113 105 0 0 31 29 159 0 207 69 85 81 0 0 81 266 0 99 107 215 207 195 105 76 79 12 302 347 60 24 10 109 21 11 68 0 284 199 2 74 30 108 90 0 79 12 47 0 10 95 39 13 24 11 106 0 0
287 65 64 79 99 0 113 0 61 111 0 62 163 48 68 64 63 73 81 332 28 15 92 97 0 74 71 226 248 60 5 5 101 29 53 139 172 48 158 343 20 0 140 86 129 31 98 162 65 39 100 55 75 22 0 167 0 176 107 14 85 0 42 183 95 311 0 26 27 104 88 115 80 79 273 205 308 92 75 0 242 35 329 64 94 87 312 0 226 50 120 120 229 58 73 80 358 97 260 135 187 52 96 44 0 49 126 314 63 1 5 136 2 79 89 113 337 0 354 182 246 138 271 168 208 0 146 103 164 6 118 69 66 70 19 80 0 162 36 58 33 110 113 331 65 101 0 44 309 273
18 105 69 61 32 190 0 21 103 52 108 58 0 102 231 107 121 0 41 123 146 82 32 100 17 0 327 0 307 0 89 93 230 19 20 110 0 100 9 113 254 20 0 255 66 30 6 0 54 327 301 112 57 31 39 8 100 49 32 46 0 235 197 147 20 13 0 291 33 0 70 0 63 28 228 168 83 6 0 3 286 85 0 90 11 4 21 298 94 26 250 107 0 89 46 84 102 205 0 46 11 10 18 22 65 2 219 289 118 85 2 1 135 36 256 66 34 120 59 66 35 109 88 14 26 85 40 33 61 76 0 69 264 50 208 85 74 11 9 35 45 245 21 10 188 113 133 67 0 30
61 9 0 225 66 89 0 144 45 21 46 139 104 120 15 35 115 90 118 54 64 46 261 260 111 55 8 68 63 55 58 328 175 157 54 96 104 100 279 81 22 181 108 0 96 110 70 253 0 199 113 118 138 230 8 1 185 45 0 83 0 359 0 345 83 0 99 36 51 0 94 114 245 74 124 144 15 49 104 83 94 66 63 0 148 80 296 53 95 107 76 79 42 86 69 119 36 117 29 104 352 88 46 0 73 65 57 32 41 6 0 297 321 56 146 65 311 3 193 78 23 106 0 30 0 25 76 56 200 26 75 120 98 75 127 64 176 83 101 30 34 34 222 68 86 261 273 108 2 120
56 86 77 23 58 22 44 28 50 96 0 105 118 344 84 93 103 131 37 0 65 6 0 116 80 45 36 33 110 5 343 1 347 98 102 119 303 155 46 80 56 0 63 75 0 158 26 141 39 135 4 0 91 79 167 0 68 38 277 183 116 0 175 100 120 38 50 193 0 29 44 33 193 93 56 7 66 292 261 57 39 202 37 259 73 270 68 332 344 16 96 129 297 104 0 222 0 97 116 152 0 288 32 358 18 209 0 19 96 320 214 262 107 218 41 36 302 4 229 55 9 328 0 34 106 31 9 9 322 1 0 13 246 82 73 141 258 131 261 5 0 114 4 117 350 17 170 101 1 15
18 50 268 358 100 0 79 11 14 105 0 108 0 0 238 64 212 10 321 323 43 43 176 78 215 299 65 8 101 0 85 62 35 0 119 0 0 83 0 281 25 40 274 96 349 0 79 294 0 329 167 98 2 111 88 86 0 338 60 0 64 119 55 95 183 0 64 72 73 11 17 78 299 0 291 119 0 89 71 203 30 214 270 50 112 322 267 291 63 91 28 29 99 61 273 102 208 0 78 0 79 59 66 66 124 350 106 130 65 89 59 90 158 96 198 253 45 45 0 0 93 0 334 151 46 65 32 1 4 50 34 88 41 340 59 119 38 73 65 48 33 61 104 0 109 202 57 0 0 202
316 48 321 112 271 106 30 87 240 53 71 81 162 154 0 212 44 82 96 111 303 91 99 101 4 189 297 88 48 32 277 41 46 320 258 115 326 198 51 138 10 9 54 8 97 277 0 71 55 3 73 10 17 179 153 75 294 190 120 344 14 296 147 74 345 46 216 314 10 0 62 215 85 0 43 179 234 93 14 231 64 51 21 113 55 0 246 32 26 311 55 189 48 118 64 124 80 360 246 51 108 144 126 313 113 0 287 12 2 146 4 53 2 73 305 103 161 44 344 69 228 252 205 93 263 246 359 188 0 0 0 62 274 108 39 99 41 264 260 101 15 41 112 78 327 154 99 47 241 82
46 109 231 3 205 31 59 70 345 340 118 173 34 177 80 0 116 0 0 107 53 88 221 72 338 70 76 113 50 72 289 65 33 312 8 60 17 130 88 256 200 0 12 297 36 137 142 0 6 15 1 298 0 345 118 265 97 163 86 114 110 171 227 112 56 283 353 172 108 6 267 209 9 5 208 47 13 76 53 73 24 9 78 0 101 16 145 80 75 217 109 76 111 45 35 22 120 46 92 114 50 107 82 124 170 0 63 95 85 112 158 97 95 239 22 129 240 28 94 6 13 103 16 39 58 40 89 88 0 21 52 9 36 41 7 51 202 17 21 70 330 41 357 67 250 297 73 25 113 90
59 0 0 67 345 21 95 102 334 205 0 45 22 97 85 72 357 96 18 12 149 108 118 5 49 192 250 48 84 12 3 38 2 113 37 92 3 58 80 55 110 5 39 0 194 91 90 101 0 38 108 4 332 0 202 105 65 38 80 110 349 90 234 253 0 36 24 70 80 350 71 108 9 240 22 8 113 75 0 22 35 7 60 76 116 74 223 25 80 130 62 0 111 42 165 145 255 26 101 23 0 0 151 196 0 0 120 85 317 92 80 159 317 348 342 316 0 2 0 290 0 291 142 0 0 318 96 230 112 3 163 296 11 86 0 215 259 312 0 287 0 133 247 92 6 312 15 252 42 147
113 69 57 199 0 197 70 0 52 91 275 304 302 91 288 344 16 0 29 95 0 104 313 5 83 34 21 152 285 156 0 0 117 4 36 42 83 0 122 42 294 188 1 94 70 0 82 347 238 0 64 23 51 99 97 319 0 228 27 94 146 29 17 110 28 52 262 112 238 304 298 0 70 70 43 0 34 77 60 164 164 84 56 154 25 62 69 72 162 26 9 54 316 351 0 104 112 315 43 297 295 103 58 164 6 117 0 0 2 8 1 97 45 72 9 84 15 101 39 67 147 309 284 4 15 231 34 110 43 92 290 336 19 32 76 84 97 0 13 123 95 89 13 94 67 250 115 71 360 304
53 81 0 70 55 35 8 163 277 32 83 0 211 34 65 39 77 153 108 0 105 0 0 21 61 3 108 59 312 68 91 1 0 283 0 179 153 348 58 107 16 115 10 37 56 15 314 331 35 0 0 107 1 15 25 1 0 80 108 347 52 9 212 89 112 290 349 76 242 88 0 29 43 29 7 320 86 92 56 103 196 67 21 2 28 259 0 314 50 0 60 0 62 113 348 10 0 0 48 215 117 128 80 101 22 221 83 102 57 43 111 322 157 0 220 337 79 28 360 344 109 102 102 70 122 43 141 0 233 27 69 0 96 273 32 183 120 41 67 45 178 83 189 0 313 0 2 318 345 111
71 27 0 287 85 309 339 77 96 72 90 241 0 51 160 36 188 300 82 178 39 0 25 0 325 89 153 9 0 0 110 168 255 52 112 49 260 102 70 317 144 50 86 58 65 345 110 80 69 107 0 0 37 203 234 79 41 15 34 58 98 223 190 302 0 9 77 82 98 119 77 345 0 312 222 85 12 191 94 119 336 234 91 316 0 0 137 193 14 112 218 296 69 70 27 10 47 58 230 40 0 340 7 0 44 37 121 17 3 21 41 89 54 4 1 299 338 61 0 47 0 50 49 71 107 0 193 31 68 106 103 321 24 100 86 123 67 0 293 230 81 1 328 198 0 115 0 91 159 93
0 29 41 54 328 79 92 222 103 100 17 151 220 348 359 63 182 344 16 137 0 249 43 5 0 230 311 218 105 123 0 104 171 78 50 149 29 179 95 54 234 0 119 59 96 10 335 7 134 77 84 329 0 10 94 193 103 342 11 249 282 15 71 303 52 198 54 341 355 47 339 115 0 22 75 98 136 104 24 0 231 333 6 0 76 111 37 21 115 5 47 22 173 0 360 47 86 82 9 45 272 0 45 92 102 0 326 201 85 90 0 6 180 89 0 0 0 179 42 0 92 67 114 321 34 237 87 15 0 16 103 351 105 53 270 328 57 86 34 163 226 0 189 9 286 69 328 96 24 81
82 13 115 252 26 191 207 54 154 15 348 27 75 131 80 112 33 305 121 303 97 107 10 127 13 75 40 108 64 157 49 69 340 57 34 355 176 170 59 0 209 161 85 33 116 227 63 99 97 117 116 79 318 0 116 313 96 0 0 176 159 186 24 92 337 85 115 285 75 28 260 105 23 41 307 115 82 112 32 267 135 119 114 47 0 234 104 0 36 114 55 53 53 338 0 0 86 195 103 29 0 35 240 107 12 0 308 43 3 0 77 57 95 40 83 113 339 55 44 349 252 285 0 62 0 120 2 315 300 357 98 6 251 56 159 93 73 16 0 218 262 20 62 0 56 102 68 0 270 0
0 79 8 33 85 6 105 64 0 91 321 198 242 120 239 276 83 84 102 51 0 172 111 35 69 18 346 78 67 39 121 121 202 87 238 246 183 48 223 120 26 61 352 330 96 116 116 75 0 104 350 105 39 65 0 196 277 0 319 167 287 212 332 0 254 290 162 38 6 57 21 100 88 5 311 108 140 31 27 265 287 137 121 7 34 20 0 275 269 54 103 30 338 187 27 117 101 0 14 2 358 105 0 101 80 7 215 51 45 34 39 54 0 6 73 67 119 234 33 339 0 220 68 113 328 303 1 0 114 99 0 314 21 323 59 65 302 358 106 75 259 16 37 151 16 0 8 18 59 18
42 116 0 22 222 129 350 267 265 0 57 0 0 72 7 15 180 40 122 70 101 326 73 120 49 65 296 57 71 132 0 0 53 148 51 56 25 21 349 296 40 170 89 4 37 239 106 291 281 119 36 100 355 125 17 0 184 28 76 0 70 8 139 21 109 19 299 30 0 98 41 183 85 159 45 284 77 53 282 300 255 100 11 97 80 124 77 110 154 84 125 99 37 73 9 66 93 226 0 221 43 50 88 28 328 61 59 71 45 0 225 49 19 274 49 207 224 183 289 0 17 318 53 246 203 7 27 186 1 243 235 298 272 78 14 183 277 0 21 329 85 189 0 118 35 20 184 256 49 91
103 253 105 39 0 70 58 32 224 131 268 101 185 109 44 100 104 85 0 104 62 115 106 173 348 296 82 51 332 299 23 55 255 106 267 120 19 91 351 204 106 87 54 67 5 37 0 203 247 48 82 70 68 115 156 220 0 277 333 117 176 169 25 353 0 186 0 265 38 0 116 49 112 277 49 69 92 53 320 29 48 66 99 0 6 264 59 292 79 52 186 156 63 111 66 242 105 226 23 0 33 170 333 77 91 96 33 84 261 91 0 342 17 77 204 0 17 112 0 0 241 24 282 203 0 351 200 10 9 15 9 217 329 190 0 19 114 108 44 144 3 0 25 157 335 105 112 49 175 22
66 283 44 9 0 18 75 65 2 233 107 243 0 28 2 279 40 64 64 107 105 8 0 212 35 37 24 326 69 104 246 49 0 98 46 70 13 79 49 0 67 0 87 196 31 276 70 56 173 76 355 11 0 42 11 332 0 0 173 4 59 316 82 0 115 11 301 0 4 124 55 334 90 90 89 0 302 40 0 315 267 44 141 87 86 258 88 0 49 107 252 298 49 340 29 13 0 28 94 2 90 9 122 116 109 9 69 272 1 8 21 0 251 115 327 9 106 236 138 1 100 54 68 282 183 209 276 25 100 29 67 25 160 270 195 145 94 50 16 45 203 41 216 138 24 46 0 93 106 106
94 306 208 110 86 1 80 6 59 109 94 307 0 282 280 104 304 49 100 297 12 3 26 32 104 87 0 86 156 236 345 211 106 0 38 108 61 282 3 219 101 88 233 0 0 49 237 0 342 9 0 75 53 183 66 333 90 74 0 89 23 151 103 4 274 181 107 54 241 195 81 358 0 264 235 0 0 74 116 271 92 26 75 191 102 0 34 139 81 61 30 62 110 118 100 115 360 178 0 79 19 100 54 60 11 79 309 18 35 55 21 86 38 0 292 99 65 112 145 4 113 76 125 106 10 72 1 145 6 291 169 31 85 112 0 0 322 34 353 33 280 177 203 3 338 110 62 101 75 21
16 88 289 98 78 159 12 238 356 108 120 34 229 0 38 114 31 281 276 15 219 95 0 61 0 176 269 84 40 43 353 97 47 70 0 45 31 176 0 14 86 86 88 63 17 0 87 315 65 32 235 80 84 103 183 55 337 0 110 0 248 323 344 101 95 130 298 21 295 342 243 1 346 115 92 209 80 0 183 25 46 275 349 103 187 102 43 62 17 0 9 36 16 313 27 148 126 44 0 65 98 304 164 261 136 6 12 53 323 106 298 0 284 84 204 14 109 110 227 51 3 47 336 96 0 0 49 232 205 286 82 25 98 31 88 106 286 15 0 93 35 85 254 32 86 80 256 232 256 90
0 147 209 99 108 85 65 320 251 5 315 118 189 49 107 43 72 4 260 6 87 299 288 16 52 98 161 0 108 99 62 58 53 75 0 318 184 288 42 43 126 274 0 262 310 313 0 13 88 355 59 201 74 113 245 57 82 0 66 11 0 288 157 29 86 73 0 6 48 277 2 95 67 14 254 25 79 250 32 15 64 33 24 339 58 84 64 128 66 142 24 40 339 80 0 317 101 155 15 88 89 89 34 266 105 68 0 92 100 32 76 0 78 24 131 277 71 110 273 118 315 112 0 167 45 0 104 111 292 0 209 0 89 125 226 110 49 96 22 237 112 3 112 32 141 93 120 68 65 40
196 185 225 24 16 14 48 204 0 58 78 82 275 62 320 337 141 17 84 25 116 110 267 29 0 48 12 228 16 112 335 75 272 290 330 66 277 8 351 12 0 0 244 346 81 102 97 61 351 0 71 37 13 16 319 272 50 47 137 89 115 0 59 289 76 94 358 210 22 75 1 37 92 91 42 24 64 242 51 281 232 84 195 49 315 67 325 0 142 109 62 329 298 30 70 274 40 81 117 4 226 114 97 96 159 7 4 157 15 347 0 188 18 57 354 16 132 117 40 329 58 311 17 63 54 237 0 22 22 0 174 3 32 61 95 310 184 275 12 0 33 238 5 330 307 87 62 24 66 105
85 272 149 0 52 0 36 149 35 161 85 29 269 0 8 48 178 260 321 74 108 30 66 33 79 103 0 48 89 8 354 0 334 0 20 302 42 63 0 169 24 19 1 54 133 5 196 112 1 0 350 42 0 60 0 14 12 66 117 74 33 223 0 358 77 37 66 114 327 18 110 63 40 224 117 0 214 247 26 86 34 153 98 0 57 306 45 133 336 5 355 77 1 67 182 226 26 22 162 74 303 162 92 31 50 191 250 115 21 86 132 24 15 86 252 167 259 0 0 24 54 100 54 261 37 106 48 42 104 85 120 1 44 33 95 101 58 33 202 61 60 39 2 84 275 195 158 24 27 143
339 98 96 11 7 15 0 216 99 152 39 110 43 245 76 14 79 0 2 333 349 0 252 6 73 75 355 16 41 118 73 105 0 347 157 152 255 263 58 52 94 62 79 30 3 0 29 162 43 115 13 283 61 190 47 21 100 94 62 79 70 132 269 0 206 232 19 34 30 0 52 53 22 1 94 60 53 142 320 63 163 33 341 48 220 117 62 79 228 21 20 80 28 325 57 90 0 20 264 307 62 233 48 0 0 234 0 107 0 0 0 220 116 107 83 359 31 105 12 15 62 106 34 70 148 79 32 142 52 19 0 178 4 2 0 3 106 135 136 222 53 242 27 89 242 0 98 94 123 49
200 49 61 64 100 32 117 98 86 20 62 118 84 62 113 6 0 32 219 344 18 49 120 0 59 87 0 98 271 69 91 221 49 185 92 262 69 58 326 303 78 0 0 64 254 120 51 352 232 208 254 219 119 0 184 102 56 95 87 116 261 118 86 23 0 326 93 41 77 252 0 76 10 30 59 83 11 186 53 134 298 318 119 221 109 266 179 65 59 327 146 90 55 140 126 98 0 24 118 61 37 191 0 149 254 284 55 296 36 48 117 12 8 100 33 0 250 57 298 312 24 21 65 152 231 74 38 156 13 89 104 26 35 102 336 0 341 277 114 117 18 124 221 67 75 0 110 310 105 30
115 109 126 21 0 91 191 31 95 87 60 185 180 30 239 81 0 112 0 110 318 197 120 0 332 40 120 0 131 79 178 188 63 99 92 120 273 129 347 200 98 0 16 36 5 19 34 184 20 113 3 7 35 292 32 62 28 66 5 93 92 113 78 67 286 0 201 10 286 237 0 30 29 73 10 262 313 49 42 31 120 89 257 235 46 51 86 87 167 228 5 91 159 56 0 20 28 319 160 293 292 60 107 143 16 39 6 17 75 12 187 52 0 129 33 102 150 205 342 56 192 60 31 0 0 7 104 0 109 17 0 3 112 199 109 90 75 34 52 47 127 107 147 323 253 166 35 80 356 83
116 291 32 50 87 23 26 0 82 188 113 0 315 63 0 78 66 51 0 73 23 355 172 0 7 285 7 257 110 15 289 87 69 19 157 45 114 38 90 120 77 300 0 68 9 0 215 294 35 88 33 48 105 7 34 98 59 8 54 72 45 0 8 49 53 71 0 293 51 311 19 68 74 10 0 260 86 248 40 23 7 296 88 0 27 295 98 57 108 20 13 6 29 189 87 85 6 0 111 36 68 113 76 30 7 152 109 249 29 0 0 119 104 28 102 47 193 18 61 0 79 315 60 0 213 180 63 74 90 342 212 105 75 34 91 221 109 70 96 144 12 35 30 174 0 74 281 0 259 91
11 0 338 350 78 206 35 94 331 47 89 102 63 110 37 15 0 0 194 74 53 173 167 26 110 0 271 70 101 118 256 313 117 114 103 0 23 114 32 50 146 0 70 304 120 112 137 59 6 108 0 0 239 107 111 89 196 54 77 42 119 12 0 19 0 226 109 0 331 36 139 57 69 101 108 75 358 4 75 72 294 110 231 28 42 16 105 226 28 155 64 99 225 51 50 290 91 67 0 221 359 108 131 235 78 181 14 238 234 98 81 0 174 0 84 60 78 46 291 330 42 0 0 47 175 7 6 226 155 330 0 190 52 39 37 314 276 58 199 122 104 90 1 0 50 88 215 74 246 8
42 36 61 40 104 9 0 32 343 11 83 90 42 67 285 68 59 108 285 23 64 349 23 135 318 224 102 37 0 22 358 0 331 0 0 233 66 30 295 108 0 51 45 92 263 54 43 4 38 0 347 47 195 90 204 33 306 0 352 32 29 271 45 11 41 333 239 117 0 14 148 69 151 74 71 0 11 0 78 200 0 22 16 113 77 201 0 95 237 56 264 67 268 11 79 98 247 102 81 71 8 79 165 187 9 240 83 46 74 76 115 61 66 144 69 260 0 213 37 19 226 89 156 353 346 0 256 17 103 193 49 95 0 163 82 210 7 317 0 76 0 347 7 184 26 222 104 44 39 59
157 23 356 178 0 138 0 0 62 68 353 68 186 205 314 0 0 321 0 46 289 0 120 61 0 299 0 104 55 261 8 216 4 70 210 32 72 243 165 330 5 236 223 228 118 127 207 337 87 21 0 12 105 235 270 96 82 77 301 89 3 313 90 47 31 40 250 5 90 0 54 0 11 267 320 58 63 5 29 193 0 10 93 107 236 25 102 356 63 56 125 14 1 247 136 198 80 10 213 54 61 243 73 330 264 75 208 273 353 88 354 45 174 328 186 0 219 89 303 43 170 58 71 8 49 78 72 0 107 173 12 4 0 116 275 53 18 61 92 29 0 0 30 360 64 0 42 87 28 244
140 274 29 114 47 3 115 0 270 6 90 104 109 107 91 95 73 0 3 0 209 0 14 41 58 10 57 26 0 207 117 221 5 47 168 236 36 43 165 19 96 13 51 8 8 233 127 13 57 249 194 228 18 0 198 346 314 151 101 117 104 62 325 98 206 25 358 12 357 318 0 30 107 17 84 58 31 95 97 292 53 11 27 73 356 42 289 238 0 350 243 178 23 345 0 79 68 34 81 328 106 104 36 211 27 0 50 292 181 106 80 18 137 146 196 12 31 29 33 245 29 279 85 75 102 36 9 80 44 117 47 0 120 0 97 0 43 69 52 35 28 180 30 24 330 204 22 54 108 37
82 152 0 26 88 54 25 86 0 88 206 153 78 71 74 4 16 34 0 10 39 29 225 276 28 21 300 74 352 10 104 110 159 355 45 311 52 154 235 24 104 60 221 81 288 315 55 41 103 212 16 350 141 0 120 272 34 24 0 103 84 52 17 50 303 123 61 18 46 28 112 0 97 59 193 10 187 53 44 319 0 34 53 46 30 17 115 196 114 108 92 184 335 232 108 194 122 77 114 79 61 49 142 119 9 1 136 17 272 159 273 3 0 120 174 85 92 41 115 348 255 12 83 68 279 137 326 0 85 344 54 23 175 8 353 60 44 68 26 154 0 86 85 250 211 0 233 205 278 30
6 91 54 185 76 37 38 265 303 9 46 183 107 266 50 37 8 51 174 275 115 17 109 42 69 59 74 0 0 45 158 254 42 306 0 248 246 37 0 258 0 55 115 181 34 64 36 78 98 88 104 130 302 344 289 0 0 50 218 65 227 126 231 145 109 33 0 228 7 0 113 192 0 81 0 25 119 111 92 175 69 0 15 0 64 39 18 83 0 80 79 68 261 28 0 95 83 59 56 113 100 1 42 139 340 37 119 30 119 134 50 28 236 57 53 0 198 9 27 170 63 73 0 0 59 140 66 133 102 167 247 189 233 27 62 118 63 54 169 46 234 59 78 17 37 112 56 62 75 71
0 311 0 186 77 68 0 59 245 70 349 354 280 76 222 18 247 90 81 74 258 50 328 32 102 235 27 192 276 155 42 52 197 202 25 59 114 60 0 96 58 104 299 256 285 123 323 246 69 174 139 56 259 82 333 321 209 100 27 53 12 0 71 246 17 0 248 285 164 349 0 100 114 0 94 0 221 115 94 52 119 4 0 64 35 0 50 60 33 1 241 153 91 275 37 210 120 75 76 267 5 159 248 48 36 286 11 101 196 120 267 0 20 209 356 220 62 87 127 124 109 333 105 4 0 330 314 58 37 136 110 27 0 11 204 111 27 293 96 74 268 186 35 42 77 105 29 10 79 100
22 87 0 102 77 277 98 244 19 117 98 89 85 40 0 30 295 19 311 96 60 322 111 95 7 17 301 86 58 95 36 67 23 73 17 3 223 23 35 106 65 0 282 271 69 26 0 0 120 27 83 92 35 63 331 238 92 313 67 0 80 256 53 280 83 91 246 293 77 167 147 277 7 101 0 98 0 340 154 190 219 235 272 233 69 33 13 0 191 226 146 313 0 68 78 25 120 52 239 9 322 175 0 0 251 0 12 109 97 71 63 246 41 174 28 79 252 245 0 262 69 232 85 221 304 218 92 39 6 6 236 55 309 255 12 296 47 220 50 0 248 168 307 110 39 0 282 117 49 56
51 309 114 98 2 288 214 156 83 266 260 214 18 257 143 101 0 235 60 0 115 153 34 29 26 321 117 117 87 115 51 64 207 74 210 95 90 8 100 50 20 109 127 6 19 24 4 347 312 0 173 75 0 4 35 86 0 76 216 271 87 0 33 113 0 274 106 350 0 29 20 314 31 184 10 0 1 44 59 356 28 357 74 25 87 137 120 0 29 11 296 76 0 31 16 336 0 10 88 140 1 115 99 100 308 70 85 238 0 0 63 319 26 67 0 353 75 90 97 120 146 76 12 90 0 97 129 114 41 62 289 80 26 73 355 64 191 76 290 0 8 140 124 10 245 0 88 13 68 94
40 74 53 48 183 0 59 19 291 284 107 1 53 154 40 66 94 266 93 58 335 19 339 248 28 141 0 0 210 139 360 118 120 0 0 320 94 131 0 4 294 62 28 203 94 188 8 109 321 40 110 120 115 100 78 132 110 177 300 15 0 97 101 50 99 0 13 177 89 330 96 43 353 102 3 230 0 52 111 115 96 255 234 263 95 6 211 59 33 317 28 100 209 210 0 100 354 113 93 0 310 218 124 9 41 71 31 230 38 14 117 30 0 33 9 235 81 303 114 105 269 125 23 145 104 69 62 38 13 0 28 322 8 19 350 34 12 181 71 0 30 58 99 11 28 163 189 110 110 339
1 27 273 229 141 14 23 97 149 0 59 70 0 145 257 60 279 94 218 12 0 35 179 102 35 32 35 149 27 0 102 0 123 298 24 24 17 190 300 118 0 0 295 0 78 11 120 77 101 25 67 100 100 24 44 63 0 56 107 34 119 104 207 193 98 215 280 116 61 283 217 118 121 115 28 34 358 0 58 19 4 105 274 250 80 247 208 43 82 52 81 41 60 116 46 0 14 70 44 290 282 188 6 79 118 153 205 61 294 195 70 47 12 24 80 102 120 93 146 112 0 130 117 310 50 297 281 335 47 0 0 163 181 0 347 248 135 61 1 5 85 330 328 78 165 0 0 107 4 188
0 94 207 112 92 96 0 0 283 0 27 58 82 336 65 142 152 259 231 281 49 324 313 95 99 0 0 32 108 115 110 24 9 282 6 286 62 0 294 82 313 23 28 26 30 211 9 63 98 38 19 224 226 93 0 111 51 108 47 91 302 241 30 0 17 19 267 116 51 185 258 186 243 134 5 174 68 320 0 36 307 0 189 133 115 64 37 55 56 199 339 6 73 103 0 7 121 0 12 258 49 61 0 21 4 105 90 52 0 111 0 14 116 12 230 358 182 0 102 5 244 0 72 0 255 98 56 65 71 53 32 328 282 286 17 340 103 15 23 50 0 85 36 80 211 295 228 196 55 307
86 61 0 107 1 117 87 12 22 329 259 56 6 0 208 38 105 0 79 18 63 193 27 61 39 36 0 196 45 233 23 44 53 0 120 37 120 16 37 0 103 0 120 43 213 0 278 95 1 75 294 81 343 143 66 90 187 266 29 5 42 303 100 38 32 62 1 6 84 0 19 31 43 79 100 81 245 91 99 0 51 88 32 51 335 281 25 107 283 54 212 328 192 11 68 310 20 111 188 59 42 0 60 18 27 82 107 72 77 68 87 216 19 0 71 352 60 0 178 15 265 57 345 324 88 36 0 62 40 0 71 92 98 59 15 106 0 111 97 63 31 80 91 0 142 68 97 0 94 51
41 26 246 106 115 20 86 321 167 85 54 0 150 0 28 107 88 43 61 81 70 54 46 87 32 256 282 355 87 49 0 3 0 14 136 163 288 280 80 125 256 17 62 17 33 19 12 0 72 104 0 0 60 16 291 48 0 126 109 8 88 267 258 36 34 0 47 37 325 13 33 326 134 66 10 157 56 88 35 38 0 86 81 223 135 115 32 49 13 207 184 111 53 251 139 0 347 89 93 53 29 0 95 70 150 300 89 37 49 91 24 148 105 0 72 0 70 115 106 19 45 171 44 130 278 11 104 73 77 38 97 48 81 93 306 105 202 120 85 221 242 30 107 265 0 324 17 91 274 52
271 311 270 186 264 177 109 311 36 17 58 100 0 0 0 80 42 222 44 115 99 89 294 29 344 37 92 54 64 1 111 103 192 338 15 21 314 260 262 100 0 99 48 66 183 56 50 14 152 64 99 0 120 103 27 19 286 153 63 70 0 89 21 0 2 336 214 0 36 51 107 58 96 37 253 15 251 19 187 10 19 0 73 93 73 31 252 108 109 0 2 74 108 104 0 113 0 0 105 22 118 161 119 103 0 21 56 57 113 107 89 0 28 270 9 28 63 113 30 39 50 305 80 19 0 287 339 4 117 78 320 0 38 109 56 82 157 279 0 36 256 330 66 0 15 346 201 0 76 32
267 195 105 118 0 107 35 40 51 132 155 6 0 45 35 0 14 120 30 110 94 40 266 0 71 323 29 89 46 0 44 176 92 306 111 337 356 160 36 310 101 298 71 123 99 83 83 107 71 20 328 91 153 195 41 0 121 28 301 172 109 14 45 0 18 109 52 115 46 151 360 42 86 0 271 0 87 61 345 174 196 93 0 115 101 64 63 36 47 81 21 151 100 0 0 96 52 212 0 36 124 264 134 132 51 71 98 34 43 160 321 10 98 82 76 32 266 82 11 313 282 98 46 43 72 105 48 109 49 67 265 310 282 118 8 0 93 103 101 87 214 184 101 2 0 57 72 222 258 0
49 45 272 29 0 57 107 55 0 0 18 95 5 62 31 37 22 0 43 287 306 54 41 64 42 132 185 5 305 24 0 109 47 0 315 82 55 241 95 90 57 192 51 95 144 62 54 61 74 18 110 0 0 335 321 27 19 305 292 88 329 55 117 83 62 65 33 262 219 56 197 108 115 0 41 86 13 41 28 124 26 220 14 0 224 48 64 199 31 42 95 109 102 0 44 0 0 31 101 101 70 286 124 0 62 117 73 356 107 71 0 32 23 43 44 63 223 234 116 81 71 355 0 3 25 85 84 89 79 13 59 4 78 114 70 109 49 186 36 311 63 33 12 318 337 56 229 104 45 279
44 65 12 251 317 97 10 101 73 0 18 309 287 88 46 22 63 285 72 0 1 155 208 123 22 42 0 0 48 320 32 17 0 79 0 333 96 88 113 118 11 73 104 86 251 167 34 217 294 230 120 13 0 283 87 159 275 122 192 0 247 102 21 266 57 66 289 67 8 81 36 111 92 23 0 63 351 297 93 43 102 222 0 312 0 1 55 47 75 312 205 79 41 105 340 84 110 207 85 284 96 111 42 101 188 64 252 51 92 40 0 18 98 0 102 290 15 61 54 109 0 119 0 105 76 109 316 314 258 52 26 41 337 101 63 128 0 103 205 72 226 167 77 150 0 0 203 4 330 22
10 302 9 187 138 264 41 3 3 320 163 128 360 28 116 114 11 66 90 222 39 130 118 196 243 237 17 172 346 92 17 25 69 7 61 70 0 115 15 20 113 114 63 117 48 7 35 187 31 40 330 348 110 117 111 55 321 52 166 37 17 354 328 12 346 92 53 102 79 212 0 0 121 229 109 0 2 330 34 42 102 120 188 96 64 0 227 0 248 354 24 33 38 19 69 124 313 90 118 12 43 14 112 0 291 189 201 90 151 115 55 358 107 30 18 62 193 18 9 117 355 258 148 131 103 0 47 255 2 78 249 202 54 89 91 33 350 0 217 248 57 64 103 248 72 99 85 104 118 80
59 84 112 0 0 80 0 0 119 329 53 26 4 219 352 223 260 29 83 86 265 71 5 75 0 165 153 0 91 39 156 119 0 332 38 198 114 0 13 14 23 200 53 16 46 292 28 30 100 0 19 76 314 101 83 3 311 26 216 144 117 24 213 147 19 198 103 118 114 14 0 43 358 168 27 22 57 115 0 0 19 3 298 50 21 79 0 60 105 119 44 112 98 241 19 152 57 91 81 181 235 73 208 118 244 77 109 72 88 235 57 18 37 44 77 0 65 44 52 122 31 80 48 99 88 119 33 29 0 92 94 39 142 232 306 339 67 43 31 61 197 310 12 18 223 16 14 78 225 33
120 109 258 76 41 65 13 59 301 169 288 117 56 25 198 0 86 39 95 0 70 187 43 108 122 85 75 62 192 19 68 308 86 30 61 354 33 5 95 243 41 351 242 23 45 57 0 109 113 154 34 69 138 92 74 22 51 34 232 6 302 270 0 107 224 196 275 9 289 82 271 62 158 0 52 40 323 19 31 120 108 45 247 175 0 34 27 0 147 84 0 258 53 0 19 0 277 271 22 291 359 170 0 0 259 15 0 1 178 65 76 71 196 73 43 133 117 30 65 196 157 52 59 356 241 297 10 66 7 70 83 69 200 359 243 81 0 78 2 99 270 95 51 202 90 87 0 104 8 52
63 96 55 94 25 11 111 98 83 193 106 84 0 70 22 209 18 62 102 60 3 90 120 358 14 37 346 37 119 34 229 0 293 118 118 63 243 136 284 43 192 104 98 16 275 28 0 5 49 263 84 118 0 98 128 106 78 33 153 63 95 7 287 66 184 89 195 0 68 24 62 116 0 9 135 159 45 40 316 59 186 29 0 262 108 112 207 0 0 11 217 40 43 90 0 0 77 0 104 92 251 50 12 62 152 34 146 31 24 104 130 113 27 190 9 0 279 113 57 45 321 64 273 4 101 110 101 0 66 17 96 310 18 32 301 96 0 89 108 6 80 105 96 69 345 51 266 80 342 50
129 57 0 163 68 79 122 228 53 312 90 94 68 255 227 15 67 44 82 0 24 238 99 164 64 0 189 83 103 173 1 5 12 4 20 74 249 138 17 67 18 99 103 56 98 189 22 93 16 0 359 62 0 225 347 185 49 0 35 97 108 70 0 24 34 106 0 0 27 90 38 0 85 115 87 153 19 14 223 24 113 210 60 42 117 54 221 49 268 0 56 10 118 252 86 160 29 291 279 237 103 16 31 240 84 89 98 97 127 268 12 23 37 79 310 11 112 300 113 318 33 86 297 254 247 313 327 325 98 158 0 26 0 303 0 33 176 13 105 11 23 5 107 123 108 47 16 51 100 101
177 297 114 177 61 5 72 87 44 206 249 173 190 13 152 273 2 52 309 82 210 337 0 128 65 111 0 0 36 9 262 53 118 268 0 0 173 117 130 85 182 27 331 299 119 26 0 76 340 64 56 323 113 0 42 0 240 37 103 66 0 248 0 60 20 27 33 57 45 26 11 1 13 338 0 83 304 5 331 6 17 41 36 19 215 2 33 113 39 0 0 75 13 318 22 178 53 229 8 106 158 205 230 85 3 109 42 241 102 23 40 199 360 24 79 88 130 33 59 0 78 0 0 105 65 5 91 73 17 157 25 17 16 0 327 228 98 146 61 63 298 89 0 198 148 40 118 278 47 101
25 0 213 45 0 27 62 243 79 234 78 317 127 239 10 36 106 75 283 280 202 139 188 69 141 74 210 125 0 30 261 82 358 106 74 210 1 0 300 11 23 5 26 43 8 253 11 57 304 214 113 117 144 0 58 190 144 83 44 45 94 292 47 145 19 191 182 0 52 45 128 5 0 110 7 0 15 0 32 148 98 327 33 164 90 11 185 22 257 116 294 0 63 341 113 142 52 25 77 47 229 12 29 241 7 111 68 117 22 179 90 317 166 98 141 243 0 115 175 126 99 100 0 333 57 120 37 298 336 135 72 323 229 45 242 162 163 20 245 359 109 302 73 216 25 50 262 106 35 0
123 2 117 112 69 346 131 186 0 116 21 116 105 10 20 69 85 214 107 260 154 60 116 102 9 6 331 64 43 278 51 120 31 11 327 92 30 108 89 7 0 132 304 195 20 38 0 106 256 40 8 37 103 90 12 101 283 0 310 6 58 9 81 118 96 20 78 79 97 177 280 267 335 288 8 106 273 53 0 0 102 164 166 102 103 63 40 356 85 4 52 165 0 194 222 82 0 108 22 302 78 238 95 111 0 103 111 54 2 78 191 88 7 78 13 39 43 67 89 0 227 197 55 33 318 66 77 0 59 11 274 12 10 111 57 224 12 11 0 18 106 0 46 119 271 35 0 165 164 102
57 351 33 0 28 22 33 112 246 48 332 22 0 252 130 70 65 284 187 114 248 85 222 106 257 174 272 192 11 93 0 49 329 94 167 0 76 61 91 344 103 55 86 0 206 101 47 130 9 156 40 11 0 26 0 0 64 0 240 115 0 80 120 85 74 353 0 73 215 0 26 314 116 30 317 82 40 92 91 0 0 83 85 0 43 107 65 0 278 275 23 158 94 0 287 59 24 37 111 16 99 292 96 24 141 159 8 90 272 10 148 82 334 106 67 0 191 250 39 19 107 24 63 191 45 47 80 292 63 0 119 316 155 69 76 180 26 53 71 275 180 13 84 103 9 11 67 208 114 231
258 22 116 107 353 87 34 201 240 0 38 278 53 155 44 35 40 101 101 288 94 356 3 77 68 340 188 96 55 96 152 22 313 38 0 105 0 107 69 80 0 167 2 355 42 321 56 137 157 233 0 0 37 47 7 0 34 26 112 99 339 94 58 59 265 4 12 109 55 10 171 53 0 0 282 88 310 31 88 0 15 21 95 18 37 138 98 102 288 0 31 75 249 302 0 111 91 107 198 43 75 152 225 60 10 72 38 0 116 96 276 60 0 3 87 64 29 124 145 355 48 73 101 316 126 25 17 296 214 127 69 72 38 61 188 84 123 68 56 65 33 122 114 106 234 345 271 9 94 292
349 76 89 179 93 0 177 85 16 142 196 0 57 314 320 238 144 0 114 287 246 268 102 0 84 181 23 30 43 20 120 107 34 39 323 240 343 41 143 88 66 54 241 11 204 73 0 120 298 80 96 116 0 0 19 0 62 55 23 0 5 292 84 172 30 118 42 89 25 138 91 81 0 37 120 156 61 102 314 86 20 90 261 191 274 307 239 354 61 59 48 91 344 115 168 0 42 64 66 6 316 13 81 50 61 0 10 311 64 344 100 277 304 72 63 38 45 359 325 311 41 0 91 38 15 21 70 62 0 218 92 76 71 0 118 109 206 284 204 0 7 41 128 111 98 14 56 0 255 0
275 215 68 34 80 176 358 16 0 133 62 18 320 332 156 20 52 337 50 94 47 359 79 25 145 3 352 80 65 222 138 1 80 36 104 157 0 353 268 60 0 181 323 47 304 9 33 273 113 118 92 213 11 276 296 120 101 61 217 112 0 130 0 356 81 38 277 158 166 92 0 71 0 55 28 188 105 102 102 95 54 44 0 1 343 41 120 256 84 0 38 77 10 348 51 0 0 92 176 0 241 30 43 0 139 22 76 0 120 70 201 29 5 17 0 102 9 0 76 85 130 115 182 360 37 98 155 152 0 0 0 0 55 299 103 116 68 94 0 32 115 115 60 93 19 38 308 245 45 321
20 129 13 320 18 353 59 109 350 120 287 4 43 18 106 91 79 85 0 119 72 254 323 75 7 7 128 71 39 0 75 76 153 0 75 0 107 71 0 80 92 0 119 0 27 244 0 111 3 106 93 176 99 0 174 62 128 110 27 73 53 28 0 0 84 69 60 79 17 41 30 175 163 131 241 106 85 86 17 117 20 111 44 121 100 56 95 95 60 21 61 33 234 357 39 37 68 0 91 61 0 196 327 96 0 85 90 256 224 4 246 191 0 98 43 64 64 1 59 45 123 106 3 354 210 0 110 137 42 67 15 171 13 0 0 81 242 3 0 206 142 8 346 110 294 117 232 117 43 6
72 0 185 346 207 293 88 24 101 215 296 162 120 51 0 135 26 86 290 164 296 282 56 205 35 85 51 202 106 111 75 178 297 184 33 277 5 60 147 3 80 11 44 352 174 17 256 86 262 100 56 111 16 203 102 120 295 316 234 67 12 125 43 228 16 113 55 46 30 95 0 183 37 0 266 111 0 81 101 0 111 117 115 0 4 248 165 95 301 42 77 21 99 324 92 13 165 14 0 12 322 87 32 147 199 147 159 244 41 81 22 118 83 43 37 311 342 7 322 30 6 38 104 0 48 0 306 184 142 114 78 61 64 53 113 151 116 63 284 22 12 127 218 280 280 138 65 199 0 113
0 271 274 0 114 211 0 93 124 175 354 157 44 315 0 102 0 120 109 182 42 330 100 11 40 0 50 0 355 26 0 83 0 217 299 126 0 100 0 88 264 263 181 48 342 0 101 13 100 0 168 259 311 98 69 282 61 281 94 91 33 0 79 20 3 117 15 204 41 0 100 0 226 245 38 50 0 72 29 0 25 291 54 4 236 41 144 50 337 23 73 61 117 120 32 0 1 223 88 0 73 0 77 1 240 70 281 0 233 191 100 33 334 209 48 45 360 81 37 35 48 89 46 48 254 123 1 60 0 0 45 72 29 193 237 318 80 47 242 159 199 302 45 5 67 98 93 17 110 0
107 96 118 88 274 308 161 70 101 188 63 149 72 53 2 60 69 43 357 104 26 88 292 136 123 110 118 349 162 38 205 53 79 47 207 119 113 47 41 4 311 283 86 18 0 0 349 15 61 41 46 248 101 261 331 76 31 238 323 0 91 7 272 42 226 12 50 52 131 8 94 38 312 105 30 72 230 331 34 162 96 49 75 26 69 55 105 56 358 105 110 121 286 254 19 38 316 0 246 111 0 83 195 319 120 42 77 82 129 42 100 197 133 47 104 64 3 80 305 285 69 280 67 26 76 258 132 16 160 34 0 151 331 348 38 95 168 40 284 56 7 49 214 223 337 0 118 109 37 104
60 28 18 9 101 27 0 70 141 69 0 1 298 21 50 101 84 0 16 294 82 204 217 53 0 134 106 119 252 111 85 46 88 309 344 0 64 254 268 24 281 39 314 290 277 301 26 0 317 54 42 0 341 103 66 60 49 160 68 0 98 52 35 112 8 347 26 47 53 286 246 212 0 247 17 200 0 121 99 257 218 48 7 4 6 305 5 100 82 0 0 170 0 43 112 60 132 44 42 114 103 0 115 63 341 105 260 100 143 113 105 261 0 15 29 82 46 114 0 314 103 77 10 0 293 59 83 42 0 67 53 92 70 0 43 106 276 321 83 187 50 313 0 69 244 111 13 165 17 145
75 0 255 328 82 56 289 70 88 139 275 57 29 113 14 24 42 139 74 314 14 55 180 48 116 38 58 274 119 0 93 118 49 17 44 20 24 111 45 31 0 166 30 42 11 76 59 286 48 207 20 83 264 41 77 112 286 111 20 315 66 97 0 117 301 53 70 121 295 24 340 161 0 301 290 113 348 23 340 101 115 55 13 163 113 215 57 54 21 2 72 176 136 97 24 0 0 130 0 3 68 217 0 236 303 297 91 71 31 0 115 0 73 1 205 69 87 114 339 234 50 8 339 50 249 52 52 73 120 97 36 247 61 321 134 47 86 83 301 268 89 115 19 11 135 207 0 263 138 198
49 18 53 360 171 92 0 47 0 242 117 57 20 109 17 189 98 67 42 119 330 23 186 41 94 348 45 325 5 0 52 11 296 87 67 0 341 83 82 227 95 4 30 41 35 95 106 92 65 0 0 23 100 0 306 0 0 252 117 73 109 88 83 34 83 33 4 90 64 8 60 46 0 45 73 82 235 134 0 0 29 95 321 338 57 269 43 292 349 42 47 115 42 87 32 355 10 17 49 23 135 351 6 0 150 115 2 0 14 257 49 273 66 183 79 14 0 0 84 114 303 68 263 141 8 129 0 116 56 266 54 76 37 206 73 3 27 34 264 101 0 103 234 0 7 0 49 181 235 68
47 73 56 23 65 80 0 103 84 150 84 21 0 150 199 249 5 117 105 94 8 15 45 54 45 1 0 68 76 285 198 84 79 27 0 151 231 22 50 5 71 62 256 77 38 139 3 9 256 96 183 253 112 164 92 12 274 59 34 58 86 227 61 291 81 99 226 35 51 79 278 101 164 20 304 132 252 99 124 79 186 0 36 120 72 71 55 30 226 10 47 343 360 64 351 45 53 234 219 284 204 0 196 71 0 179 4 76 120 333 12 358 328 90 12 142 266 53 89 326 116 153 51 103 129 92 0 82 110 137 53 75 92 66 37 175 159 236 0 98 99 145 67 54 251 181 83 0 118 59
358 0 280 71 90 82 8 59 110 10 51 65 6 325 11 20 104 98 302 38 255 42 8 87 0 11 22 42 360 65 355 269 98 250 106 306 164 151 38 76 36 169 154 57 294 77 124 321 0 102 197 13 0 15 100 250 0 187 0 55 28 54 58 229 88 203 332 70 6 0 81 42 83 6 106 92 111 8 90 106 0 131 20 88 66 140 331 62 56 43 118 263 325 302 16 322 72 265 163 43 90 101 58 118 1 0 97 267 158 88 0 63 253 78 0 82 51 5 15 61 43 106 305 355 30 172 204 53 0 15 65 48 75 59 63 320 12 0 95 0 0 22 193 130 11 104 0 89 22 220
21 205 232 0 86 207 215 12 0 3 27 95 224 25 167 287 147 143 297 195 115 59 20 167 56 83 0 0 0 55 6 0 29 276 84 0 3 92 71 3 107 338 88 14 357 194 81 17 304 62 94 0 290 190 187 9 0 359 32 118 306 86 40 41 0 347 219 0 27 222 304 0 315 103 84 20 0 22 49 353 98 252 74 195 138 206 0 302 314 114 326 86 38 51 337 36 93 25 10 202 91 18 46 59 66 89 0 36 66 68 48 108 43 29 0 43 312 66 144 129 0 74 201 106 201 114 0 194 186 118 0 55 59 164 299 351 107 247 75 12 0 64 82 96 2 67 57 78 102 26
29 103 36 83 49 58 92 45 68 203 270 0 102 12 104 257 76 48 100 1 109 77 49 116 70 90 0 43 65 125 55 113 85 96 4 100 102 15 91 112 78 0 58 0 75 108 270 75 23 0 61 66 269 79 11 62 341 60 57 76 98 111 86 111 319 13 30 283 68 301 43 332 0 0 59 40 27 132 308 260 76 88 154 0 12 320 59 0 24 256 229 33 20 9 69 178 77 57 29 120 0 266 0 81 195 0 107 0 347 28 181 111 101 0 2 39 251 220 326 0 83 0 347 77 294 342 65 20 19 295 112 118 24 42 90 28 203 281 136 102 153 133 230 73 79 194 1 1 141 88
290 15 76 53 83 62 41 95 32 46 300 43 0 93 326 254 118 177 0 182 100 28 118 176 65 110 59 308 9 0 41 205 82 81 104 91 30 0 348 226 348 358 234 117 55 320 0 224 83 1 72 6 278 41 106 170 187 101 26 213 36 262 33 76 96 49 20 357 18 6 66 0 0 87 0 0 109 23 21 119 78 112 32 100 25 77 16 215 0 136 65 87 34 101 320 96 348 114 107 73 44 75 0 104 57 273 89 32 0 145 85 20 0 86 0 0 165 0 94 310 118 67 177 41 87 0 120 33 82 26 16 15 44 185 284 233 3 82 349 0 177 104 7 120 142 0 100 82 0 209
97 203 275 102 5 158 3 70 77 0 349 276 141 78 87 16 87 73 80 48 31 21 117 254 34 90 58 118 13 114 72 102 0 70 31 110 45 77 105 214 338 118 93 246 77 27 54 76 123 0 33 237 75 289 254 119 79 5 294 21 279 46 94 86 34 44 253 29 97 88 18 202 166 44 161 5 100 116 184 330 233 114 14 0 135 63 317 15 298 236 0 219 107 104 0 31 30 221 59 209 0 0 15 0 158 0 279 0 185 0 89 42 10 313 236 85 86 2 12 125 311 10 94 212 76 34 52 122 6 83 106 28 0 216 65 251 0 0 1 40 0 0 45 84 218 0 3 197 103 55
44 0 177 203 43 0 19 108 186 73 49 201 154 81 109 115 95 33 297 8 84 13 117 10 93 38 243 90 82 318 19 266 40 294 342 69 245 72 37 266 130 140 80 11 99 83 0 83 0 34 36 64 124 298 225 110 100 344 335 200 49 57 50 12 14 0 0 67 14 119 188 116 251 29 92 90 144 43 294 58 70 248 183 157 81 189 300 104 298 107 80 75 40 85 186 94 69 0 1 0 30 357 110 62 15 5 120 278 328 320 0 36 118 4 1 59 94 93 353 205 26 345 308 124 66 87 53 28 62 140 89 123 0 12 0 59 338 272 11 43 274 16 306 61 108 220 270 32 210 53
71 28 79 30 55 0 116 82 38 0 116 240 44 93 49 31 326 57 270 208 71 122 329 280 185 87 280 18 66 32 44 0 0 54 83 43 231 175 289 218 97 184 48 21 37 53 313 103 66 281 30 83 49 47 0 65 323 204 272 10 114 96 27 236 69 11 0 159 296 9 120 260 333 131 82 101 359 30 0 235 153 149 18 232 34 128 0 38 300 201 27 126 4 284 157 41 16 0 30 237 24 121 104 226 54 63 112 93 71 0 50 0 174 282 0 140 61 264 27 191 81 287 344 124 6 9 227 95 117 7 273 0 23 117 105 24 300 318 113 347 14 299 56 110 95 44 260 273 58 7
28 0 71 16 14 103 0 64 71 75 49 189 104 0 267 0 0 44 34 203 0 29 107 118 55 0 123 4 118 131 77 55 353 60 69 340 158 238 28 104 30 50 52 27 67 226 196 110 152 252 89 33 109 43 0 186 54 0 95 90 76 39 7 234 63 336 76 128 117 44 21 52 226 182 85 45 26 304 68 17 119 51 36 154 0 0 81 151 22 12 14 23 230 3 120 72 26 252 125 339 66 83 39 292 0 181 340 109 30 18 48 241 0 163 36 0 0 0 96 0 2 307 244 50 86 44 41 11 239 114 317 150 17 27 263 70 91 144 11 112 340 0 322 15 162 19 40 55 85 117
206 359 0 315 189 272 0 128 66 56 250 92 53 56 59 100 254 203 279 19 44 20 129 88 1 60 275 46 248 66 113 60 90 148 92 21 68 54 110 210 107 131 202 264 180 76 0 44 57 24 142 281 112 127 0 85 50 102 38 8 84 85 75 154 355 302 123 53 29 127 194 293 8 118 342 64 21 108 123 15 111 141 42 146 96 10 73 53 251 244 80 30 1 57 357 118 26 68 108 250 1 25 86 51 31 228 4 31 330 106 47 0 157 0 30 125 55 89 69 91 5 94 266 197 224 246 75 90 49 96 89 35 96 112 83 84 49 263 248 0 57 79 243 45 72 58 89 64 92 347
16 47 0 80 13 232 50 189 152 20 112 103 17 70 329 353 0 142 95 24 65 84 13 54 186 57 142 331 244 88 0 87 92 30 203 92 42 22 203 94 47 73 237 88 67 261 110 44 50 50 66 110 188 78 117 0 84 72 61 6 287 9 18 0 241 5 120 187 21 115 309 0 39 222 12 93 79 293 239 147 191 108 119 197 330 0 119 19 78 32 51 241 102 101 8 20 31 70 11 267 198 69 243 351 333 340 185 68 21 77 36 44 26 22 0 1 183 56 107 8 64 60 326 0 64 41 0 219 25 0 69 23 0 50 338 25 63 14 41 71 104 292 111 100 119 150 101 94 301 64
0 355 175 72 4 45 290 80 64 41 18 152 0 25 63 55 135 108 328 77 27 89 64 108 0 298 95 43 93 16 24 103 120 53 40 25 252 31 39 78 25 49 89 0 0 175 234 0 31 144 29 274 0 96 134 21 103 75 233 336 49 119 19 282 108 156 126 360 45 78 248 19 120 16 295 174 169 0 51 190 49 135 217 199 2 173 120 324 124 183 214 0 117 120 0 90 23 153 216 120 318 27 307 26 59 112 49 0 348 57 20 32 328 241 36 0 45 336 104 15 24 45 0 109 113 48 85 336 34 272 0 64 0 175 59 94 79 59 16 32 0 119 38 46 36 0 142 35 0 73
203 44 287 229 14 74 72 0 207 67 35 100 0 70 144 0 237 45 308 61 83 153 73 245 8 120 31 104 2 45 94 250 12 65 93 0 51 106 36 10 74 138 27 0 111 340 182 39 66 169 69 300 175 35 51 18 140 82 157 198 24 96 2 10 109 34 61 324 7 286 346 319 353 61 104 310 222 57 96 269 24 285 37 56 46 0 72 60 100 119 24 225 254 359 87 0 18 23 0 124 208 107 115 37 66 0 108 263 140 4 23 358 28 42 5 3 0 4 157 90 14 115 229 70 102 28 221 92 96 0 52 292 226 216 79 339 87 266 35 269 13 35 207 0 23 44 19 83 34 28
67 274 334 23 198 178 289 62 63 84 94 0 105 242 86 67 278 0 52 37 160 5 30 187 8 0 72 85 101 69 22 59 62 34 235 3 0 50 7 114 230 117 0 37 21 320 248 146 28 13 57 92 71 154 89 50 187 193 45 87 22 279 338 108 109 92 357 107 19 5 0 116 87 59 177 258 227 159 110 38 24 49 151 137 273 37 152 263 211 354 0 21 285 0 97 61 8 0 121 179 0 62 7 0 329 73 97 107 106 180 272 54 23 286 7 216 16 0 161 103 6 137 173 88 7 295 29 6 211 45 0 161 119 32 94 0 82 77 255 80 354 0 24 322 305 102 0 189 68 32
22 312 123 120 111 28 227 0 42 77 254 87 77 106 96 85 36 120 82 292 23 102 222 48 230 79 68 278 259 8 109 235 99 15 165 358 10 344 119 38 294 184 95 102 39 91 245 113 58 34 134 96 360 10 306 348 0 167 20 70 194 249 43 51 188 13 33 340 104 244 315 42 9 12 48 67 113 26 104 348 4 103 181 285 22 81 84 5 12 266 146 288 15 120 305 0 86 215 105 109 218 110 26 1 94 273 307 0 118 93 84 68 304 0 290 304 20 92 0 194 340 0 171 103 117 190 335 60 66 324 115 13 158 28 282 73 57 113 9 321 199 172 6 78 82 119 108 110 0 13
0 17 256 191 86 47 202 30 119 16 305 85 0 345 246 183 0 0 0 358 15 4 166 0 170 9 319 56 23 65 25 187 185 353 359 0 0 32 78 5 131 119 136 0 51 47 307 82 53 0 93 17 26 48 51 12 280 0 241 158 0 332 38 30 59 57 85 89 12 0 21 118 0 280 149 73 7 63 241 25 260 1 13 50 51 24 68 32 110 62 6 0 251 19 102 20 36 12 77 115 66 67 16 282 104 111 117 65 136 80 15 344 334 89 28 60 55 99 64 0 60 104 216 222 0 62 6 99 83 50 257 46 114 231 287 70 96 151 13 153 0 0 76 120 116 0 0 62 224 137
0 115 264 345 55 172 16 251 3 222 241 30 113 3 81 11 0 328 88 120 107 42 0 243 7 49 190 62 0 358 33 200 60 0 140 192 355 83 47 155 77 15 115 23 123 107 92 4 92 245 341 0 345 179 14 98 82 0 91 110 80 72 82 34 116 35 54 107 335 101 8 35 67 327 333 159 0 314 44 15 20 19 288 79 64 202 30 103 3 12 97 112 35 251 67 184 20 53 232 48 9 64 105 80 0 54 65 47 64 47 34 163 356 112 9 88 52 109 0 52 0 352 69 199 191 64 251 225 79 42 20 114 102 54 56 221 69 6 0 108 36 10 23 118 65 97 56 0 0 0
110 61 27 17 285 0 171 64 96 20 0 352 28 62 90 296 26 87 15 101 113 334 167 34 32 112 67 206 316 103 320 99 92 282 279 286 33 13 35 187 230 24 158 0 92 276 81 102 23 116 350 203 134 96 62 123 18 25 37 172 106 39 149 75 87 0 348 66 121 3 171 100 234 169 92 15 11 132 108 0 117 162 55 307 352 178 43 36 46 42 279 17 342 17 67 43 0 315 0 51 25 29 28 71 0 55 194 0 98 272 0 33 10 73 112 12 44 18 108 49 275 0 64 93 12 0 22 229 0 132 21 108 73 143 289 311 345 0 163 17 247 208 242 80 1 9 58 244 19 0
107 87 63 65 3 138 84 82 66 40 0 75 356 245 79 0 20 124 191 9 13 23 6 13 203 15 63 40 296 55 33 0 0 61 53 120 113 103 73 8 29 158 52 71 0 108 172 0 10 141 75 257 26 113 294 49 25 222 31 19 231 0 0 312 0 102 5 179 120 10 358 0 0 70 34 112 75 24 32 229 0 29 29 83 51 119 236 326 40 18 345 0 19 38 42 45 220 313 247 0 110 244 0 62 77 320 34 94 264 98 22 330 199 84 117 88 51 155 0 54 76 83 0 0 127 0 27 110 0 68 16 260 75 43 55 83 0 48 155 2 264 63 322 39 0 36 119 86 187 0
0 13 60 36 153 42 0 116 312 16 80 106 84 321 268 0 113 38 333 310 59 46 81 263 169 235 85 206 136 65 78 42 78 0 67 6 88 73 253 77 220 235 30 253 56 167 0 42 213 173 0 118 283 129 98 179 0 24 0 29 94 130 115 53 0 67 9 104 0 43 0 20 342 57 76 34 101 178 0 48 96 157 336 5 34 51 23 18 9 0 26 57 50 0 0 0 189 101 54 13 197 216 73 90 174 16 50 253 39 92 21 137 192 13 106 0 84 68 207 62 201 7 91 0 231 20 143 38 92 51 343 319 119 33 57 17 0 0 247 38 349 180 22 93 1 95 117 11 73 146
114 155 119 52 114 64 10 354 43 233 118 77 57 0 125 30 74 116 48 118 56 46 186 111 34 0 214 67 48 93 345 18 0 313 16 85 0 59 7 103 170 71 7 171 29 353 323 93 10 98 310 52 345 128 0 68 22 129 34 0 181 70 0 94 8 45 0 14 333 5 73 0 100 63 141 21 5 115 85 30 56 73 358 167 31 263 23 67 107 295 286 317 89 299 18 209 264 100 318 19 81 126 86 347 190 134 73 94 76 85 68 355 93 147 95 2 114 62 25 113 33 117 213 107 0 119 55 71 5 35 40 180 27 8 218 186 339 280 42 140 0 80 22 18 70 0 0 60 79 11
246 117 115 281 49 270 153 55 244 267 53 0 28 104 293 0 59 18 33 3 58 201 90 85 113 71 89 96 170 346 44 290 106 130 23 86 67 37 197 18 78 63 80 7 116 0 179 111 0 17 43 118 185 0 119 82 43 40 184 117 23 104 92 57 11 120 112 106 6 110 316 151 29 356 196 117 107 98 115 49 13 0 3 61 64 327 134 116 0 40 93 25 139 58 20 107 112 2 126 173 64 231 49 291 0 31 70 214 119 65 72 68 0 0 159 76 166 6 63 344 0 193 38 99 39 0 97 70 23 31 201 70 25 120 23 91 79 219 0 0 230 68 0 120 29 11 29 57 124 264
8 127 344 83 91 308 6 0 100 262 20 96 306 40 77 101 88 104 101 0 134 130 7 59 3 114 26 0 1 69 81 55 326 0 45 0 153 99 104 93 192 0 321 0 56 106 32 135 2 85 0 118 36 103 256 289 352 23 10 174 27 356 0 0 100 102 242 65 292 31 84 45 351 83 249 39 0 90 28 26 35 288 171 113 84 108 229 40 66 248 59 54 204 49 0 253 26 95 0 243 10 104 48 98 28 309 179 94 0 93 73 191 88 59 153 2 163 3 36 267 19 72 170 0 5 15 0 99 0 34 0 73 59 118 269 233 329 0 16 41 94 51 272 224 120 74 108 74 77 36
57 89 282 88 0 26 45 110 345 73 90 124 0 187 13 315 44 152 113 0 0 55 51 81 49 291 5 18 102 88 91 108 101 94 9 346 57 87 318 101 190 0 276 111 201 40 13 42 39 118 268 71 325 41 62 151 334 45 0 57 0 96 0 258 39 0 80 113 315 110 30 108 115 101 328 116 91 6 0 64 42 37 39 108 27 293 139 15 82 254 10 50 117 53 250 347 0 0 82 113 100 11 77 0 9 285 335 0 0 20 276 29 71 88 81 241 218 110 56 30 252 146 28 11 0 6 76 0 156 105 252 187 104 178 47 107 154 87 100 106 307 259 21 97 117 149 40 262 191 9
15 62 72 112 9 47 42 183 93 26 276 41 157 73 108 89 30 95 52 290 113 128 117 94 246 110 35 234 56 6 66 77 163 113 230 66 62 245 346 13 19 80 283 250 51 124 120 109 293 174 2 17 110 192 106 107 23 96 75 15 285 8 39 274 77 39 150 328 62 337 92 3 94 8 1 339 353 0 64 0 11 0 241 30 14 51 19 56 4 129 84 29 109 200 8 6 233 318 188 278 68 203 160 160 0 266 64 62 113 98 28 0 12 109 10 22 0 42 228 276 19 120 157 10 324 108 216 351 0 285 54 52 26 0 105 5 0 321 23 311 114 19 33 113 222 116 94 329 140 136
58 0 16 79 109 316 349 215 35 0 39 108 0 77 4 14 316 46 72 75 74 123 58 141 21 176 242 39 0 297 0 50 47 99 0 88 214 289 5 213 307 323 5 106 0 251 71 90 63 105 163 69 306 41 334 97 147 284 188 31 0 0 11 208 0 223 72 107 2 113 226 63 113 101 67 190 99 97 74 117 0 124 31 50 42 230 63 89 39 49 258 40 45 46 79 35 127 283 162 63 239 48 31 205 225 289 55 0 122 110 69 35 43 56 59 0 189 115 7 154 111 53 34 263 0 31 19 265 22 0 60 21 319 30 47 51 108 0 95 95 24 194 49 62 346 17 0 68 119 205
31 130 103 323 165 0 116 252 87 329 45 245 277 105 198 51 34 87 31 53 0 26 77 247 268 275 192 30 48 67 111 285 349 106 95 94 79 234 120 202 121 332 61 324 37 0 0 350 190 88 41 0 74 63 229 108 7 55 6 71 111 332 87 35 8 10 59 45 42 107 52 111 63 8 211 15 126 274 114 75 59 243 122 304 177 270 114 74 4 279 23 82 165 105 52 0 6 74 146 0 27 278 24 20 312 19 330 29 120 18 91 39 16 59 41 25 112 246 82 46 91 80 323 44 128 288 119 91 91 66 0 10 10 75 101 114 106 39 283 217 22 154 28 9 201 28 138 40 81 235
53 0 105 314 308 247 22 113 88 264 113 83 112 12 52 73 1 261 112 4 214 87 104 3 119 178 242 76 292 46 59 274 99 15 163 0 0 44 32 0 248 0 104 20 98 111 45 5 161 0 0 207 113 0 86 113 4 113 284 235 41 69 86 8 39 44 158 115 0 96 65 291 206 47 79 67 101 74 132 35 306 8 39 22 111 102 25 147 118 0 53 47 155 0 28 106 251 26 234 163 88 14 113 31 302 31 18 62 0 100 4 36 23 89 0 277 120 61 79 71 34 19 19 11 237 29 54 49 37 33 122 0 0 19 44 232 143 120 99 84 360 100 100 337 7 358 1 343 78 39
50 32 115 101 58 50 95 171 52 165 270 53 93 316 48 304 145 112 329 61 189 14 113 324 107 4 219 26 128 38 7 48 75 93 69 48 82 80 242 36 76 81 88 305 98 169 195 17 144 106 118 6 295 135 5 0 242 1 49 165 73 283 107 61 74 0 120 21 105 22 28 0 5 284 130 71 62 4 38 120 112 103 176 80 19 53 232 6 1 0 0 242 227 111 183 98 296 62 29 198 9 120 63 211 88 107 94 16 59 0 106 336 78 298 57 49 1 283 8 103 19 53 34 87 10 88 0 88 57 6 343 50 0 224 236 107 0 118 88 93 131 271 252 61 131 320 346 190 15 111
23 147 13 264 15 91 222 262 29 155 39 112 29 100 18 0 292 7 68 35 22 27 73 21 352 281 43 81 17 26 0 144 71 194 97 81 108 3 78 97 146 11 27 112 71 242 165 0 75 0 50 282 154 218 45 18 27 69 252 112 70 90 199 41 42 213 30 302 335 56 0 228 0 0 0 29 33 68 129 29 79 81 290 74 54 151 334 83 107 269 66 33 76 59 0 118 104 255 221 84 322 4 40 240 317 217 11 95 289 33 241 151 118 56 199 233 0 0 253 13 21 254 40 261 76 15 34 5 236 9 189 64 14 0 103 109 77 188 2 48 162 92 82 36 292 356 60 126 47 38
0 14 65 280 112 185 346 36 195 74 83 70 0 120 52 48 184 43 158 7 0 52 48 80 311 97 40 96 166 81 0 21 150 277 103 104 90 193 266 242 274 33 49 0 108 43 56 113 355 50 115 259 4 340 12 323 88 100 16 121 112 159 22 96 211 170 13 108 82 81 140 0 63 26 110 51 215 28 14 80 288 0 88 142 0 0 102 0 258 10 0 295 115 100 63 308 31 58 126 34 358 95 22 301 3 89 215 194 61 76 73 11 78 79 0 87 101 102 104 14 223 119 50 54 0 4 83 160 81 117 4 40 94 45 0 33 109 42 0 26 78 7 354 292 60 20 27 62 33 142
155 0 73 65 359 87 12 61 0 0 70 295 34 238 61 146 159 28 120 15 192 38 117 115 64 20 3 21 312 79 77 22 302 338 186 59 97 84 119 25 58 20 54 191 33 46 63 2 0 81 34 184 89 0 302 0 166 274 100 184 32 62 40 266 319 259 67 166 0 235 317 66 177 104 36 347 311 64 231 0 115 0 123 175 121 322 157 70 52 93 19 24 113 0 100 237 239 52 144 266 66 24 157 41 28 51 59 229 191 52 120 154 91 209 70 135 41 28 276 322 6 0 220 0 71 84 0 106 20 2 174 290 4 198 352 0 35 141 0 21 274 0 34 0 11 96 14 7 23 96
5 0 50 81 148 241 164 19 256 0 230 86 115 12 96 341 74 54 92 6 104 66 0 106 78 35 83 110 307 85 145 203 138 328 30 105 82 43 2 0 15 0 127 129 99 54 233 20 96 217 91 227 347 48 339 53 36 129 75 256 69 31 357 59 117 308 186 3 20 40 88 54 28 233 0 293 316 0 3 62 74 20 6 54 23 0 86 120 92 110 124 236 0 161 245 53 25 58 308 21 115 56 26 32 71 0 270 248 75 25 90 83 96 323 23 73 213 102 12 65 55 285 62 0 329 35 101 36 18 165 289 108 225 144 112 0 0 0 322 152 161 325 292 85 33 265 79 74 15 34
0 19 31 58 0 22 58 0 81 0 354 174 244 241 50 0 53 66 59 117 85 272 0 6 119 232 88 204 83 57 55 16 66 0 35 17 136 94 98 54 32 221 223 52 97 59 181 0 0 67 60 271 105 231 0 106 0 31 271 18 35 359 83 106 80 322 301 46 0 38 144 100 61 334 30 0 56 329 73 104 288 338 154 103 39 281 101 117 185 16 18 30 0 4 56 40 40 302 77 21 143 20 49 315 163 64 345 7 190 46 101 61 28 39 200 15 0 34 90 65 0 217 11 0 113 106 109 55 246 94 11 44 227 348 71 117 31 0 102 124 62 70 49 39 87 58 118 21 317 113
354 0 0 115 0 53 12 0 246 65 0 0 81 261 84 117 38 95 168 84 23 87 22 60 141 77 0 317 29 0 254 207 0 47 8 60 25 89 48 226 46 280 263 0 227 116 25 33 116 49 345 228 1 0 11 0 235 0 0 199 31 45 87 0 100 16 45 190 4 88 345 69 11 344 108 19 7 19 14 32 115 7 10 302 311 49 92 218 68 158 174 87 93 11 104 64 47 2 151 53 279 321 14 56 27 191 264 91 105 249 37 334 120 129 67 3 211 34 49 58 284 57 62 167 99 85 51 9 0 277 83 28 151 168 36 0 7 88 0 27 0 18 46 0 68 270 255 0 100 200
204 45 49 91 270 82 31 64 21 136 46 269 203 27 13 325 44 60 138 48 35 240 278 68 58 45 105 120 57 316 79 122 2 119 112 0 18 285 62 95 0 41 23 0 159 212 99 27 4 106 29 61 46 90 113 13 324 41 43 92 118 350 7 95 89 333 67 118 61 241 247 50 94 281 114 0 52 34 56 0 72 73 85 2 221 9 18 0 80 354 31 112 15 94 82 87 36 37 113 119 14 286 284 257 11 277 202 30 67 88 241 88 112 69 212 245 260 38 107 33 8 52 104 113 170 214 0 64 285 56 110 33 110 25 124 0 0 252 115 0 356 323 100 6 286 97 269 79 255 85
55 289 25 4 100 76 76 0 30 38 208 85 176 65 83 63 226 112 44 24 0 161 101 80 356 25 324 322 0 82 247 0 57 339 236 78 177 99 36 31 82 12 0 195 62 138 203 323 73 257 224 61 58 330 53 332 31 96 20 0 219 10 243 12 278 288 348 72 19 61 59 15 198 23 66 34 27 62 89 100 92 159 344 310 10 86 188 27 253 294 305 261 102 279 0 31 269 51 142 264 25 236 106 117 101 340 32 115 15 270 232 92 120 57 100 101 342 102 57 5 87 118 88 41 30 104 0 355 38 0 108 43 45 98 0 84 245 116 12 99 0 268 47 249 46 110 119 118 0 66
50 72 33 34 87 133 259 318 217 39 115 316 256 70 159 45 19 302 354 51 357 102 50 77 29 170 268 266 268 173 46 86 120 147 120 232 0 39 106 169 80 10 114 12 105 337 263 329 73 9 26 0 67 32 0 100 131 61 130 215 60 59 46 6 258 81 0 255 0 54 207 95 210 111 0 35 9 80 62 204 121 95 125 320 166 328 100 170 0 104 71 343 69 33 101 46 73 355 13 66 234 52 56 0 64 297 45 105 33 340 88 29 69 64 116 17 71 78 184 124 0 122 87 344 332 3 120 326 113 11 186 302 157 20 57 186 0 107 65 78 116 0 24 54 122 95 61 112 0 69
6 9 325 89 6 13 57 307 313 58 17 120 92 39 56 255 78 48 199 0 53 359 7 349 100 114 0 37 183 93 212 122 94 279 73 8 0 83 19 13 289 0 0 12 22 83 13 113 340 54 35 37 109 33 96 35 0 295 78 7 115 50 104 120 117 116 27 353 82 102 0 113 114 37 315 181 100 343 84 196 0 0 299 110 88 95 58 81 294 0 41 32 73 314 7 20 94 24 114 176 114 63 70 210 105 171 159 118 171 47 85 97 12 0 257 0 80 216 88 81 234 118 99 46 49 124 42 4 2 21 21 0 0 119 206 191 103 31 89 48 1 95 0 109 90 360 88 201 83 148
147 42 284 178 216 0 42 317 37 51 29 0 37 4 8 94 34 288 26 138 65 143 236 28 311 39 0 52 60 186 117 14 112 86 23 0 24 191 18 85 38 94 100 119 270 78 69 23 69 80 34 304 184 9 13 0 63 116 164 165 356 37 25 82 295 62 116 64 0 28 308 0 64 13 37 0 94 0 180 268 17 0 324 40 55 0 55 221 296 4 350 88 91 345 333 50 112 0 357 0 104 74 0 169 103 0 0 72 354 302 248 163 81 104 36 295 182 53 68 286 74 306 0 99 70 29 44 5 84 167 0 0 0 7 331 71 100 193 19 108 17 12 179 0 88 279 198 99 34 84
105 60 25 99 45 249 244 131 39 39 89 42 242 44 0 22 10 244 316 46 103 115 99 24 77 89 292 225 41 64 160 176 47 82 36 0 0 97 82 109 321 42 324 20 109 64 222 285 71 122 83 308 0 0 260 29 16 6 319 252 326 75 0 168 316 0 139 214 102 47 250 206 313 291 142 224 0 201 70 217 0 141 0 41 14 75 225 4 116 64 255 0 60 231 0 0 243 208 0 120 50 55 9 108 96 34 311 190 57 88 292 19 32 103 11 344 101 48 32 239 36 91 49 108 28 7 349 82 96 197 293 32 75 0 338 168 7 0 134 0 199 0 108 0 0 248 322 194 189 334
0 268 112 243 85 16 188 3 89 88 0 77 29 2 244 117 8 0 51 0 72 329 109 89 109 28 61 0 138 19 25 239 287 2 109 55 21 6 78 281 263 0 165 355 23 79 166 86 322 234 18 60 101 278 158 226 47 52 109 0 146 97 18 173 0 0 8 86 113 214 314 70 212 102 105 144 16 64 52 0 155 77 0 9 210 225 121 43 20 120 314 256 5 118 28 261 69 194 321 0 104 338 163 349 27 259 249 67 17 81 88 47 10 110 100 5 101 30 19 0 228 116 23 118 266 273 252 304 10 74 0 168 39 90 5 90 278 0 103 240 2 88 51 121 103 0 0 48 89 287
217 0 40 127 63 147 69 0 149 265 0 112 95 58 118 0 289 232 19 102 264 303 220 118 184 115 121 50 22 161 0 342 22 28 152 250 93 0 156 47 72 60 33 76 7 330 0 31 95 87 26 138 304 351 93 13 77 63 100 134 61 168 0 96 230 300 70 37 0 0 2 49 159 296 66 214 109 177 38 7 108 27 11 150 89 70 0 107 8 0 203 47 49 17 0 61 52 39 102 77 65 97 76 303 25 81 0 0 60 338 253 299 92 0 148 26 41 20 106 349 343 0 40 249 8 110 23 260 301 160 0 45 273 98 317 14 90 69 110 72 8 109 147 344 0 171 0 70 75 71
100 77 266 231 0 0 64 211 180 169 141 18 20 0 93 69 304 12 73 100 44 0 33 337 113 85 1 111 78 60 0 16 9 84 0 113 278 29 93 178 71 287 139 323 49 83 0 4 0 329 153 66 300 46 236 242 0 16 50 103 56 98 75 67 19 264 242 61 17 0 32 120 110 35 345 17 173 15 219 82 231 220 54 112 85 158 264 112 104 74 25 97 138 4 70 17 0 74 0 347 0 110 106 195 107 0 45 102 0 351 0 92 11 17 130 204 24 124 0 217 156 242 10 66 69 87 0 63 29 0 35 111 11 220 0 130 0 271 184 328 16 51 0 20 107 35 12 0 65 47
67 0 256 53 27 238 187 0 60 229 179 0 309 32 246 0 0 38 54 65 101 218 9 0 248 252 178 104 105 4 24 15 101 26 16 98 53 150 65 0 114 238 267 304 91 80 272 97 87 144 8 248 89 197 33 347 303 177 93 271 62 93 0 84 19 115 107 17 340 44 74 73 53 41 73 19 49 14 13 0 167 79 356 222 252 110 50 119 193 0 0 221 19 245 57 180 41 279 30 66 186 323 64 330 0 116 269 183 111 3 111 154 0 318 9 323 258 57 222 51 92 37 151 110 9 73 0 103 2 89 114 98 221 92 9 109 30 339 18 0 0 13 304 53 92 88 48 112 0 252
52 90 194 91 328 79 0 75 291 37 194 0 64 120 0 8 92 354 328 40 305 29 190 179 181 329 86 239 299 0 236 289 97 0 86 141 94 6 50 354 36 39 47 76 38 72 76 360 69 314 40 16 0 163 81 74 65 175 95 51 70 25 113 53 160 67 118 52 254 58 228 351 73 81 200 70 95 219 0 188 187 62 0 249 94 266 129 119 27 164 88 359 19 116 118 63 208 114 0 15 86 10 74 54 23 55 0 46 231 65 91 228 34 67 260 81 74 266 83 146 75 3 31 39 126 338 100 0 236 319 19 75 21 28 105 97 88 294 77 0 96 0 170 85 132 153 69 133 92 0
