50
50 67 89 30 21 511
60 87 77 88 23 518
35 17 75 81 56 461
44 71 71 76 19 497
25 20 21 39 64 380
14 10 88 79 80 515
74 84 14 46 57 518
63 54 45 83 18 480
40 69 75 29 52 562
59 39 26 76 38 534
63 88 33 65 21 471
86 21 72 70 11 532
48 79 90 23 47 584
39 64 84 29 70 473
61 44 66 63 40 477
46 40 20 62 14 479
69 30 39 56 57 443
61 79 26 55 41 487
71 52 75 74 70 538
78 29 64 32 49 523
61 48 65 82 51 512
31 83 75 66 83 609
21 46 34 17 50 352
56 17 13 69 13 437
84 17 85 21 58 482
22 88 58 73 20 545
71 39 69 15 56 515
42 72 72 47 42 565
23 38 67 71 24 488
88 59 40 58 43 490
69 33 28 40 27 427
50 24 15 24 65 419
74 28 62 15 78 538
11 44 76 46 53 438
33 58 85 15 43 420
11 64 51 66 58 453
60 23 69 82 39 534
75 30 14 57 54 414
89 82 69 12 71 568
35 15 74 87 30 517
43 23 34 11 73 382
20 81 43 69 66 514
45 12 22 76 83 507
76 85 50 44 88 634
22 49 57 80 70 511
71 24 47 45 54 444
85 90 84 70 59 620
16 80 34 43 71 501
69 76 69 60 12 486
37 13 85 50 55 501
0 19 37 45 46 44 8 7 31 39 28 11 37 45 50 33 36 24 31 12 26 18 11 18 45 12 23 30 11 47 39 6 22 19 23 43 10 50 45 19 46 13 33 27 34 17 36 7 20 26
48 0 34 42 33 14 48 49 15 16 6 28 11 38 27 10 32 13 47 28 37 35 45 40 26 40 8 36 38 26 17 7 25 27 19 14 18 18 44 6 49 44 42 25 10 19 13 20 34 6
40 17 0 8 36 37 27 47 13 49 6 23 48 14 32 40 8 45 16 35 39 34 39 8 31 35 45 9 46 7 11 43 5 35 44 42 31 30 23 7 19 31 23 9 18 7 7 11 48 42
8 15 42 0 45 47 42 46 31 35 10 40 47 11 48 44 21 47 8 14 5 44 37 19 29 32 13 29 19 38 34 16 40 14 36 23 39 15 25 41 26 7 11 12 45 34 38 30 19 29
40 42 42 29 0 14 25 46 44 35 30 25 18 28 30 10 9 33 24 41 26 28 7 23 32 35 11 38 16 40 5 8 21 44 13 40 48 27 31 27 9 18 32 20 37 24 20 41 16 39
23 50 26 19 28 0 27 48 31 20 21 21 29 30 28 12 7 17 19 11 23 26 32 18 50 44 9 20 21 12 46 11 5 10 48 49 50 21 39 25 7 50 12 25 34 23 11 25 12 24
34 30 39 49 13 21 0 40 28 50 12 39 12 36 11 38 42 13 29 20 19 43 13 48 24 46 22 34 31 36 11 40 50 42 24 35 20 5 20 12 40 47 21 40 50 13 8 26 23 13
13 38 43 29 36 17 12 0 5 15 8 32 40 5 48 39 20 40 36 34 48 31 34 34 25 27 7 21 6 9 36 16 42 20 41 29 23 10 34 29 39 15 26 43 11 8 38 8 5 43
34 26 28 11 12 21 44 35 0 37 29 45 25 37 26 34 37 34 39 33 6 5 37 9 27 16 37 35 49 6 15 43 19 27 21 48 47 44 41 50 34 43 36 12 27 20 38 26 6 29
16 12 24 27 16 34 15 20 47 0 7 50 13 19 17 27 17 19 33 43 23 9 37 7 41 47 12 17 38 26 26 50 22 12 32 31 47 30 36 47 44 45 7 11 13 28 29 40 37 41
22 13 12 28 34 20 29 12 13 25 0 48 13 28 9 35 48 27 24 10 41 12 7 9 50 26 13 21 39 32 20 24 9 39 46 7 22 38 6 35 38 35 6 41 36 16 27 26 22 6
39 17 29 16 5 43 49 10 39 12 10 0 27 36 46 18 40 7 25 48 35 47 48 36 7 48 19 50 29 28 22 36 50 23 32 21 11 27 21 14 11 46 32 26 15 16 5 35 49 35
46 41 33 19 23 47 15 50 20 29 37 32 0 7 41 35 32 6 5 15 14 35 7 38 8 13 30 23 28 14 28 28 16 47 48 31 31 29 44 19 48 38 19 15 42 41 18 26 33 43
42 50 10 46 7 20 22 19 37 28 40 44 49 0 36 47 29 7 28 21 47 15 34 26 23 11 28 39 20 40 32 15 30 21 26 14 18 34 31 9 48 40 34 11 47 47 14 13 41 10
11 31 14 33 45 27 15 35 40 13 26 41 47 44 0 50 32 27 31 21 21 8 42 29 7 50 20 28 31 18 37 13 36 17 39 45 15 17 30 35 25 37 11 10 21 43 6 49 33 49
46 48 35 7 6 20 33 17 32 48 29 32 10 39 36 0 20 26 38 31 31 24 21 47 14 36 33 7 10 41 28 43 36 24 14 31 32 46 17 33 46 34 18 9 25 15 45 39 44 42
47 37 10 27 23 31 50 33 32 48 23 27 49 8 48 11 0 36 12 19 49 7 11 31 47 24 15 36 24 33 43 47 50 10 6 6 12 43 7 46 30 38 15 40 43 47 12 36 15 27
16 39 22 9 26 49 30 46 10 24 14 49 18 25 38 26 11 0 36 34 25 21 18 12 12 41 34 40 32 32 26 38 15 19 28 46 38 23 16 23 27 32 23 12 46 15 29 19 36 16
20 31 19 39 49 5 26 10 15 8 38 36 26 48 30 15 7 31 0 45 15 36 23 28 41 15 17 45 46 21 36 15 43 30 9 28 34 38 24 10 48 30 40 50 38 13 43 37 35 14
34 19 29 11 16 15 19 43 48 31 11 32 50 7 40 25 7 41 39 0 39 6 35 46 15 28 5 44 17 12 35 12 27 5 45 42 16 31 37 48 13 5 29 9 18 42 20 47 26 16
24 12 48 34 29 40 11 26 29 14 10 8 6 30 18 37 8 35 15 35 0 18 5 14 6 10 6 23 9 39 28 37 32 48 23 27 24 14 34 38 38 16 23 43 20 13 32 22 34 10
27 18 38 26 6 21 27 5 24 29 28 32 27 22 24 26 41 25 42 5 43 0 47 23 30 11 47 6 41 35 42 30 48 49 22 36 32 39 45 12 23 5 47 33 50 20 49 27 22 29
41 6 29 12 16 50 50 50 42 24 25 19 25 6 8 38 8 25 41 39 5 17 0 41 18 50 8 39 38 24 23 31 7 29 38 18 48 10 32 25 7 37 13 43 42 47 41 12 6 23
37 13 13 21 36 5 26 5 49 13 33 7 35 5 8 32 38 50 47 41 18 7 27 0 33 6 35 44 21 27 5 40 41 12 41 18 11 42 48 18 9 17 14 37 16 12 18 34 24 41
28 10 13 36 9 14 10 50 18 41 31 43 28 20 27 22 35 42 13 47 6 9 50 15 0 25 35 8 35 25 5 15 47 6 36 37 22 11 41 13 33 45 9 23 20 30 33 48 42 16
37 40 33 26 9 34 35 11 9 33 49 15 34 9 36 18 11 22 45 38 29 25 33 42 12 0 24 35 7 42 31 34 8 41 13 44 27 42 42 37 40 42 5 29 7 6 36 25 40 11
33 26 29 49 23 46 20 9 46 35 23 6 41 38 12 49 9 46 11 24 37 16 49 36 32 28 0 22 19 8 15 50 31 13 43 50 12 48 11 15 28 44 42 16 17 45 48 22 7 21
9 49 34 46 48 38 33 42 13 45 13 33 43 47 8 7 30 43 46 10 18 29 32 27 50 40 16 0 44 48 12 45 39 47 14 22 14 18 43 40 30 25 40 35 19 7 21 42 41 45
8 39 12 33 42 17 19 50 47 8 31 28 38 46 12 17 13 47 44 19 10 41 41 8 8 47 34 20 0 30 42 42 25 46 21 21 16 18 34 39 15 8 27 33 50 17 7 35 13 28
48 20 32 6 13 34 25 15 13 40 10 26 8 37 28 33 33 13 27 28 19 35 45 22 13 8 45 19 9 0 32 12 50 35 33 35 43 49 41 15 25 38 47 42 45 39 38 44 11 18
6 15 19 41 21 44 28 9 37 20 8 5 15 6 17 27 25 22 15 10 20 46 46 31 38 29 26 39 38 38 0 36 5 21 47 34 6 38 6 28 5 13 6 21 44 50 19 32 7 35
47 40 38 31 24 22 29 46 40 48 34 37 44 29 12 32 5 32 9 36 31 47 42 16 40 10 11 43 21 25 25 0 31 41 22 43 27 24 38 9 6 24 36 18 37 11 37 49 10 20
7 16 19 28 39 24 32 26 7 16 13 9 48 50 26 23 7 16 6 18 49 35 6 16 25 39 16 43 33 21 31 30 0 38 15 34 31 13 37 42 21 9 30 22 9 22 21 17 33 9
8 21 18 43 37 47 25 22 44 10 23 34 16 47 47 22 37 15 26 42 11 14 43 46 15 24 36 50 7 5 36 48 16 0 46 44 21 10 35 45 40 28 38 42 22 23 32 46 35 17
44 17 12 6 33 31 14 34 13 33 22 16 20 16 9 49 8 10 11 15 38 11 24 37 32 31 48 9 38 8 43 12 13 20 0 20 47 31 5 22 14 12 38 43 27 40 18 26 35 12
30 31 7 14 44 12 17 47 36 29 15 20 17 17 38 45 40 41 45 32 16 12 45 24 30 22 8 21 37 28 49 41 19 21 16 0 49 26 8 21 36 41 20 14 18 45 18 39 28 48
13 46 27 37 21 14 23 12 26 18 9 10 21 10 9 34 33 14 33 8 46 17 44 30 30 41 44 32 47 45 11 41 28 18 28 27 0 39 36 17 28 9 36 27 12 28 5 22 30 49
19 50 17 10 39 9 45 48 19 31 45 21 25 33 13 25 15 5 20 23 44 21 45 15 34 6 21 7 28 31 32 15 5 23 14 14 25 0 9 26 32 32 5 10 38 12 24 43 39 42
16 20 14 31 12 13 19 44 16 24 22 47 34 24 32 9 8 9 42 16 28 27 7 40 13 16 25 8 25 50 14 23 45 29 14 8 15 18 0 33 20 30 50 17 15 49 37 23 22 23
39 20 22 33 27 27 29 50 7 47 21 28 10 9 17 33 5 22 19 22 6 22 42 10 20 17 22 37 19 24 6 22 13 26 37 45 13 22 20 0 9 13 11 13 11 33 38 43 26 22
33 12 9 50 18 40 25 49 49 14 25 25 40 31 24 12 27 29 50 7 50 43 48 27 45 40 7 10 47 5 38 28 18 46 19 48 14 27 35 32 0 5 5 42 21 7 37 42 21 5
42 7 46 43 32 26 46 48 45 50 27 49 6 41 6 20 27 30 45 46 31 25 30 26 29 39 25 16 44 22 17 5 22 50 7 44 31 5 22 24 8 0 35 13 40 48 42 20 13 24
22 14 36 42 14 5 14 25 26 38 37 26 43 19 6 16 37 8 24 5 5 40 48 17 49 14 15 21 40 8 50 46 41 23 39 32 44 34 42 38 17 23 0 44 13 6 43 17 46 21
31 8 50 37 7 17 7 22 30 38 5 7 45 22 6 40 10 30 32 19 35 18 9 26 35 12 21 20 49 18 41 25 15 6 23 10 49 11 8 12 28 36 33 0 50 47 13 32 13 28
36 7 36 32 12 23 49 33 36 15 42 39 31 29 38 42 30 48 10 50 42 21 20 31 40 25 49 10 30 49 37 20 8 5 37 9 35 29 23 29 34 22 23 15 0 35 29 14 29 26
47 47 48 21 14 39 16 12 42 34 50 18 26 26 29 11 43 17 27 49 46 13 40 6 36 31 8 49 14 35 8 19 37 6 29 32 38 46 42 24 50 48 8 20 21 0 21 13 31 47
37 6 24 13 14 41 21 9 24 44 37 15 21 31 43 19 20 17 5 39 40 37 45 20 15 33 40 30 13 32 47 48 29 22 42 21 12 38 38 40 48 21 44 27 48 7 0 10 50 19
38 44 11 48 31 38 50 23 11 12 38 49 43 42 30 17 42 5 19 27 40 6 46 24 36 37 50 19 9 34 50 25 19 50 37 38 27 30 9 24 21 33 41 20 33 44 10 0 48 45
48 49 9 27 10 27 31 14 9 36 35 22 46 33 37 34 6 27 33 45 12 23 21 47 32 27 20 32 31 13 10 9 14 21 21 21 48 7 9 37 17 16 48 50 13 45 6 44 0 11
43 19 19 20 36 5 34 22 29 35 7 48 50 24 8 40 49 21 8 42 41 22 11 6 23 28 9 34 19 5 5 46 17 34 43 18 17 12 28 49 44 7 6 39 27 29 48 8 17 0
