100
851 420 286 485 615 44012
772 725 445 736 531 19347
284 44 995 149 65 23324
393 850 428 639 535 45854
408 874 617 373 495 28363
205 209 518 853 794 53394
756 682 735 1024 660 42131
147 621 804 608 963 50121
493 439 678 702 502 38442
384 179 663 465 733 43890
323 776 392 360 773 46221
132 528 227 797 550 34362
939 998 632 605 991 32857
895 153 729 585 753 19566
267 838 662 183 966 26685
523 216 439 583 231 40754
612 57 256 992 684 35148
612 357 978 673 668 53575
393 656 268 556 56 24101
67 911 85 1011 275 23399
169 296 232 974 324 41751
58 590 929 181 300 40199
471 666 335 742 874 38374
608 394 472 785 874 49930
804 494 31 418 50 22715
76 389 681 145 806 20928
451 417 37 165 463 43952
744 52 483 888 849 30678
333 655 557 35 370 22374
201 732 155 653 869 23489
456 31 716 536 344 24741
915 666 64 969 201 37938
37 755 856 883 406 42106
884 73 527 563 304 35742
429 409 996 979 184 54117
360 396 714 830 224 34022
823 309 242 529 734 52246
454 425 261 471 890 46545
376 773 368 504 449 45423
31 775 136 206 745 45781
917 509 269 684 357 19097
718 84 280 58 666 29850
989 259 295 838 738 31898
558 684 895 967 206 36869
124 535 746 306 920 48338
678 861 427 156 290 52387
104 776 667 404 647 49245
590 431 399 606 527 28710
274 79 524 114 504 48838
90 30 783 684 596 26013
614 842 346 251 73 45603
659 179 974 808 922 27115
272 661 1019 778 806 18885
134 973 933 668 216 45501
881 511 387 922 1015 34057
50 948 671 673 246 28021
468 167 609 873 707 40296
162 824 856 339 285 48467
150 626 577 802 226 31165
77 909 554 1019 90 26297
135 834 387 754 617 35553
963 268 37 473 239 29958
914 562 128 493 584 49604
421 301 985 272 473 23929
1008 51 318 557 891 33042
1023 888 978 154 534 53739
459 626 225 160 339 25295
383 236 232 928 856 40487
677 530 471 159 596 26153
952 497 489 43 489 46422
671 225 411 612 285 47032
524 608 195 269 35 29180
1015 493 103 841 510 35405
315 931 661 816 792 32212
569 852 167 582 480 31036
800 299 164 640 726 21341
891 818 581 797 586 48166
683 752 951 261 327 39077
225 659 771 90 979 43294
222 140 677 768 750 50775
731 759 891 680 642 26148
63 755 205 488 921 39100
49 247 981 555 629 20886
252 728 393 183 449 44950
539 259 550 292 397 33953
675 36 231 631 599 49844
837 39 795 152 459 29890
473 543 801 844 303 22520
108 292 360 532 1020 20060
248 494 33 550 423 43704
651 758 131 888 590 25542
286 482 79 179 506 35664
985 545 558 931 275 53991
694 985 793 213 576 48801
317 736 129 981 238 34694
732 278 215 80 777 47880
326 867 730 183 36 32473
737 468 553 833 822 36554
200 635 164 252 378 28115
30 439 759 430 700 41883
0 89 16 90 37 25 111 12 78 73 52 45 80 116 118 110 63 30 66 81 47 66 27 89 90 118 78 45 104 10 13 51 86 86 80 85 119 120 42 16 26 80 40 68 65 110 83 102 54 34 12 80 66 31 83 36 100 61 31 79 46 90 22 115 108 80 100 22 112 96 64 118 47 37 93 78 61 90 52 120 113 63 92 37 115 116 55 63 91 114 46 76 54 86 96 103 81 56 46 82
118 0 23 65 22 110 25 66 22 62 34 24 15 70 22 24 50 60 63 16 103 27 110 25 25 100 29 93 113 113 49 118 52 93 113 23 100 38 62 86 53 21 91 120 76 49 91 39 58 70 19 36 99 51 74 39 93 71 17 60 92 43 35 114 52 16 52 10 64 43 104 10 38 102 58 119 77 73 15 81 89 84 68 74 91 33 107 109 60 27 81 89 30 94 59 30 48 23 48 48
102 31 0 96 34 110 107 82 109 31 74 83 118 19 53 62 16 99 120 32 69 97 30 56 101 36 69 12 113 72 38 15 32 67 96 101 116 41 46 19 30 68 93 83 85 14 111 72 69 10 59 99 57 67 103 22 118 34 22 71 34 86 28 110 49 25 85 34 77 66 31 108 14 22 48 16 13 61 101 56 73 54 84 60 42 78 53 98 39 54 104 57 17 22 42 56 65 10 95 27
26 16 10 0 21 16 113 86 86 14 90 26 76 80 61 54 101 53 77 54 22 81 67 28 118 105 60 50 31 11 114 110 101 26 20 17 94 73 23 119 91 80 89 67 76 70 63 109 72 114 120 103 112 31 74 109 76 117 96 55 109 54 17 63 43 105 85 49 33 55 15 67 57 53 15 106 19 55 68 19 42 23 78 66 67 112 14 85 66 70 83 24 98 100 26 97 86 76 35 77
94 64 40 61 0 108 94 95 40 95 60 88 17 16 65 85 29 47 37 57 72 55 93 53 30 60 62 114 117 64 39 56 67 35 37 52 77 100 72 46 41 18 12 64 73 33 68 45 31 37 33 57 92 15 71 50 105 89 61 77 60 18 116 107 19 119 60 47 25 50 39 18 117 71 74 55 24 65 49 61 74 14 49 50 15 29 110 19 118 76 107 14 120 42 72 92 74 87 24 38
60 48 95 26 11 0 62 56 25 29 44 15 19 37 28 84 104 87 84 74 71 50 79 11 74 108 93 30 88 108 120 25 47 95 23 117 100 37 65 63 56 56 10 56 42 108 62 71 42 96 98 71 48 66 37 20 76 20 59 18 44 32 87 44 77 97 48 95 118 113 45 108 67 60 30 31 106 34 70 18 111 47 55 22 105 18 54 119 41 31 11 27 88 42 57 70 12 92 115 31
99 116 45 82 50 115 0 15 57 52 75 103 80 60 38 117 92 19 48 13 114 108 50 87 18 34 105 117 63 56 60 91 43 54 12 120 100 29 100 111 28 58 68 48 58 30 65 45 68 48 94 106 56 51 23 54 16 107 78 12 99 10 109 57 106 37 46 102 54 21 97 119 37 19 104 87 109 85 94 21 14 19 14 45 95 11 18 57 92 31 59 49 98 44 88 61 109 70 95 94
46 90 40 60 53 11 101 0 16 52 96 31 21 15 34 111 23 38 53 78 69 76 58 97 72 99 95 104 77 29 93 73 49 83 117 87 38 102 97 38 50 98 73 104 112 36 94 53 69 76 39 99 115 53 87 83 13 24 97 78 70 15 104 18 78 34 33 63 45 60 81 17 101 117 106 111 62 74 23 88 62 71 84 108 35 43 100 104 88 103 116 62 56 110 51 47 105 96 90 18
21 94 27 112 58 111 73 109 0 56 40 82 29 13 71 51 97 78 96 91 92 118 41 59 36 91 71 70 25 24 103 39 31 23 35 106 25 94 73 50 119 11 82 40 84 63 10 27 105 36 83 11 60 25 104 58 73 58 119 45 51 73 91 18 26 17 33 93 30 105 75 18 47 24 61 54 96 107 91 60 37 112 59 10 39 80 36 103 16 64 30 90 120 77 116 84 42 68 104 78
28 109 44 83 16 93 28 99 76 0 102 11 109 115 109 109 12 60 11 36 67 48 55 64 102 89 115 106 117 56 67 35 42 106 91 48 33 58 115 108 13 45 118 10 20 75 97 74 12 40 11 89 105 82 108 61 22 101 104 44 17 64 25 54 89 85 38 114 51 118 118 68 57 41 99 80 48 90 82 32 51 54 29 73 120 73 61 10 27 93 23 69 17 110 27 94 31 34 63 15
116 101 90 115 114 70 104 116 114 26 0 60 46 58 60 103 78 87 86 79 66 108 39 113 71 12 56 74 111 120 40 38 15 47 73 116 90 81 69 75 18 111 92 68 34 61 112 74 120 72 101 19 64 54 19 83 19 69 83 106 34 75 88 45 86 71 95 80 41 116 101 28 48 47 77 80 37 52 91 120 52 75 49 71 34 55 35 92 79 66 105 118 117 106 76 37 87 80 63 95
74 50 27 28 62 16 117 60 38 10 12 0 119 11 44 58 38 112 16 100 114 75 16 21 15 14 83 67 22 116 92 53 115 43 11 94 41 52 63 85 70 11 27 45 100 48 92 100 71 21 55 68 65 96 69 11 26 49 78 101 112 81 48 48 44 12 28 36 79 19 51 66 36 12 21 81 23 30 20 94 103 15 79 83 41 103 36 79 110 25 32 40 112 92 41 31 82 88 96 45
92 94 11 61 39 41 78 15 42 50 36 26 0 59 60 91 87 51 69 52 48 95 104 23 23 114 48 69 13 45 43 87 14 104 80 42 25 73 61 84 15 104 11 51 120 40 55 113 33 36 68 23 96 32 63 79 111 28 26 98 110 118 85 68 87 60 103 104 96 81 52 95 82 49 19 16 104 65 12 45 106 46 47 34 93 29 94 116 19 90 16 32 46 72 105 76 31 88 54 10
61 34 47 12 111 86 26 75 105 52 72 99 116 0 40 29 75 102 99 68 29 104 120 37 14 35 37 97 90 62 13 45 53 105 26 77 76 40 81 32 112 85 24 103 83 39 52 41 90 72 63 86 100 103 77 32 47 49 36 74 21 28 45 77 56 110 104 102 65 18 99 61 23 72 22 104 62 117 84 117 89 42 64 36 96 107 120 116 88 68 98 46 41 62 84 55 69 98 44 17
94 117 11 82 31 14 92 48 24 70 32 30 78 115 0 14 68 15 86 24 66 13 60 29 100 110 55 18 10 50 29 35 32 62 114 21 62 54 113 19 22 47 66 85 10 55 75 54 58 14 33 54 57 35 68 101 90 47 70 56 119 71 100 36 116 10 120 37 108 113 109 60 78 116 81 37 84 50 33 81 58 45 14 92 116 108 33 119 62 19 21 107 41 33 38 53 94 16 67 51
73 51 23 65 38 98 33 86 104 90 115 82 78 35 24 0 19 27 18 80 67 105 85 88 38 108 113 13 55 83 88 52 14 115 47 61 25 20 95 22 85 75 85 69 38 88 25 74 44 75 57 120 13 110 39 89 97 67 23 100 18 104 10 74 53 115 63 109 96 75 19 100 63 59 12 50 48 42 106 48 71 59 15 62 91 50 51 68 21 41 99 81 88 53 78 73 27 74 67 16
11 84 112 105 120 58 93 118 120 120 61 55 56 15 21 65 0 20 26 55 68 106 63 97 104 106 60 79 64 87 83 80 71 120 89 11 54 53 51 116 84 74 69 113 101 29 64 54 80 88 61 89 68 101 76 17 47 93 58 88 43 58 100 15 17 80 104 87 100 48 104 30 20 100 15 42 74 12 19 92 45 76 103 115 120 32 105 30 65 101 112 78 28 81 54 67 51 56 90 99
64 80 58 115 119 41 79 33 42 56 65 84 94 54 61 53 77 0 57 116 102 110 74 43 60 35 71 45 27 78 115 79 115 57 79 17 75 73 33 10 19 75 54 32 99 23 62 34 120 18 62 88 101 54 83 36 10 37 59 76 89 113 41 56 49 114 79 96 15 86 83 27 28 115 93 119 120 39 42 22 20 91 49 98 43 63 49 48 94 17 99 15 79 29 67 66 27 46 27 30
105 56 40 42 68 17 65 56 47 55 50 55 26 47 29 11 100 91 0 78 109 27 23 27 52 19 39 19 39 119 29 119 38 62 84 12 37 36 29 68 95 118 98 81 38 84 69 16 116 92 26 45 28 26 73 113 66 34 93 44 15 57 48 78 49 49 85 20 18 107 34 106 18 26 90 109 85 69 68 54 83 60 57 85 25 98 89 33 18 101 90 62 15 117 61 31 98 108 109 99
59 75 61 99 56 26 12 61 105 38 112 10 82 15 29 66 13 106 21 0 87 93 55 87 105 15 76 63 27 45 95 104 46 31 61 22 65 50 53 60 68 13 115 54 29 72 28 33 76 87 109 86 40 59 111 45 15 109 62 50 66 56 48 29 115 99 23 40 51 26 101 13 115 25 16 14 64 81 39 29 55 112 112 59 85 118 78 99 118 83 37 46 70 91 38 76 109 94 73 70
107 77 119 117 93 100 19 39 16 87 120 118 56 88 33 115 37 18 102 10 0 30 22 65 105 107 98 22 70 110 60 108 41 113 63 116 118 108 109 50 28 45 90 46 43 11 82 53 24 10 12 112 65 48 86 54 29 69 80 115 84 38 49 45 61 102 84 112 24 75 14 97 89 74 73 80 104 50 90 76 14 53 79 26 39 88 83 39 10 84 45 10 111 65 64 54 69 63 20 26
113 92 20 89 18 26 54 87 63 20 42 67 105 97 11 64 46 11 12 85 82 0 104 104 34 82 103 71 96 113 51 44 85 67 27 14 68 70 88 40 54 73 57 93 34 39 71 70 27 68 37 26 40 40 119 45 47 94 68 34 33 36 35 83 19 92 62 57 28 91 40 87 87 95 44 83 110 58 51 77 63 70 19 51 34 41 83 40 70 105 89 29 78 62 114 45 118 106 19 64
76 27 108 91 86 109 49 25 105 14 100 23 23 61 20 47 45 31 17 119 82 71 0 38 59 112 75 35 104 101 21 86 52 30 66 50 39 10 104 110 97 40 22 71 42 96 56 98 38 116 88 118 53 105 69 75 47 13 66 58 67 76 63 94 116 22 49 10 43 84 90 14 107 105 93 51 17 91 83 86 108 79 55 41 87 24 66 90 71 51 67 70 19 28 99 119 34 15 22 51
41 43 81 72 46 39 52 118 89 107 15 59 24 112 43 98 114 15 91 68 15 99 101 0 82 37 32 23 23 72 87 119 98 64 10 62 114 79 55 96 85 120 75 100 56 90 10 63 89 39 120 114 72 53 12 95 58 65 61 99 27 78 84 118 64 25 78 77 66 38 45 88 90 58 63 106 23 29 35 43 34 105 89 30 45 74 105 108 58 68 89 102 60 107 37 62 19 49 84 58
64 59 67 44 70 92 29 84 17 55 67 103 104 70 28 75 99 68 107 28 48 117 97 23 0 76 113 38 57 92 109 44 26 110 106 63 86 28 35 68 28 54 30 43 62 76 36 49 12 60 34 114 46 65 10 80 11 10 100 20 35 26 28 115 47 78 93 87 75 112 42 62 63 57 47 84 69 79 87 84 71 36 41 42 119 116 51 114 13 44 35 66 29 52 14 40 113 49 92 83
61 76 32 51 57 46 66 41 50 30 41 26 93 60 115 48 115 31 38 76 69 66 48 20 15 0 44 51 26 110 53 20 34 52 114 47 104 76 106 80 95 62 76 22 46 103 101 36 91 58 107 32 24 87 48 17 86 43 16 77 97 58 81 76 14 66 110 23 115 17 11 101 67 67 19 70 44 31 119 93 43 54 18 64 15 97 95 117 39 16 66 83 33 105 19 117 49 57 57 33
120 119 23 112 71 31 80 105 96 26 60 80 61 14 87 51 105 108 11 80 52 74 10 65 61 59 0 82 95 28 86 74 119 91 33 42 28 23 36 89 65 11 75 105 82 57 63 33 37 78 104 18 46 81 105 117 51 107 99 103 50 43 59 86 101 117 56 22 54 72 27 109 37 96 68 45 22 116 33 101 24 77 72 61 47 60 92 49 69 117 12 62 62 108 86 72 107 15 48 27
120 83 53 110 29 32 48 76 85 53 86 117 41 119 67 81 100 45 34 61 88 38 94 14 31 51 64 0 69 103 36 119 14 105 120 74 42 102 59 111 67 78 13 113 11 67 54 103 58 111 111 46 65 56 86 16 85 74 56 98 106 115 63 111 98 33 80 48 54 43 54 27 83 71 32 106 88 64 32 15 10 97 108 101 36 60 57 77 32 95 44 68 41 63 69 106 40 41 101 81
90 38 120 95 35 74 99 92 118 49 23 60 14 63 114 36 31 18 112 52 72 52 103 88 65 38 80 45 0 117 62 67 65 60 56 40 81 55 92 66 95 43 31 112 79 69 22 33 51 74 30 27 18 37 32 38 63 64 31 65 10 81 31 64 44 108 114 83 97 39 84 69 88 26 86 26 17 48 54 38 38 76 86 26 77 27 69 47 101 115 68 31 67 90 36 60 91 89 54 103
41 24 34 55 87 66 85 114 103 67 33 67 80 80 107 105 119 115 39 60 19 79 78 85 32 59 37 58 113 0 98 90 114 18 105 111 26 12 88 100 44 35 78 81 41 40 96 41 22 60 28 69 92 18 52 30 100 86 114 105 16 20 16 15 67 91 109 89 61 56 36 72 15 20 37 16 68 116 92 41 46 61 77 111 86 63 32 119 104 79 84 115 78 65 62 61 81 111 24 87
50 102 43 108 76 85 60 93 19 11 56 11 69 56 114 106 104 39 44 36 15 79 20 96 58 90 104 93 48 23 0 56 54 32 119 36 116 106 106 84 23 95 22 14 29 33 72 72 30 17 55 71 86 12 56 107 76 49 78 109 83 46 58 75 111 91 116 13 65 116 98 14 69 12 74 61 111 35 63 83 112 119 49 51 108 115 97 23 99 21 118 105 91 113 99 35 15 106 101 33
115 24 60 102 76 81 25 23 85 104 58 10 69 61 110 11 102 27 42 64 78 93 26 37 67 21 106 73 106 35 48 0 91 25 50 78 111 65 107 85 42 96 55 19 54 43 18 88 59 114 81 13 97 114 30 58 93 10 100 35 35 58 67 40 61 86 23 22 84 85 26 80 100 39 49 45 102 82 46 10 88 12 76 114 32 71 38 105 36 72 30 53 120 75 58 64 31 45 64 56
29 107 65 72 95 61 44 16 93 100 36 18 96 119 113 113 58 116 11 52 100 51 113 59 53 64 101 52 111 99 95 22 0 93 94 20 61 61 91 83 21 27 47 81 95 109 10 73 58 93 43 58 101 99 44 68 77 31 101 73 40 61 72 34 68 16 48 49 66 57 79 44 46 74 87 49 63 68 120 88 30 68 90 52 41 46 117 47 76 27 114 14 102 65 120 77 101 12 99 49
12 101 28 56 84 71 27 116 58 80 10 10 93 84 118 33 61 44 37 13 110 109 81 33 47 18 66 117 100 107 51 10 54 0 91 70 87 55 32 89 38 108 21 46 47 31 94 51 38 79 45 63 47 55 108 103 52 80 83 34 56 56 20 39 20 45 78 53 23 48 46 120 22 117 76 93 97 114 29 56 41 86 56 113 82 117 108 73 100 94 71 74 64 59 27 22 14 43 13 96
16 115 88 16 97 32 54 40 12 76 40 79 64 19 94 113 57 25 114 44 117 60 44 73 19 95 107 41 12 41 98 107 54 37 0 86 23 16 13 81 44 35 56 20 82 16 116 56 85 64 64 77 52 18 49 47 59 105 47 53 97 84 110 61 97 69 88 44 79 10 82 65 74 61 58 39 70 47 110 16 102 33 103 52 56 60 52 76 43 105 81 89 35 15 102 93 107 17 26 93
119 61 106 120 105 69 36 29 73 74 26 52 57 113 95 70 94 83 107 70 16 89 76 58 53 24 106 42 56 58 12 34 76 112 114 0 67 16 60 66 111 40 74 66 110 27 64 75 117 80 59 71 85 77 99 91 119 101 120 59 42 81 89 120 94 62 88 16 90 70 63 35 70 91 16 117 14 11 47 62 104 117 44 71 57 99 85 70 52 68 62 114 36 37 44 107 17 10 23 93
44 25 101 116 117 67 115 113 105 98 108 54 71 86 83 14 63 101 48 58 38 29 57 98 69 47 26 84 100 35 16 35 25 51 59 35 0 42 39 115 96 104 29 82 38 27 36 45 71 84 95 101 77 40 43 86 51 59 10 55 55 91 41 19 115 98 114 104 38 13 115 67 15 12 96 72 15 69 97 91 98 105 20 109 111 15 62 64 25 100 67 32 99 31 55 101 31 92 50 41
108 88 29 17 87 52 26 51 30 80 120 52 53 89 17 41 81 43 89 80 117 21 106 59 117 71 65 43 39 109 75 79 20 97 38 94 82 0 44 67 101 39 86 46 78 55 36 103 18 59 103 15 106 32 80 96 78 31 118 107 103 68 61 55 42 54 91 35 35 97 39 83 80 80 43 18 18 30 104 120 36 91 54 36 41 97 71 75 117 40 20 20 101 64 72 20 80 68 86 90
108 90 99 118 116 25 27 89 33 72 118 110 10 49 79 47 92 39 114 78 96 95 17 27 48 109 20 86 94 95 73 44 92 50 35 57 105 38 0 83 43 11 29 90 66 77 92 13 94 95 28 26 99 40 64 64 110 98 48 38 45 11 88 119 110 52 65 26 47 58 44 86 36 109 75 33 87 37 114 22 78 17 10 54 118 104 35 105 28 61 95 58 43 31 97 81 20 68 89 32
20 17 77 94 13 47 77 60 120 93 76 111 33 66 120 42 80 34 58 71 19 111 117 67 55 43 90 87 112 78 58 16 113 89 88 14 104 47 41 0 117 63 44 101 90 53 102 120 104 24 74 16 44 99 74 26 98 61 71 96 117 53 59 108 23 79 74 112 32 23 75 29 119 45 67 118 88 96 32 39 57 20 60 69 95 37 91 75 78 111 35 93 62 87 63 85 86 68 68 88
58 106 26 48 96 119 49 92 85 72 15 30 87 113 113 56 81 100 79 75 16 18 30 74 77 11 40 79 116 114 35 25 70 90 65 32 37 105 32 71 0 117 88 28 78 105 71 13 39 35 22 27 30 118 93 44 31 113 74 54 17 106 72 96 58 15 84 26 44 78 81 11 107 120 13 63 88 63 37 92 10 97 48 70 58 15 73 71 103 11 20 113 117 50 84 75 82 93 39 68
84 115 41 118 97 79 24 120 110 35 114 74 77 109 116 79 38 93 34 85 62 120 86 23 18 100 56 47 90 94 49 90 93 30 104 56 30 113 38 80 107 0 109 22 97 77 37 37 109 116 22 26 109 112 10 67 64 35 58 39 113 117 11 27 29 118 74 52 97 88 25 41 72 92 94 90 22 90 95 44 35 11 119 65 55 102 80 111 102 73 19 118 40 44 118 79 12 34 54 26
116 110 64 102 68 118 91 49 117 84 55 105 40 113 32 118 50 60 118 101 96 46 60 102 94 101 71 78 113 71 31 16 86 60 21 14 88 38 75 34 65 98 0 60 108 115 112 34 34 84 51 43 41 112 90 13 48 14 11 11 85 109 120 77 36 22 49 62 18 85 94 80 95 92 95 73 110 85 24 14 59 74 95 68 84 21 17 39 21 117 87 114 118 27 114 84 12 111 56 89
119 44 106 66 11 102 52 24 114 109 120 110 19 60 37 75 49 113 113 88 50 77 51 60 22 18 56 87 29 23 45 77 20 117 85 54 73 31 85 104 47 23 115 0 44 37 59 73 95 110 63 92 91 14 67 18 120 29 32 42 59 11 57 104 89 55 84 76 45 120 14 119 45 44 100 49 29 90 51 90 13 81 84 57 43 61 106 109 70 69 17 60 102 58 52 87 93 92 70 82
21 97 81 81 18 109 46 56 60 68 95 57 79 39 75 39 27 98 56 42 52 29 35 31 63 31 85 45 77 115 94 38 13 56 103 19 31 59 67 98 32 90 118 119 0 93 17 82 53 40 71 46 27 103 59 112 80 74 15 32 106 44 29 61 104 56 19 83 113 69 118 31 87 71 120 14 15 111 102 70 81 26 97 75 89 58 106 119 86 15 109 40 11 117 20 74 21 12 40 106
71 16 109 11 63 18 53 40 51 80 104 94 80 79 12 72 41 63 87 99 25 30 77 80 78 84 62 55 34 23 99 65 105 97 91 58 119 30 75 106 68 15 57 43 30 0 11 11 81 98 66 20 114 44 66 27 37 40 31 27 100 24 80 57 93 102 31 64 32 101 75 46 97 110 90 60 46 83 110 107 88 119 21 61 117 107 96 86 56 117 104 102 104 77 23 79 43 81 13 12
87 43 72 112 16 75 63 27 26 107 53 69 21 112 78 33 73 99 70 90 110 120 111 33 48 106 50 96 67 74 91 55 116 64 81 112 65 110 21 59 105 56 81 56 44 45 0 45 74 73 99 28 95 90 111 101 116 17 108 26 74 69 79 67 101 75 58 49 18 56 76 74 10 65 48 34 50 76 71 100 56 102 25 31 96 35 84 50 36 49 86 119 59 28 74 39 22 103 21 99
50 34 108 119 44 26 119 104 44 48 79 44 83 117 118 109 57 13 11 34 120 97 102 48 52 106 44 28 77 66 60 58 63 38 71 107 93 115 89 47 48 44 44 37 100 40 52 0 34 70 55 49 56 32 104 90 59 49 108 81 114 13 58 32 36 81 111 58 26 50 106 117 14 32 103 57 71 110 79 14 10 70 24 104 53 50 68 55 32 99 20 68 115 76 96 47 117 62 67 77
89 79 56 102 106 85 117 36 107 31 50 38 33 15 91 13 16 11 103 109 54 120 113 65 81 82 47 47 10 91 80 115 47 105 16 108 71 92 30 57 15 42 89 116 96 106 19 16 0 19 66 27 72 23 87 116 83 32 41 41 18 44 33 19 33 42 61 70 100 108 83 79 40 82 19 34 47 100 32 13 68 70 36 40 102 90 53 53 21 105 23 102 77 25 87 44 17 104 96 11
119 99 105 107 34 104 109 71 79 70 51 93 91 38 62 79 36 112 77 82 101 41 80 52 93 115 63 38 42 24 31 70 105 51 50 41 84 104 75 23 41 77 68 91 60 20 33 71 26 0 96 114 73 90 45 59 60 92 119 30 61 114 57 107 62 76 93 117 59 29 59 42 76 82 84 40 75 43 34 34 106 39 59 49 42 43 73 72 76 22 93 28 30 12 93 72 22 66 88 97
107 83 84 108 29 98 79 51 43 25 88 53 83 112 92 43 118 84 92 36 109 43 94 76 99 77 21 51 51 42 35 35 55 57 113 66 92 19 29 52 33 82 55 82 65 10 34 87 22 120 0 97 32 22 83 94 29 13 39 12 11 29 26 85 16 74 49 62 97 104 45 76 88 101 50 45 58 82 75 46 78 43 88 11 107 69 92 22 103 59 94 76 47 76 80 97 99 82 101 96
46 37 115 23 64 69 26 53 69 93 13 53 100 73 45 36 23 69 42 94 43 59 80 11 70 47 47 52 35 81 66 78 101 82 21 51 101 31 81 20 104 110 42 16 56 24 88 60 15 32 47 0 23 28 50 82 12 64 42 32 97 33 89 10 61 41 37 113 55 49 61 91 51 34 53 65 50 36 110 109 79 88 62 89 56 37 16 49 44 50 76 75 38 73 24 21 119 16 98 74
118 24 67 70 62 56 78 25 115 26 78 44 53 109 80 101 100 22 53 52 11 29 19 90 58 102 71 86 51 56 17 27 91 70 64 112 18 114 115 103 19 120 61 11 99 15 75 29 104 93 26 91 0 30 28 40 42 43 83 107 24 96 36 98 73 106 15 56 12 33 37 47 63 76 101 69 99 42 113 84 107 42 112 108 96 15 68 86 57 84 48 29 43 111 42 27 115 116 58 107
42 10 52 67 111 112 95 107 90 48 65 54 40 91 63 36 31 87 61 31 32 103 49 59 34 54 34 42 118 85 15 51 56 110 69 57 95 120 50 30 84 83 28 89 87 13 92 96 57 101 75 24 90 0 29 39 73 93 68 66 33 100 16 72 41 56 79 108 37 107 43 27 117 17 20 79 96 69 73 41 76 66 48 35 58 90 77 49 19 17 14 85 54 12 102 27 33 28 49 14
56 75 53 53 19 34 94 32 17 97 108 107 120 72 28 29 91 43 22 79 54 34 85 58 66 54 39 19 53 71 43 43 76 99 53 45 115 54 115 108 107 96 104 26 86 68 19 19 105 27 115 35 24 71 0 38 94 87 57 49 38 11 32 108 110 107 34 12 89 78 119 29 89 35 68 86 29 13 113 39 85 23 79 117 16 57 35 35 95 14 79 21 47 111 65 39 102 41 55 51
52 117 60 97 85 100 73 94 76 44 101 46 31 14 57 75 114 39 72 103 113 54 92 65 12 45 29 47 118 58 86 76 94 57 79 96 68 37 97 84 36 97 36 17 103 58 25 72 24 80 43 85 70 25 74 0 20 120 89 87 117 45 24 10 35 28 54 41 18 65 47 70 42 83 76 18 59 66 20 49 116 101 10 120 30 17 75 86 56 42 27 105 77 27 26 119 97 100 103 27
14 58 90 15 97 66 32 96 73 110 54 50 85 117 20 22 94 50 93 30 21 21 39 68 106 66 113 78 110 33 74 112 10 45 82 96 19 99 72 35 43 36 17 103 66 32 23 120 12 52 15 39 108 56 80 50 0 40 118 17 107 25 21 15 16 47 49 104 110 19 60 88 25 17 43 31 16 38 23 70 115 11 69 84 17 18 28 48 83 25 114 36 26 96 55 51 12 74 100 109
59 62 104 17 20 48 62 44 41 83 118 106 105 99 86 54 43 23 34 87 117 107 117 98 104 53 37 91 88 65 92 106 58 55 21 63 39 106 60 58 35 28 98 24 38 86 10 80 37 15 99 54 104 120 112 99 58 0 81 21 33 62 78 119 103 86 63 40 13 34 32 71 87 61 91 42 98 114 90 113 111 103 108 61 44 75 64 55 47 22 93 112 64 40 97 98 64 102 18 95
47 89 98 54 41 60 101 101 49 41 51 51 83 62 119 56 69 119 63 36 115 82 20 74 47 43 71 32 37 41 95 53 55 55 112 101 106 106 37 22 68 110 101 107 114 59 40 93 120 79 89 22 85 90 92 72 27 23 0 108 13 87 112 26 14 96 83 24 72 91 33 70 110 119 23 61 105 102 51 119 17 39 83 103 50 79 76 47 86 82 41 114 49 120 101 22 79 11 118 77
92 69 102 84 19 36 14 118 51 100 91 85 116 25 36 115 94 20 95 106 85 17 84 49 69 37 19 26 88 109 93 15 68 94 21 40 51 115 118 22 29 67 87 110 98 81 40 13 102 118 113 74 25 93 30 56 78 75 111 0 110 20 40 68 25 120 34 75 16 79 35 17 117 82 12 107 53 102 20 62 41 115 97 48 102 16 106 86 85 46 46 22 34 117 30 84 78 72 72 17
49 81 115 19 76 81 16 95 68 67 67 100 65 19 52 30 43 119 74 45 61 66 31 23 93 35 120 59 105 42 84 115 12 63 47 16 20 81 79 23 60 21 55 77 34 106 28 56 110 50 115 43 56 12 16 71 59 79 74 119 0 115 52 118 75 108 68 100 109 16 47 54 111 53 10 14 48 13 71 67 114 113 89 81 38 16 16 84 30 34 48 22 103 64 62 51 102 89 61 118
18 97 71 35 57 93 110 18 112 72 108 54 17 89 46 105 41 49 30 115 78 43 102 37 71 52 85 11 57 90 84 44 24 53 24 55 73 108 15 32 35 91 17 19 85 81 28 26 20 85 106 84 95 49 78 76 58 24 106 23 68 0 51 102 19 68 102 61 27 27 42 45 76 114 83 83 57 81 115 79 81 97 70 65 98 45 112 28 79 97 51 104 97 72 69 107 44 36 21 102
85 61 23 21 72 42 56 101 58 36 106 67 63 82 61 26 80 52 47 86 101 58 88 101 10 89 50 12 85 59 66 73 104 13 66 96 70 109 87 40 44 83 23 36 32 112 87 119 14 92 100 20 114 66 62 120 82 105 98 112 89 38 0 97 94 70 60 55 70 35 63 42 71 27 27 79 19 99 66 38 66 73 65 69 36 32 39 112 65 103 99 117 46 109 88 104 52 39 114 81
69 87 63 108 21 111 77 45 83 106 46 106 88 73 98 73 68 23 100 38 66 84 27 98 84 13 108 50 96 41 40 110 74 65 95 118 98 117 107 101 86 107 111 12 28 74 80 84 43 37 91 34 19 62 10 30 28 48 12 100 16 70 88 0 112 98 84 108 80 60 39 119 47 35 68 95 91 108 64 33 111 72 49 40 17 79 16 100 40 84 12 12 64 113 67 37 49 12 16 12
64 116 115 83 54 66 28 82 53 49 77 19 68 13 10 68 80 114 65 110 21 48 111 42 102 12 88 77 33 34 35 115 107 45 77 23 73 81 37 98 119 96 70 12 90 72 67 23 18 47 39 47 66 113 68 14 64 93 79 107 35 71 113 39 0 118 94 41 64 79 78 34 23 51 37 64 37 64 51 65 79 78 110 64 47 63 68 116 91 120 49 102 112 57 22 71 100 65 104 23
32 110 28 51 50 47 105 69 70 47 58 35 54 42 14 71 19 29 66 68 104 51 70 13 120 108 27 35 70 64 71 36 15 102 18 90 110 73 44 56 27 20 11 47 108 18 84 43 29 12 38 100 10 110 94 36 20 21 114 46 60 71 114 72 11 0 49 68 57 67 68 72 95 89 83 51 100 101 12 12 95 27 86 118 66 22 84 24 87 13 109 48 73 62 101 52 98 54 107 115
58 18 12 80 112 110 12 60 37 17 118 47 71 44 51 53 79 23 73 58 13 36 11 60 31 54 117 32 90 74 19 46 31 96 88 36 80 36 111 34 62 44 57 75 114 64 117 73 112 120 85 104 36 70 52 85 17 43 117 76 82 110 11 94 91 34 0 64 101 81 46 48 78 26 34 19 27 110 14 26 19 70 37 47 52 74 86 76 63 93 31 55 100 108 67 47 57 88 12 22
40 60 117 19 64 114 78 19 80 12 86 16 35 98 91 45 105 16 117 43 64 38 66 115 81 32 109 39 18 59 64 67 106 12 112 58 18 73 110 18 27 42 118 35 43 119 107 72 41 36 98 42 78 104 56 100 62 52 66 65 92 119 19 12 74 22 57 0 94 78 32 33 16 79 102 50 114 56 75 33 52 62 90 35 106 111 13 49 33 101 101 27 52 63 83 20 42 12 40 31
50 110 77 94 20 114 112 108 54 27 93 113 113 93 67 25 75 93 16 17 52 54 50 34 75 100 73 24 97 61 113 83 103 96 13 80 80 43 67 114 26 84 103 97 31 111 92 41 104 55 75 67 116 46 46 118 49 21 97 86 40 16 12 23 72 119 11 18 0 113 21 71 42 110 62 102 56 80 114 44 41 63 63 18 49 77 57 56 43 85 120 46 33 87 13 20 22 13 21 12
69 117 27 79 108 56 47 112 44 33 57 23 64 79 111 38 24 84 74 11 62 87 58 37 98 10 26 90 94 55 31 92 104 97 67 86 107 70 67 61 34 65 91 36 24 88 53 30 13 85 74 14 92 109 76 59 84 103 54 89 115 33 58 74 108 29 25 30 63 0 21 40 54 118 118 69 17 102 114 89 78 56 41 18 83 82 87 72 88 10 118 87 53 29 29 83 100 41 79 37
72 52 71 102 99 38 14 32 113 59 102 34 108 82 17 97 82 91 98 49 70 73 83 20 116 95 47 58 26 33 17 113 11 71 18 19 79 52 50 91 60 12 112 112 10 92 102 102 70 17 94 119 114 84 21 43 28 91 74 59 81 81 60 108 93 100 106 47 111 115 0 67 40 76 87 56 88 104 23 99 107 53 45 26 101 103 101 116 22 47 18 78 39 42 18 74 92 103 83 18
14 32 83 49 79 19 77 31 49 31 29 118 75 46 76 109 59 110 100 87 85 94 47 39 53 39 86 22 97 114 97 97 82 17 70 76 62 53 118 26 98 49 88 35 69 41 40 18 41 55 19 94 25 72 17 33 107 50 24 73 73 32 89 111 13 81 42 118 47 86 26 0 19 75 58 38 64 82 70 35 113 59 36 29 84 114 77 36 58 33 93 66 50 22 71 113 18 111 86 47
89 24 118 60 34 95 52 77 64 62 118 37 50 68 41 91 51 36 37 61 75 98 91 92 110 87 102 63 27 95 104 106 21 51 32 94 36 85 60 95 86 23 29 109 112 116 82 30 81 31 99 11 86 70 43 106 108 90 76 102 112 59 24 79 113 79 59 109 23 109 104 45 0 101 46 94 31 93 91 108 31 63 111 111 115 83 46 62 12 57 85 107 84 87 114 28 100 86 44 119
40 17 120 47 71 58 41 102 99 103 74 16 105 78 18 68 74 103 88 32 32 82 110 33 35 30 31 28 76 45 109 80 76 27 113 20 25 88 47 31 23 66 74 73 110 56 48 96 14 114 74 14 28 61 102 61 27 113 13 85 106 115 114 11 114 27 22 71 70 17 119 62 13 0 74 13 10 112 25 92 25 17 58 85 113 37 38 51 89 97 28 74 35 36 27 23 72 22 93 90
38 69 96 104 112 26 120 25 11 27 12 10 30 52 90 110 96 91 48 65 117 101 118 73 71 65 73 95 83 75 73 28 91 39 79 22 57 17 76 119 46 89 40 35 19 59 79 29 111 119 18 95 90 32 44 59 57 70 45 73 19 100 59 116 17 49 60 42 81 80 17 94 33 56 0 91 11 36 36 15 12 108 84 12 91 23 52 12 100 15 35 76 35 19 46 44 88 104 79 31
26 113 15 51 73 27 25 110 35 33 67 118 31 10 64 45 93 92 87 13 91 83 115 54 91 16 20 26 32 60 44 31 63 29 117 12 61 70 67 51 24 21 91 87 95 103 77 46 113 24 108 37 116 54 29 83 113 106 26 120 111 46 47 67 68 79 96 86 39 46 23 118 73 14 83 0 67 80 50 15 103 74 86 88 21 98 39 97 81 49 53 90 15 80 42 80 117 60 30 101
30 80 74 11 61 16 60 76 55 13 99 103 62 98 119 99 56 108 74 104 28 13 23 30 73 99 18 87 24 19 56 34 21 50 100 101 22 48 61 45 34 69 36 61 23 98 28 73 52 102 24 52 62 34 25 63 102 20 109 72 72 24 104 118 94 65 62 44 37 12 22 96 40 69 65 25 0 65 15 82 81 26 63 40 96 112 69 82 22 28 57 108 84 11 110 23 104 12 109 19
23 85 17 24 13 43 93 84 24 97 66 74 53 13 103 69 58 20 77 107 101 20 25 73 68 107 33 111 84 21 25 94 106 29 40 107 82 93 87 110 120 120 68 112 115 117 36 43 50 97 12 78 24 15 119 17 88 30 66 20 88 116 91 46 28 103 52 60 85 30 44 68 98 25 13 49 67 0 22 95 112 20 33 71 94 55 120 14 103 96 119 65 47 61 33 29 50 14 108 53
45 79 36 70 57 36 30 74 95 13 40 60 56 43 85 93 19 17 66 61 54 97 46 58 27 45 64 37 71 78 48 62 75 20 116 41 77 94 19 44 89 51 85 104 109 16 63 48 18 118 86 82 26 87 103 54 89 65 97 120 10 77 90 34 17 33 25 85 20 34 49 104 73 59 14 97 59 98 0 96 99 33 71 86 18 23 82 57 33 41 31 54 47 94 13 65 54 41 30 76
24 65 29 35 20 47 92 35 52 112 57 71 47 49 27 71 90 102 114 94 34 98 62 88 109 109 86 35 118 110 37 71 103 69 30 70 104 84 94 36 106 39 76 89 80 105 75 21 26 50 34 119 17 16 30 31 40 99 23 82 46 41 50 38 99 12 33 73 80 79 101 45 63 119 67 12 11 54 112 0 65 84 68 63 76 26 38 58 27 33 15 39 21 113 116 47 95 41 22 105
106 30 60 78 52 111 32 82 90 97 20 76 68 45 74 58 102 30 48 81 78 84 24 105 57 102 117 14 93 90 119 19 43 36 110 49 41 71 105 50 72 98 102 31 40 96 12 54 66 103 11 90 104 30 35 12 63 82 55 58 35 66 78 72 95 33 96 97 53 41 40 32 100 69 116 77 60 67 62 101 0 118 70 15 34 13 112 96 40 100 46 97 94 41 26 60 62 14 21 76
21 110 35 93 32 110 53 118 60 32 47 96 52 40 24 98 55 57 81 28 50 42 18 108 49 65 73 87 63 33 92 17 15 33 86 26 38 43 73 97 82 24 15 62 70 24 72 48 109 113 115 114 49 87 67 113 112 69 53 32 36 79 69 76 38 93 77 85 109 90 100 85 41 116 96 77 41 67 89 51 77 0 52 35 79 89 51 70 41 106 58 89 55 108 103 99 115 72 107 21
30 54 60 42 103 120 117 62 16 12 44 21 103 22 99 15 97 95 72 99 87 20 48 31 67 114 45 12 58 37 77 74 62 86 49 53 22 17 41 73 13 47 113 62 21 51 77 115 14 28 59 75 54 119 29 23 80 74 12 13 116 17 61 67 18 100 41 83 25 61 72 48 79 92 54 55 17 24 48 108 71 66 0 23 96 18 74 20 112 79 115 96 12 86 70 65 31 38 41 58
108 71 97 44 32 37 50 78 57 96 93 120 96 22 74 14 91 118 102 21 52 71 107 80 63 19 114 17 72 83 117 81 98 62 33 23 39 79 58 18 56 93 119 81 54 75 78 66 71 17 112 76 23 33 11 80 89 43 93 53 114 89 35 82 34 17 119 14 35 82 86 13 81 52 116 23 104 35 107 69 57 40 113 0 91 64 105 66 93 16 110 75 101 96 83 103 81 101 60 86
78 90 30 88 61 60 82 21 58 32 65 65 37 54 63 72 56 71 120 31 114 36 97 70 86 20 65 117 51 47 13 62 49 111 46 35 116 55 20 99 110 17 105 103 119 52 101 48 120 62 40 120 20 75 38 75 82 93 83 71 94 70 102 88 70 85 65 109 43 11 108 39 25 37 42 28 52 37 27 54 72 96 18 79 0 33 74 58 27 107 17 33 65 58 49 100 71 85 64 82
108 108 31 55 58 19 51 109 44 118 112 19 113 29 44 20 59 72 36 81 112 91 25 76 10 62 91 13 29 44 48 111 91 73 47 114 105 54 109 72 82 81 29 93 71 76 31 79 32 87 98 78 120 79 78 51 85 44 43 43 11 54 77 86 98 18 113 68 106 93 60 93 89 108 33 75 105 73 28 10 38 45 79 47 47 0 100 43 47 68 16 63 53 96 28 61 62 65 82 113
53 58 110 89 37 63 97 39 92 101 60 49 76 76 73 114 57 13 94 45 50 71 98 48 94 52 97 49 75 25 50 101 36 71 30 51 66 47 32 115 113 12 81 71 21 80 39 28 36 58 14 109 117 45 87 37 29 114 36 83 26 41 55 16 51 94 116 58 28 49 41 58 94 99 41 82 119 51 49 110 12 86 86 120 89 28 0 109 22 107 55 10 98 45 15 91 55 85 114 83
81 68 119 83 19 116 94 77 114 113 32 118 93 53 55 76 10 53 35 104 27 34 103 56 120 79 65 108 17 92 72 119 67 30 63 27 56 116 94 44 44 36 107 107 18 46 65 17 106 35 81 103 13 49 39 52 92 79 63 64 26 109 42 111 68 28 84 17 62 19 102 113 66 11 110 48 77 13 113 54 14 79 96 71 65 29 24 0 51 94 37 29 13 31 101 32 57 24 38 118
68 117 114 55 92 51 98 21 13 36 97 51 17 36 54 63 16 98 116 97 40 99 40 47 68 20 18 19 92 114 74 39 102 78 99 71 33 18 112 38 85 10 108 47 60 54 15 40 110 84 83 26 13 46 101 13 20 27 25 115 94 46 59 17 57 106 113 22 114 107 93 83 52 98 78 43 88 61 46 72 94 73 73 33 84 115 118 55 0 95 107 46 98 46 114 58 66 76 44 28
77 69 116 31 58 105 53 58 14 60 36 109 55 24 114 79 39 19 19 112 26 13 98 96 120 100 76 65 86 63 10 12 24 50 100 41 42 40 42 63 28 30 96 84 118 63 60 25 88 30 100 44 23 94 103 112 83 102 115 11 38 46 96 107 31 62 100 38 41 65 40 28 94 63 43 18 14 80 68 101 98 49 66 72 37 52 38 106 114 0 20 64 35 111 96 53 18 52 79 97
101 69 72 13 118 70 12 58 60 97 89 93 25 118 93 15 43 58 13 83 101 74 92 86 25 82 44 88 50 115 110 65 105 58 61 16 109 45 104 26 83 57 57 18 81 38 37 11 76 39 26 88 82 66 120 98 54 15 84 90 114 55 64 42 51 85 110 80 15 44 56 45 76 20 84 28 35 76 13 91 85 33 14 113 34 113 32 115 88 99 0 45 90 48 32 46 54 89 71 18
67 58 12 96 60 94 61 69 30 86 52 57 101 30 90 116 78 64 49 51 20 79 82 36 21 115 73 32 51 84 67 82 43 119 74 39 74 63 53 60 22 16 43 55 37 109 90 31 50 104 38 15 110 81 25 10 60 106 98 32 108 34 65 10 18 65 23 97 60 108 13 27 30 18 35 74 75 41 115 63 94 28 93 86 17 98 92 42 102 111 42 0 71 26 63 107 64 99 64 84
63 78 109 50 117 78 119 87 55 56 54 44 10 79 18 71 50 97 71 42 120 12 103 65 54 20 109 49 71 11 68 113 77 75 105 31 61 39 77 83 90 13 49 28 71 116 114 106 34 104 100 50 25 30 109 51 96 63 35 30 21 117 41 11 45 64 16 58 34 28 59 74 65 107 22 12 109 115 62 72 100 16 63 107 82 80 107 88 62 78 35 112 0 63 44 72 43 76 55 71
96 79 109 51 103 46 95 46 50 70 68 22 95 27 61 55 83 102 81 59 67 39 51 89 117 34 54 116 101 99 28 27 52 44 85 98 55 89 11 47 79 49 53 32 88 82 73 29 64 105 99 60 87 12 116 69 90 115 19 61 104 33 47 63 115 13 86 41 44 17 30 80 10 59 54 99 46 74 60 30 95 48 42 75 26 85 36 65 19 96 21 70 92 0 18 25 50 25 75 58
53 41 94 113 84 17 79 36 57 119 118 27 77 41 73 33 120 97 62 97 87 120 108 60 91 46 64 66 99 40 87 65 103 72 116 38 47 95 28 51 119 55 81 72 20 46 111 66 72 112 72 23 41 116 116 27 55 52 55 53 13 36 84 111 85 120 27 82 66 106 21 114 89 25 111 13 65 27 117 39 65 111 75 65 68 52 103 46 34 52 36 94 20 20 0 22 23 109 39 13
57 68 58 67 13 39 23 18 60 74 43 53 90 17 67 70 101 27 63 75 43 79 53 64 89 43 99 113 56 59 60 64 43 74 57 70 44 56 31 19 80 102 11 109 71 95 77 103 40 87 119 117 44 61 40 115 109 116 84 113 61 33 49 77 32 49 118 19 89 54 35 58 46 10 28 97 114 117 64 24 118 78 18 82 59 99 77 16 25 50 97 55 97 96 14 0 117 74 82 116
97 84 119 15 11 118 88 37 47 23 77 10 67 24 11 102 71 118 101 75 60 59 49 98 14 81 56 14 81 29 73 74 97 19 66 114 106 88 72 105 118 54 106 61 35 107 108 69 65 111 44 38 99 89 73 111 111 68 112 110 18 68 119 38 111 97 89 27 22 77 104 26 58 92 40 73 25 120 91 35 98 88 109 52 120 64 118 99 13 109 59 55 118 29 62 36 0 29 115 101
19 109 97 114 53 86 61 85 77 21 33 119 111 50 41 103 86 120 76 118 32 56 105 18 59 18 53 46 31 114 11 86 73 52 85 117 32 107 60 109 62 34 85 16 107 38 62 84 89 111 90 108 33 50 113 66 13 58 50 50 17 118 50 91 33 27 43 48 100 53 53 86 63 44 77 88 13 74 110 103 112 71 18 20 53 96 37 76 25 108 66 98 51 109 74 25 14 0 23 57
23 39 79 115 66 113 58 103 35 91 11 23 36 36 63 73 98 77 113 56 67 18 68 120 42 90 86 67 111 71 49 19 65 43 62 59 75 95 89 19 52 119 49 98 119 36 10 109 75 120 83 27 64 57 28 54 100 95 102 28 63 62 33 95 115 113 50 68 39 37 56 83 31 22 57 77 101 88 104 89 20 17 27 36 97 60 28 37 113 53 47 85 39 27 25 111 44 68 0 72
102 34 38 85 54 28 81 34 19 12 109 66 64 72 64 45 13 35 63 109 60 10 95 100 74 120 57 69 47 86 71 13 92 23 12 53 13 81 58 57 64 90 37 64 47 119 57 40 100 79 31 84 37 42 28 46 77 104 12 89 79 45 44 20 25 14 87 28 51 17 57 91 18 117 50 120 91 68 112 109 90 33 120 70 75 53 49 35 38 38 102 49 52 97 64 75 103 20 34 0