150
18 97 27 98 83 3980
34 26 54 86 9 4788
94 26 71 95 11 4404
37 39 94 75 67 4147
93 8 18 68 12 4099
70 9 9 70 24 4736
17 79 75 58 78 5049
14 48 5 29 78 4285
25 29 9 17 22 3988
4 94 46 87 72 4916
63 95 96 71 97 4380
53 20 83 81 43 5121
70 97 8 38 91 4974
87 51 86 17 95 4255
41 65 36 48 77 4697
74 19 69 94 61 3928
26 84 36 37 57 3917
85 33 53 17 59 4603
69 23 87 75 20 4055
9 58 30 10 6 5089
67 97 80 94 95 4552
50 12 24 68 5 5080
41 34 28 10 38 3823
20 87 42 12 85 5242
21 96 55 42 95 3952
29 88 18 44 17 4118
26 19 61 94 54 4535
24 25 35 71 63 4269
4 65 56 57 70 4553
49 93 24 1 46 4270
69 48 23 66 7 3773
33 88 46 17 78 5204
57 98 84 7 33 4982
86 34 14 5 42 4602
92 65 21 67 29 4278
79 24 2 62 22 4049
91 76 49 1 24 3802
66 41 13 10 4 4115
82 89 84 81 9 5129
73 7 57 93 12 4749
50 47 29 20 35 5133
69 97 88 65 40 4818
54 74 12 30 6 3952
48 91 82 10 91 4383
30 29 3 64 93 3771
6 45 39 12 37 4903
35 97 96 89 18 4941
75 47 34 15 59 4614
22 29 51 74 7 4497
22 48 87 2 14 4332
76 64 12 16 34 5257
48 30 91 89 36 4727
46 20 9 59 18 4746
95 27 6 60 7 4005
27 32 72 84 21 4873
34 28 49 74 49 4862
94 55 51 82 39 4498
67 63 5 20 36 4640
32 21 79 49 20 3799
7 64 39 73 54 4829
8 87 75 44 83 4047
31 51 64 78 11 4994
52 65 97 37 72 4218
75 98 87 24 60 4977
59 50 22 85 74 5132
36 68 7 2 79 4705
69 14 88 12 75 4980
87 39 65 17 89 4779
99 41 27 41 76 5072
61 19 25 29 54 4000
47 88 99 39 31 3791
49 82 97 86 54 5023
34 71 6 6 15 3865
35 33 98 70 57 4048
26 69 65 40 1 3855
52 35 28 99 31 4641
48 52 3 68 80 4912
31 74 42 63 78 4906
39 56 82 38 22 5246
61 55 10 57 20 4867
69 84 83 4 19 4996
46 15 26 45 35 4596
31 75 15 51 58 3934
65 87 31 8 62 3865
10 18 86 97 10 4118
6 49 72 89 80 4015
45 88 81 16 82 4671
26 3 27 27 89 4579
70 62 44 28 78 4564
34 97 71 77 60 4743
6 26 45 13 89 3798
23 55 57 93 42 4216
80 46 98 27 6 4979
71 38 31 98 87 4767
72 8 65 64 60 3875
88 22 36 5 59 3829
12 90 1 83 80 4162
35 4 70 8 89 4043
74 91 22 34 13 4232
73 21 91 27 8 3938
31 79 14 82 99 4402
67 47 89 59 64 4455
24 8 63 80 45 3934
40 60 94 57 66 4089
79 11 6 91 16 3768
6 25 1 63 15 4379
87 57 57 91 70 4876
63 14 33 86 23 4306
88 80 48 91 6 4420
16 77 47 56 86 4061
17 63 60 44 10 4726
41 20 3 18 17 4190
27 77 60 87 54 5231
87 79 90 43 82 5244
11 25 8 6 13 4464
22 41 34 95 27 4065
26 89 26 66 98 4176
32 23 46 22 43 4360
83 83 46 94 11 4028
85 30 99 61 51 4580
82 26 51 31 56 4990
9 36 2 36 39 4172
67 57 24 41 85 4169
58 2 66 5 60 4399
29 82 68 49 14 4128
71 70 34 69 52 4297
93 90 40 67 12 4388
79 93 16 67 32 4407
51 14 59 45 65 4735
67 12 94 92 31 3997
69 67 39 97 35 4487
61 47 55 93 32 4052
3 24 30 38 4 4435
62 83 88 72 54 4585
66 43 35 37 45 4204
4 22 41 21 67 4322
74 83 12 93 71 4772
78 77 95 48 30 4802
48 76 66 43 93 4755
19 87 23 95 10 4327
5 74 43 91 59 3802
11 12 93 22 86 5184
76 75 97 85 89 4696
51 66 93 7 79 4954
64 61 72 72 25 4485
73 17 7 40 86 4757
78 62 20 51 10 5116
30 72 14 89 57 3966
90 98 2 14 36 4585
18 58 52 97 42 4230
0 39 77 9 72 58 36 24 65 22 83 19 27 96 7 41 83 1 16 85 83 21 94 36 35 92 72 55 33 51 7 90 50 25 90 9 57 13 50 53 27 87 26 47 85 71 17 86 26 94 60 83 95 95 46 54 50 20 23 26 51 37 46 48 26 61 96 4 24 74 54 79 98 93 21 38 94 73 75 60 74 12 87 42 37 82 82 100 22 18 85 89 32 79 67 66 98 95 9 57 15 5 59 83 74 69 78 88 75 30 4 59 9 9 28 93 43 63 15 33 20 76 57 91 92 49 69 11 33 25 78 83 25 97 18 21 48 60 37 96 35 9 25 75 98 59 61 91 88 73
93 0 42 88 94 26 51 66 80 2 86 37 69 33 68 30 99 40 96 10 54 86 35 86 84 56 45 23 33 76 75 47 74 37 64 5 46 4 53 86 30 1 81 66 55 83 58 72 34 18 36 19 29 87 64 18 18 27 78 51 10 53 38 62 97 27 22 74 16 76 15 47 58 22 100 34 91 99 44 75 33 64 41 58 64 43 3 89 4 24 51 55 97 25 48 56 73 38 65 39 58 94 84 75 9 38 25 29 96 37 83 60 81 81 100 48 10 12 53 68 28 29 54 90 80 40 21 15 100 30 47 87 5 50 63 54 34 8 99 79 70 50 11 94 39 69 89 70 34 71
19 34 0 34 97 76 68 41 3 19 67 53 82 11 51 98 38 65 91 58 29 49 33 11 48 45 20 34 19 52 68 46 41 87 3 17 62 61 82 66 32 25 49 87 98 76 66 17 10 59 28 29 35 91 40 35 86 90 100 29 17 52 46 23 29 52 50 96 18 14 90 9 100 28 64 93 37 79 7 60 24 8 62 22 8 77 71 26 41 54 74 50 91 75 90 12 23 46 92 18 53 51 29 93 49 63 70 74 93 90 91 57 43 57 97 20 19 57 7 68 20 50 25 52 93 23 80 5 13 78 56 69 58 69 57 10 9 30 54 62 71 51 65 21 54 50 30 63 99 59
31 49 60 0 9 21 43 19 78 2 68 44 56 41 48 6 9 46 92 65 15 46 66 36 53 40 35 21 4 92 38 40 21 46 75 48 53 82 37 17 62 55 19 53 29 58 38 3 30 46 85 79 1 4 12 41 34 6 98 61 1 9 7 17 53 62 86 58 47 31 43 87 92 35 79 21 86 35 52 41 37 2 81 68 40 60 74 2 57 60 57 18 59 77 18 44 67 42 73 93 49 83 22 85 73 40 86 56 40 62 69 79 99 42 53 43 65 32 75 4 80 67 38 25 52 4 67 57 6 38 5 80 59 57 81 39 53 82 22 27 82 72 82 99 80 99 81 64 45 27
55 16 73 44 0 19 74 15 36 64 22 10 82 11 29 71 71 99 97 90 80 83 84 68 79 45 12 55 97 40 36 13 42 24 83 87 87 98 47 46 9 39 81 61 9 30 85 50 21 71 42 66 86 81 57 26 85 64 64 9 74 66 29 55 92 34 45 12 67 97 77 65 78 56 78 43 17 48 54 80 97 82 33 44 74 77 67 48 11 63 21 68 76 61 84 58 40 40 2 46 67 30 60 11 48 58 62 64 56 62 79 51 13 19 77 21 73 76 23 30 95 3 44 8 52 66 81 17 57 93 92 28 61 36 30 90 37 89 34 45 62 93 33 72 2 80 69 66 24 48
58 12 75 18 21 0 22 67 82 8 55 58 28 80 31 40 57 21 92 66 73 12 15 14 34 97 98 48 23 67 73 57 15 9 81 28 97 78 92 31 49 20 46 94 36 75 33 58 48 47 83 84 5 32 93 70 31 4 58 89 4 86 16 9 100 67 17 21 21 55 31 95 88 16 73 67 86 35 28 49 87 20 77 29 66 18 17 5 63 67 57 63 58 81 69 36 61 32 20 11 54 47 8 7 48 1 96 2 51 40 48 91 78 85 49 26 26 52 1 3 56 56 48 57 67 84 66 6 60 87 71 93 95 75 2 7 72 78 86 70 92 10 71 28 28 15 22 5 96 27
91 4 22 16 60 82 0 91 81 85 83 5 51 94 40 5 100 99 56 95 38 24 7 52 84 25 87 46 7 3 61 85 22 97 14 79 59 14 84 74 79 13 65 6 34 58 5 28 60 15 79 32 13 28 95 21 61 9 2 100 9 3 2 80 99 6 47 48 90 40 13 38 37 84 69 12 46 8 71 37 53 58 90 99 55 8 73 76 15 10 6 67 86 88 60 47 38 57 22 42 7 49 34 17 39 40 61 1 84 82 17 74 81 41 90 41 14 78 94 23 30 99 71 70 15 21 62 25 13 48 49 41 86 62 9 26 11 61 71 66 73 78 32 40 26 46 23 75 30 79
56 56 95 65 53 86 86 0 99 16 95 43 82 27 78 40 51 78 56 28 53 39 95 15 45 9 10 11 25 90 88 99 6 6 33 13 97 10 79 31 10 24 97 90 20 87 57 50 62 62 71 59 83 25 43 58 95 25 100 2 92 73 12 89 23 40 98 83 4 13 4 75 93 62 40 86 96 73 96 48 94 61 12 74 34 67 91 30 73 90 17 37 77 98 54 62 64 41 74 72 96 43 35 18 40 50 73 11 64 38 33 100 83 61 8 23 28 2 46 41 18 22 58 55 64 38 93 25 16 76 32 87 30 27 17 31 42 19 98 43 67 50 35 66 14 46 79 1 86 47
86 2 44 95 73 80 12 79 0 71 97 55 3 21 73 18 68 38 35 23 95 69 2 15 14 8 44 42 49 38 22 97 96 88 48 88 8 74 49 46 32 78 24 21 41 83 5 38 38 44 71 7 31 9 4 81 35 10 44 46 47 5 6 92 77 9 55 83 91 51 75 96 43 98 79 12 81 92 15 62 12 16 25 53 77 19 9 100 25 4 35 73 61 36 11 60 36 41 58 91 23 67 48 47 64 15 66 81 33 93 23 39 88 93 57 1 58 77 92 14 36 56 17 54 82 62 60 11 63 32 59 61 31 22 69 11 11 58 44 15 99 68 46 65 62 96 80 98 51 82
86 18 89 22 58 75 32 95 70 0 90 94 23 17 50 23 23 95 93 19 61 20 40 89 97 80 20 33 58 84 77 90 84 63 75 15 79 14 48 50 15 72 70 19 7 59 59 66 91 33 5 48 45 27 2 87 44 5 63 94 11 56 96 98 41 6 8 19 75 64 26 46 84 16 19 67 95 68 58 6 1 97 53 41 36 15 8 30 56 9 11 32 53 80 33 69 18 12 32 15 29 92 73 43 98 63 24 66 25 25 67 24 74 5 67 83 68 60 1 28 56 10 69 72 79 58 2 72 99 52 32 22 71 51 26 25 68 66 52 73 30 100 11 64 41 69 5 88 4 10
13 70 28 40 44 74 33 55 82 12 0 75 93 39 54 49 58 48 78 31 15 78 33 58 14 62 90 39 5 16 53 21 11 44 76 9 13 27 92 5 3 35 95 30 88 59 3 11 83 90 31 89 14 11 27 64 77 34 98 7 48 97 49 61 31 49 29 45 79 89 26 43 53 27 29 68 31 99 48 46 52 85 43 93 54 14 68 72 3 64 88 28 85 20 78 71 38 23 35 88 74 93 89 62 69 34 28 75 1 41 56 26 7 61 21 73 76 36 48 23 82 65 11 46 19 96 24 45 35 35 83 48 52 64 10 32 34 38 61 96 63 36 85 56 31 50 97 96 64 35
41 91 95 79 81 50 60 15 41 26 48 0 46 58 90 24 60 87 40 38 26 91 73 44 37 99 93 3 100 45 12 39 95 83 75 12 93 1 62 78 73 94 33 86 42 12 81 44 63 5 85 36 86 13 2 26 11 76 35 51 76 51 38 22 100 20 22 12 38 25 68 92 57 98 48 7 13 56 80 88 55 53 71 77 36 7 100 32 24 25 17 51 79 82 58 32 45 96 61 6 94 36 7 100 21 1 42 19 54 35 80 22 71 67 38 86 52 66 89 9 65 34 98 81 61 19 55 9 48 99 25 100 42 26 89 5 2 16 87 75 62 81 36 44 2 30 81 20 1 5
74 75 4 57 60 92 9 6 20 50 12 60 0 21 60 62 48 9 56 85 95 62 6 98 39 61 11 3 90 36 51 25 50 14 14 96 61 53 59 97 88 89 29 12 30 46 27 85 86 11 81 47 39 94 4 28 56 75 88 40 62 13 93 1 50 67 33 16 45 16 14 97 7 42 2 94 31 13 34 60 97 21 33 98 91 88 79 18 42 93 96 20 65 90 96 10 62 67 74 5 5 59 84 86 14 58 82 16 74 86 53 84 62 18 88 64 95 20 55 53 91 40 76 24 98 7 86 19 18 27 89 77 78 93 32 75 11 73 89 27 43 46 91 44 90 20 32 95 56 94
66 99 75 52 93 97 60 46 88 79 63 9 84 0 44 74 28 3 18 12 100 33 72 33 53 35 40 83 13 79 82 93 89 23 91 36 99 31 76 89 63 95 50 82 79 31 67 16 25 67 45 57 86 45 86 71 92 66 76 52 46 21 88 3 21 10 44 31 98 9 23 13 37 26 85 60 29 53 49 37 31 2 45 43 20 58 57 27 49 3 24 43 69 91 57 49 70 3 31 89 15 79 84 52 88 53 77 61 56 40 100 7 14 26 7 45 22 69 70 40 91 71 18 100 44 54 9 96 99 68 4 73 9 96 11 7 93 91 23 31 34 55 77 50 26 79 46 64 87 6
61 12 24 72 17 67 34 24 78 98 23 61 55 15 0 77 44 27 38 94 6 2 55 45 36 99 100 9 48 39 91 25 66 41 2 98 84 43 6 59 90 56 18 87 45 98 65 94 56 91 90 6 57 92 65 16 54 31 18 65 39 4 86 40 15 48 40 93 66 70 73 96 86 10 66 32 46 21 15 2 63 3 67 7 94 81 78 7 40 5 80 88 53 14 89 83 68 19 55 21 12 98 75 17 5 31 12 17 19 18 17 64 53 5 94 88 8 38 39 37 31 56 35 74 13 29 4 14 85 65 78 53 33 5 88 54 18 18 18 43 95 88 82 64 7 35 70 68 48 100
73 90 77 97 82 37 59 26 95 71 41 2 41 26 86 0 84 93 13 85 22 66 92 32 33 41 34 88 52 35 61 61 88 13 43 40 78 10 83 15 14 28 31 50 94 5 70 15 19 13 81 30 55 8 15 46 37 26 22 100 31 48 84 99 34 96 19 1 14 78 22 8 84 72 45 79 12 82 43 36 24 40 30 88 10 66 36 91 6 52 67 14 60 10 26 68 84 78 36 5 30 13 8 11 35 99 83 18 83 100 18 63 40 80 30 75 64 48 5 16 49 68 20 4 59 35 18 63 84 68 59 40 68 84 77 86 37 38 1 100 15 18 18 52 64 35 58 90 50 72
74 32 1 17 67 8 90 69 60 83 23 67 11 2 39 75 0 57 29 3 56 87 24 4 36 46 24 46 20 9 81 45 10 92 88 45 68 61 67 16 20 68 5 33 33 20 70 56 59 58 19 97 4 75 93 56 39 99 88 41 8 1 52 39 18 89 29 37 79 66 27 80 87 18 43 83 89 17 10 17 100 49 22 78 74 65 6 57 96 65 27 20 45 73 53 76 14 13 61 38 74 51 62 56 9 45 98 30 41 36 42 12 3 3 14 41 92 11 39 44 78 15 26 44 76 49 91 35 49 20 14 21 74 30 55 72 64 60 50 60 30 89 74 23 43 71 87 18 78 100
15 86 26 73 67 47 100 4 55 11 50 62 61 53 21 49 76 0 72 49 12 21 21 92 15 65 70 95 44 44 35 61 14 66 20 44 77 13 87 37 54 5 86 13 78 59 81 30 73 42 54 25 38 94 40 58 57 72 37 28 67 73 39 68 6 98 74 79 62 35 21 15 82 15 50 68 81 32 68 11 87 64 11 15 83 59 90 32 29 83 96 13 9 13 78 6 34 36 58 34 17 60 22 15 85 79 14 55 56 20 11 80 83 67 38 72 78 13 38 50 38 13 40 44 13 43 53 96 31 27 54 47 23 15 63 28 28 54 44 90 90 63 92 22 4 80 7 36 59 29
34 55 34 86 49 10 36 5 28 19 73 64 18 87 56 60 66 32 0 53 94 61 16 98 18 90 95 90 10 77 77 67 40 7 48 18 25 35 36 33 47 49 18 100 64 86 89 6 30 49 92 92 33 75 49 87 50 26 47 2 4 63 68 40 93 27 26 75 15 3 33 98 26 39 22 55 79 43 42 46 70 84 51 52 1 15 70 92 72 74 24 4 97 63 18 68 61 98 26 65 38 49 70 28 50 69 56 46 25 27 95 82 24 91 55 28 98 83 54 45 76 83 34 26 45 10 15 61 95 60 75 59 91 66 10 35 7 62 86 45 92 29 57 16 99 35 84 22 21 57
81 42 97 36 91 75 8 12 98 12 90 95 16 5 79 92 15 77 1 0 8 62 58 87 97 63 36 53 19 71 78 68 61 2 11 19 76 39 66 10 68 35 69 87 15 11 84 75 12 10 39 86 30 84 94 50 75 73 85 17 69 79 9 37 74 35 12 80 92 96 35 26 82 13 18 7 62 14 65 57 81 100 43 2 10 99 14 74 55 65 30 60 6 45 52 3 32 88 39 94 92 79 71 57 14 12 55 68 55 30 84 75 57 36 63 75 94 87 92 24 91 37 40 11 72 34 29 49 79 93 4 1 54 93 80 58 45 25 82 67 56 82 76 71 88 97 100 61 85 18
18 13 33 16 50 51 49 53 40 5 33 31 73 72 24 61 30 95 54 39 0 6 9 42 17 70 18 77 9 35 51 55 33 82 75 42 95 13 93 71 23 15 8 24 64 1 87 21 72 40 36 7 60 74 96 92 78 26 80 10 26 61 70 78 28 63 3 52 12 64 6 48 53 16 44 74 6 16 43 47 88 75 88 98 82 67 55 42 5 63 7 97 13 71 86 51 33 8 91 96 65 68 35 47 35 99 44 100 31 31 29 45 40 35 6 56 4 17 21 63 26 99 63 6 34 52 24 67 75 93 53 61 71 39 86 60 86 73 58 73 42 89 25 67 86 41 98 34 81 28
70 18 46 20 43 56 93 82 5 49 35 21 40 46 90 30 70 9 62 84 44 0 84 67 82 40 50 32 75 38 34 5 55 91 60 31 52 9 8 22 1 90 5 23 92 35 7 69 50 10 91 1 78 1 41 92 7 77 2 4 31 70 58 41 47 29 58 35 46 67 20 2 62 26 69 35 65 6 42 13 63 71 39 11 13 22 16 19 37 44 20 80 29 92 13 100 15 38 30 84 96 22 56 25 97 57 25 28 9 14 6 5 34 68 21 95 50 35 99 2 20 39 99 83 29 16 89 56 36 46 18 62 47 84 10 2 76 66 50 16 27 30 53 4 13 57 35 10 65 34
8 69 64 28 73 25 22 55 84 55 89 9 47 57 44 48 90 59 23 55 13 72 0 8 91 87 22 20 7 6 91 51 51 39 60 56 27 24 52 37 35 92 49 29 43 3 85 44 77 49 10 81 77 42 74 29 12 70 33 77 81 19 91 5 7 11 58 9 100 60 53 49 83 50 90 10 71 15 37 43 56 60 7 23 75 25 60 20 65 34 64 14 80 51 11 10 13 24 21 59 15 15 71 36 36 25 95 76 58 100 30 30 76 82 56 56 57 65 78 95 79 39 66 99 35 47 18 26 79 78 47 48 68 49 28 39 89 77 21 87 59 46 45 56 93 37 58 84 89 75
53 97 58 60 32 96 27 20 31 99 30 45 46 15 94 96 57 39 72 22 42 84 52 0 38 54 34 65 4 69 30 5 24 40 77 83 21 11 4 56 65 2 77 57 41 12 11 51 7 41 55 36 73 47 26 73 99 35 36 62 88 93 10 14 70 2 37 70 46 75 29 70 41 37 33 49 59 48 10 43 75 26 38 83 98 4 26 50 56 33 17 43 67 54 59 8 83 11 72 96 17 79 89 42 15 27 67 82 43 42 24 46 91 34 75 13 98 27 85 42 80 27 93 83 44 1 24 12 97 82 95 80 6 33 21 99 28 38 58 25 30 45 58 20 4 10 59 83 71 96
90 21 37 30 71 12 24 46 97 74 85 55 8 79 2 76 15 43 53 93 49 78 20 22 0 6 9 23 43 91 69 97 92 37 58 68 36 57 94 37 46 6 21 52 62 19 20 41 55 22 41 56 39 43 32 9 24 11 18 43 85 89 63 65 67 11 79 50 48 92 2 66 15 65 91 73 8 22 89 14 88 77 90 92 60 69 87 78 3 36 92 93 90 52 96 10 29 77 54 38 87 65 2 42 43 58 89 31 88 92 71 90 56 10 97 93 62 14 65 66 25 44 40 31 75 26 49 43 54 55 52 55 76 89 46 31 13 97 9 90 15 36 9 30 21 83 13 66 72 58
42 60 10 59 69 4 40 91 11 66 52 41 67 7 51 34 85 2 78 10 23 30 25 78 12 0 54 73 52 37 35 27 4 29 38 68 84 58 53 89 79 54 86 54 8 64 32 29 64 66 93 81 6 12 6 49 22 10 76 76 42 52 26 13 8 45 86 89 56 93 77 69 69 60 15 42 59 76 39 48 81 29 50 29 90 99 54 52 95 74 40 95 28 90 21 97 16 22 86 59 16 40 22 45 41 72 87 85 82 61 28 33 9 100 35 38 25 34 31 77 61 31 27 82 85 45 41 27 34 14 99 67 81 81 75 93 70 26 45 6 56 55 90 52 63 30 18 17 44 11
82 36 78 31 24 86 42 75 59 46 72 20 79 92 16 96 91 5 85 32 28 99 71 86 31 54 0 74 65 83 31 52 24 17 81 37 13 17 64 65 8 34 43 4 88 58 93 72 88 2 84 62 41 17 24 75 36 60 98 12 52 78 37 75 98 31 41 30 8 10 99 11 1 12 36 29 35 34 21 73 3 21 42 89 43 52 12 12 21 24 53 9 38 16 75 14 76 74 87 59 47 36 66 85 24 43 89 23 64 35 21 52 41 78 66 87 8 27 44 52 42 78 93 21 40 46 89 99 94 71 94 54 2 24 60 95 75 89 26 89 47 64 27 37 35 16 97 84 73 51
41 89 28 38 80 42 16 78 22 79 10 70 9 97 65 66 83 82 82 6 7 5 67 71 94 77 56 0 38 42 90 85 70 84 44 56 58 82 57 17 82 65 96 85 55 28 39 58 22 34 69 5 31 79 22 48 93 35 66 76 84 66 99 92 58 44 20 26 96 61 18 81 11 35 65 4 44 93 65 36 49 84 28 28 52 64 1 99 5 95 25 77 17 6 79 9 27 17 7 12 90 3 68 1 87 65 6 76 45 8 63 30 63 86 8 85 98 49 99 57 40 66 11 5 54 83 27 54 91 98 88 75 28 73 47 54 39 46 80 81 78 8 58 38 9 80 58 2 35 24
62 62 84 96 94 9 25 6 39 56 86 70 42 41 52 13 49 86 17 7 17 94 11 36 27 52 27 72 0 35 17 32 83 89 76 1 8 66 98 90 18 6 37 2 82 23 82 94 45 25 13 8 34 51 50 1 10 52 3 98 46 59 84 74 31 70 52 78 99 4 42 86 22 75 33 30 23 63 78 35 15 31 79 45 66 62 6 2 91 31 83 14 6 85 86 6 100 63 30 57 57 19 2 67 10 93 60 65 51 80 74 9 14 84 28 54 80 66 69 76 33 86 65 55 52 46 19 47 81 10 65 43 30 44 4 33 73 54 57 33 94 80 71 14 52 50 76 97 41 94
37 87 58 86 13 89 75 92 91 73 43 9 39 57 68 18 28 80 98 77 69 70 71 80 61 67 67 22 25 0 44 56 57 43 92 95 8 28 11 62 85 59 83 62 42 51 62 90 44 53 98 92 61 31 74 60 78 90 35 1 95 97 47 84 31 52 54 93 24 78 91 76 55 86 53 47 18 40 11 47 47 61 20 85 52 72 29 82 55 41 46 39 15 18 89 84 68 76 45 84 99 12 72 91 1 51 42 12 49 26 32 41 87 97 13 8 64 57 72 42 81 63 23 82 61 20 88 100 72 45 83 39 68 60 6 87 63 21 60 39 97 96 7 45 61 27 20 96 27 20
75 5 45 1 10 24 55 23 38 4 58 97 19 52 47 4 90 98 63 81 97 32 92 31 54 66 59 94 6 91 0 55 74 68 57 3 77 97 58 50 79 7 89 68 77 21 26 71 94 13 11 64 87 76 4 99 23 94 60 84 92 69 95 21 10 34 91 9 81 11 50 79 47 68 77 61 56 44 3 76 4 11 24 23 99 59 88 80 18 100 80 34 75 86 8 80 46 38 63 97 36 98 75 3 68 79 60 51 54 9 65 97 28 68 24 21 96 30 98 1 73 71 41 3 70 92 55 34 93 10 4 28 74 2 85 68 98 76 53 28 43 38 61 20 70 64 97 51 15 38
99 93 74 42 65 8 14 30 74 20 90 77 56 28 69 96 87 84 21 19 30 86 19 2 80 55 14 12 56 47 33 0 25 19 70 99 87 43 90 80 23 49 81 32 58 48 82 44 23 100 74 55 8 80 44 62 12 39 89 47 30 91 62 36 56 78 4 30 85 20 81 67 3 7 25 34 89 62 32 77 81 76 98 43 27 99 38 16 3 82 48 31 27 30 14 31 89 80 70 98 60 20 42 63 62 76 75 64 76 5 35 34 86 53 67 90 35 54 26 65 48 2 9 13 26 41 25 47 48 13 3 69 43 64 15 43 4 91 74 50 24 83 71 94 52 68 82 25 76 22
91 26 10 39 100 75 71 46 100 70 18 38 43 36 87 47 80 91 54 97 93 49 88 76 19 5 15 13 74 13 3 26 0 45 23 70 99 1 82 48 28 24 31 4 62 62 95 60 42 86 80 94 36 89 25 20 59 30 85 75 72 32 6 83 83 28 56 26 95 69 10 40 91 17 69 1 96 91 84 70 47 13 67 25 51 27 8 78 26 3 73 90 65 43 82 51 77 85 82 15 10 41 26 81 42 16 94 23 57 93 49 8 74 30 92 37 29 86 76 79 46 36 88 42 40 29 97 16 39 69 21 19 9 29 72 57 97 92 50 56 2 17 5 65 30 95 65 17 4 28
10 35 2 53 36 98 62 48 66 13 84 92 4 12 55 12 73 87 87 31 48 23 49 25 5 13 32 55 63 13 86 36 80 0 80 29 98 90 51 58 7 53 34 89 71 8 13 77 66 63 28 99 3 40 29 43 23 61 4 72 8 85 77 24 22 75 81 37 33 68 64 96 7 10 36 53 51 73 73 99 36 53 14 6 77 45 67 10 94 78 70 61 74 25 85 83 74 80 68 62 33 33 36 7 52 11 34 73 93 12 16 97 58 90 37 12 97 93 57 50 57 46 55 3 4 49 84 92 46 19 66 28 87 87 5 8 40 77 41 37 86 15 32 78 90 90 84 4 65 91
84 50 92 78 25 78 55 8 76 53 48 39 39 83 98 23 34 3 100 41 71 84 88 77 84 11 73 52 34 46 50 52 60 24 0 12 17 88 15 34 67 86 83 28 5 58 81 11 32 79 5 100 47 70 78 27 43 82 79 8 59 40 56 24 27 81 43 48 28 85 53 59 100 64 14 15 99 32 91 45 45 47 41 38 63 47 40 68 57 95 28 67 10 49 66 68 76 88 41 71 75 62 42 83 32 63 17 11 69 80 16 45 81 55 30 16 32 80 72 93 21 37 78 75 93 17 82 94 93 27 49 49 8 55 66 7 13 30 93 83 84 98 66 11 69 30 98 2 22 12
73 78 68 60 90 27 81 87 49 5 71 27 99 32 37 54 46 7 94 85 82 10 24 47 47 64 54 53 15 80 43 74 79 27 5 0 100 76 87 5 62 28 67 62 9 36 39 95 40 96 97 32 17 91 100 58 59 70 72 30 27 6 98 60 98 4 45 76 37 68 55 2 76 66 23 28 19 9 6 99 48 14 16 58 87 54 28 47 93 17 97 6 59 19 51 18 45 58 75 35 19 75 60 2 81 12 11 91 87 95 77 84 46 14 57 100 1 48 92 85 84 1 54 17 14 84 31 71 55 3 7 11 65 41 20 37 63 14 71 69 14 37 9 72 9 88 90 29 48 28
29 6 20 33 100 97 1 17 82 51 49 29 67 22 96 2 42 63 67 92 41 59 84 5 12 15 1 40 18 5 89 76 14 21 96 76 0 75 43 84 10 20 93 24 43 66 73 34 55 57 6 42 21 57 77 60 97 40 19 29 57 68 2 52 66 21 93 11 79 74 100 31 44 39 2 15 60 50 90 22 95 45 54 62 17 30 57 70 25 15 93 91 41 51 76 4 4 58 72 11 23 7 38 65 77 50 9 60 22 82 65 63 24 33 66 40 34 16 83 62 10 22 83 11 68 98 25 10 16 9 96 29 42 30 18 35 50 65 73 37 44 7 22 98 33 95 17 86 93 99
33 1 62 22 20 74 43 78 91 63 75 4 51 21 55 24 49 26 70 83 22 58 46 75 95 15 67 64 5 58 1 27 6 96 54 21 12 0 86 11 19 53 58 76 52 93 83 54 89 36 79 67 83 25 9 1 64 29 90 17 41 21 2 13 15 98 14 54 78 55 87 84 66 37 2 63 92 9 38 83 55 48 48 26 15 13 72 75 51 97 86 97 76 50 23 65 33 30 9 39 19 97 38 15 29 67 20 39 16 70 93 62 27 71 75 7 71 19 86 55 82 92 70 23 76 52 89 70 39 92 100 12 100 77 92 87 5 62 91 13 34 87 72 69 38 98 57 86 72 93
3 12 8 38 68 70 12 84 19 62 80 77 52 43 22 76 50 40 74 9 78 83 31 26 23 24 8 79 10 71 99 96 70 5 4 35 35 51 0 97 90 75 100 10 16 79 50 22 95 20 52 32 41 79 84 21 24 78 3 42 31 77 80 79 65 44 27 63 77 61 40 39 71 90 81 77 10 31 11 73 56 54 15 16 26 100 75 12 59 18 66 12 46 67 86 17 35 88 85 52 17 9 38 33 87 96 11 72 72 9 66 99 99 25 90 31 4 44 63 69 63 46 71 36 11 14 22 50 62 95 72 52 6 33 31 48 86 18 24 24 80 47 32 45 47 56 4 66 39 7
25 6 39 38 14 44 27 45 8 92 59 71 3 25 29 84 90 38 90 35 47 47 93 51 20 40 58 92 48 80 90 87 6 87 96 85 87 82 88 0 9 81 16 59 74 87 83 77 30 85 32 63 5 35 58 16 92 81 78 100 99 15 81 25 4 16 63 78 85 60 71 1 12 61 1 46 46 48 54 28 83 88 88 46 16 100 2 76 12 71 56 21 62 3 11 19 90 82 69 2 40 16 34 85 60 31 71 82 7 46 94 41 78 98 4 23 67 19 93 92 84 15 27 28 66 11 6 85 5 13 63 76 39 81 96 6 98 74 99 94 49 45 1 89 12 23 91 48 66 46
88 86 73 77 62 91 74 2 19 38 33 57 35 80 99 35 77 57 90 94 29 13 28 65 96 24 34 89 64 96 83 38 75 74 85 50 59 29 7 51 0 51 27 31 37 17 26 98 15 87 78 43 77 86 7 83 21 4 61 34 95 17 89 11 30 3 35 81 38 27 37 44 38 4 63 81 79 24 20 48 100 29 16 46 75 59 70 98 85 18 44 25 63 89 36 23 34 97 59 16 12 58 9 87 39 47 26 69 37 43 92 65 29 50 1 37 84 40 22 53 58 68 14 39 20 88 77 99 79 75 95 92 77 1 57 58 5 18 85 82 31 21 53 60 65 99 2 94 19 17
66 97 90 38 9 47 60 80 43 49 48 98 83 66 33 57 14 60 43 31 95 76 84 45 64 45 34 54 85 93 10 58 80 80 13 67 31 47 53 79 14 0 77 65 41 72 94 90 79 13 4 64 62 26 10 71 95 73 30 29 100 50 33 86 7 46 30 59 69 38 51 28 58 13 31 21 65 83 1 69 47 63 45 81 87 6 17 16 70 80 63 60 18 25 46 96 4 15 48 3 48 25 42 14 60 29 37 10 28 59 87 62 55 25 23 79 9 19 43 19 35 87 6 87 61 29 31 46 41 86 6 8 95 33 55 48 10 23 84 52 10 49 79 75 45 66 26 92 92 98
74 3 73 42 99 45 56 97 16 11 20 50 62 74 76 20 73 38 88 98 75 45 79 49 49 96 43 34 92 53 8 60 22 68 9 66 90 31 41 45 63 30 0 89 89 21 59 40 86 84 56 44 90 28 86 81 53 56 73 87 57 24 99 24 32 39 62 70 69 59 12 24 4 61 94 78 29 85 67 46 11 1 34 66 60 68 17 1 48 46 99 80 61 75 15 37 47 13 67 89 9 32 7 66 46 78 65 10 43 3 72 74 47 66 32 63 72 30 57 89 93 20 85 90 75 43 47 18 56 21 75 78 78 1 27 95 96 64 68 18 30 82 56 86 31 78 95 2 96 1
60 9 53 82 70 25 76 51 32 53 81 2 73 26 63 63 4 26 97 91 41 70 66 89 49 29 5 100 52 75 71 48 73 95 70 36 49 58 52 51 92 45 35 0 13 23 91 25 74 13 64 12 82 91 89 33 21 25 68 38 79 18 3 47 6 73 62 78 83 26 74 70 56 35 12 60 4 56 66 27 2 64 27 33 66 3 6 61 78 53 15 6 48 95 98 88 62 14 52 22 31 5 51 66 20 32 32 3 5 95 39 25 58 21 15 72 57 57 32 68 73 63 73 45 8 32 51 29 39 95 27 19 66 63 4 22 60 84 68 12 74 9 82 15 52 88 60 9 79 78
100 35 47 99 32 58 68 83 70 65 13 25 44 43 77 93 18 45 32 85 28 28 73 31 21 42 65 24 86 97 51 86 53 29 68 59 33 16 82 44 12 5 89 2 0 78 53 25 61 29 20 7 8 38 29 43 99 56 76 14 17 71 64 35 61 73 56 28 32 58 3 22 65 40 51 31 58 74 9 16 16 69 72 45 18 97 26 11 27 59 11 4 89 50 49 66 98 29 6 48 70 19 39 79 7 77 22 43 81 2 66 70 78 34 20 88 93 67 89 87 10 88 60 8 40 35 34 71 23 20 91 60 1 96 99 63 81 29 35 48 10 17 100 98 50 81 26 14 56 37
4 61 73 32 45 62 2 46 10 45 41 3 85 93 32 67 87 26 41 32 54 8 95 95 20 22 95 71 41 75 52 58 54 42 92 98 11 11 32 80 61 45 52 20 78 0 61 47 86 28 23 72 45 27 62 81 47 72 97 91 61 84 72 54 39 83 58 94 96 50 99 62 50 34 53 58 96 19 79 37 34 1 87 87 23 46 30 33 74 93 26 6 23 59 98 19 79 9 72 79 2 21 75 30 91 98 16 6 21 40 22 29 100 6 65 78 3 58 60 58 17 60 49 49 35 46 18 79 76 74 63 73 26 89 17 8 37 63 94 43 79 24 59 15 79 71 55 35 29 78
2 40 39 74 19 50 12 51 69 75 60 52 99 84 78 38 82 26 6 10 39 99 48 25 27 70 42 51 39 77 35 81 94 81 93 5 25 33 65 81 97 22 74 74 57 3 0 48 15 4 100 94 99 59 9 75 33 50 91 68 27 76 75 33 20 17 33 80 29 71 46 64 52 9 91 46 34 68 16 55 25 52 6 86 7 92 38 99 42 31 87 100 25 37 26 53 79 87 76 65 12 17 51 20 63 70 63 69 21 83 74 96 98 38 65 12 11 12 87 38 88 89 70 23 71 46 38 95 74 79 96 12 88 64 54 18 22 38 53 30 61 80 58 7 69 41 31 26 49 62
49 34 100 26 1 17 30 6 1 82 43 87 74 95 85 89 44 53 37 50 29 31 27 92 42 72 81 76 29 56 93 73 31 26 7 82 8 30 2 31 77 97 77 42 6 58 86 0 55 74 73 93 12 21 41 86 45 13 6 7 15 13 59 22 36 9 60 79 57 97 85 20 37 91 71 41 60 20 36 27 81 30 51 88 18 78 79 56 16 19 11 60 65 41 97 69 98 23 3 3 11 27 33 9 58 2 18 52 11 63 83 45 65 42 30 10 33 24 86 41 91 89 97 100 32 64 40 57 99 9 44 68 16 85 86 76 14 9 77 15 78 57 41 89 71 11 34 83 40 87
75 82 81 27 58 66 67 6 6 12 67 18 100 54 91 13 82 93 54 60 38 2 34 42 90 46 56 92 74 46 43 47 77 30 5 88 13 75 99 93 39 60 32 75 32 53 79 72 0 39 12 75 90 23 68 38 67 56 27 83 77 87 75 98 93 47 95 94 22 99 88 69 47 9 95 93 63 21 7 75 16 15 52 37 38 45 43 46 97 59 6 40 83 63 21 3 67 58 73 45 13 26 86 88 19 97 92 51 31 7 73 90 46 78 91 55 78 49 30 75 10 97 3 85 35 40 46 72 35 98 12 9 66 16 52 37 74 13 55 72 17 52 66 23 47 77 63 60 15 12
75 40 12 64 84 78 12 8 78 80 80 66 42 16 10 61 65 47 31 63 89 91 89 1 6 43 99 80 98 99 91 6 87 36 98 80 41 92 49 27 88 56 2 64 17 2 78 15 34 0 4 82 43 75 60 19 37 63 55 66 82 16 59 65 81 51 32 6 74 71 75 73 86 80 75 93 58 12 11 37 93 4 21 60 43 51 32 71 46 48 6 57 47 67 17 58 32 61 88 34 30 60 80 28 46 86 44 30 18 8 24 77 86 3 17 87 62 87 4 94 29 57 28 57 46 88 36 27 94 76 5 40 17 7 88 13 57 20 84 83 92 89 18 74 34 60 23 82 79 10
63 23 89 28 90 80 73 18 30 80 4 97 76 2 77 70 15 49 93 84 81 21 100 60 96 10 68 71 96 65 9 16 92 81 68 9 3 28 18 75 50 57 21 40 14 44 42 73 15 36 0 19 78 91 20 31 25 79 43 12 95 79 100 94 35 2 31 75 7 60 15 4 20 38 3 6 43 62 4 39 29 91 13 90 8 63 89 22 19 71 57 95 63 86 10 21 98 100 68 53 7 17 32 50 78 23 43 43 16 57 88 82 98 24 25 20 18 77 26 32 39 60 15 37 48 72 59 88 71 72 20 5 10 17 25 67 96 30 13 89 7 6 7 43 67 54 92 13 28 44
77 57 13 82 99 19 69 21 94 41 97 5 7 6 14 98 12 97 60 25 76 66 46 73 15 36 57 100 24 67 84 72 23 9 58 65 73 5 59 75 57 17 35 40 40 46 57 77 80 38 79 0 23 40 90 62 99 54 67 62 48 47 19 38 6 46 55 35 91 96 96 74 21 66 22 98 32 39 7 74 22 9 5 99 87 43 9 57 46 51 35 39 48 62 24 92 65 9 55 71 61 85 62 41 67 71 69 41 42 15 88 54 20 69 62 79 77 48 65 68 31 98 8 32 9 91 74 58 72 34 22 92 67 9 51 40 85 41 44 69 39 32 96 81 76 49 98 91 79 15
1 45 37 22 30 85 9 93 83 14 19 95 18 46 58 86 23 90 88 13 1 95 96 64 81 1 20 93 56 81 36 63 48 54 51 46 62 56 40 90 67 89 15 41 99 45 76 76 17 67 67 23 0 43 86 72 1 90 89 78 28 26 98 45 72 87 22 48 76 50 59 71 20 85 35 11 52 62 53 87 48 91 61 17 41 26 41 98 14 98 29 100 55 58 14 38 87 22 93 66 76 87 93 25 27 29 78 37 59 76 53 31 30 29 26 64 30 22 7 76 36 82 79 61 1 85 81 62 83 80 33 77 42 56 74 72 25 86 47 92 23 46 7 76 14 88 62 63 54 1
26 92 30 53 3 63 72 92 41 37 67 76 37 7 24 90 41 13 7 5 81 43 33 16 73 52 98 93 40 90 62 92 16 48 25 53 33 88 64 55 93 35 10 43 81 85 26 12 67 41 31 73 25 0 100 46 74 64 3 29 95 49 31 59 94 92 54 29 7 69 84 94 52 13 58 42 93 44 55 89 63 82 50 65 43 86 15 56 7 66 90 84 62 81 36 71 58 53 33 69 46 94 55 58 34 88 76 52 4 47 26 22 98 18 52 58 26 52 24 43 31 2 24 23 14 48 6 15 98 38 95 8 1 66 26 41 82 23 81 65 61 88 47 73 71 72 48 59 30 18
16 28 84 92 65 8 81 49 4 32 6 54 26 14 95 79 51 78 19 36 20 4 31 61 93 94 59 90 9 69 32 97 23 68 34 30 65 99 47 86 97 56 15 86 64 41 51 81 57 7 10 96 49 83 0 37 15 72 99 87 63 97 39 70 17 80 4 11 81 51 61 22 5 83 33 65 39 44 80 73 46 37 75 4 51 7 2 69 57 76 6 28 49 93 78 95 81 100 21 90 56 30 89 90 53 39 22 4 32 93 100 63 31 44 1 57 66 10 23 6 73 64 84 77 39 70 54 57 5 85 28 43 71 14 39 98 24 10 4 93 94 75 16 5 20 67 50 92 18 39
27 52 47 85 79 44 48 6 71 24 8 39 94 99 11 56 40 33 44 4 97 62 7 23 78 25 20 12 45 19 13 14 63 24 13 12 21 82 11 23 81 56 81 7 15 34 90 97 62 51 57 43 72 69 69 0 99 31 51 51 88 28 11 92 64 50 75 64 17 32 37 77 90 19 32 57 16 83 16 35 68 44 81 61 42 69 13 90 39 89 95 79 60 9 38 57 41 38 79 19 71 68 99 53 46 8 14 40 63 4 38 10 18 45 32 4 74 94 55 59 35 54 100 27 98 21 9 81 97 16 31 91 8 83 44 77 64 69 73 88 73 68 8 26 71 12 79 19 24 44
28 83 10 31 74 7 81 48 49 85 28 2 51 86 21 57 42 25 23 88 17 88 8 71 66 58 50 98 2 71 73 44 19 70 65 55 17 46 42 23 66 48 18 46 86 58 86 97 40 57 51 58 13 14 84 72 0 40 64 90 25 25 27 90 64 58 31 52 86 43 23 86 60 40 3 37 45 38 28 53 65 23 66 51 47 65 100 80 88 67 5 25 53 2 31 32 67 43 29 38 100 72 45 57 77 3 13 95 35 41 18 78 52 9 34 61 15 81 40 33 76 41 99 41 59 10 60 38 28 59 38 94 10 45 77 45 1 39 31 98 33 13 76 60 38 57 11 20 5 80
47 73 17 27 97 52 62 18 35 27 54 88 45 86 79 37 84 20 89 87 29 15 53 49 3 45 22 46 89 61 49 43 9 29 76 92 11 63 62 74 100 81 98 70 14 35 19 67 63 87 18 86 33 14 52 84 98 0 98 22 73 44 84 12 76 63 34 37 7 4 51 6 25 20 33 38 89 29 79 67 19 33 63 8 96 97 3 2 67 42 61 22 36 53 20 70 8 97 37 6 30 93 37 63 48 38 8 34 73 32 78 69 54 54 14 2 70 15 92 39 81 74 22 80 58 74 63 11 33 41 23 97 24 12 79 69 5 94 35 90 92 78 82 15 21 10 85 89 84 72
59 84 100 59 63 9 41 1 46 40 8 78 91 63 54 9 55 64 5 32 1 11 28 76 26 50 6 78 100 75 88 16 69 67 54 51 32 32 3 89 35 40 67 97 27 43 18 6 87 13 14 99 16 70 97 21 29 94 0 79 27 54 24 86 41 93 89 76 64 10 90 48 73 6 71 45 77 54 35 19 43 76 2 76 64 31 34 73 33 55 83 90 74 9 80 43 100 81 68 31 23 27 54 58 1 72 17 5 19 45 8 74 25 57 68 38 36 92 38 98 49 67 20 54 30 88 1 22 39 74 35 50 66 81 6 42 58 5 51 1 84 81 63 36 59 30 80 79 58 21
31 63 49 2 9 46 94 80 76 19 48 73 22 45 57 74 49 23 14 5 72 50 31 28 47 86 4 80 53 13 20 7 60 1 10 74 45 44 64 16 11 58 92 20 1 31 99 18 95 16 91 48 9 36 47 2 19 23 8 0 43 59 38 85 6 63 25 7 49 26 21 20 74 24 78 58 25 79 67 88 49 19 30 5 74 99 6 72 72 30 90 47 53 56 72 40 20 23 95 52 59 85 30 94 89 99 93 88 63 68 7 6 78 83 17 37 81 47 96 4 7 41 60 21 81 91 3 9 74 75 87 52 78 84 73 87 46 25 14 63 69 27 22 29 15 41 39 67 87 93
60 69 59 48 25 91 88 38 51 47 78 39 50 65 20 70 55 37 14 44 95 47 54 30 78 28 62 49 34 85 30 12 44 68 84 56 38 24 21 2 86 62 27 70 61 55 92 35 89 48 100 21 1 4 2 37 64 60 6 64 0 67 53 83 48 32 66 33 45 6 8 81 24 40 66 69 12 49 80 39 79 84 63 68 51 83 20 6 81 27 44 15 38 6 8 18 72 66 74 31 93 8 13 67 38 43 10 3 15 48 31 97 46 92 54 32 41 19 67 49 64 33 22 41 40 54 90 65 81 65 36 7 99 72 28 12 82 100 61 45 64 46 50 28 79 91 66 43 11 73
8 99 62 69 17 68 78 86 12 94 88 12 52 75 42 1 87 18 4 22 16 23 47 89 25 30 69 35 3 98 52 22 46 55 94 31 51 13 85 42 46 36 31 70 33 14 25 44 33 91 84 43 81 99 58 11 8 39 70 65 17 0 3 30 97 74 86 82 90 42 67 43 71 40 1 24 9 81 19 25 88 86 16 3 18 9 36 27 70 27 66 33 34 74 56 58 64 64 70 48 79 47 67 6 25 38 83 1 77 85 77 54 19 99 31 9 30 47 53 14 96 66 84 43 44 39 88 23 88 78 39 16 11 48 73 81 32 12 66 14 67 7 39 34 39 49 23 73 57 52
82 80 77 45 33 22 76 84 13 22 26 17 52 16 56 100 56 58 86 13 52 62 73 71 68 36 11 81 35 59 34 9 53 84 99 74 2 99 79 71 42 38 29 23 33 73 84 35 82 48 45 9 39 10 68 90 36 81 86 73 44 8 0 57 29 33 14 88 43 56 5 52 94 14 29 89 14 53 72 82 20 92 72 38 45 7 17 73 33 77 60 78 10 100 20 25 95 53 70 52 66 41 38 39 38 31 16 52 15 51 19 39 33 78 2 63 79 58 20 4 87 13 94 89 100 87 75 15 68 85 9 97 48 75 1 95 93 30 16 73 92 33 75 33 55 25 28 17 44 40
65 7 21 12 97 81 78 54 4 18 47 1 28 37 99 81 20 51 52 27 45 18 11 90 67 66 54 100 89 38 10 59 63 2 88 43 9 70 71 75 7 53 26 49 14 91 83 73 94 37 32 82 29 98 32 45 88 50 89 99 12 62 8 0 35 45 72 3 83 28 70 47 69 86 88 72 68 77 60 42 16 85 76 94 2 42 7 13 33 62 52 19 20 3 2 27 33 54 31 13 8 47 28 35 28 59 34 78 46 64 20 83 5 48 52 21 9 41 86 95 65 77 58 22 42 58 95 98 15 4 30 55 88 82 66 6 35 47 29 80 92 40 2 3 76 88 39 57 6 54
69 23 87 38 4 10 19 72 17 69 3 94 88 96 69 97 29 53 21 16 39 75 40 95 62 39 31 97 72 10 99 25 94 31 59 11 1 65 16 38 66 53 60 98 6 59 73 96 74 2 23 74 92 2 10 5 93 62 42 83 74 62 97 42 0 97 34 70 58 55 4 63 29 4 63 83 44 60 58 69 89 38 7 63 40 77 19 42 95 84 26 56 51 50 100 42 96 48 12 100 35 41 84 62 15 17 83 72 24 39 9 46 61 26 31 25 96 77 8 21 12 67 37 37 67 32 21 55 30 71 68 36 8 15 47 89 39 25 30 56 5 85 79 38 4 78 34 43 84 59
90 74 44 26 12 17 34 8 45 62 82 16 9 2 43 83 54 86 4 100 96 22 19 15 21 13 42 53 94 79 14 21 40 84 94 49 70 21 47 57 29 71 15 52 80 59 74 44 25 71 75 32 87 38 84 29 99 21 2 50 63 97 51 22 41 0 90 90 38 96 19 12 48 85 71 36 97 86 58 59 35 72 35 99 84 37 56 57 4 48 97 73 63 5 30 39 96 76 33 49 4 9 60 31 58 19 61 26 73 68 34 84 49 74 85 81 3 19 70 21 88 62 33 59 6 86 64 39 11 60 89 90 67 70 67 15 98 27 18 49 80 59 97 11 20 85 10 93 38 4
67 9 77 15 43 98 38 60 56 6 61 96 75 70 89 29 65 64 80 82 85 5 95 24 40 69 76 11 44 29 62 74 31 59 40 91 42 76 86 2 84 91 16 93 42 19 22 97 61 83 21 87 23 44 52 79 12 77 47 72 29 16 62 96 72 90 0 16 38 30 73 10 10 50 52 6 70 85 32 91 82 26 51 91 9 70 43 85 40 44 64 38 50 38 49 37 22 98 59 5 63 97 91 100 16 83 63 97 68 10 42 97 84 79 86 91 12 58 17 69 45 17 56 48 19 98 41 100 86 68 78 50 36 87 57 37 17 96 5 21 93 89 61 82 9 98 74 16 57 14
58 65 96 96 63 42 83 100 14 55 10 62 2 8 58 7 89 25 91 24 44 44 78 85 77 11 7 60 47 64 63 38 19 85 31 51 89 61 13 91 45 84 89 23 41 9 13 83 29 40 66 54 47 16 100 22 66 58 27 1 90 55 76 6 50 15 80 0 89 20 67 81 55 60 94 15 65 65 50 58 4 29 54 40 95 27 15 43 73 3 99 9 39 94 37 19 54 68 3 60 7 39 58 63 86 56 88 7 80 22 41 19 32 50 98 16 81 55 40 18 97 27 10 15 20 74 81 93 54 100 62 9 75 30 9 10 95 12 18 95 53 78 90 52 87 91 71 75 32 42
1 84 97 38 42 61 33 9 33 75 11 46 47 89 54 55 7 82 1 27 84 65 86 8 95 15 51 72 30 29 93 26 55 85 74 59 17 41 49 4 72 58 37 10 39 15 92 67 78 58 77 61 57 26 46 53 71 83 65 48 27 9 11 88 71 91 80 76 0 41 76 25 35 79 26 53 40 50 79 98 34 87 86 72 14 75 33 36 41 68 85 91 71 24 67 95 49 78 79 89 99 7 20 82 59 4 33 27 55 98 33 19 20 91 17 85 75 51 30 54 27 16 28 1 58 82 27 62 1 68 47 51 55 20 15 93 97 60 37 19 52 83 13 79 76 84 68 25 57 85
72 95 41 98 25 6 69 83 64 100 80 18 45 23 13 9 20 19 38 91 36 7 94 49 57 92 85 53 32 70 10 9 72 61 8 96 86 46 22 81 43 11 98 69 51 64 89 26 50 72 52 43 27 90 45 27 45 78 53 95 88 9 19 61 48 58 33 15 37 0 24 78 67 47 56 45 29 57 46 97 35 82 51 54 41 40 68 33 21 76 38 92 52 22 15 91 83 40 23 79 29 80 28 59 24 9 61 23 39 54 47 39 26 65 13 22 53 55 90 38 67 7 57 13 44 58 43 91 34 86 3 87 69 75 25 31 93 16 77 87 45 39 77 96 92 50 42 30 5 23
21 95 42 78 26 36 9 83 10 21 9 1 16 38 53 17 8 66 36 55 21 19 43 2 100 18 5 67 8 25 61 13 88 21 2 1 44 24 81 39 85 22 10 77 35 61 13 53 12 90 81 47 44 76 28 98 15 74 3 67 36 86 65 21 100 38 73 8 68 36 0 84 43 95 45 88 45 24 33 21 29 40 99 48 60 37 23 42 64 6 4 26 94 77 28 35 1 8 28 1 77 55 37 86 37 33 31 87 71 52 8 30 68 70 54 13 65 91 62 42 21 51 7 51 21 13 22 35 18 7 18 84 50 73 70 11 52 38 28 87 54 5 60 73 73 12 30 45 26 96
45 36 97 8 91 87 50 37 79 43 58 33 46 12 25 40 14 64 96 89 45 69 12 55 74 2 8 13 94 27 13 36 9 77 90 8 73 39 11 45 6 79 71 84 95 80 85 79 24 10 56 76 42 47 70 66 68 2 34 44 50 73 10 38 20 40 84 57 1 36 68 0 13 69 27 29 40 27 52 11 90 35 10 2 37 93 43 78 45 19 45 76 44 13 64 100 6 59 10 1 84 60 20 53 86 86 61 84 80 75 24 4 96 84 100 72 53 37 94 36 27 45 2 89 4 73 94 68 1 59 12 13 30 84 66 32 83 4 33 82 9 37 69 94 83 42 68 80 9 30
67 51 2 61 69 26 84 77 61 49 84 60 12 27 54 69 62 17 21 92 28 75 17 52 20 9 92 11 96 26 54 26 41 11 77 92 81 95 96 32 98 74 53 72 57 8 56 56 28 94 60 60 44 7 20 30 85 37 92 50 63 42 40 75 19 46 21 33 10 74 27 98 0 34 99 14 63 35 88 4 64 67 34 83 97 84 64 75 8 97 2 58 65 24 17 6 2 10 25 77 67 32 54 96 33 60 4 36 74 17 46 15 37 68 19 31 75 90 86 27 94 9 9 7 13 96 79 74 45 49 22 41 11 3 54 79 11 90 84 94 1 34 51 3 1 98 7 60 45 98
13 28 28 65 71 51 37 44 9 4 25 59 67 44 41 44 13 79 88 74 40 74 34 85 53 94 38 26 69 70 66 10 6 75 36 76 3 8 55 90 8 93 29 8 36 99 14 80 41 50 45 53 41 97 32 67 98 33 25 44 7 67 62 48 41 54 32 92 81 78 32 61 98 0 82 26 79 4 96 19 21 35 22 7 77 98 68 68 100 37 58 52 68 76 45 56 26 57 87 12 2 22 79 82 48 71 29 76 16 86 8 17 24 4 41 55 48 79 99 32 55 24 15 90 63 71 42 14 66 74 100 8 16 41 41 59 71 93 82 27 65 5 58 84 22 58 97 30 65 44
89 2 81 36 87 58 6 43 6 45 6 26 17 27 46 33 39 55 24 100 74 83 42 100 6 55 70 90 66 30 67 90 21 42 47 54 20 69 27 19 54 23 32 50 27 33 10 11 73 76 42 97 69 50 54 33 2 93 90 40 84 25 97 68 25 28 75 31 93 69 56 12 7 33 0 42 41 55 92 89 14 23 20 57 16 59 40 27 70 32 11 54 14 60 80 85 90 1 7 75 87 2 37 79 12 18 17 51 64 34 49 47 4 73 72 37 49 21 76 75 61 51 84 93 77 20 91 48 84 95 21 17 86 35 83 72 17 89 19 71 60 77 87 98 28 65 69 11 88 53
13 15 54 70 84 77 58 40 29 96 52 94 35 74 32 69 76 55 79 96 89 74 11 39 77 80 71 92 4 17 60 29 19 33 65 24 15 57 97 7 20 58 56 97 84 5 21 65 12 28 99 84 48 22 35 56 60 4 77 8 85 72 78 37 17 57 92 92 45 80 63 10 92 18 62 0 34 49 48 40 40 70 74 78 83 77 81 74 46 43 49 4 61 39 87 65 51 82 72 22 22 95 56 48 52 63 59 90 33 44 37 17 1 2 23 74 76 98 64 36 70 88 26 94 30 63 46 56 23 11 47 71 88 3 18 53 25 79 63 84 68 35 31 71 99 64 97 86 44 67
78 19 44 52 35 59 38 94 2 79 60 18 85 100 75 1 30 20 37 76 88 21 76 53 85 63 35 21 72 10 77 18 39 42 30 75 65 82 74 17 87 88 9 52 80 21 71 2 78 15 1 28 28 68 41 1 67 28 72 53 49 38 90 69 76 4 9 99 39 68 51 76 42 67 30 49 0 59 75 30 86 21 88 37 17 40 19 71 50 12 95 85 92 63 44 36 11 49 28 87 76 61 6 58 66 52 46 24 32 87 68 46 64 92 40 29 76 88 13 41 74 40 10 25 66 27 24 23 42 11 59 24 95 14 79 19 23 87 67 59 26 27 55 85 18 75 60 3 68 75
3 34 88 86 22 23 81 89 56 55 62 90 25 53 28 54 4 39 5 83 74 38 63 42 35 31 78 56 40 68 9 59 78 80 96 93 21 53 96 75 66 64 50 26 91 55 54 11 76 71 26 32 24 51 60 24 5 81 58 54 93 25 15 34 52 24 57 5 44 26 69 16 34 51 3 38 70 0 97 37 78 67 43 27 14 45 44 24 95 82 80 12 13 94 83 95 81 55 92 28 70 61 92 82 33 78 47 55 74 39 27 74 64 23 59 58 8 22 100 42 100 55 99 81 2 76 3 25 93 88 9 73 91 11 28 15 29 78 80 53 19 73 34 44 78 90 37 96 94 82
16 71 47 9 7 70 21 60 26 82 50 47 44 40 34 30 28 70 73 12 60 25 7 68 97 92 31 90 58 33 18 21 85 23 16 63 82 51 56 83 77 57 26 43 4 68 35 25 15 88 50 45 44 49 34 69 34 32 78 39 74 94 44 53 56 14 29 96 94 4 26 76 56 33 23 14 14 73 0 21 84 13 89 50 89 71 43 8 13 27 18 71 49 26 97 93 83 35 75 70 95 86 80 11 44 47 9 60 1 83 32 31 26 32 34 12 79 4 10 19 12 31 17 97 57 24 100 72 60 63 47 24 63 92 26 62 60 19 5 21 93 45 26 33 52 15 4 87 75 5
35 10 9 1 93 55 83 20 38 55 50 27 19 46 14 65 18 79 35 17 88 40 95 70 22 49 93 26 21 58 95 50 3 31 93 13 88 52 78 6 51 72 77 16 51 17 4 15 63 39 38 64 8 84 46 83 66 27 39 4 4 49 93 3 6 83 71 8 31 32 46 5 27 15 85 85 99 85 8 0 3 59 52 6 74 44 38 19 19 100 40 79 77 92 1 89 18 71 46 48 94 51 48 40 86 48 9 56 82 69 95 61 16 50 67 20 97 3 34 52 7 82 54 22 28 98 79 97 75 61 40 95 76 5 28 28 79 54 36 43 33 4 94 40 71 73 85 42 57 43
23 15 71 30 74 26 98 81 6 75 18 47 88 63 42 92 30 13 10 24 64 98 42 10 30 9 55 72 41 79 16 70 14 6 94 5 49 52 80 7 24 88 16 88 63 31 61 92 59 65 14 99 29 31 26 44 1 41 73 62 14 90 85 19 3 2 92 83 74 89 64 75 68 32 46 78 67 61 9 4 0 57 86 100 43 97 56 2 10 69 13 88 8 51 41 15 25 40 48 46 23 97 54 80 15 30 83 59 73 99 8 32 3 66 89 66 7 20 29 49 50 20 97 36 5 79 67 36 26 47 10 80 65 61 89 58 96 37 90 28 17 64 20 68 38 13 40 59 23 45
76 62 79 96 9 42 48 43 37 70 52 90 28 24 26 59 42 7 48 39 74 83 95 5 47 2 1 56 94 70 25 85 52 34 71 62 71 92 71 46 48 62 54 66 99 78 54 27 64 76 64 73 63 94 71 21 60 45 100 94 3 11 39 65 10 45 67 13 15 9 56 30 16 4 90 34 17 52 66 45 12 0 69 35 13 93 34 80 88 87 78 86 15 63 81 30 7 51 20 7 58 29 39 84 86 96 7 63 37 53 92 27 25 80 68 57 1 6 91 63 10 67 34 46 61 33 53 30 81 97 8 16 48 51 31 65 65 73 73 14 63 52 88 40 71 86 34 79 39 37
84 51 2 28 56 25 74 41 78 85 32 57 88 56 51 85 70 17 41 14 62 27 3 16 12 84 83 28 62 56 22 64 38 79 99 87 51 31 5 71 13 11 94 99 4 23 19 27 52 27 45 10 99 65 35 19 32 49 86 43 20 55 94 2 26 30 10 35 82 50 25 70 10 90 27 79 10 91 28 75 98 85 0 68 13 40 54 5 58 30 21 67 43 43 20 100 50 23 7 91 14 79 60 17 86 22 1 91 60 34 78 89 16 57 90 24 5 86 64 5 12 75 16 88 98 39 28 3 97 87 68 64 63 86 41 28 49 4 12 89 40 71 89 99 26 15 64 41 65 54
70 36 54 58 25 19 33 77 67 39 81 72 76 54 28 36 86 41 93 45 58 98 81 7 27 82 34 8 82 23 50 99 40 61 79 10 23 38 88 99 71 57 33 52 10 69 10 66 75 70 51 98 71 70 17 69 17 13 11 60 65 52 19 76 41 23 95 44 26 84 73 77 65 59 77 2 67 34 64 24 65 27 55 0 88 53 12 64 3 78 79 41 40 18 53 63 77 9 70 27 58 5 45 30 63 8 35 14 22 37 7 57 36 64 32 77 20 100 58 7 36 36 97 6 67 58 99 60 32 18 5 77 8 28 37 49 100 17 9 94 28 44 3 57 73 64 85 82 5 79
21 75 65 66 18 30 16 22 71 25 85 52 79 3 1 70 55 87 90 24 26 32 29 71 1 26 11 91 95 98 68 29 12 61 77 3 47 7 97 60 36 57 42 23 70 32 20 24 19 41 13 90 83 20 76 76 50 16 23 10 96 80 29 38 57 57 18 23 52 85 78 21 4 70 13 86 24 4 82 2 68 71 46 57 0 94 71 76 24 14 63 8 81 96 86 58 93 91 23 49 36 87 83 37 17 78 75 17 5 67 63 73 76 100 94 73 88 76 9 54 47 29 81 98 89 17 73 33 93 3 1 28 26 55 40 20 76 4 65 37 79 47 41 84 65 8 51 13 7 77
39 38 73 32 29 37 4 95 1 20 58 32 99 82 96 5 12 92 86 41 11 70 20 54 65 4 19 66 88 87 18 43 47 87 87 74 12 86 67 70 43 74 18 9 17 19 52 58 7 79 73 34 70 84 84 6 36 60 50 4 73 79 80 13 39 32 31 52 62 61 66 8 16 91 55 30 93 82 72 9 9 42 13 92 48 0 38 24 14 3 29 75 39 57 46 56 40 70 94 74 37 91 42 42 41 45 28 42 27 92 58 99 10 88 34 74 31 80 17 95 10 22 81 68 92 32 78 50 34 72 9 91 65 75 64 54 57 51 11 3 14 87 82 61 57 66 55 60 23 90
24 13 90 57 53 34 100 70 24 87 53 47 17 28 86 11 97 74 59 3 62 79 35 87 5 87 70 97 28 49 77 37 84 31 83 18 67 44 64 14 72 68 64 86 63 3 20 45 8 44 18 28 31 49 17 67 39 16 46 62 48 2 94 21 31 69 63 22 65 19 2 32 71 90 64 100 71 29 53 41 32 13 52 48 96 98 0 15 18 34 16 69 91 62 39 31 23 84 30 2 45 20 83 86 73 65 76 92 53 79 35 59 77 10 12 45 98 56 25 22 55 24 4 31 75 35 69 91 22 24 22 96 23 91 40 39 34 94 49 88 76 14 27 17 78 15 11 15 38 88
72 69 68 2 63 80 67 19 37 10 38 30 97 43 53 23 21 2 46 72 23 25 60 20 7 35 11 11 28 31 16 71 34 3 94 97 68 82 97 7 14 37 34 88 42 7 32 11 35 30 88 43 51 47 58 51 100 67 27 29 50 89 80 31 48 77 86 57 10 76 64 90 10 12 100 8 9 60 61 90 71 31 86 27 43 76 54 0 7 51 87 35 76 27 13 71 3 52 96 63 95 35 82 69 16 42 9 74 9 72 46 81 59 51 12 54 16 98 49 61 58 69 79 45 59 94 27 56 1 11 84 36 99 28 33 55 98 3 7 8 60 81 66 19 23 15 94 59 50 6
87 43 8 69 79 73 55 3 7 46 52 17 95 23 10 23 8 26 54 53 84 10 9 18 46 1 67 4 66 73 58 85 12 8 97 61 86 72 100 40 72 63 27 9 63 42 6 44 11 41 59 84 96 38 74 99 93 46 63 9 20 91 64 14 25 53 47 75 70 47 53 28 16 91 5 73 63 79 95 42 86 1 57 83 21 16 33 70 0 98 15 38 78 6 53 80 14 66 59 30 54 13 74 47 76 4 55 26 9 57 67 18 97 58 28 19 89 3 80 33 67 78 65 96 95 71 48 48 16 51 74 90 72 57 64 86 70 11 12 67 78 93 10 24 13 34 41 65 13 22
32 5 57 33 58 66 1 36 39 59 62 9 81 65 79 63 59 13 32 84 66 71 9 38 33 12 35 23 32 7 8 19 17 13 77 81 89 93 31 70 29 83 84 5 81 90 1 44 66 4 2 13 37 4 86 96 76 65 49 51 9 37 66 33 3 33 15 99 69 23 55 90 46 100 97 46 19 18 24 47 3 100 65 38 57 85 66 5 15 0 26 98 85 20 65 27 30 5 12 3 48 54 9 63 100 38 10 34 7 37 16 49 79 74 31 4 20 16 64 1 22 21 85 95 91 1 26 1 19 71 74 65 90 56 83 45 28 83 58 49 17 79 75 59 13 71 9 53 79 25
89 77 44 61 26 100 33 48 98 95 13 53 26 78 13 94 73 46 45 84 80 76 58 100 98 71 9 93 46 15 4 70 57 14 50 67 90 84 77 91 17 46 94 25 44 3 76 59 100 3 30 83 36 82 99 32 57 14 38 14 12 21 78 38 84 16 27 21 28 33 17 71 73 74 27 19 51 29 15 46 70 63 20 5 77 54 61 54 24 49 0 46 1 100 89 97 68 87 81 13 30 32 12 29 59 89 18 45 74 71 69 68 77 13 22 90 97 80 46 78 49 92 89 73 68 17 56 81 76 99 71 67 48 42 40 21 32 25 97 18 94 2 35 100 98 68 27 49 94 81
61 39 25 87 6 73 19 73 26 96 18 60 5 9 24 91 18 17 39 50 4 14 100 28 77 91 25 13 99 86 27 1 15 32 41 47 67 40 53 65 84 43 46 65 42 65 81 9 14 56 6 83 18 15 33 32 93 62 37 22 84 64 18 55 38 84 75 59 66 32 14 55 98 21 59 62 67 88 23 58 75 54 61 71 69 42 29 49 41 25 94 0 9 18 47 5 44 64 80 58 12 66 87 60 10 40 55 50 4 78 45 34 12 65 29 10 4 55 39 1 74 34 28 42 40 61 34 38 5 93 68 37 44 51 5 49 16 73 6 56 52 37 24 14 4 60 43 77 41 49
81 27 85 67 11 80 9 95 4 39 19 48 38 38 46 56 47 76 36 67 21 67 31 57 87 76 43 13 56 61 36 18 39 44 82 90 96 25 24 31 77 28 39 87 67 80 63 98 51 62 16 4 61 31 46 1 33 74 7 24 16 11 12 83 26 9 55 50 30 38 57 87 76 94 79 42 69 32 14 50 27 71 13 33 94 63 74 5 91 44 54 40 0 96 79 59 89 59 66 25 52 41 70 96 76 57 66 15 83 67 15 95 96 71 60 58 29 40 30 5 51 78 1 26 20 41 26 23 43 6 59 31 22 47 49 4 11 85 70 1 39 82 100 25 26 9 67 90 46 13
53 96 98 61 58 7 66 10 6 63 76 69 42 30 23 66 2 34 93 38 47 57 17 97 76 18 50 6 40 81 62 40 76 72 26 4 34 72 69 85 35 32 23 7 84 74 34 11 86 75 63 20 56 64 99 53 17 46 97 32 100 81 30 86 76 34 42 98 23 23 12 86 83 98 94 47 24 72 93 86 87 1 43 51 97 33 12 13 32 4 69 91 48 0 76 92 71 2 56 32 47 97 98 84 17 54 55 90 85 9 12 80 30 67 81 99 56 31 73 37 65 30 40 30 9 8 37 2 90 74 34 80 35 60 60 43 85 66 50 19 76 12 3 83 96 28 70 38 90 81
65 67 3 58 31 77 87 49 76 81 11 93 40 89 35 90 43 42 8 54 19 18 22 76 97 85 96 13 42 91 92 89 47 83 54 33 21 38 15 29 42 85 55 96 52 38 47 11 35 59 62 8 45 32 6 41 40 84 73 88 66 3 17 95 42 66 88 7 26 57 1 2 98 15 97 92 17 20 13 6 16 18 61 1 49 81 24 53 50 73 92 16 15 67 0 25 77 5 35 48 8 67 21 78 7 50 22 37 40 96 78 9 69 99 5 33 45 56 70 11 95 2 72 14 28 55 9 2 50 93 15 95 94 49 2 42 94 94 13 15 50 77 53 22 46 73 83 42 39 63
43 5 91 55 48 48 86 31 26 67 85 40 9 89 42 77 47 50 43 7 91 14 38 17 2 8 77 53 65 98 5 68 50 72 82 91 2 80 27 57 78 34 30 25 74 72 21 45 23 38 23 57 83 70 95 38 58 38 65 82 35 35 93 1 5 19 44 86 35 51 2 7 6 54 72 67 82 4 67 35 17 26 43 56 32 75 38 84 8 20 39 60 99 17 30 0 43 72 38 92 27 2 9 37 16 49 77 7 85 20 25 83 31 29 20 69 93 67 68 97 60 22 24 33 52 59 17 90 65 29 39 96 34 32 59 10 81 28 95 83 55 21 63 78 57 61 13 57 77 96
48 100 81 5 100 43 52 38 61 13 89 24 37 94 36 14 6 19 70 65 45 100 71 23 79 93 97 63 49 31 81 49 16 30 60 62 32 70 16 29 57 91 90 56 40 57 92 66 23 76 29 38 43 67 84 84 69 36 84 67 5 46 53 66 14 69 65 35 81 38 27 36 15 47 45 35 85 63 88 34 45 99 19 54 98 39 96 84 6 99 14 97 24 16 24 95 0 27 18 65 91 14 44 83 34 4 49 50 2 47 83 82 10 15 22 84 84 7 83 77 47 75 93 6 55 81 60 33 37 14 30 29 17 8 35 82 54 57 39 76 100 79 56 88 56 19 40 36 20 43
67 9 27 41 13 95 6 21 41 58 36 67 57 98 93 68 93 83 23 81 80 52 32 75 31 64 75 75 57 37 14 92 11 80 70 96 100 39 90 99 47 39 65 32 7 92 8 43 64 5 51 2 6 27 38 34 3 55 96 40 83 14 30 71 41 94 11 71 77 71 80 92 11 37 78 44 36 85 68 86 11 78 62 35 82 43 21 89 100 90 96 40 55 90 93 80 99 0 86 80 1 58 72 54 82 96 7 41 93 49 87 15 68 88 98 69 48 60 100 65 49 49 87 58 30 45 17 51 12 37 11 75 20 62 43 18 5 2 4 65 60 10 34 43 24 5 26 81 54 46
36 56 60 19 28 51 76 61 69 81 11 66 3 65 100 71 91 13 97 30 57 26 36 9 42 84 82 45 72 72 9 43 86 50 48 7 100 48 37 91 51 30 93 32 47 29 84 31 12 74 19 56 84 57 58 16 41 50 93 43 59 81 12 78 56 71 9 90 64 47 6 6 3 35 12 86 50 55 38 31 100 45 25 54 95 80 57 51 38 85 57 52 33 30 27 88 57 15 0 94 45 31 71 18 7 27 32 8 68 85 47 74 76 32 17 4 36 84 29 95 34 69 65 98 75 36 1 55 29 87 61 94 88 4 47 35 54 62 21 9 10 73 52 91 61 4 91 59 86 80
59 65 93 1 66 100 44 42 54 47 24 54 98 39 25 37 34 33 14 13 98 28 49 30 13 22 35 16 99 35 62 26 17 85 42 37 91 77 82 35 88 3 54 14 17 100 37 21 6 65 57 78 26 2 13 64 69 17 47 77 85 45 21 96 26 47 20 95 76 63 77 85 97 24 78 94 55 14 22 5 94 83 34 45 84 28 80 89 6 53 100 86 21 66 60 88 97 100 75 0 20 67 67 12 98 25 99 84 29 79 54 78 30 65 50 5 56 23 53 21 56 2 42 76 27 94 100 37 33 91 19 40 88 40 60 59 8 5 39 52 69 4 36 55 82 12 54 92 33 37
79 3 49 21 78 56 13 25 97 23 87 59 92 6 31 8 1 65 80 34 55 27 49 80 31 43 79 96 60 52 100 93 68 42 70 24 99 32 30 96 56 97 7 91 6 50 57 25 29 13 84 36 77 48 77 68 80 21 51 23 34 30 14 3 79 52 98 45 71 55 57 39 92 52 51 81 11 74 19 47 21 94 22 74 46 97 17 12 79 3 59 80 91 9 99 75 36 92 17 61 0 26 60 88 87 76 16 97 84 85 21 14 88 16 68 5 21 49 1 29 9 61 74 41 64 82 15 99 95 78 12 33 22 37 86 37 30 15 98 32 5 61 40 79 34 92 24 37 22 99
19 33 81 72 77 3 31 54 17 10 24 24 7 75 53 31 62 36 75 39 21 70 28 70 54 7 93 44 9 22 99 89 69 62 94 57 5 74 74 39 52 50 30 17 100 51 71 10 27 29 18 89 10 34 78 82 3 2 8 75 13 54 30 8 99 95 66 85 67 86 69 76 51 48 79 85 66 92 16 8 63 16 95 60 49 45 56 65 92 86 100 91 67 73 7 65 45 83 55 92 29 0 22 43 11 74 19 47 60 22 20 90 96 96 46 66 19 3 95 82 71 50 1 36 11 16 11 91 58 95 64 87 21 68 26 44 73 43 37 96 11 42 90 77 33 11 61 48 78 79
60 68 85 98 1 72 13 30 67 24 92 23 43 46 40 23 63 65 40 84 1 65 73 62 56 9 71 85 3 67 50 15 83 10 30 49 54 17 76 35 88 73 98 20 80 81 60 35 82 62 85 58 65 17 25 75 65 4 9 92 37 78 84 98 19 20 18 38 30 16 20 90 57 37 91 96 94 3 48 93 98 56 16 21 93 78 7 46 72 36 7 29 32 92 76 39 1 51 91 35 73 83 0 46 98 51 45 33 5 67 62 24 22 38 90 53 85 24 36 89 13 23 57 65 85 91 94 64 41 1 16 93 6 76 74 48 30 54 7 12 40 76 58 62 81 27 74 78 87 21
85 91 74 3 40 99 85 66 54 38 91 87 7 31 7 57 37 96 31 64 75 78 29 83 76 37 81 90 22 47 88 65 39 44 3 43 48 49 97 12 71 87 89 53 40 100 12 89 59 76 69 48 23 24 84 26 91 98 47 65 99 65 19 99 39 85 23 77 24 59 64 70 38 71 88 46 33 9 17 79 88 99 32 60 1 69 27 30 63 47 65 86 74 99 42 82 54 12 8 41 82 1 49 0 13 15 51 32 47 30 59 27 3 41 35 16 87 77 43 45 82 95 18 42 94 77 14 33 71 100 62 19 52 31 2 7 40 99 67 32 38 77 25 45 39 80 76 7 55 29
96 95 66 72 59 40 74 100 61 15 36 94 89 39 35 63 33 22 25 35 90 4 100 42 90 98 53 46 34 13 65 86 1 69 53 24 29 38 98 9 54 79 64 6 8 15 12 42 59 12 86 23 4 64 84 20 8 95 66 64 17 48 87 7 98 76 6 78 32 53 48 30 99 57 33 73 94 89 58 16 82 20 48 57 18 72 97 83 32 83 91 68 82 16 3 34 61 18 99 28 85 72 56 2 0 93 35 23 97 53 89 53 42 4 13 87 10 94 37 97 33 51 2 52 98 35 83 4 42 85 30 9 32 75 90 60 89 10 5 42 71 19 98 47 81 75 71 91 79 85
35 95 47 23 43 76 72 4 62 88 60 23 62 68 46 28 62 39 5 17 36 77 97 57 2 68 17 15 45 12 77 72 97 75 56 29 13 48 80 5 46 53 40 89 43 19 91 49 10 50 24 72 37 3 96 45 45 71 32 51 5 25 84 44 86 17 1 80 6 5 61 44 26 92 20 16 32 1 67 31 5 90 25 20 11 3 45 55 57 14 17 65 24 89 16 65 6 38 73 69 59 64 39 31 97 0 10 90 22 96 34 61 82 92 34 49 89 13 51 44 63 67 16 14 95 74 20 52 16 46 1 47 15 6 50 50 95 22 25 39 41 56 20 22 97 59 28 61 54 6
40 80 87 63 13 10 56 30 98 10 8 80 21 56 76 68 90 43 5 48 27 13 6 25 43 99 95 17 27 75 18 66 68 33 100 76 89 90 46 22 17 39 11 45 91 47 19 80 71 93 20 34 53 75 12 48 77 37 69 11 19 37 60 84 89 12 85 61 46 89 36 57 39 81 94 14 10 37 86 44 33 43 39 35 93 59 99 49 71 8 15 54 60 61 82 42 66 6 21 26 90 45 66 14 99 33 0 53 61 42 19 30 93 70 60 85 18 31 81 16 76 70 40 6 34 64 100 46 93 81 14 87 11 97 10 18 18 31 97 48 28 90 100 33 39 35 70 56 24 87
11 99 97 64 89 84 67 47 12 17 63 53 29 6 70 73 66 45 77 8 98 89 81 3 70 94 34 72 68 49 53 13 59 16 72 58 10 85 25 1 74 34 50 7 9 77 29 49 62 6 47 4 3 98 39 3 13 17 65 29 52 56 38 81 50 20 24 33 63 32 63 89 92 82 45 22 59 76 16 78 81 33 43 15 75 52 31 85 75 74 20 99 71 24 90 9 68 70 4 92 5 20 12 52 1 69 75 0 99 8 74 42 62 32 80 3 66 7 37 24 11 90 46 79 4 85 95 98 26 84 2 9 96 60 15 42 61 31 28 58 58 4 38 38 46 18 25 43 9 84
96 79 47 75 82 88 86 67 13 90 65 96 44 99 97 15 40 28 21 92 74 4 7 37 74 74 63 64 75 6 29 62 37 40 26 57 80 48 23 93 44 28 32 73 95 100 82 66 74 44 47 79 79 67 41 14 13 18 41 75 33 2 54 26 57 28 89 87 89 42 95 10 57 66 93 76 83 70 68 37 38 4 60 25 49 49 100 71 15 68 10 56 34 94 32 38 72 84 85 15 30 5 24 11 88 84 95 45 0 25 35 43 43 45 55 25 8 8 43 80 77 60 71 37 72 24 58 75 80 75 17 3 40 91 65 5 26 61 35 96 51 74 25 62 8 83 4 75 51 87
20 62 75 55 24 23 11 21 74 33 68 8 6 29 62 98 5 11 14 9 7 73 9 32 20 38 88 93 70 17 79 78 97 93 58 51 94 90 84 9 87 52 24 57 99 6 1 9 5 80 41 5 9 68 61 95 77 18 97 78 63 35 49 95 76 80 44 18 36 93 47 97 31 38 84 8 63 43 2 77 94 100 53 43 16 17 79 86 26 92 30 65 17 56 30 30 45 58 84 42 3 95 42 20 76 92 64 2 42 0 90 33 32 96 88 84 12 77 49 50 54 45 24 67 20 68 23 60 38 41 60 57 86 1 41 48 74 52 60 67 62 83 95 59 91 38 22 59 84 56
20 97 9 50 65 4 12 60 6 95 98 58 51 10 64 94 12 62 74 7 39 61 89 52 100 40 23 76 88 8 68 65 47 45 38 53 55 68 21 48 36 88 3 41 33 95 25 61 1 71 22 14 20 39 33 60 30 9 66 99 32 13 58 99 89 78 32 66 74 43 10 48 81 80 11 88 87 74 74 6 51 58 52 35 67 45 9 70 7 44 100 13 52 57 52 70 77 99 12 57 80 30 23 25 44 57 47 69 51 56 0 97 71 52 53 32 86 54 48 1 2 9 46 78 79 98 76 43 91 95 46 89 50 68 97 3 72 8 12 45 72 70 90 45 38 44 45 63 78 90
70 10 37 26 95 32 13 70 18 25 90 82 51 88 14 39 79 71 12 6 80 65 38 8 48 21 5 65 63 42 2 68 61 30 68 38 99 32 80 93 11 36 92 26 6 96 95 23 88 4 34 5 60 20 59 39 28 26 73 11 20 80 98 97 24 14 58 65 23 20 91 56 91 62 34 63 80 93 50 12 14 87 8 42 7 69 45 13 51 79 45 71 40 66 61 53 90 42 69 99 67 42 63 48 12 39 44 65 29 97 34 0 18 43 18 83 72 40 40 59 9 51 9 49 85 42 1 71 47 94 19 80 35 50 51 85 81 77 28 100 55 17 36 99 81 49 96 87 78 93
85 38 41 35 19 82 29 77 65 92 75 27 28 6 37 84 64 92 61 68 51 24 46 61 64 98 91 76 36 68 60 19 31 65 60 82 86 84 39 3 13 60 63 19 20 54 42 84 46 42 70 61 99 45 44 40 74 90 50 4 23 9 99 22 25 43 59 34 6 47 11 100 42 39 53 17 64 98 78 68 78 9 35 50 14 69 15 65 65 58 71 41 96 27 33 31 81 7 13 87 62 99 16 65 32 73 95 46 5 73 28 50 0 62 44 69 74 66 30 55 67 15 95 30 87 56 45 89 12 34 81 78 64 19 67 76 34 25 67 85 32 41 50 63 80 19 35 85 61 16
84 92 22 34 53 43 94 83 47 23 65 2 91 22 16 65 91 77 99 48 36 80 47 73 96 88 99 94 26 37 32 48 47 16 77 64 9 39 93 24 64 35 75 14 36 10 76 64 55 48 96 95 91 66 64 82 57 32 69 32 37 41 57 44 30 31 48 86 31 98 56 34 81 52 10 70 12 19 25 81 31 99 95 25 68 57 35 18 81 16 88 37 86 14 59 38 44 39 24 46 19 35 60 94 13 93 76 84 75 16 27 88 22 0 40 16 19 81 75 43 70 47 39 68 91 18 60 59 14 41 22 19 17 78 72 23 88 13 44 24 77 36 78 55 44 36 8 22 97 38
53 4 50 50 93 78 36 27 7 4 39 10 5 49 70 6 96 6 53 43 44 86 70 79 92 9 53 42 12 41 81 23 64 71 100 11 77 41 80 27 28 65 31 40 47 78 25 30 34 8 26 16 8 98 29 38 15 31 77 50 37 87 85 58 43 17 79 25 66 16 50 26 16 79 75 23 85 22 86 40 25 29 7 30 8 59 12 13 70 42 49 73 45 13 58 33 69 95 92 7 85 28 17 86 84 3 53 22 22 14 97 42 21 15 0 26 40 94 63 17 34 29 22 90 32 25 11 59 51 49 3 99 96 50 10 98 34 65 30 74 13 97 64 56 3 86 8 58 93 8
79 68 12 10 30 5 12 37 31 84 81 35 8 71 78 60 97 56 53 5 35 84 18 69 55 46 78 46 70 42 41 72 86 21 6 51 44 3 74 57 82 92 15 8 62 80 47 4 66 84 12 90 19 53 9 4 41 96 45 71 61 60 96 34 32 17 100 24 27 52 76 38 86 15 45 43 88 91 99 57 50 39 57 53 85 68 21 33 47 64 59 43 6 26 16 79 76 68 30 29 4 18 22 17 67 4 49 29 38 59 32 96 20 19 58 0 73 83 72 11 60 6 49 62 57 25 67 46 8 16 31 16 28 38 84 46 23 94 12 7 64 7 65 21 90 54 4 93 76 71
72 26 10 60 56 46 52 51 43 8 27 69 51 89 27 62 12 14 20 94 46 36 57 45 48 36 59 24 65 55 21 76 66 38 9 94 74 46 23 78 77 59 75 83 27 24 80 35 85 12 42 80 89 11 16 20 1 18 67 3 8 49 91 20 74 30 63 75 29 37 17 87 41 42 70 24 65 64 59 27 68 41 14 84 35 41 41 42 5 70 60 72 24 38 40 4 36 95 42 86 4 42 93 83 75 71 41 77 12 2 63 89 63 58 34 64 0 31 84 76 79 78 76 54 18 31 60 85 34 78 76 23 20 24 53 16 81 66 13 93 29 38 44 45 29 71 35 9 34 8
91 72 34 71 20 80 57 89 100 43 19 26 91 48 56 42 46 69 20 2 42 40 18 60 89 69 26 8 24 89 97 47 9 53 78 18 12 11 46 94 19 74 29 27 72 23 51 90 2 27 90 87 27 100 35 79 25 91 88 73 64 5 24 61 30 46 3 86 8 97 56 89 73 82 92 42 16 88 47 88 46 37 45 32 85 3 11 76 30 82 16 48 74 69 37 63 65 45 73 63 53 51 7 29 1 29 27 53 49 60 96 14 2 48 97 37 40 0 55 81 25 19 4 94 48 43 66 97 19 10 43 6 49 3 33 80 7 63 6 81 80 39 59 96 71 44 18 2 23 98
57 1 57 33 85 83 12 63 63 32 57 73 35 88 18 29 51 7 32 87 45 1 84 12 18 54 23 10 66 85 6 95 10 16 74 80 15 82 23 76 74 100 91 60 20 71 2 57 74 83 44 2 18 14 80 35 92 3 67 60 7 31 41 71 91 49 11 100 81 67 70 16 66 24 86 95 98 3 7 61 17 12 30 19 53 29 83 79 72 87 53 90 46 31 49 96 5 33 66 41 10 80 30 48 87 79 29 19 91 40 52 59 9 98 48 83 65 49 0 14 59 24 80 90 9 37 38 52 37 13 19 50 81 48 8 27 3 2 31 83 71 97 81 93 6 47 78 71 48 18
86 30 55 58 48 90 21 92 79 57 3 85 91 46 32 35 2 51 47 7 84 26 65 4 96 99 70 11 9 27 39 93 54 22 95 74 77 99 28 78 65 40 90 33 100 44 1 41 67 22 10 55 34 46 94 33 32 92 6 15 67 73 69 97 7 55 54 65 96 94 80 86 89 98 50 35 1 81 64 62 61 54 85 84 55 29 86 55 69 27 20 81 24 40 69 99 66 68 67 18 99 92 49 3 11 62 94 93 3 51 31 35 52 78 40 88 63 71 38 0 22 36 38 87 15 56 80 73 1 74 32 52 28 96 84 67 58 48 91 10 50 47 37 6 50 21 36 86 28 32
42 47 48 24 33 26 45 62 91 64 8 49 68 26 12 82 41 26 17 13 26 38 37 89 95 41 92 28 62 38 3 7 42 42 84 74 86 71 75 83 70 65 64 38 51 97 62 58 13 92 13 77 28 13 18 80 24 44 46 83 15 42 78 98 50 66 45 91 60 91 99 34 55 16 60 32 44 52 27 77 61 44 42 31 83 28 47 23 9 39 1 78 71 28 16 88 41 16 87 91 58 29 100 94 49 25 25 28 86 66 65 38 27 11 98 41 37 37 46 1 0 6 54 18 65 40 26 52 66 78 10 86 33 17 79 33 80 7 28 97 60 90 89 36 76 78 24 2 30 94
81 71 74 84 73 62 99 80 44 50 55 65 4 2 60 9 54 67 6 25 26 34 2 94 83 22 26 18 36 72 75 25 87 14 40 2 62 43 92 51 53 5 96 83 45 90 84 33 85 93 86 61 66 65 38 39 15 28 4 18 40 38 36 41 37 12 88 63 27 13 69 17 20 97 64 31 23 83 33 82 85 55 27 47 100 60 29 84 55 39 8 43 63 36 48 48 42 2 36 95 34 11 12 78 11 35 81 97 33 86 66 29 21 14 88 24 90 36 8 79 11 0 60 94 32 16 16 41 15 91 65 87 11 78 62 4 45 33 51 39 4 8 14 35 98 89 18 51 12 93
18 89 90 90 56 69 79 79 43 61 50 93 18 96 27 37 60 77 23 9 64 33 76 55 60 66 43 78 46 76 50 60 96 36 13 58 14 91 20 50 79 60 21 23 60 98 46 86 69 13 36 50 21 35 83 13 52 96 88 80 66 44 94 88 92 18 83 86 23 46 55 79 10 63 92 22 10 56 21 33 14 18 89 7 37 6 74 59 62 48 6 33 25 96 14 15 97 82 70 35 2 73 93 100 81 74 59 85 31 48 7 84 13 83 31 38 93 7 59 17 90 92 0 29 22 41 4 36 64 39 38 86 50 19 49 14 15 62 27 71 32 8 45 91 58 75 89 10 71 54
3 24 32 69 38 73 44 54 2 72 2 12 67 100 73 73 14 16 94 81 25 35 5 13 10 13 74 10 65 45 4 78 49 28 76 82 49 47 6 12 44 49 39 97 14 24 25 22 16 97 7 51 29 10 18 5 1 44 8 59 92 63 11 46 24 65 40 2 22 16 52 78 29 92 68 48 19 79 96 3 76 1 1 9 30 84 48 98 13 79 73 87 45 38 40 47 66 47 2 51 97 7 41 74 26 58 10 12 38 96 62 69 54 4 51 91 36 88 26 12 11 64 41 0 28 29 42 42 80 41 27 61 4 52 74 57 5 7 20 94 53 63 23 45 24 17 36 70 90 90
35 12 23 76 96 14 17 29 32 64 71 8 15 95 42 28 89 4 35 78 5 3 66 54 4 5 68 73 61 74 66 63 59 30 99 71 22 79 49 96 41 36 74 63 24 11 91 46 24 78 89 11 23 5 12 31 42 30 78 84 99 75 59 69 10 23 65 82 72 27 18 93 24 97 56 87 67 63 30 11 33 63 17 49 35 98 70 47 90 63 56 71 73 19 73 21 53 54 33 18 16 79 40 97 45 20 64 78 55 59 90 35 32 43 79 34 17 20 35 14 92 8 52 42 0 31 18 77 44 21 81 85 7 19 82 100 91 83 100 17 76 38 96 22 51 42 26 50 68 48
41 73 59 43 58 7 32 49 67 17 66 91 59 83 55 83 100 35 14 58 86 26 72 1 77 55 97 20 65 82 28 27 85 36 58 7 64 26 7 42 41 33 87 68 53 24 30 81 95 73 40 71 25 99 31 24 84 97 73 13 51 34 45 64 2 18 39 42 56 4 53 69 7 81 85 71 68 69 28 13 40 97 62 20 3 69 42 29 5 92 54 90 64 70 85 25 7 24 24 84 97 69 96 23 83 8 55 23 18 1 65 48 73 37 46 16 71 84 53 52 49 19 100 72 33 0 80 55 79 47 65 95 56 14 49 60 89 15 53 75 21 56 72 31 9 90 52 74 68 22
22 32 14 98 56 2 31 17 98 91 4 27 42 28 36 59 24 46 65 85 27 11 84 54 69 51 16 100 99 38 79 57 98 90 51 82 25 25 12 21 81 84 95 88 90 17 28 22 27 23 87 71 96 85 21 46 75 37 8 62 29 31 18 63 95 88 5 89 7 21 39 38 9 31 79 4 53 95 66 49 62 86 50 48 72 76 94 42 97 95 4 40 34 20 46 94 65 41 27 35 42 43 51 31 100 4 9 62 68 8 88 55 63 2 76 33 16 69 39 97 32 21 70 9 81 23 0 75 68 13 23 48 6 36 2 75 20 91 65 95 50 37 67 94 92 36 69 18 21 97
29 91 56 26 13 58 57 54 46 33 23 76 83 43 7 60 92 86 73 45 65 8 95 88 3 66 100 76 58 56 19 59 98 71 75 5 74 53 82 45 41 100 67 31 23 13 43 18 98 100 55 73 51 97 42 58 47 99 7 17 16 82 91 100 83 3 27 49 17 51 10 93 65 60 20 32 45 78 71 64 25 40 36 10 7 91 86 95 39 84 54 96 36 19 50 63 85 47 48 38 66 34 75 49 96 93 19 87 38 95 72 55 2 7 99 44 1 82 80 52 88 40 52 48 69 20 73 0 14 21 10 19 32 92 72 86 26 92 100 55 14 37 24 54 72 60 87 70 28 36
43 65 30 36 83 29 94 9 66 27 55 48 82 58 81 30 44 70 87 63 93 91 77 15 87 48 100 89 31 87 47 64 27 58 98 85 24 44 35 5 97 53 13 66 24 40 93 2 96 97 20 48 23 1 85 39 100 29 50 5 21 96 23 53 24 32 26 81 71 68 87 86 47 79 9 12 9 14 53 63 17 58 21 64 19 72 4 15 55 7 63 44 45 11 80 82 11 99 23 5 96 50 15 84 12 59 92 75 35 47 24 34 82 96 3 26 92 94 21 1 99 46 32 12 83 13 15 43 0 54 97 73 18 34 24 90 74 80 49 74 80 41 22 42 88 19 35 15 69 80
4 45 27 75 63 63 13 51 53 55 20 43 50 58 90 10 95 31 58 27 81 97 97 26 35 58 81 47 66 12 64 80 51 32 22 32 61 96 1 13 89 3 1 11 80 41 59 52 11 24 64 82 87 16 97 50 20 5 86 61 6 53 50 69 51 64 83 63 91 52 26 4 19 49 49 59 3 75 22 41 67 71 64 21 64 64 92 51 61 26 80 78 93 70 21 1 49 23 64 78 36 59 29 18 60 60 69 39 16 54 55 76 16 80 44 71 96 75 66 7 44 80 37 1 38 46 96 88 30 0 8 60 69 11 28 78 9 55 25 77 80 4 18 35 46 43 60 72 100 18
14 43 83 50 11 89 49 94 80 70 69 16 15 77 82 98 74 81 75 56 67 87 58 57 45 27 2 40 37 40 29 32 19 100 94 55 68 9 62 9 90 92 13 70 84 61 46 2 78 56 68 13 63 66 69 27 33 60 66 19 97 60 40 17 21 77 41 41 6 49 16 48 49 15 88 11 95 84 28 90 37 98 13 8 36 61 57 84 77 100 22 84 65 92 100 70 43 72 3 16 75 100 95 48 97 9 63 58 68 31 42 70 11 88 85 20 85 72 40 1 37 75 67 70 60 13 52 71 3 94 0 27 85 81 39 35 5 44 6 86 61 8 82 47 42 86 51 26 56 40
59 38 100 59 92 3 13 19 8 52 93 70 93 60 80 98 16 52 65 82 21 19 52 75 94 80 15 16 38 41 42 42 13 79 97 11 91 56 23 28 62 6 81 7 95 88 27 8 22 71 61 48 56 72 9 45 40 66 41 57 15 91 67 35 51 12 42 81 80 21 71 53 18 29 55 76 75 20 17 18 96 19 84 62 81 63 86 13 5 41 9 58 4 76 31 99 45 16 89 4 10 18 1 78 88 17 46 4 73 12 92 57 93 22 68 58 59 18 65 66 89 10 50 80 77 2 8 61 68 62 36 0 93 2 32 96 10 59 61 19 38 93 55 58 61 98 95 80 97 95
36 13 59 73 71 57 11 32 44 55 30 11 22 90 62 84 54 53 71 98 2 92 50 76 62 83 50 28 45 38 71 81 89 7 12 79 38 81 62 3 26 10 46 96 62 76 26 16 10 51 28 84 16 94 71 39 90 65 31 79 92 42 22 24 42 39 14 56 59 11 5 71 81 51 21 79 92 25 25 9 13 27 10 81 33 94 7 46 40 100 86 42 82 70 45 21 86 78 54 51 68 53 92 37 87 28 11 37 73 68 16 65 31 98 45 46 84 10 83 44 20 81 46 43 15 55 97 4 65 19 40 5 0 55 80 25 22 20 54 30 17 51 50 25 28 59 74 6 3 59
7 8 28 49 43 37 44 2 87 31 24 97 18 14 79 41 60 19 71 72 55 49 10 77 73 20 57 28 97 98 95 28 1 47 31 12 56 53 28 97 62 30 41 73 78 90 70 38 67 64 19 87 87 3 67 87 65 78 66 6 4 79 44 31 95 43 1 92 94 2 34 61 57 46 40 36 87 31 58 35 8 27 84 8 62 56 60 34 44 66 70 3 30 99 80 65 10 42 35 63 5 55 49 99 36 77 67 4 91 31 63 28 33 72 52 51 88 6 16 93 79 40 9 41 83 55 49 10 48 85 13 73 21 0 92 24 6 39 44 11 54 75 16 47 82 1 54 69 40 78
2 62 90 18 54 12 90 3 1 10 80 93 22 11 77 72 79 92 54 91 95 46 77 75 22 95 40 70 13 85 20 64 72 80 89 22 56 99 86 75 47 14 55 48 23 63 54 98 51 71 5 6 95 53 16 74 16 52 40 27 74 96 41 49 62 82 39 62 1 36 82 16 12 20 28 29 55 3 56 63 78 13 34 92 76 34 60 28 23 11 15 51 41 56 82 59 67 91 83 29 60 83 56 70 59 67 78 99 31 33 72 2 44 33 11 51 79 46 47 68 49 48 16 82 14 34 51 55 80 70 24 88 44 14 0 18 33 45 72 37 80 43 91 74 1 83 23 32 17 99
57 75 76 57 77 67 87 13 2 4 84 80 5 61 62 65 9 78 28 62 32 20 4 14 54 32 74 30 25 90 3 94 52 3 41 92 89 16 60 3 1 95 16 2 22 36 76 91 74 53 82 53 96 63 92 97 44 44 39 59 72 28 54 3 67 61 60 98 6 89 60 21 47 39 7 39 41 28 28 33 87 21 88 37 29 71 39 20 92 83 53 74 26 94 34 94 87 41 66 18 57 9 55 86 46 94 27 97 66 12 14 35 25 41 79 37 17 53 44 62 74 91 57 63 58 95 40 89 77 73 99 38 4 89 1 0 46 53 16 38 30 76 69 81 71 65 86 21 42 66
22 96 96 7 41 1 41 30 76 38 47 7 84 15 77 26 4 52 13 92 75 17 65 90 13 51 76 54 5 25 35 14 50 99 33 63 10 78 54 5 49 69 14 19 84 8 35 2 37 12 38 77 71 58 63 39 43 88 3 49 25 76 37 47 92 5 58 13 65 86 3 32 66 67 95 27 45 5 63 10 60 34 86 60 85 81 37 17 55 92 46 66 6 14 3 75 78 35 90 71 65 72 24 87 1 19 12 13 78 38 4 43 72 66 28 33 61 99 49 39 84 66 2 39 40 71 97 74 9 12 2 90 71 22 69 24 0 13 64 4 9 33 16 22 95 3 27 37 86 65
34 69 12 51 43 38 58 85 70 84 80 51 77 5 67 14 29 24 95 12 37 77 100 71 34 24 36 68 40 3 81 12 99 8 2 42 21 71 57 100 49 88 1 82 98 39 7 87 8 77 52 68 28 31 99 40 38 24 78 37 2 72 56 71 7 55 81 26 86 92 57 76 5 2 22 63 37 16 24 14 93 20 29 46 66 89 32 29 65 6 78 35 20 10 3 59 21 89 40 4 22 71 8 26 92 88 35 57 57 3 78 63 39 62 45 10 10 38 46 79 82 16 89 77 51 63 59 61 17 16 71 92 71 13 23 59 98 0 17 32 99 90 83 41 42 55 28 30 42 36
64 3 49 4 11 46 64 77 20 40 93 5 95 3 9 30 12 59 58 94 91 66 91 26 20 98 81 82 35 49 83 35 20 15 6 25 31 31 2 16 36 83 50 7 72 11 92 30 23 92 23 12 78 61 81 79 7 80 98 63 24 55 100 71 59 83 12 76 21 17 31 42 80 25 37 20 7 99 15 14 61 49 61 17 99 42 27 60 12 14 48 37 99 17 78 39 41 96 74 61 55 86 32 57 45 73 59 29 1 71 64 100 12 44 92 88 51 47 23 55 33 73 46 46 30 49 1 10 50 52 85 92 3 59 34 25 58 54 0 82 69 81 75 35 89 40 1 4 69 12
76 88 81 57 87 96 56 80 53 77 21 24 70 8 37 99 22 27 74 7 97 55 77 78 26 76 18 66 84 16 34 66 65 45 49 3 2 32 97 5 22 54 79 74 80 84 65 99 21 44 16 10 50 19 96 92 60 45 95 54 82 71 60 81 68 23 78 31 21 20 52 8 95 59 37 19 28 32 79 8 27 89 70 38 16 20 70 99 99 7 22 78 48 33 56 51 7 37 22 61 15 9 59 73 42 7 1 59 31 16 59 18 82 16 6 25 5 31 67 31 34 14 3 91 39 70 17 73 38 42 90 75 26 13 30 60 84 46 46 0 4 95 91 94 16 38 22 22 46 33
5 30 86 16 28 94 1 73 30 99 51 75 46 77 2 36 31 55 56 74 94 55 24 67 59 4 85 87 98 6 81 80 9 90 6 58 50 46 5 92 70 53 62 73 86 54 44 97 14 89 74 87 14 70 95 63 42 23 41 34 47 32 22 91 3 22 2 40 17 62 79 99 25 92 88 87 30 21 76 76 97 56 49 86 95 95 96 61 85 53 9 31 27 60 14 39 95 68 61 86 2 41 48 69 71 18 91 5 49 68 4 35 62 69 1 59 95 78 17 11 94 46 20 97 78 25 100 90 31 44 53 31 13 38 21 34 47 99 87 27 0 10 78 11 87 77 51 12 41 26
22 59 31 69 25 15 80 54 71 61 17 67 4 57 26 47 83 50 63 27 90 7 57 89 60 24 40 38 50 41 65 67 52 15 36 87 32 69 95 67 100 27 5 69 81 18 35 38 66 97 82 1 44 61 63 46 32 65 61 34 16 77 6 55 16 66 19 64 62 1 14 17 87 6 92 89 90 79 55 36 75 99 8 7 28 22 97 29 79 82 74 81 18 65 47 75 82 69 80 57 33 68 61 15 2 4 87 22 85 89 77 20 21 56 39 48 76 64 10 45 68 29 37 75 71 87 41 25 24 58 77 25 50 26 44 93 82 52 73 20 61 0 32 97 39 35 84 26 76 25
32 92 97 34 25 3 87 20 100 34 46 48 10 26 66 40 1 92 76 19 100 79 55 92 12 64 18 47 37 79 25 45 63 67 41 3 98 12 56 66 66 77 64 1 68 58 49 69 61 97 45 37 51 48 95 12 71 37 90 52 88 55 33 70 84 48 18 96 84 36 75 57 55 30 20 79 40 64 8 2 65 70 93 78 84 10 100 42 43 67 39 44 49 66 87 50 5 71 22 34 85 31 95 4 89 18 21 81 25 95 99 41 39 77 57 26 78 38 63 60 84 79 12 68 15 55 99 88 27 99 92 6 35 46 25 15 33 91 80 7 61 90 0 58 7 66 28 46 85 86
78 52 4 47 93 57 42 84 90 56 95 42 10 60 35 19 46 5 32 31 82 74 78 67 97 87 19 10 70 39 56 43 81 21 3 50 24 92 11 40 97 3 53 49 62 60 37 76 67 1 88 93 87 81 82 57 93 94 23 69 52 41 86 1 55 80 35 80 49 31 69 20 10 45 1 54 14 97 32 98 43 90 59 70 5 30 19 35 86 36 18 45 67 47 4 25 50 99 9 21 68 30 36 3 90 46 90 54 72 83 1 46 68 64 38 64 72 93 27 77 95 32 41 20 79 45 79 97 44 75 97 23 55 98 43 16 47 93 89 73 23 58 28 0 47 35 46 67 3 47
83 65 29 97 97 74 21 20 26 90 14 100 38 44 37 27 83 48 57 39 5 32 37 70 32 93 30 69 22 14 85 15 80 14 87 42 100 96 92 93 21 60 79 96 80 48 70 78 95 9 34 96 4 73 64 9 26 71 51 96 91 67 44 59 3 35 57 27 9 89 80 52 20 18 70 12 96 79 88 21 62 80 83 18 97 11 69 89 33 95 96 89 67 39 20 14 83 52 32 80 5 8 12 32 78 78 95 100 67 18 74 80 76 86 82 52 9 27 96 18 18 68 46 34 38 72 76 76 33 9 81 58 90 96 96 51 21 6 28 87 6 44 20 33 0 98 14 12 81 95
10 71 84 43 79 100 52 55 57 47 87 73 17 61 82 87 1 96 75 31 70 78 31 65 15 14 85 66 73 100 59 16 8 36 3 92 54 9 81 50 14 38 15 34 7 37 31 78 23 92 91 51 14 36 8 78 98 69 56 85 25 97 41 11 88 7 88 61 42 71 77 72 99 34 75 73 8 71 54 66 77 20 31 54 83 2 31 91 54 82 68 98 54 6 24 25 72 25 30 96 34 52 7 77 83 98 16 12 74 6 11 82 10 47 36 18 89 44 69 42 32 98 60 71 82 62 54 33 18 40 29 51 92 27 77 86 62 1 28 43 19 11 30 100 93 0 43 69 67 57
3 13 80 25 97 70 9 2 13 38 5 31 98 68 82 5 4 52 36 26 39 32 44 69 84 62 63 63 93 48 8 88 11 54 25 59 41 57 20 46 8 29 75 73 45 77 59 22 14 76 72 46 26 57 16 19 13 58 66 74 16 27 33 7 58 47 71 81 7 16 61 15 13 13 18 18 59 44 16 51 41 27 14 38 4 54 9 75 30 86 76 27 53 79 49 9 75 62 94 23 54 99 98 91 38 57 57 9 93 27 79 49 25 41 23 93 63 7 88 59 7 53 45 34 50 24 59 46 52 87 77 30 69 27 79 24 41 6 23 67 60 77 88 17 55 53 0 100 39 7
100 95 3 74 59 70 22 9 87 65 98 18 24 46 41 61 82 93 64 90 1 77 20 89 30 88 66 16 22 27 81 6 67 50 99 35 53 31 66 68 93 73 80 73 64 74 62 84 81 60 76 39 17 17 18 23 95 71 65 39 22 90 82 75 89 96 95 10 70 96 66 18 2 14 50 47 34 47 54 39 55 49 41 93 89 69 31 55 99 10 54 89 51 43 7 99 45 53 21 98 81 59 63 91 67 37 51 72 68 56 71 15 3 36 70 34 50 8 63 11 28 33 7 33 94 63 87 97 39 44 45 4 62 90 3 2 5 2 72 94 46 5 13 58 88 82 16 0 85 63
27 7 85 77 12 54 14 85 23 50 18 38 76 23 65 76 20 51 99 32 22 14 22 95 33 13 56 41 48 4 8 36 27 2 4 81 2 71 67 12 88 66 96 71 30 50 86 66 47 47 1 3 59 29 81 65 16 9 51 20 31 68 68 32 79 31 8 49 90 44 36 22 37 3 39 44 63 97 65 66 56 38 9 55 17 10 59 82 3 67 14 71 37 55 53 50 25 58 70 49 67 32 42 37 78 85 31 20 11 31 71 91 62 92 78 82 54 72 63 17 83 69 24 51 11 92 7 91 58 13 74 49 53 23 61 44 93 56 46 7 47 26 98 89 30 26 71 92 0 19
98 49 33 72 48 20 77 74 1 37 91 68 7 58 80 54 76 93 40 20 85 1 18 39 84 81 54 71 30 57 16 41 26 87 100 12 27 18 27 47 54 86 37 80 75 4 35 13 5 82 42 84 25 15 3 88 73 95 61 24 70 65 95 33 95 77 13 48 75 16 3 19 58 58 70 11 78 7 76 27 65 20 47 39 10 19 40 81 97 75 78 62 81 46 81 61 59 7 10 16 60 74 2 69 12 38 92 38 82 30 12 82 76 89 2 92 75 3 81 1 23 77 72 43 45 11 11 69 56 43 86 66 7 63 91 43 38 98 64 76 34 18 49 5 67 42 39 39 74 0