100
28 157 63 172 15 460
133 100 138 105 81 646
64 39 57 105 79 389
192 28 103 10 22 363
114 51 121 46 32 436
91 10 5 143 175 432
172 87 125 63 27 502
51 188 135 133 8 602
36 67 151 56 33 410
177 125 113 188 200 859
109 18 89 161 64 520
18 158 26 7 183 414
176 39 47 199 82 583
11 41 24 162 22 354
169 78 102 10 35 478
181 132 81 194 145 760
28 26 52 74 50 235
90 193 60 98 17 520
20 90 150 11 134 442
53 35 27 87 138 409
16 198 8 17 38 341
23 20 78 39 180 349
7 117 32 37 21 251
65 186 65 50 56 500
104 86 44 53 75 388
39 70 110 19 75 323
24 28 51 116 48 340
57 11 24 124 37 290
186 30 128 29 181 557
34 18 67 161 52 367
17 12 28 101 24 262
173 80 5 34 23 318
116 49 165 55 112 525
6 50 66 187 42 395
12 15 51 31 20 148
88 63 62 9 12 290
19 98 52 135 183 496
143 159 188 38 109 637
86 94 132 6 15 336
142 84 100 66 20 446
163 75 61 38 118 506
11 55 67 44 66 340
19 67 134 82 43 391
82 66 24 153 50 430
29 15 49 27 136 306
82 81 173 168 188 738
49 48 9 60 12 208
172 34 121 157 172 661
184 17 12 130 154 583
87 30 38 37 56 292
32 12 19 114 80 265
49 165 16 124 27 430
117 186 7 27 144 531
92 20 171 76 5 415
93 28 34 12 53 309
50 100 180 125 19 563
64 41 100 56 143 504
74 54 6 95 33 296
76 93 176 19 52 441
20 88 19 174 56 423
39 82 89 140 138 579
59 20 111 41 51 354
197 6 49 11 81 440
105 42 153 68 190 570
13 100 19 50 13 268
128 79 50 31 21 324
182 107 82 142 50 627
42 35 44 55 48 284
73 37 11 57 108 341
105 111 77 10 39 418
33 56 52 83 61 366
31 164 37 169 14 452
13 117 92 87 34 346
36 95 87 36 34 380
44 95 166 166 25 539
43 150 50 30 116 446
92 36 26 80 36 346
98 18 8 160 172 490
138 149 123 38 124 581
37 114 30 51 49 287
125 171 32 151 97 654
100 10 8 17 46 187
87 73 66 38 126 472
97 56 69 188 44 549
151 13 56 76 89 470
50 200 104 93 193 689
157 85 18 34 9 321
57 132 46 30 136 432
116 38 25 13 18 257
168 51 85 46 25 470
36 45 41 100 63 328
50 109 68 15 158 499
140 183 11 97 63 576
88 42 19 146 11 325
18 62 86 21 144 368
19 54 169 199 188 648
30 118 48 81 67 356
68 159 33 26 50 422
162 162 198 97 20 713
83 146 162 100 144 653
0 14 86 132 127 156 170 200 76 67 225 3 231 114 150 80 358 101 95 88 98 312 198 8 175 17 34 36 14 129 192 388 8 225 44 190 103 239 47 121 105 226 90 40 29 18 316 272 172 36 20 117 30 371 40 172 177 107 394 91 98 29 307 355 14 85 242 20 217 154 195 199 133 363 96 282 197 105 56 120 81 395 138 51 2 111 185 395 373 128 380 191 15 104 46 284 73 108 172 60
182 0 83 99 189 150 300 155 231 283 319 57 139 160 150 204 168 132 238 361 371 193 97 66 172 358 260 36 196 130 29 187 78 58 6 176 163 134 87 172 191 1 279 28 380 256 387 192 57 77 74 159 365 84 169 58 275 72 170 59 97 66 223 286 137 186 137 310 264 227 52 18 371 140 209 287 23 261 178 46 141 62 294 28 96 257 35 282 8 41 359 326 194 360 12 136 79 130 75 4
232 53 0 116 84 147 156 383 182 194 311 269 370 31 125 95 171 109 85 109 52 54 146 74 8 12 111 86 65 241 253 2 366 4 368 248 197 105 170 31 171 33 33 59 21 151 90 41 10 302 83 53 5 27 157 361 4 40 143 184 151 180 318 235 145 16 63 250 159 33 126 308 184 40 85 150 5 124 394 151 92 385 128 188 154 85 74 322 10 92 99 217 184 100 213 45 141 263 191 9
44 5 56 0 323 148 72 30 285 247 108 128 64 259 172 129 134 278 62 195 123 67 269 59 85 131 356 366 335 93 369 21 273 284 15 105 54 168 84 146 9 22 84 187 183 9 13 276 19 330 153 169 391 196 193 142 362 256 140 158 75 44 54 333 174 198 121 134 45 63 262 66 29 312 311 123 133 75 129 159 92 179 91 192 84 140 29 160 288 148 178 133 153 125 13 182 272 197 120 232
321 267 369 348 0 394 325 165 308 76 176 84 100 76 14 190 352 57 88 170 324 214 247 173 2 359 330 161 175 115 177 277 109 128 119 160 105 381 138 168 312 41 86 30 329 179 115 185 294 69 357 198 374 3 103 46 297 100 324 292 134 102 241 3 141 92 91 193 78 176 211 400 14 48 309 22 277 7 7 35 188 20 362 189 198 121 158 237 17 355 56 322 367 128 62 194 48 133 77 155
106 61 168 205 380 0 7 130 203 400 294 184 180 396 44 285 1 199 30 112 353 370 200 19 327 126 9 74 37 160 86 44 69 207 373 156 134 67 146 246 101 361 34 141 303 53 293 27 392 258 209 57 207 73 252 78 156 16 291 161 126 4 191 200 302 261 134 173 375 121 319 18 78 307 225 154 148 120 103 50 89 191 321 238 248 125 118 301 96 50 28 30 328 186 93 333 35 70 194 145
97 144 151 44 68 380 0 37 61 274 28 54 158 31 250 169 116 87 379 224 25 175 117 308 140 324 4 228 348 61 150 189 191 104 49 39 109 369 356 97 178 220 316 40 198 27 183 14 138 70 47 41 324 139 143 35 66 202 318 135 320 312 357 100 113 27 86 15 91 160 268 114 363 270 77 207 204 17 129 117 116 204 84 64 79 210 393 346 42 9 125 176 11 109 189 47 49 90 163 324
66 191 268 59 5 20 282 0 178 209 285 349 174 273 55 97 265 134 296 18 44 381 29 95 59 332 50 197 72 63 67 176 42 335 80 129 285 79 230 108 172 150 379 126 113 115 173 121 72 397 286 131 265 96 43 57 13 82 15 338 116 90 269 9 24 158 97 103 152 354 58 231 81 100 267 142 165 172 46 247 254 169 309 242 372 65 53 330 265 160 187 198 399 52 355 171 151 190 378 5
26 369 192 174 32 65 109 331 0 176 117 35 376 200 137 140 172 139 307 163 28 339 230 153 77 145 60 120 339 137 126 70 289 115 17 266 105 92 320 380 27 101 58 13 288 394 302 296 194 26 310 136 109 3 337 4 36 306 33 93 377 14 4 101 119 158 86 307 176 198 78 154 115 120 199 91 197 375 61 43 167 142 45 379 28 337 24 152 5 171 124 70 30 289 384 37 265 356 24 380
215 255 114 71 362 380 27 17 196 0 56 138 191 135 160 30 378 68 50 51 309 59 22 311 284 22 258 226 155 70 380 333 122 65 341 30 380 128 12 212 2 100 163 68 308 131 65 137 263 375 175 67 254 30 206 86 289 86 355 146 212 172 185 305 324 362 43 23 199 107 129 93 57 189 388 63 11 217 326 254 74 331 355 75 152 274 175 146 32 31 116 146 239 199 175 178 154 394 176 167
130 167 49 158 188 157 12 103 302 47 0 71 10 7 330 96 13 252 54 239 254 132 198 317 357 91 119 3 28 7 302 145 125 143 98 286 41 218 380 61 215 109 37 329 113 35 73 363 120 16 152 154 138 130 82 151 51 225 285 105 87 95 89 179 55 28 37 58 399 209 301 70 42 355 221 307 394 78 229 133 52 231 204 96 115 73 101 230 56 33 146 82 23 190 98 25 110 375 123 59
162 231 3 144 24 59 259 365 91 51 1 0 118 38 89 14 221 95 46 155 24 163 38 162 368 203 123 60 337 188 87 149 52 2 287 33 19 129 205 114 191 73 302 200 186 168 303 137 23 48 392 239 4 365 80 231 142 106 285 272 261 168 26 124 45 19 15 99 59 379 303 304 36 150 158 100 58 212 195 22 26 289 95 206 18 145 83 143 42 102 276 21 54 203 310 87 198 382 13 97
288 141 169 49 99 28 49 203 68 15 69 16 0 88 141 115 384 25 331 162 281 53 3 35 271 138 8 186 160 233 56 257 29 111 79 120 2 192 315 281 56 130 77 157 75 236 91 17 127 383 214 56 164 319 325 357 259 170 218 9 60 42 264 193 166 159 250 146 76 77 176 185 390 103 191 90 185 73 161 171 211 83 127 253 348 232 316 166 394 45 105 185 227 73 174 312 231 345 352 372
120 149 377 199 15 112 133 45 78 75 324 178 12 0 55 135 153 231 200 66 170 284 175 140 53 317 382 102 355 395 17 121 343 237 195 120 109 244 331 102 320 39 370 112 23 373 141 78 76 58 172 394 135 50 262 44 9 305 338 294 227 18 207 28 22 87 73 163 55 150 8 275 42 149 199 210 5 252 175 2 100 38 211 71 317 377 366 78 215 147 74 108 220 7 214 142 234 29 211 246
248 183 134 364 4 280 247 187 91 53 314 10 170 10 0 54 131 250 133 387 49 13 139 197 15 346 12 83 85 45 103 116 153 208 163 147 399 294 11 179 331 22 324 58 88 74 148 55 104 296 140 33 1 153 295 138 281 194 187 293 29 249 189 188 86 319 145 70 133 346 48 63 7 363 61 337 388 236 344 241 268 135 159 80 180 135 244 131 25 46 277 397 25 24 94 181 51 157 87 96
43 317 67 46 100 100 164 174 26 350 85 14 123 328 189 0 288 82 49 295 192 131 232 296 101 144 149 219 80 395 196 61 54 82 17 14 322 191 361 52 124 326 70 23 127 199 105 114 110 194 106 52 133 165 297 161 130 6 318 190 292 93 124 27 56 86 359 100 8 225 234 94 49 150 186 115 134 54 46 375 109 67 185 354 138 285 104 199 157 129 345 86 81 16 329 85 176 39 246 367
289 136 60 161 34 95 166 197 38 325 375 100 162 297 42 316 0 199 2 376 5 159 38 120 76 302 81 119 307 136 367 146 187 256 381 110 130 376 116 329 337 273 91 247 55 167 55 59 123 256 111 149 71 8 79 195 166 246 107 121 91 356 309 301 270 236 236 279 37 22 29 359 323 197 289 363 74 137 304 49 65 203 171 95 176 18 191 167 35 94 257 206 141 133 370 164 171 161 122 102
162 363 274 125 30 31 146 210 127 22 377 160 34 81 142 73 48 0 179 116 54 160 201 229 95 233 71 135 176 286 46 384 104 150 371 53 98 74 6 83 23 109 164 178 103 173 203 97 67 185 336 191 102 184 46 14 175 130 32 57 142 71 44 166 14 167 191 369 90 139 91 195 282 114 20 21 385 292 319 398 4 24 316 251 382 10 7 186 73 232 153 178 146 114 155 164 310 148 377 55
150 387 86 292 117 64 110 263 75 385 254 219 304 152 383 225 303 104 0 369 51 138 79 94 368 10 266 175 183 66 162 98 154 168 11 109 336 80 209 27 192 158 16 62 62 11 115 175 62 164 167 206 157 195 88 145 188 240 62 33 392 54 43 283 88 146 122 100 318 147 9 31 136 121 148 154 246 200 60 98 331 210 34 308 188 159 94 294 124 292 197 384 112 234 246 119 20 179 3 276
47 103 95 293 269 266 156 386 385 127 132 87 295 157 31 98 14 44 318 0 113 103 371 81 374 61 164 302 126 19 310 186 79 84 15 139 122 200 379 348 14 200 326 372 302 33 148 193 135 219 44 99 130 196 198 179 195 176 203 198 63 33 116 334 284 164 137 361 180 336 54 200 372 186 167 32 85 116 297 181 373 221 186 35 72 80 78 340 261 172 275 371 233 165 359 147 184 379 146 129
349 54 188 183 233 76 292 379 146 65 28 114 183 159 149 8 69 229 92 112 0 49 50 127 362 153 75 51 195 157 37 74 284 193 132 16 8 53 4 26 182 94 103 99 78 37 76 63 7 106 106 116 41 66 285 47 87 246 390 244 288 196 200 341 126 78 350 146 400 215 40 334 109 180 105 84 170 161 89 6 245 106 52 2 203 282 195 189 38 53 394 260 334 388 183 155 11 70 57 112
41 232 65 222 56 151 121 130 247 29 391 253 304 22 346 58 200 148 179 205 281 0 82 140 182 340 346 98 75 351 71 102 33 52 12 21 80 204 64 59 169 156 303 17 117 66 35 16 20 225 141 236 234 375 217 173 103 91 391 392 321 395 31 272 129 34 2 144 63 128 163 61 175 177 201 274 88 113 147 341 62 36 135 137 357 281 167 373 137 201 89 86 364 185 64 80 317 165 76 102
259 390 296 156 175 387 134 205 382 89 245 281 43 105 394 63 144 116 165 198 198 24 0 387 175 242 102 215 41 93 91 20 142 123 182 22 178 57 322 204 41 287 188 149 198 49 320 44 74 388 179 198 395 161 373 210 189 191 181 156 31 264 28 224 340 7 330 320 214 360 271 65 159 169 304 83 252 243 395 82 198 305 105 51 52 388 89 132 165 40 192 324 183 157 136 17 14 109 386 112
21 139 67 219 3 189 6 108 160 355 117 259 317 180 149 7 332 253 179 293 154 251 12 0 101 10 188 54 307 193 149 12 223 5 192 397 28 366 215 75 43 99 105 12 337 35 74 76 116 194 57 25 253 194 145 178 91 21 8 71 193 37 74 138 391 55 43 160 148 192 155 140 259 374 66 66 43 80 155 374 210 51 65 131 340 378 382 279 82 24 183 147 261 153 179 157 367 145 124 6
330 384 177 366 322 258 147 389 111 57 226 374 108 311 161 11 226 370 123 18 128 111 188 387 0 65 46 88 149 40 189 41 372 102 216 194 170 10 179 61 85 195 190 326 61 56 246 397 91 178 146 117 133 63 1 265 195 55 130 188 310 165 104 81 140 156 179 301 373 194 195 382 102 44 160 374 320 390 47 330 381 257 14 120 390 191 134 242 67 180 325 166 345 90 128 182 198 186 183 7
41 232 17 357 190 149 108 32 160 31 20 252 117 91 102 181 246 315 35 14 124 163 310 302 207 0 200 30 99 109 112 335 98 197 278 1 35 126 8 287 56 42 156 272 63 91 207 169 178 158 191 26 107 220 325 19 113 355 54 58 171 225 154 141 145 28 115 9 88 153 271 322 16 87 301 186 379 339 162 153 27 18 229 242 58 98 181 399 374 159 23 138 12 370 214 186 141 113 352 252
155 14 59 72 161 145 10 94 174 42 180 163 38 53 389 268 195 363 152 228 261 71 114 254 250 71 0 71 200 92 300 64 170 152 285 116 156 35 87 138 52 281 139 248 228 336 382 15 282 6 379 62 244 142 91 310 68 11 226 310 241 102 159 176 179 131 96 74 32 336 369 61 293 224 164 142 80 117 119 12 129 165 1 9 214 183 258 111 205 25 17 22 141 43 198 197 207 173 149 379
32 326 182 150 172 122 299 223 71 193 112 94 374 124 255 147 390 151 277 119 263 43 58 193 105 138 135 0 157 162 80 21 117 260 85 384 183 13 85 138 96 1 67 68 350 103 99 30 38 192 84 33 146 163 315 42 74 214 182 38 55 397 265 207 254 167 112 310 36 156 129 318 69 156 202 14 112 28 393 358 336 74 287 354 371 35 143 297 23 58 154 348 146 19 124 233 195 90 94 285
127 17 27 181 231 147 325 167 81 198 175 50 137 115 232 131 317 4 208 99 233 198 317 144 144 196 47 213 0 5 5 163 67 313 88 77 216 182 89 302 71 63 28 29 50 51 67 18 187 203 377 334 194 167 263 326 43 319 326 16 178 121 90 8 91 305 120 152 181 118 57 200 173 252 141 55 92 117 47 252 213 375 157 391 309 223 94 143 379 70 217 185 26 357 389 400 37 27 6 138
58 252 51 373 310 1 18 397 383 45 372 195 119 7 99 87 226 273 325 385 357 28 63 59 86 320 168 293 223 0 35 126 34 175 134 46 96 185 223 177 56 182 371 100 224 92 139 57 88 5 177 122 364 294 196 85 254 186 304 8 204 95 103 241 120 1 64 294 394 313 226 4 129 200 30 163 169 65 201 106 172 381 9 152 27 199 111 43 155 135 87 383 257 5 60 121 3 200 56 315
2 29 293 97 28 85 280 74 3 278 271 196 285 112 17 79 233 48 13 114 138 73 398 17 198 95 253 35 261 160 0 178 249 84 172 339 39 45 272 15 349 51 95 204 19 161 198 61 149 372 64 13 290 155 151 122 350 36 377 47 244 352 365 43 196 46 85 189 320 7 90 170 106 76 132 276 25 204 25 150 181 89 175 187 8 3 88 339 156 68 154 110 318 147 153 289 1 148 176 357
140 52 34 185 30 67 73 13 30 200 66 166 159 134 173 307 29 165 37 383 11 293 31 75 321 50 236 147 100 319 319 0 105 7 94 83 158 186 205 173 241 189 212 216 259 309 9 254 66 67 373 32 88 187 180 146 289 248 351 133 196 200 93 166 107 166 119 170 319 82 28 196 300 236 187 338 100 58 110 44 55 192 328 37 384 265 69 312 249 37 80 188 194 116 159 108 63 285 25 29
97 131 40 131 243 389 384 249 23 96 159 138 144 81 152 61 37 82 232 132 239 178 62 25 256 218 154 129 47 315 143 161 0 73 115 184 164 93 185 108 22 62 120 17 153 191 43 208 19 9 148 205 188 46 338 110 379 165 179 375 46 72 391 4 366 41 241 126 385 54 36 29 76 148 395 291 115 11 152 83 135 296 32 176 231 219 304 7 122 51 196 51 129 51 161 17 284 126 40 192
366 71 16 353 95 40 223 203 232 155 165 71 36 198 6 293 211 240 131 63 187 35 272 190 310 161 16 360 50 95 395 189 350 0 150 66 388 335 95 169 75 217 274 14 30 52 136 13 71 306 355 81 24 81 73 266 87 181 85 68 135 304 24 75 336 266 161 43 382 128 60 154 185 174 118 227 49 75 42 33 186 109 11 217 37 168 334 113 235 186 392 299 143 241 258 208 103 207 343 12
169 11 149 52 197 22 170 302 220 79 169 160 140 53 175 61 160 9 130 289 77 124 97 261 85 34 138 371 97 58 33 101 217 103 0 176 300 139 61 138 20 125 54 89 191 232 173 8 28 102 380 262 144 35 102 206 94 206 154 8 256 185 42 68 187 86 173 154 137 282 113 370 1 133 177 318 189 157 282 60 200 104 139 124 13 370 149 141 44 94 174 43 141 193 157 93 257 25 209 89
238 348 170 9 165 395 338 201 26 218 124 375 131 311 292 160 126 10 120 159 15 281 189 35 2 172 53 125 146 141 193 79 152 278 79 0 351 169 144 20 197 175 61 393 186 26 46 83 200 5 133 25 136 33 352 130 35 329 46 112 265 142 360 58 9 118 315 267 246 94 121 67 53 235 353 5 14 3 61 88 19 285 154 338 164 184 27 121 192 258 15 78 98 148 299 45 152 220 266 277
125 341 140 187 252 372 164 259 19 55 32 23 291 240 273 197 189 6 368 354 352 25 276 108 148 79 146 148 109 124 132 356 333 97 30 379 0 258 395 384 69 296 40 195 375 213 109 122 331 176 136 168 122 26 136 381 76 132 143 54 56 63 344 112 232 159 9 360 238 42 72 155 385 97 99 180 272 262 98 125 74 292 77 75 153 113 312 185 375 84 354 198 139 289 317 367 26 126 353 214
296 200 82 235 71 375 75 69 63 170 318 66 262 170 103 14 126 143 356 245 74 67 95 114 136 207 172 83 361 26 18 180 24 63 75 153 175 0 175 102 229 64 350 138 195 374 345 177 177 112 333 142 275 72 172 190 49 125 116 27 218 343 35 196 108 158 54 3 107 163 193 37 379 203 6 28 227 3 131 47 264 173 92 241 67 75 43 70 200 8 228 37 192 107 163 130 168 118 399 19
93 115 215 260 48 226 47 89 76 307 246 289 168 285 329 47 65 168 3 375 287 134 158 72 146 22 223 181 30 52 208 145 23 274 78 269 2 252 0 349 53 222 78 109 53 30 13 85 255 7 59 280 111 377 37 260 34 1 31 293 362 173 108 347 19 371 207 50 134 190 235 171 365 201 165 120 193 49 44 270 13 62 127 131 200 71 194 13 272 41 287 19 305 302 380 264 16 282 39 343
134 77 64 347 67 12 20 189 181 139 68 147 35 149 20 161 156 67 345 172 196 351 67 55 387 75 79 63 353 309 52 33 30 73 82 78 234 89 52 0 393 285 52 130 135 65 294 170 88 333 313 15 88 400 74 160 339 237 224 137 360 371 112 104 346 311 189 83 157 280 48 78 361 113 20 184 158 158 80 176 304 194 186 77 51 99 24 236 63 1 43 117 74 102 227 72 259 2 239 10
51 27 49 113 184 205 99 115 6 212 71 235 48 33 189 131 274 177 68 138 359 266 124 195 162 359 366 1 255 121 34 225 112 125 387 100 371 136 352 97 0 67 107 48 45 192 161 326 354 121 73 33 13 354 86 310 84 107 2 136 111 51 251 168 244 82 317 20 85 149 122 68 113 365 188 71 93 311 98 43 180 293 69 294 72 6 72 229 362 112 356 214 319 59 90 383 127 351 345 190
354 131 70 165 49 45 79 16 38 320 36 165 58 16 287 16 284 49 29 14 37 387 19 6 109 9 160 152 55 174 40 345 119 147 178 370 317 108 197 194 219 0 51 337 216 202 189 221 24 81 120 140 60 265 39 84 184 360 32 400 195 79 17 98 32 164 155 44 144 293 163 295 78 282 7 88 92 125 46 330 53 107 21 20 148 302 120 13 120 57 226 171 200 272 217 104 66 50 154 175
269 95 42 379 35 56 267 281 176 312 59 176 190 118 5 56 171 334 90 66 178 38 168 141 47 287 154 56 38 172 174 341 264 27 86 32 61 214 312 177 329 394 0 279 128 9 185 62 200 66 290 335 295 158 109 163 133 209 58 385 4 334 313 72 51 194 295 131 66 188 115 385 89 181 74 35 109 85 370 42 123 78 75 17 162 248 173 16 58 174 340 24 96 184 48 310 99 271 202 189
73 218 79 309 165 102 388 153 172 142 9 33 306 106 61 86 34 79 320 33 330 394 393 179 183 112 159 278 160 20 89 71 97 82 154 150 106 123 112 150 312 35 201 0 91 349 74 352 178 117 136 91 158 304 176 385 188 374 28 30 378 375 168 62 145 10 142 359 18 330 179 42 51 65 53 245 151 75 206 32 51 234 371 349 113 354 329 151 221 392 227 113 144 137 54 136 54 341 111 389
228 169 73 92 123 21 193 291 334 172 18 76 35 291 164 194 109 305 176 124 257 51 254 188 64 336 154 345 177 96 52 348 187 210 196 11 300 106 96 61 254 308 339 213 0 289 127 147 93 72 178 141 71 133 22 157 124 191 351 384 266 393 94 289 149 98 117 206 199 293 245 68 48 188 5 9 321 64 354 119 230 311 266 186 248 253 3 11 24 11 155 112 135 360 144 72 328 48 172 1
355 198 61 365 208 9 190 198 116 277 174 116 100 40 140 97 156 351 182 288 49 318 24 73 75 122 184 22 8 373 35 129 242 60 27 8 141 394 352 156 167 47 342 1 329 0 106 146 265 111 347 136 27 134 284 122 137 174 265 187 367 102 58 90 274 42 30 239 81 131 246 102 189 376 151 345 218 78 332 139 237 24 36 38 169 83 33 309 13 317 310 245 100 109 180 12 100 9 130 153
156 22 382 75 329 120 165 8 24 98 393 167 272 82 68 191 34 51 144 26 56 139 130 336 40 69 199 78 31 313 169 106 86 230 112 320 159 65 166 307 330 2 4 195 41 277 0 109 326 176 198 195 20 121 174 48 174 162 382 16 77 115 357 103 360 33 125 126 129 74 21 65 164 191 313 152 316 134 106 31 230 4 186 217 397 60 115 57 285 318 42 308 392 28 99 172 171 396 329 133
285 190 160 18 255 132 353 296 369 210 60 67 89 199 351 103 128 214 91 19 265 85 183 75 325 350 26 36 13 125 52 239 62 383 16 90 37 39 51 56 52 19 86 161 108 298 29 0 272 290 48 329 54 331 74 107 315 195 150 294 230 27 13 137 179 192 305 6 26 348 19 400 75 214 177 306 184 97 201 200 329 3 6 35 187 56 73 119 138 64 161 6 158 106 70 68 33 44 244 135
175 389 102 42 63 161 15 150 200 145 112 105 356 398 358 107 12 242 223 26 59 301 150 321 160 31 61 100 105 178 52 147 94 24 216 204 180 79 200 142 230 307 187 74 79 59 120 21 0 206 49 18 366 151 85 168 354 235 166 33 367 378 124 6 200 176 117 211 73 313 170 34 244 354 55 174 145 173 179 156 22 144 394 350 38 93 102 163 151 64 294 68 13 7 108 64 44 311 147 169
48 26 121 130 135 122 15 145 44 163 349 172 88 75 80 235 189 265 330 182 157 100 254 22 128 41 97 88 227 135 53 112 182 160 72 124 60 41 177 158 80 361 17 131 265 349 143 125 201 0 59 396 8 132 32 98 80 19 104 196 299 170 132 68 160 173 103 184 91 258 186 57 80 396 185 244 344 368 139 190 105 284 140 61 142 24 41 104 210 24 89 378 328 347 240 333 81 172 387 160
124 120 10 290 369 152 102 342 351 323 38 395 310 109 69 37 183 356 228 260 385 142 225 368 186 373 29 5 69 152 20 99 16 161 52 205 125 242 38 109 19 127 308 75 88 107 269 338 132 165 0 227 123 153 363 19 148 145 179 151 28 164 179 136 332 133 83 159 95 277 135 253 125 169 314 157 89 178 328 183 49 85 188 117 104 375 32 149 169 107 118 45 151 215 172 33 242 204 233 34
178 74 170 350 74 83 52 2 141 55 16 24 353 266 261 107 169 193 196 141 119 50 86 34 187 185 69 84 226 296 113 52 48 111 73 344 369 11 173 325 12 158 188 20 257 290 379 400 191 345 66 0 129 333 162 46 71 113 19 196 128 150 2 191 238 80 163 148 211 330 317 340 43 74 42 134 55 70 195 126 165 97 321 298 200 196 183 248 30 310 291 121 361 144 288 74 330 350 153 148
77 368 161 144 242 261 111 192 312 182 89 179 73 331 303 119 70 98 188 214 238 164 46 399 299 131 101 125 79 108 49 187 4 181 208 147 77 120 107 319 228 37 157 305 47 53 154 277 65 103 60 76 0 180 249 79 141 71 190 35 277 116 85 126 140 2 132 123 3 257 159 392 174 21 93 49 82 152 390 123 132 85 292 35 168 194 160 158 173 28 63 320 297 138 131 118 66 145 107 189
152 133 142 380 9 250 316 145 247 264 13 98 205 121 76 107 285 167 160 64 101 7 245 104 247 169 196 78 110 391 46 105 352 160 49 337 97 281 48 115 20 128 101 148 12 275 338 207 232 161 281 143 164 0 144 135 293 96 82 34 31 28 42 70 138 57 30 61 388 327 141 344 8 89 30 178 139 116 115 192 355 112 18 199 29 197 138 83 297 18 183 92 92 195 142 227 110 170 51 89
25 264 114 2 192 21 105 226 53 99 45 173 1 20 192 209 358 57 153 105 105 82 100 133 291 249 182 13 10 190 154 268 345 139 59 47 132 192 150 97 10 56 129 165 243 40 109 79 152 31 134 109 156 18 0 176 170 217 191 4 193 328 382 360 343 390 269 384 147 168 175 76 195 54 197 110 31 7 141 96 83 123 352 48 357 72 109 151 303 153 5 52 364 62 38 78 190 158 291 194
177 91 226 9 353 16 59 174 102 316 171 156 154 145 152 336 97 391 82 14 44 98 235 169 174 174 151 124 38 166 351 302 328 312 207 93 10 170 62 40 171 22 383 217 187 16 185 122 218 348 102 112 279 134 182 0 72 70 78 4 6 308 285 155 136 66 144 381 10 56 365 44 279 389 222 70 157 133 173 39 99 55 175 70 79 89 45 343 365 150 84 370 184 91 108 281 157 61 140 61
281 240 281 381 348 243 29 298 64 177 3 139 79 188 317 307 374 58 196 102 159 38 393 378 271 95 14 117 296 297 399 10 302 341 119 1 292 157 47 73 239 137 187 150 158 302 129 8 300 130 186 146 1 76 2 237 0 328 331 294 23 93 180 112 344 187 107 194 68 153 17 182 179 179 192 5 10 134 51 5 349 254 198 83 22 61 96 344 196 48 187 77 179 125 81 89 140 147 9 357
188 305 387 199 282 80 72 4 90 32 159 199 255 250 142 135 105 120 94 135 51 128 337 194 293 154 86 165 65 17 211 107 69 31 12 194 187 91 247 168 3 70 71 104 169 109 182 235 306 208 154 198 120 106 24 50 354 0 184 5 52 170 79 101 191 183 107 138 362 207 338 147 52 193 76 348 200 86 53 249 268 392 355 29 186 388 1 165 357 198 115 102 135 293 88 59 118 223 124 90
133 97 161 273 250 12 127 73 210 155 218 52 4 360 24 120 118 60 122 37 154 224 105 229 353 72 171 137 132 130 157 390 140 78 169 162 72 9 164 43 33 15 289 290 120 310 127 11 284 29 189 198 400 61 100 324 9 128 0 177 234 376 21 199 194 3 112 81 39 81 131 66 262 152 162 226 60 4 34 157 3 63 50 50 26 96 133 164 289 206 373 124 61 94 392 22 86 189 67 36
70 152 318 219 105 317 72 133 222 122 171 4 337 176 292 169 83 53 138 173 119 235 362 11 75 45 26 338 354 65 24 42 3 188 345 12 168 166 99 168 251 53 69 180 326 82 325 113 338 375 340 321 194 180 284 251 97 344 86 0 50 368 163 88 57 185 159 67 288 280 222 397 188 98 58 191 143 284 130 139 250 43 94 125 104 84 109 213 337 201 264 188 2 151 334 62 114 164 141 185
66 296 316 122 396 349 5 194 129 183 202 177 144 134 71 35 97 279 280 39 191 16 106 175 143 164 37 60 183 158 234 249 130 285 101 21 16 127 289 43 356 72 5 21 173 239 144 115 339 38 124 121 1 321 157 27 147 138 386 189 0 378 347 56 87 83 223 257 365 128 25 175 96 312 210 187 173 136 391 28 170 385 99 84 81 174 180 158 46 169 123 65 64 229 151 282 224 156 111 372
39 327 20 150 346 21 130 113 141 195 215 48 271 11 54 106 282 98 193 44 160 261 156 7 213 104 46 41 79 180 158 370 377 171 31 10 62 41 73 85 366 185 248 151 226 115 339 72 207 171 65 190 143 84 309 178 198 161 359 173 351 0 377 374 210 146 149 165 218 151 93 102 178 228 196 264 133 168 20 15 7 59 216 100 27 114 329 335 115 21 107 225 180 106 101 165 115 52 11 315
153 192 380 330 356 146 85 304 144 274 177 379 262 13 161 365 205 188 187 128 299 65 20 178 96 139 41 192 163 273 164 173 194 47 74 174 258 68 380 45 59 37 26 37 7 268 132 56 118 199 11 132 80 92 56 280 60 368 2 124 115 103 0 319 121 81 139 262 58 135 113 103 148 25 315 53 141 13 262 380 95 253 145 296 301 136 20 118 192 124 165 132 377 108 109 157 93 91 196 89
57 66 291 350 244 135 27 79 368 1 115 76 36 153 180 8 49 353 167 382 141 183 196 11 199 221 193 158 129 271 226 127 295 222 67 70 247 68 71 117 60 219 395 30 160 119 183 389 363 162 290 240 296 171 339 181 323 48 80 9 12 55 170 0 236 154 84 105 100 102 42 124 185 129 74 175 140 25 199 17 14 202 348 22 177 196 288 319 51 142 359 198 249 99 1 135 287 19 340 149
23 281 317 300 65 185 2 113 134 331 107 166 186 15 310 98 388 61 167 172 391 104 198 303 152 81 301 199 132 388 69 50 101 61 184 231 371 69 107 158 178 124 73 323 138 316 159 172 28 365 351 20 213 30 158 379 96 183 98 27 95 118 128 175 0 150 237 369 78 6 191 157 163 23 163 151 6 190 83 250 154 285 325 49 276 276 252 140 281 131 245 52 315 384 345 154 156 47 350 198
343 100 224 283 121 148 86 88 50 32 84 240 88 10 60 338 198 185 98 245 13 151 95 326 157 227 171 386 35 2 141 106 68 57 305 44 108 200 124 11 311 224 35 196 117 249 165 193 169 2 284 78 99 232 302 17 60 329 146 254 215 191 158 1 156 0 296 174 191 93 17 194 46 242 306 352 31 176 23 140 87 361 54 183 290 47 266 7 140 278 14 366 36 178 59 314 137 170 270 107
133 24 124 91 133 19 233 146 259 133 146 114 91 69 356 44 126 281 200 360 110 134 129 111 145 190 136 142 318 196 72 200 293 91 200 95 42 94 202 136 79 230 36 89 149 81 4 179 180 157 135 170 182 14 120 184 343 187 14 89 396 377 90 80 233 46 0 327 73 188 15 133 304 141 285 128 152 85 134 101 227 342 62 90 55 155 307 178 32 164 144 216 176 126 325 271 111 163 357 128
350 30 274 46 107 23 18 214 396 185 33 23 91 385 111 280 235 155 101 123 171 297 263 75 177 79 74 322 160 68 182 336 93 94 232 5 245 128 77 121 169 127 268 21 249 43 42 333 252 176 15 23 352 9 11 18 55 147 92 108 361 284 149 133 242 170 358 0 119 242 40 138 180 397 255 319 38 170 126 245 137 40 206 98 295 334 117 141 160 71 263 49 137 25 147 179 11 12 392 199
152 91 173 297 224 348 13 142 6 358 69 210 108 181 334 82 20 89 190 350 115 349 92 160 84 319 20 159 10 305 53 54 284 366 115 152 161 132 40 53 143 188 207 380 218 381 157 227 29 133 20 53 195 44 155 86 16 230 117 269 303 151 158 69 166 221 70 38 0 184 74 48 302 30 253 148 53 229 138 347 89 187 342 226 25 88 124 12 48 166 92 20 59 12 181 149 191 116 167 342
302 355 96 260 152 150 15 242 75 219 176 148 144 27 113 16 14 97 51 127 383 138 230 177 167 62 262 178 90 106 23 282 236 9 144 181 1 168 57 174 165 145 164 56 11 230 72 149 165 264 178 364 151 11 179 323 244 140 18 145 35 209 154 379 205 121 243 39 317 0 168 61 184 144 17 217 93 104 31 34 23 116 113 309 94 126 399 152 122 133 370 83 12 337 214 183 137 379 223 114
173 65 78 248 162 39 218 299 220 162 95 264 287 139 378 105 123 250 348 55 55 9 149 133 20 339 53 5 158 19 201 4 245 191 70 398 3 323 254 204 90 21 191 162 47 210 87 184 299 75 56 63 214 297 235 36 395 248 117 112 106 11 76 286 297 141 124 237 39 155 0 198 190 61 56 200 297 249 125 163 124 391 111 322 93 166 88 377 349 40 301 149 262 163 91 350 222 152 126 21
361 177 187 302 97 287 110 68 27 34 93 153 208 86 138 180 154 115 201 41 95 129 241 223 188 32 176 136 156 115 345 260 138 230 145 307 242 15 61 110 377 347 50 16 42 135 3 108 196 355 282 115 392 390 295 42 197 83 173 161 97 187 13 47 70 177 107 194 235 69 53 0 357 60 93 12 156 286 153 368 371 302 184 304 160 98 241 132 138 80 320 283 329 48 97 48 22 393 199 99
372 94 79 294 127 180 269 271 149 123 242 132 26 125 328 239 139 192 110 102 154 197 352 188 236 184 302 16 42 155 376 93 389 116 168 237 287 33 7 133 268 89 91 303 80 226 188 153 167 61 104 159 156 138 364 21 251 16 63 132 375 80 284 61 67 114 30 46 100 376 363 197 0 335 105 112 21 317 184 380 25 73 186 184 384 104 164 384 312 296 261 117 273 212 8 26 76 131 1 381
179 384 54 145 89 98 18 92 116 170 177 49 107 147 79 116 213 108 43 375 75 81 323 197 314 16 207 73 20 257 44 161 223 130 18 41 190 29 127 293 333 194 27 328 38 80 43 78 232 212 151 70 174 327 94 140 146 77 26 105 11 188 147 332 65 38 316 378 293 104 165 303 303 0 199 77 138 116 221 165 128 27 276 165 63 24 385 236 277 311 97 95 74 78 145 217 51 28 23 12
139 397 19 15 3 147 151 241 123 386 66 249 292 33 317 42 73 238 286 394 196 88 359 399 68 96 80 160 123 22 126 138 253 33 265 96 318 301 259 114 40 181 38 71 60 358 62 24 164 38 118 66 176 11 261 10 198 32 379 122 89 59 180 180 165 300 116 5 271 334 163 109 393 106 0 352 314 106 261 109 17 312 157 196 52 363 95 190 163 106 114 69 19 303 74 330 73 297 166 120
298 17 132 147 306 21 171 283 304 177 275 59 84 192 98 188 167 203 27 70 14 130 160 135 47 340 367 287 187 238 10 151 69 137 136 282 211 42 67 277 165 52 89 371 231 244 138 337 129 90 104 263 179 150 382 337 145 341 396 134 209 238 105 327 153 393 192 129 88 195 265 104 210 37 128 0 97 130 287 153 19 262 151 153 30 60 100 29 219 319 111 45 147 96 369 319 11 178 380 372
107 41 297 168 177 236 282 209 45 108 298 119 168 257 148 30 344 397 177 91 91 135 97 87 141 182 386 294 169 82 168 10 311 173 123 204 119 342 41 51 261 102 292 7 197 211 54 16 367 109 390 338 181 96 389 378 153 13 187 137 308 275 30 6 361 136 188 52 300 259 101 181 88 50 240 45 0 182 182 182 399 100 12 151 256 329 53 136 341 312 143 88 226 90 10 65 135 53 17 153
166 25 9 155 34 87 92 64 84 326 230 350 166 80 79 94 129 130 274 15 101 114 73 32 287 330 160 269 375 190 276 272 172 196 203 144 35 390 171 118 180 106 35 25 198 38 138 117 361 212 67 185 198 324 297 160 67 41 382 357 21 53 134 230 90 62 128 305 7 371 3 297 158 106 11 271 50 0 286 298 312 6 164 78 395 391 137 360 23 123 116 174 364 2 178 58 187 368 107 332
40 130 134 396 91 380 100 47 221 183 106 151 114 342 202 73 120 104 110 135 180 88 239 154 356 156 134 77 111 201 305 156 50 141 185 179 85 179 22 66 179 31 241 169 35 364 170 271 190 11 345 305 260 155 88 187 126 399 386 63 85 378 317 130 141 209 155 336 195 187 49 16 123 51 139 49 78 297 0 241 85 76 372 117 396 260 233 142 338 205 138 156 81 62 55 247 221 68 390 53
112 362 169 254 141 96 47 190 128 82 103 363 55 140 98 124 211 159 86 117 223 197 86 181 49 84 182 39 99 139 163 194 4 109 129 245 11 166 281 355 196 206 66 281 8 40 38 25 252 35 239 7 67 174 122 385 61 62 83 344 36 184 54 20 251 249 181 13 340 183 84 187 206 204 2 13 158 88 385 0 325 116 240 255 132 399 326 31 134 11 101 8 155 121 170 278 111 165 33 101
109 138 189 176 234 130 139 68 384 186 82 300 99 244 260 119 321 173 66 192 144 116 53 45 351 267 119 112 164 238 250 202 376 21 161 15 117 20 67 232 51 284 400 47 35 182 248 182 165 151 96 75 198 380 192 80 183 330 178 84 81 72 183 56 135 158 20 29 24 252 98 157 50 369 99 195 270 278 352 70 0 366 36 76 32 7 168 176 98 147 149 280 29 127 111 168 336 197 70 14
210 167 56 343 155 270 103 32 20 165 69 100 121 273 129 102 180 97 100 235 99 61 40 269 178 181 52 128 111 166 54 79 117 109 391 25 61 47 28 104 80 45 43 63 197 38 156 9 378 360 21 282 126 393 114 364 19 254 231 35 149 171 349 220 381 189 48 199 12 75 334 254 235 87 9 73 100 213 237 322 281 0 80 313 61 24 253 325 77 90 275 39 296 145 217 90 9 149 107 129
185 10 54 176 108 103 261 160 383 189 370 78 316 164 103 46 247 189 367 319 128 294 19 165 79 125 101 57 155 59 293 261 154 147 141 190 34 148 208 143 385 299 71 86 110 386 207 345 22 348 103 177 119 91 318 180 203 84 186 102 238 139 170 143 44 164 57 112 263 181 152 287 33 177 29 173 64 198 26 105 44 291 0 116 375 143 50 97 213 178 275 111 164 167 42 93 54 140 25 42
117 120 81 68 51 65 133 252 39 66 177 154 162 104 27 77 321 82 120 87 41 133 158 287 32 374 86 121 240 233 108 90 41 257 89 86 216 160 89 47 16 103 228 236 162 125 88 48 175 200 73 38 24 258 319 7 24 155 38 202 16 156 2 332 24 307 63 80 198 134 31 18 94 34 181 79 263 63 343 56 59 141 304 0 374 94 282 57 27 140 255 230 78 110 99 107 346 340 172 60
49 322 46 121 247 48 334 369 42 34 35 255 24 48 324 330 227 339 87 169 24 277 6 14 81 273 34 93 238 134 186 139 264 69 18 117 13 24 87 207 53 35 40 169 91 373 308 256 118 75 152 72 81 72 124 367 75 4 7 184 19 162 79 275 88 38 70 75 180 250 23 16 159 323 117 335 98 377 124 236 196 148 48 59 0 51 116 119 177 365 98 166 376 232 64 142 75 153 160 30
147 362 283 75 220 378 389 30 178 121 400 90 144 227 180 235 35 100 13 277 135 131 219 288 349 174 126 102 262 15 321 134 110 95 5 312 292 252 156 337 374 33 48 62 9 7 34 345 143 278 262 116 81 33 300 106 105 23 17 67 81 30 123 251 211 36 199 140 267 41 106 216 169 53 149 109 137 266 235 25 210 327 322 186 7 0 142 140 49 31 39 329 69 53 41 53 346 65 317 19
370 154 68 161 286 219 112 145 46 388 51 155 89 217 42 131 151 127 152 233 119 20 72 78 216 47 42 99 255 12 338 397 211 137 23 99 189 206 130 152 306 108 177 317 106 281 303 111 352 96 18 45 265 264 63 97 317 76 192 243 217 91 336 78 100 259 74 67 183 34 54 166 299 33 246 234 47 59 35 85 166 124 332 183 97 304 0 229 104 79 355 86 214 135 108 182 150 195 375 156
200 33 252 255 51 339 106 62 103 57 112 254 39 22 60 149 208 25 46 357 332 121 98 245 8 58 192 112 236 186 101 162 53 229 168 6 90 56 274 154 177 102 5 254 317 81 389 72 375 88 37 84 6 112 25 26 176 295 195 351 329 160 19 206 177 251 126 397 64 178 167 276 304 42 3 197 115 30 308 109 42 122 382 74 80 11 180 0 164 131 235 344 130 136 175 27 140 390 31 9
19 3 384 161 48 206 76 135 162 100 51 9 310 231 74 100 85 380 222 109 173 15 166 191 358 395 166 94 24 312 108 314 43 37 281 145 46 195 280 306 193 196 1 398 43 133 277 51 61 84 154 238 184 105 115 57 143 381 100 278 240 190 59 142 361 311 349 18 109 99 23 166 188 123 333 388 76 46 85 200 26 165 53 172 55 30 180 139 0 331 264 43 103 148 389 27 94 137 157 269
60 52 103 11 283 82 81 57 392 123 86 14 244 142 179 156 325 378 21 79 17 11 66 202 221 292 210 44 398 287 244 192 170 89 142 77 96 238 180 271 250 316 67 166 242 81 60 381 22 52 197 37 179 52 359 32 395 397 159 26 172 348 232 391 255 23 356 35 118 396 206 185 198 273 311 71 157 171 161 306 121 400 349 181 361 157 99 65 146 0 229 36 396 367 3 113 296 126 81 118
115 294 45 94 222 94 177 365 114 2 184 178 116 123 187 86 306 67 103 325 85 111 172 7 7 36 288 190 7 382 175 188 67 314 61 15 128 386 74 50 109 215 178 119 358 50 340 89 170 167 244 266 385 180 214 111 127 24 172 198 15 313 300 147 314 100 298 303 203 11 260 18 283 125 166 76 238 116 68 151 129 163 110 108 85 6 128 115 293 85 0 81 157 158 354 370 370 196 125 122
111 320 173 30 204 99 333 11 45 222 251 36 24 146 399 75 102 229 238 177 72 60 105 254 160 188 128 258 356 138 116 235 9 179 180 165 196 335 273 71 262 365 57 31 253 352 146 392 159 31 133 316 317 83 355 257 298 221 177 152 57 278 166 205 59 88 65 168 331 346 92 153 269 321 67 221 28 198 200 57 40 297 150 14 1 43 9 64 351 180 77 0 347 183 125 224 213 151 398 293
36 145 165 391 151 173 164 170 28 350 14 88 318 62 226 150 157 158 360 73 244 255 42 291 307 26 375 129 31 24 59 106 206 18 184 246 309 111 88 56 121 43 154 373 185 173 38 397 132 8 45 116 157 1 343 140 104 214 345 1 197 193 90 167 146 88 181 39 37 212 336 83 142 26 103 58 137 15 48 86 42 144 37 54 180 327 131 168 198 70 359 371 0 66 144 248 77 152 151 326
91 88 314 46 132 306 137 20 220 153 367 45 258 129 124 117 25 307 45 240 194 389 80 318 137 177 115 172 172 168 228 185 92 85 168 129 113 2 135 67 68 372 69 205 285 286 132 179 34 194 153 335 163 127 12 72 356 195 158 191 174 126 3 276 68 122 159 240 89 373 60 153 77 202 182 106 350 4 326 221 380 85 214 322 136 306 241 68 162 359 315 15 39 0 134 264 186 176 171 182
140 45 258 10 44 155 346 120 5 183 383 73 52 23 200 357 216 45 101 288 168 148 263 52 49 157 11 120 251 161 27 188 263 79 5 122 126 54 219 9 109 126 400 266 148 116 144 397 142 56 186 194 359 193 177 131 25 135 7 75 154 308 190 50 146 21 84 230 259 33 68 26 275 14 146 184 48 45 231 155 266 390 21 114 179 18 181 3 187 83 197 181 296 43 0 6 228 196 39 377
68 63 191 182 90 63 159 195 75 178 37 150 227 55 90 66 128 226 132 101 398 102 356 74 299 136 56 365 151 170 273 226 134 120 25 38 112 311 378 97 330 195 340 77 60 155 188 86 50 98 36 62 48 267 253 71 1 10 183 276 137 132 198 13 358 372 89 195 358 385 53 23 147 132 109 31 162 160 159 264 21 268 97 201 146 231 205 75 165 29 80 198 229 161 193 0 30 259 43 152
197 52 17 260 184 195 345 168 247 110 19 113 1 308 189 319 73 154 22 52 389 181 353 10 59 209 7 307 80 199 199 51 274 35 132 253 318 173 156 337 43 170 128 311 22 134 145 195 177 115 28 59 124 398 74 135 185 379 57 328 209 53 303 389 182 360 365 130 261 39 169 315 37 57 196 80 44 163 9 181 57 185 126 44 148 97 160 124 159 131 186 51 100 108 331 194 0 288 186 65
46 230 158 235 131 13 106 139 96 310 356 2 342 119 391 28 100 60 7 15 151 91 383 182 13 200 200 26 225 96 3 359 122 183 264 256 71 232 196 126 367 181 72 120 52 219 23 80 83 15 144 65 378 308 400 317 79 308 226 333 160 162 360 100 57 45 190 395 362 23 380 179 97 140 158 38 111 61 287 42 184 192 82 142 12 33 136 173 57 338 32 167 298 74 9 322 80 0 325 173
241 199 395 348 220 48 341 96 176 130 50 88 68 136 114 18 65 51 309 84 49 46 18 93 160 73 157 171 7 159 190 105 45 173 219 87 2 254 151 26 83 400 370 71 186 7 246 27 147 104 40 83 308 225 178 94 130 351 127 318 163 317 40 189 356 220 272 285 389 139 345 297 338 122 321 183 35 276 15 205 230 155 135 179 371 266 90 120 147 111 205 78 308 53 180 127 89 43 0 356
162 151 280 122 150 384 397 57 294 178 215 34 137 92 41 11 137 24 305 79 52 179 194 220 181 34 156 94 316 243 84 49 87 54 135 31 205 156 78 191 108 49 236 104 121 296 257 399 36 72 40 53 318 41 155 125 268 185 145 80 155 71 375 357 26 53 154 157 309 144 39 32 392 198 265 135 158 89 165 19 138 375 21 151 277 100 296 17 37 18 29 219 56 305 290 78 92 302 284 0
