100
22 7 37 7 7 120
5 17 40 16 67 283
3 17 40 54 5 234
50 2 33 72 39 282
24 27 28 42 12 218
8 32 23 6 19 141
36 19 6 21 2 173
78 1 7 34 3 136
5 37 32 20 44 203
56 73 54 40 80 404
16 6 4 62 80 293
64 37 37 27 3 225
34 6 45 37 27 207
42 58 50 38 31 233
15 59 70 24 9 319
9 38 79 58 20 248
2 17 1 3 63 99
56 28 68 40 1 199
71 4 39 68 17 271
40 33 37 25 11 275
79 35 17 54 40 256
1 5 22 14 37 218
15 30 18 26 7 178
43 14 15 68 38 282
75 16 58 28 2 214
64 33 14 58 13 295
76 22 3 13 15 159
7 53 76 50 45 360
79 27 3 20 58 218
66 1 28 33 4 254
12 50 5 3 3 121
77 42 29 18 28 205
70 39 4 3 15 133
9 1 41 16 62 244
59 12 64 8 16 248
11 3 31 77 78 314
11 21 1 53 25 142
26 20 2 5 46 113
17 15 7 39 1 196
14 15 12 78 5 256
6 9 14 31 22 118
12 20 38 29 24 180
9 34 66 6 19 264
13 39 19 8 37 129
4 56 21 65 8 222
8 49 18 4 9 208
5 25 41 77 40 327
17 6 2 32 52 244
26 77 18 70 7 329
25 57 56 24 19 198
19 9 55 68 29 289
34 74 10 27 44 222
15 18 26 10 51 146
10 4 25 43 37 203
14 59 15 2 32 192
21 40 17 27 56 208
7 17 65 32 70 244
19 19 35 40 6 226
6 20 19 20 73 157
18 19 22 71 38 230
20 5 19 25 25 135
19 66 8 76 20 257
26 14 17 42 7 152
31 6 26 54 9 169
9 5 33 29 38 150
8 18 76 77 28 213
1 40 6 8 17 149
38 13 13 7 23 148
69 50 57 21 44 321
26 10 18 20 34 192
45 28 12 25 2 137
36 39 6 40 9 169
59 7 15 9 48 249
78 43 7 66 17 337
43 18 15 43 24 181
26 28 44 9 38 194
29 75 39 62 64 394
77 20 58 18 29 251
58 21 30 61 38 325
20 65 2 18 27 248
37 7 71 22 74 271
66 20 4 24 70 251
13 3 6 6 57 204
68 39 3 4 58 307
51 40 12 20 7 141
15 2 19 5 6 144
18 35 7 4 50 137
36 46 30 5 11 235
25 39 68 35 35 338
15 8 37 15 78 209
31 61 2 3 30 177
48 21 13 29 67 318
61 79 45 22 8 278
69 34 14 10 21 265
78 25 47 54 9 256
18 40 5 73 34 183
54 17 4 49 77 232
5 37 9 3 38 228
16 8 36 62 1 154
47 3 15 35 22 199
0 55 5 112 141 52 50 127 0 24 26 58 121 148 79 38 78 54 47 191 11 50 26 151 2 58 14 44 25 5 70 7 16 7 54 4 119 167 121 130 208 0 76 73 48 20 73 141 62 11 0 80 65 81 133 30 199 52 34 0 9 35 185 141 2 111 83 210 25 231 64 174 54 189 118 0 11 0 31 73 39 63 12 38 65 0 202 79 0 0 151 205 64 56 71 183 2 24 164 36
19 0 3 221 200 55 0 7 20 66 5 171 208 1 157 179 216 10 210 19 196 0 78 116 159 55 213 30 5 126 54 61 71 8 161 163 37 34 212 20 0 192 66 39 79 81 59 0 1 68 0 45 48 53 193 66 1 15 105 189 37 67 188 63 140 133 240 15 178 229 157 58 73 64 214 60 61 71 0 67 6 239 65 207 1 30 59 216 29 10 20 74 0 0 9 66 40 30 4 5
0 77 0 228 36 2 37 43 74 44 29 13 79 151 57 46 75 29 69 80 20 236 27 215 58 209 30 28 36 43 106 66 238 65 23 51 225 141 27 34 0 19 25 132 146 47 21 214 15 74 56 61 182 0 153 17 9 26 67 55 141 74 203 203 26 12 213 14 133 162 0 143 64 149 31 149 4 72 75 0 174 31 23 75 24 76 108 28 92 47 69 5 58 192 78 198 67 77 55 32
36 53 143 0 57 23 0 110 13 71 28 223 121 52 139 24 14 32 159 64 11 23 80 18 215 211 37 235 120 180 65 0 8 78 30 52 0 147 89 129 26 98 79 7 17 23 0 218 79 192 112 5 238 61 77 0 217 0 68 233 53 203 83 36 4 142 44 171 0 42 0 57 0 63 122 50 28 183 21 0 56 180 22 224 120 0 0 26 84 100 0 217 72 236 85 52 35 78 45 32
34 10 195 200 0 72 74 35 20 37 182 0 0 39 0 13 38 58 54 13 207 35 0 53 0 71 12 47 46 103 21 73 61 37 1 133 34 48 76 175 32 147 48 164 121 42 80 53 74 217 29 0 23 28 68 11 51 20 166 72 119 186 16 200 60 225 39 159 12 2 92 25 221 10 41 66 112 36 172 147 99 35 155 0 5 111 0 30 49 115 196 71 63 8 4 73 233 54 68 144
54 54 75 21 0 0 39 215 2 86 0 0 55 1 187 0 79 0 20 43 77 0 67 0 2 0 0 4 18 62 0 29 14 28 30 213 125 8 0 13 31 39 129 98 172 27 37 21 0 125 41 0 235 104 10 45 72 1 118 229 161 25 72 43 22 49 1 70 189 61 129 80 223 79 0 8 47 72 13 80 5 63 208 139 169 6 10 118 26 25 46 201 56 136 11 6 74 135 199 174
40 229 48 21 105 148 0 66 165 0 8 179 51 61 129 62 24 40 37 81 21 105 53 23 167 153 4 15 47 56 10 0 78 157 158 105 174 213 17 56 12 62 141 141 230 67 3 186 237 70 228 11 235 143 163 18 49 208 15 33 186 195 0 232 38 30 0 47 215 68 30 4 7 39 180 159 38 70 18 18 63 201 59 178 69 81 237 29 0 78 135 7 39 20 211 30 49 235 58 54
68 30 71 32 131 46 125 0 0 11 40 219 17 44 41 82 0 71 22 48 15 160 77 62 156 17 98 223 14 65 40 35 193 71 41 21 57 188 0 3 220 0 52 25 0 0 79 0 41 0 16 45 115 225 48 3 237 10 0 79 22 0 80 129 58 58 0 10 2 15 0 0 12 57 63 237 7 17 88 66 89 70 235 2 95 57 186 56 24 13 32 18 34 4 37 47 169 235 25 1
79 104 33 0 53 23 40 75 0 13 0 9 61 185 77 191 157 77 49 11 132 8 8 41 66 142 82 2 20 16 72 6 208 127 84 0 59 54 80 124 31 198 30 29 111 10 189 27 38 9 1 31 101 0 46 24 6 12 32 14 61 133 47 46 25 58 42 65 0 3 48 70 36 180 199 7 26 0 93 80 30 51 0 0 229 64 14 237 36 44 83 127 59 60 0 76 61 236 74 18
40 46 12 87 140 160 163 43 0 0 49 80 232 20 78 0 9 210 35 33 11 193 142 19 82 89 38 218 47 80 48 59 79 80 26 21 178 219 34 63 67 129 35 20 102 119 0 0 49 14 32 35 78 52 25 78 45 69 68 205 0 43 3 220 80 107 31 8 51 169 8 6 65 48 41 115 37 216 74 5 230 0 17 23 0 185 104 18 62 0 78 5 56 68 76 43 70 16 19 227
139 48 149 8 49 0 52 58 168 51 0 179 75 68 5 232 30 6 10 50 145 25 109 72 65 66 100 140 103 206 47 54 76 158 45 168 11 21 124 72 53 79 0 0 146 223 44 60 75 51 33 55 64 210 7 85 93 13 0 29 32 147 0 196 49 138 186 117 215 203 0 24 169 15 0 239 20 72 3 59 105 134 0 9 148 34 43 5 3 0 17 132 33 0 50 120 169 54 57 15
0 213 232 25 229 20 62 228 154 0 58 0 53 181 218 198 216 34 11 146 78 36 114 122 0 64 136 44 38 120 35 214 14 26 176 26 24 229 34 66 13 48 58 187 203 32 3 125 190 214 42 87 73 140 65 50 8 0 0 30 131 4 0 46 97 33 68 91 47 0 66 122 37 7 157 217 116 99 194 64 194 50 78 25 24 27 45 22 22 0 0 215 28 158 111 8 45 0 125 142
28 164 6 14 139 17 195 49 178 69 0 0 0 203 20 0 91 166 3 31 81 58 54 18 9 29 62 17 4 37 48 95 12 66 160 61 200 97 40 36 130 0 55 24 22 30 151 79 234 128 2 14 0 0 65 0 51 13 121 37 4 42 6 27 63 28 169 53 60 136 175 107 53 49 107 40 38 127 28 52 61 25 0 27 162 0 0 23 109 37 46 76 224 0 231 76 55 0 153 53
36 77 6 0 12 23 99 54 79 177 61 220 75 0 36 87 11 39 153 15 226 65 50 69 190 38 66 80 24 11 57 143 58 32 24 3 152 233 15 152 62 38 4 82 145 27 19 1 147 87 7 5 239 10 33 37 236 169 45 70 2 38 109 143 185 219 0 6 69 73 196 9 44 113 201 178 11 8 150 3 77 30 0 41 119 38 89 197 0 73 0 116 0 0 61 53 98 14 27 189
71 33 47 65 72 157 64 10 25 25 43 152 71 0 0 48 0 7 0 81 146 216 56 65 203 33 16 57 12 178 173 116 108 1 60 69 74 194 88 54 69 216 18 220 41 70 39 4 15 15 45 167 28 6 17 60 19 94 119 0 122 137 80 122 74 47 125 58 238 3 41 78 194 34 118 92 0 7 79 39 29 63 57 196 58 48 0 60 120 0 27 73 198 165 0 113 16 77 66 9
1 35 32 149 234 29 194 100 90 2 28 30 62 28 78 0 30 27 37 3 167 0 43 54 240 11 4 8 151 47 56 36 57 77 40 26 54 49 59 124 63 111 98 78 62 58 138 0 128 29 74 0 61 114 90 114 160 45 109 70 34 184 223 106 145 49 49 60 0 71 71 55 23 175 175 54 131 64 41 207 170 63 36 23 0 0 11 51 38 28 8 24 79 70 208 80 160 42 55 113
0 0 213 21 227 200 53 19 70 34 37 12 212 6 6 68 0 0 18 76 28 10 93 30 19 212 173 2 46 203 79 11 16 50 1 29 10 75 1 172 185 61 72 58 40 155 188 180 208 136 0 9 53 17 39 0 145 229 5 78 27 8 189 142 12 74 75 52 67 58 27 34 145 3 0 174 17 41 229 214 27 0 30 190 79 86 0 186 69 12 177 227 76 158 55 46 150 176 200 205
73 15 117 0 0 132 57 56 125 69 25 48 14 22 39 114 60 0 0 69 53 0 32 80 221 117 137 24 56 153 215 0 50 0 52 47 60 24 26 0 149 61 78 100 6 0 46 162 1 1 188 173 128 32 234 77 1 29 10 58 240 47 0 38 63 26 60 15 108 23 161 0 96 73 42 141 45 115 71 15 47 0 210 114 224 53 0 59 24 196 130 86 103 185 169 9 0 60 222 152
46 63 164 62 38 5 22 181 42 157 0 93 67 0 43 22 0 30 0 60 68 84 225 76 0 52 80 82 121 160 80 224 235 55 54 0 175 216 2 0 3 186 66 123 37 239 34 157 196 144 69 0 49 143 10 48 202 164 21 4 28 6 11 14 21 29 40 69 4 108 197 111 30 70 80 57 13 27 26 0 35 204 75 40 20 11 133 19 14 27 55 21 23 142 33 14 15 0 16 24
78 75 233 2 49 31 198 127 22 43 21 239 16 92 232 41 74 22 12 0 108 77 222 187 71 187 160 84 53 45 67 0 76 190 0 12 18 29 49 24 193 0 7 179 57 215 75 43 154 45 19 191 189 63 71 0 37 22 33 131 12 13 65 67 228 144 55 4 66 44 41 38 58 12 79 45 62 135 151 0 33 53 126 159 50 0 130 142 103 60 0 0 4 17 25 74 18 63 40 48
41 62 0 218 45 189 28 0 223 40 224 0 14 159 2 173 57 0 0 157 0 0 39 52 0 74 62 2 0 0 26 118 106 75 224 58 29 200 5 92 238 78 57 76 20 7 59 113 26 79 0 213 0 207 66 182 58 13 0 84 0 47 231 63 31 0 47 22 74 157 69 0 46 62 162 59 46 52 220 3 76 37 73 78 0 35 66 0 90 0 111 186 100 39 24 50 21 32 0 34
73 50 3 6 179 32 50 38 0 149 72 22 112 139 238 67 111 63 0 74 50 0 123 8 0 132 30 114 0 196 51 32 171 44 205 4 10 10 114 56 80 153 1 226 32 60 127 38 47 29 154 8 0 17 173 0 181 49 26 226 28 68 46 5 23 58 65 45 75 4 23 84 201 27 76 33 0 180 0 16 46 53 0 228 73 45 59 9 0 165 212 2 239 60 161 78 109 43 29 17
62 0 136 9 37 10 189 125 60 68 42 15 1 113 7 35 77 175 93 5 41 0 0 68 0 0 13 52 49 32 0 164 23 43 18 208 48 19 67 167 0 48 58 133 0 68 201 182 6 74 236 72 23 233 171 29 54 134 22 47 0 5 62 137 15 58 7 2 1 39 50 29 17 15 132 29 5 35 0 73 230 0 0 153 7 9 65 126 64 0 131 151 208 24 59 105 143 156 32 102
171 179 36 65 77 5 214 64 44 0 35 39 93 16 3 0 53 214 0 238 72 22 180 0 9 37 76 76 87 15 35 13 132 1 63 26 22 84 23 21 22 0 143 30 64 112 35 147 47 37 137 12 135 113 199 82 158 32 18 163 84 140 78 170 74 57 3 48 0 192 50 238 0 46 97 52 13 105 130 139 209 26 36 35 136 23 168 81 79 91 195 78 13 3 27 38 163 20 29 2
178 19 230 44 13 145 23 37 10 228 59 83 63 21 41 180 29 176 128 49 5 52 24 45 0 0 33 11 90 15 156 41 24 48 84 37 33 66 126 143 69 0 33 114 168 0 18 3 43 79 0 67 46 225 141 31 34 131 29 48 26 164 48 234 185 9 33 0 29 73 184 230 158 54 116 59 33 36 0 38 123 29 86 51 89 84 68 61 42 44 77 68 35 65 220 91 21 0 0 108
6 27 148 80 107 170 206 49 0 198 56 28 67 47 212 111 42 37 63 31 230 149 184 8 236 0 208 59 41 183 114 138 54 41 49 95 0 129 90 158 60 62 4 159 111 45 58 15 63 38 60 60 76 0 3 24 46 33 38 0 0 33 60 8 194 0 143 174 66 110 225 225 1 228 16 165 162 77 8 148 73 40 170 58 46 233 52 0 53 50 200 74 18 44 58 31 31 36 83 143
75 138 15 97 48 152 234 41 221 47 1 23 0 21 199 33 40 160 0 41 192 28 135 2 34 1 0 31 45 64 220 5 17 167 9 189 0 3 0 51 38 29 185 165 32 26 11 3 8 51 59 230 14 66 3 72 3 230 38 67 74 20 171 0 23 49 39 12 18 3 58 235 26 209 32 194 27 51 0 5 176 81 165 23 216 35 13 0 196 27 65 103 18 110 24 156 80 0 217 57
80 0 41 0 12 116 26 15 15 11 0 0 87 158 57 63 0 71 13 0 0 140 56 75 64 15 61 0 57 44 49 31 36 5 36 140 138 4 10 152 68 213 72 76 214 23 6 32 122 171 136 196 93 50 0 41 223 0 75 152 0 43 21 51 131 150 16 234 130 124 6 183 31 208 10 50 26 36 125 105 18 209 54 215 35 68 0 150 56 0 6 141 203 72 21 0 68 35 12 73
74 6 105 21 0 71 190 71 89 9 28 35 28 49 238 85 5 25 54 29 201 98 85 45 30 55 57 14 0 0 114 72 47 51 17 202 90 147 113 233 78 37 1 107 17 48 0 225 236 5 129 90 72 226 0 24 179 139 66 10 99 64 12 80 79 206 37 30 186 236 70 20 66 0 32 240 135 77 66 150 45 206 88 38 119 165 127 39 71 70 39 2 63 168 125 32 143 114 8 211
39 228 0 32 161 88 82 15 167 134 67 30 58 17 95 0 233 226 0 24 68 231 52 208 0 0 22 130 64 0 65 0 39 123 223 78 97 75 31 0 147 0 204 18 39 155 184 0 47 212 16 38 39 41 3 37 60 94 134 7 194 226 124 0 93 51 0 83 67 86 97 8 26 98 51 42 0 22 94 33 48 41 39 230 11 52 155 0 157 82 31 157 63 24 177 17 13 36 55 39
0 17 80 8 199 151 43 0 43 9 0 101 88 206 0 166 52 71 16 59 41 54 107 177 74 45 51 88 68 29 0 46 62 82 236 33 0 40 55 216 18 210 46 26 69 74 198 60 30 0 6 130 156 76 55 218 81 13 0 67 179 29 27 14 57 27 75 12 48 71 28 0 72 65 43 12 0 0 178 229 176 77 181 218 34 191 178 9 54 0 80 51 160 44 97 0 80 9 231 19
3 67 26 146 154 38 56 191 215 65 18 92 157 62 177 223 45 232 40 211 225 166 80 90 0 0 143 0 91 120 46 0 67 228 37 49 5 73 53 110 214 77 8 144 11 38 105 0 46 2 3 45 191 66 40 5 0 3 63 0 186 113 168 51 0 34 56 205 20 29 6 47 38 29 229 0 166 45 31 62 236 19 47 59 0 236 52 57 235 57 41 75 58 1 100 17 89 23 18 35
237 53 130 54 221 0 64 57 77 105 134 51 22 50 44 56 194 203 97 58 178 53 79 97 104 13 42 103 2 58 213 0 0 9 216 9 129 143 219 0 235 233 0 8 188 8 217 77 16 48 221 219 4 21 226 172 9 28 37 135 0 76 170 52 15 9 25 95 52 29 116 205 224 169 71 0 49 53 235 78 29 60 4 179 75 147 69 238 206 5 21 13 224 69 4 19 51 0 19 55
47 182 18 0 59 0 67 0 0 213 19 217 57 16 65 45 19 14 0 126 48 10 92 44 55 37 0 0 142 8 67 157 122 0 0 59 0 68 225 234 89 0 7 59 63 5 221 190 80 61 38 0 78 66 10 46 48 40 0 0 0 0 13 53 39 20 43 2 5 72 139 70 47 0 148 5 12 34 87 69 44 30 65 183 82 11 108 45 68 45 53 46 182 29 60 38 176 70 0 0
42 4 115 38 215 23 44 71 5 23 69 5 56 47 217 28 54 21 47 37 0 5 146 41 11 17 1 42 16 42 11 55 22 119 0 0 145 160 42 15 97 24 43 228 40 0 58 159 91 71 44 0 73 65 80 1 26 194 36 22 54 27 1 0 172 86 230 17 0 71 130 20 16 51 0 165 9 69 0 187 88 18 191 93 215 183 80 191 43 194 0 67 65 111 0 197 69 39 11 56
0 55 52 57 69 0 77 33 1 153 67 81 0 206 156 47 35 52 0 17 39 19 65 61 53 38 142 37 202 18 129 0 85 26 62 0 228 15 32 13 4 63 0 111 89 199 67 50 0 66 198 174 73 79 61 38 86 17 37 79 51 10 125 71 123 40 37 99 76 50 34 31 0 75 40 149 65 44 54 8 37 50 10 50 6 30 21 0 104 8 0 47 230 0 15 127 179 1 0 25
24 232 115 0 64 27 174 74 179 198 0 72 109 121 49 0 67 55 61 77 175 113 186 98 186 196 177 70 226 211 60 105 29 77 7 47 0 27 54 34 14 21 32 50 97 11 78 3 84 80 0 43 80 217 11 69 1 102 40 27 2 3 5 50 0 65 32 231 15 207 38 74 15 11 77 27 0 50 84 0 31 49 227 0 1 93 2 96 186 0 122 93 65 200 13 74 0 174 219 138
0 8 5 9 221 61 63 43 50 15 0 223 105 0 74 73 0 40 30 83 225 65 38 21 189 75 224 0 52 22 0 8 4 169 220 178 212 0 123 47 3 62 58 0 20 7 13 25 204 0 27 67 25 70 104 79 17 181 152 68 22 42 7 44 72 39 19 153 77 9 77 56 52 56 26 48 44 15 38 0 0 224 79 51 58 17 181 197 0 193 20 30 118 25 181 22 27 72 167 37
43 28 38 1 24 0 34 151 220 54 94 34 37 108 74 0 101 195 43 48 1 168 218 121 162 68 209 117 52 209 24 0 136 72 223 56 61 40 0 1 0 63 67 56 53 78 71 2 87 153 61 208 22 94 11 72 88 43 169 187 99 48 0 35 0 95 1 27 0 95 12 232 204 34 10 2 45 36 52 97 240 15 153 10 113 26 60 31 142 1 76 239 143 236 103 22 60 51 6 16
41 80 22 160 10 95 25 77 117 20 225 0 70 130 0 6 65 15 65 195 40 33 0 132 24 36 8 77 0 76 77 118 195 103 102 57 98 44 46 0 236 56 15 215 20 65 89 72 23 88 3 141 0 30 139 45 2 35 180 0 0 43 25 33 32 66 17 176 125 61 42 0 228 37 148 101 51 28 17 32 25 179 70 0 49 27 80 45 35 0 3 82 9 62 194 69 48 14 64 43
0 23 19 220 224 112 10 209 59 139 56 9 40 0 24 71 69 213 63 70 61 4 24 148 15 117 42 87 14 55 0 59 86 182 72 154 137 21 0 199 0 23 70 213 36 163 125 32 135 29 19 19 19 0 104 51 56 21 66 60 0 58 30 18 53 44 188 58 36 0 57 73 47 186 216 48 27 63 0 21 5 30 32 27 109 43 34 76 206 127 34 226 36 53 13 49 28 50 12 68
187 0 13 67 41 55 0 166 20 56 67 30 90 139 21 45 158 0 36 1 208 30 137 118 69 51 35 37 235 70 39 30 63 125 104 169 32 238 70 52 64 0 36 75 68 24 203 64 147 90 66 103 0 70 211 14 41 77 23 185 0 41 20 166 183 161 177 46 168 31 128 73 4 71 201 10 182 30 182 122 0 23 105 58 48 24 128 2 159 156 69 30 0 150 200 95 15 40 19 0
171 44 33 196 190 1 92 31 223 0 106 160 79 60 11 43 28 195 78 194 142 78 179 52 36 181 68 0 62 230 48 144 191 155 70 21 40 182 50 24 36 21 0 38 48 62 24 16 23 129 72 4 0 115 7 53 0 175 57 34 115 33 199 59 71 67 22 11 75 110 31 28 102 204 83 2 14 32 75 54 15 206 136 215 91 78 42 29 27 6 0 49 9 20 84 56 19 77 88 56
64 80 7 57 36 28 62 132 43 72 67 189 74 0 48 25 20 175 80 2 198 61 119 5 141 35 4 18 0 77 14 111 27 42 78 106 219 0 64 115 6 162 73 0 81 22 90 159 25 37 16 180 53 22 66 163 211 80 9 10 14 0 0 0 44 220 0 225 0 176 213 186 170 90 35 68 60 220 199 53 20 52 15 74 90 17 109 36 81 43 36 77 107 1 3 204 58 0 57 7
190 159 94 1 18 49 172 79 0 0 65 18 0 187 72 72 18 63 185 131 69 217 221 76 9 66 18 0 71 12 52 48 23 67 7 29 193 47 184 56 75 22 77 26 0 35 55 0 23 65 2 92 9 179 236 152 228 28 48 56 103 233 29 53 80 31 133 47 13 23 0 3 58 51 0 35 57 69 107 44 61 186 0 35 143 47 208 34 67 78 64 40 206 181 18 36 111 6 91 124
73 226 68 141 163 62 10 230 149 67 66 183 132 44 39 12 125 8 46 215 224 84 8 3 41 59 170 0 127 91 95 81 72 41 187 197 1 191 35 12 73 225 153 54 74 0 78 0 73 218 2 185 29 0 0 236 37 13 156 8 240 1 200 27 0 0 15 49 2 69 41 62 177 194 32 0 62 77 121 62 12 184 27 0 78 123 27 8 53 64 24 58 13 209 32 94 14 7 34 36
32 175 223 55 44 61 227 143 70 49 33 175 178 3 22 16 61 77 131 76 54 15 134 43 8 33 143 84 42 33 76 0 5 129 205 183 113 25 20 79 100 104 206 78 226 139 0 45 42 176 0 231 27 43 10 129 130 5 41 144 42 51 98 47 98 17 42 76 48 206 1 81 38 62 183 154 54 139 165 145 48 29 21 223 65 2 40 0 21 5 23 63 180 102 148 18 56 0 172 157
45 152 89 18 44 34 120 0 46 80 152 98 176 176 15 202 8 17 237 116 154 170 124 20 103 54 0 210 10 68 55 224 33 39 26 120 78 9 97 37 0 35 76 136 20 0 20 0 68 12 69 0 19 39 57 56 46 232 57 46 42 38 158 43 73 37 9 1 217 20 188 153 211 35 64 37 176 125 105 187 61 74 141 173 5 28 24 72 0 71 124 60 77 107 39 38 91 44 1 17
27 46 75 127 123 50 4 74 49 123 147 17 0 29 38 40 79 23 20 56 71 6 68 17 7 63 0 27 0 55 119 219 0 135 20 58 133 225 228 86 57 218 0 12 2 37 36 5 0 67 52 0 0 4 23 66 240 44 9 96 28 11 74 107 173 0 17 29 19 214 14 9 100 140 12 0 59 23 65 140 39 0 77 2 0 167 9 58 0 64 0 65 31 0 232 139 0 68 16 47
57 30 75 14 3 21 0 27 76 48 74 0 161 76 90 154 62 38 213 207 236 60 0 74 147 238 45 56 37 54 102 20 0 82 158 62 55 60 169 92 34 220 108 80 68 4 68 240 30 0 210 11 0 0 18 97 13 0 42 15 68 214 61 29 156 0 0 25 27 21 62 10 18 57 55 0 36 16 29 71 73 80 29 188 57 2 79 7 18 9 202 135 32 25 0 119 215 43 37 61
0 0 215 73 19 44 64 68 45 31 222 79 52 21 13 25 58 40 78 5 127 46 44 13 55 8 27 13 20 65 37 105 79 29 31 50 7 8 114 0 41 0 44 90 10 49 60 0 29 12 0 0 235 72 29 79 165 115 0 50 2 70 39 0 224 50 0 75 0 66 197 26 62 19 41 145 146 119 7 6 54 12 160 69 42 140 52 0 67 0 13 78 0 9 115 56 236 67 222 0
0 51 20 41 50 145 31 183 100 78 61 25 35 73 42 22 47 28 95 233 28 4 42 0 100 55 57 66 80 72 77 91 61 0 93 85 0 46 0 54 71 15 20 91 0 24 70 0 70 156 27 0 41 40 20 10 57 3 133 169 27 234 97 188 65 192 0 75 46 58 0 111 6 17 16 75 134 0 60 166 0 167 11 57 114 20 22 78 46 227 77 37 36 60 20 23 32 77 74 29
5 110 30 44 13 103 80 58 14 52 201 69 32 183 66 38 15 105 0 160 185 240 16 0 201 213 111 25 41 34 36 19 16 63 194 148 10 15 0 100 45 229 72 17 15 0 29 0 36 57 0 216 0 38 210 0 61 56 0 78 46 0 126 0 0 78 133 206 45 50 0 33 140 42 29 68 189 3 13 25 110 229 34 23 8 47 59 47 80 96 60 3 66 0 27 0 161 183 50 78
159 164 146 162 43 178 72 137 131 28 49 26 0 0 0 21 0 67 4 8 74 25 44 28 44 4 43 0 17 73 0 39 120 7 224 63 69 153 200 77 36 41 107 188 158 0 46 12 0 11 73 85 210 0 236 68 33 1 47 185 209 54 131 22 15 0 147 56 136 37 212 62 6 32 180 74 112 77 34 22 48 164 23 100 218 44 44 85 68 80 29 22 63 38 53 89 53 0 18 96
14 0 51 70 69 8 114 29 239 32 28 45 40 91 71 37 98 70 157 73 109 103 14 68 0 23 0 225 12 88 28 51 172 50 11 186 11 39 196 193 177 6 81 31 0 68 0 36 0 125 9 37 18 150 0 55 0 75 37 165 201 120 149 64 51 68 156 229 72 71 49 0 16 119 79 144 112 88 51 62 125 55 160 161 162 67 70 53 74 145 13 63 31 10 4 188 32 137 169 18
38 79 44 230 194 23 13 7 20 129 59 53 233 0 37 49 149 142 73 141 165 194 0 55 0 48 180 112 43 4 74 60 50 43 189 0 49 65 197 80 0 159 0 71 0 62 16 4 83 73 27 78 110 67 2 0 70 33 45 53 70 50 24 125 2 54 104 223 204 37 150 51 74 126 96 0 174 150 56 176 5 10 36 205 51 74 124 0 31 45 17 40 42 77 111 145 193 140 77 74
19 33 0 13 3 47 0 22 213 0 223 67 133 153 208 71 10 15 0 219 0 37 37 14 26 35 167 6 3 2 23 163 162 191 100 25 20 185 50 190 34 0 21 179 49 0 235 120 23 91 0 196 55 198 67 72 0 91 40 69 34 73 143 74 103 4 146 178 150 25 138 18 173 189 39 19 209 78 80 40 31 99 19 3 73 0 75 23 41 20 0 23 0 74 60 60 56 121 204 74
213 0 28 55 52 197 101 47 178 18 16 225 50 77 31 70 20 112 234 36 136 15 35 3 56 120 211 205 119 117 55 2 61 43 27 146 48 45 58 0 214 56 32 52 147 25 139 36 27 2 80 16 19 173 0 221 37 0 45 196 87 42 45 22 227 154 11 172 36 41 79 154 45 207 37 77 25 58 35 76 22 73 0 161 64 207 230 0 25 50 0 72 49 110 123 59 51 76 49 240
125 114 75 150 152 0 232 38 187 101 0 79 0 74 121 9 173 33 43 65 50 203 66 18 14 21 67 139 52 104 23 187 0 83 79 112 56 205 76 3 4 23 49 49 13 37 160 32 230 43 117 65 0 67 46 197 21 0 0 62 39 52 166 80 25 60 47 185 28 0 144 151 11 61 0 41 53 8 57 72 151 210 74 3 71 74 0 206 181 207 45 0 0 20 203 2 154 44 36 138
80 18 17 46 211 136 121 70 11 114 71 0 0 5 39 72 0 124 12 77 70 20 70 0 178 62 0 75 23 69 0 38 77 163 31 0 9 50 57 38 186 59 102 238 166 153 69 5 0 205 43 61 6 180 206 6 132 3 79 0 68 82 125 46 85 60 7 182 49 80 18 14 143 130 10 19 128 71 54 143 46 31 53 21 148 117 50 97 45 93 106 50 33 188 0 35 2 11 0 189
210 48 0 0 86 101 200 136 33 101 61 72 33 42 27 2 0 36 158 4 65 42 39 67 42 67 2 11 64 110 6 36 32 162 240 59 37 67 43 37 164 53 107 31 8 34 4 41 18 115 0 27 60 0 59 55 39 48 232 13 0 3 17 224 133 16 64 15 0 14 78 18 198 23 119 34 221 25 0 17 157 161 154 88 69 38 20 172 129 5 86 30 74 22 228 48 64 122 237 141
3 189 46 3 80 52 0 31 23 5 71 15 15 49 7 11 132 37 91 68 166 50 0 130 37 35 152 168 217 6 227 15 124 53 23 28 38 130 19 77 71 0 80 22 40 64 67 62 39 8 79 34 19 44 1 37 0 69 30 73 5 0 38 25 77 29 4 212 13 77 119 57 0 7 186 121 49 73 46 0 59 90 78 43 11 67 125 42 69 6 38 21 13 61 149 14 62 77 22 17
44 110 133 62 77 83 57 99 2 76 45 200 58 167 26 157 25 13 0 25 233 54 58 68 147 36 141 69 70 23 0 57 29 21 91 118 64 39 71 12 122 203 60 77 38 1 5 69 61 214 82 27 64 9 50 25 0 0 71 30 30 0 0 4 17 7 66 145 206 133 43 0 235 210 59 28 196 19 1 23 55 67 13 63 0 0 190 49 191 70 151 61 140 80 73 0 72 14 13 12
13 14 26 160 9 62 0 150 163 171 3 62 106 8 30 199 141 29 0 115 63 14 20 0 60 20 58 150 69 132 36 73 49 90 12 94 82 71 74 206 19 42 37 190 185 128 107 50 56 147 22 207 25 12 197 113 189 204 17 36 48 100 27 0 108 204 49 38 40 181 23 0 61 92 17 68 55 145 40 0 94 0 16 67 187 7 146 156 15 38 25 0 197 47 34 198 0 189 67 0
0 29 48 46 66 77 27 175 0 133 0 0 145 63 16 1 37 58 35 37 74 127 109 24 12 201 4 113 14 192 12 0 20 17 4 72 0 45 13 56 150 66 0 62 0 75 38 202 215 158 10 79 24 13 32 74 32 162 43 170 80 77 185 29 0 61 73 69 29 166 217 0 53 41 14 14 11 39 0 149 136 18 53 26 38 157 151 16 18 47 48 67 0 45 84 0 42 0 17 138
42 61 51 79 20 89 146 1 38 134 128 217 200 0 124 206 59 117 231 110 43 82 71 61 12 61 175 238 119 66 1 67 33 0 70 167 148 235 14 232 0 54 182 8 72 38 34 25 105 57 75 25 38 50 171 68 54 30 76 49 71 33 26 3 16 0 70 113 20 40 42 135 13 57 7 52 236 51 40 6 4 73 0 173 120 22 153 18 14 36 40 201 157 138 47 176 127 41 79 0
80 38 165 185 45 55 74 197 13 111 57 25 165 76 29 0 25 35 56 41 59 41 39 0 95 188 75 213 77 35 61 56 33 8 127 74 0 0 134 67 0 35 152 232 25 4 69 28 114 233 22 8 36 37 140 28 0 75 102 226 228 0 0 9 0 80 0 4 107 152 6 56 0 60 134 68 78 56 216 127 235 54 20 59 48 54 48 75 14 55 17 194 15 30 210 18 114 42 232 145
15 171 13 0 44 30 208 12 67 1 49 154 184 49 75 80 45 16 28 40 4 140 0 85 19 162 24 44 71 27 179 70 49 17 119 66 20 13 0 2 121 17 183 231 191 199 29 65 223 42 24 0 44 29 0 68 42 80 234 152 20 55 32 186 25 77 64 0 69 45 29 16 42 18 0 78 34 74 8 134 212 173 170 47 47 50 217 81 7 15 8 28 7 0 0 0 138 13 58 0
45 213 13 44 1 44 173 168 32 168 99 56 15 50 79 238 4 2 131 83 93 39 74 181 156 0 229 54 66 88 178 227 0 80 24 119 44 11 71 77 73 13 0 0 80 117 76 29 21 38 0 82 15 39 165 75 77 40 124 74 0 75 20 140 0 92 73 26 0 4 57 215 65 36 129 0 45 66 60 180 9 1 0 0 18 181 56 217 75 134 224 27 14 34 133 39 5 30 143 34
14 71 0 0 67 29 0 59 140 0 16 77 233 24 3 77 50 19 71 24 77 73 65 136 0 0 131 130 22 3 127 54 16 30 0 0 48 198 20 167 105 0 116 240 182 59 69 139 67 54 153 222 115 109 84 2 24 206 117 89 11 180 21 173 209 44 105 197 80 0 11 202 0 234 21 34 73 66 171 0 153 222 142 32 2 53 43 79 53 59 73 2 75 8 77 22 14 16 61 180
15 0 50 223 74 45 46 70 97 236 61 84 105 153 30 63 50 35 97 50 66 5 45 31 62 0 40 59 12 0 6 233 140 0 16 68 0 77 110 13 78 0 68 26 102 51 5 58 155 25 15 14 31 159 0 110 154 227 15 29 205 0 17 51 43 100 150 28 80 41 0 217 192 61 186 0 207 135 3 7 64 167 23 58 16 32 76 177 188 104 62 104 122 195 54 25 32 38 175 0
56 12 32 67 55 21 0 0 48 21 13 11 56 53 36 48 171 236 57 199 40 25 41 57 203 148 91 76 119 236 75 75 0 80 0 133 176 211 28 34 105 27 51 7 12 79 60 22 229 13 30 55 19 221 40 98 12 4 23 140 184 0 202 177 57 102 13 96 188 133 28 0 63 199 56 23 57 73 0 26 29 0 8 67 4 206 73 135 156 104 0 13 191 52 50 61 129 19 59 36
62 80 47 187 111 77 56 41 0 2 136 221 116 205 0 95 8 0 22 4 207 224 69 188 49 72 239 15 37 68 0 66 207 62 29 12 108 134 73 60 76 15 64 14 0 13 29 73 21 177 67 77 187 178 16 153 39 0 6 9 42 151 169 157 145 67 71 0 44 66 115 88 0 54 21 3 40 111 18 39 11 184 57 46 215 174 0 0 72 15 29 28 194 95 18 224 209 45 25 17
54 58 61 53 170 131 0 77 12 58 57 188 38 32 0 64 168 70 35 90 60 0 4 32 67 68 193 10 77 46 74 0 122 109 30 10 69 55 70 79 105 25 44 0 0 128 28 0 71 2 65 50 0 3 119 106 134 115 139 67 0 48 155 25 60 8 8 11 221 40 118 45 0 0 37 72 58 126 53 0 0 73 152 55 169 45 223 23 62 195 67 33 49 46 0 40 58 10 78 9
8 0 38 235 58 23 0 38 11 28 148 98 0 43 42 38 78 45 50 41 13 211 80 4 22 135 37 141 111 61 98 6 3 166 156 70 73 32 58 0 63 14 105 4 35 189 231 71 0 101 17 130 108 41 83 14 54 133 33 0 79 0 0 60 0 227 197 0 9 80 102 11 56 45 0 7 48 80 2 46 57 0 66 56 64 1 46 73 232 0 0 106 31 19 0 158 55 0 28 36
11 159 212 6 74 40 14 25 46 89 105 172 104 42 0 70 66 213 73 140 102 0 60 19 0 115 16 17 17 40 54 154 233 78 48 62 75 227 85 0 84 16 25 123 13 223 36 106 182 15 15 55 129 237 0 13 2 17 7 214 0 37 7 69 63 51 189 203 134 72 85 10 3 197 18 0 64 41 46 28 51 110 90 6 18 4 186 1 13 29 132 14 33 117 83 58 79 123 34 52
25 6 11 26 0 137 26 61 79 33 55 25 0 33 19 26 3 72 177 36 235 63 0 173 27 34 196 28 162 7 0 56 200 14 57 0 227 112 179 92 100 166 0 0 152 0 189 59 72 238 0 38 0 128 51 30 48 30 95 44 16 79 22 63 0 110 20 11 47 188 78 36 0 42 171 207 0 10 4 161 178 0 119 0 68 57 46 56 210 185 27 126 228 18 58 206 155 46 68 26
24 15 21 158 50 52 231 76 104 225 23 12 22 155 66 186 33 136 0 26 23 55 173 54 12 57 22 105 75 211 60 86 70 70 192 151 31 0 69 42 11 23 1 108 88 143 58 22 45 239 56 76 210 9 120 64 0 9 191 133 45 79 77 23 40 116 0 15 25 0 35 0 51 94 53 63 132 0 96 193 150 36 8 68 56 37 4 88 74 57 230 36 10 17 10 0 22 3 70 19
22 0 67 3 23 102 36 33 129 58 118 40 79 0 56 48 134 148 28 0 227 219 22 95 96 72 12 112 21 11 0 0 121 19 55 135 25 9 32 6 63 35 16 33 60 121 62 0 78 91 18 93 148 110 0 42 8 50 202 235 8 0 0 176 44 0 62 209 144 47 0 83 92 35 96 210 163 20 0 35 151 168 22 18 150 236 0 31 224 60 5 26 35 0 13 235 99 27 178 40
83 45 14 52 237 73 140 16 25 72 33 0 54 4 100 69 173 41 114 220 43 78 45 32 39 62 75 31 53 41 1 17 217 10 161 0 26 38 110 9 44 48 73 43 19 67 0 112 33 42 49 61 60 34 30 154 142 24 0 27 48 29 80 23 29 6 50 75 27 0 89 69 118 63 46 17 104 0 15 0 149 73 231 217 56 189 215 68 50 0 200 44 0 0 182 43 64 14 5 221
0 91 42 30 0 79 78 0 192 74 33 173 42 30 95 177 23 8 166 29 0 174 2 68 9 30 23 153 112 5 192 75 211 233 60 18 37 70 8 75 184 173 42 55 0 21 9 0 95 63 201 23 50 124 6 127 112 180 227 137 135 121 120 85 91 6 0 71 0 0 3 70 188 67 10 209 57 26 9 12 0 28 181 79 40 15 37 78 26 48 123 71 170 46 1 0 55 46 206 41
56 19 137 37 217 70 19 107 34 11 35 155 27 19 34 51 18 0 190 21 8 159 17 168 4 89 189 106 103 161 88 61 79 74 72 0 67 26 0 89 44 181 7 118 122 2 17 83 74 65 167 240 0 7 157 80 75 0 0 20 49 227 228 41 10 113 65 88 220 173 22 184 35 125 69 20 25 79 69 194 75 0 0 38 41 170 180 55 3 15 153 128 11 233 72 63 65 45 0 78
54 45 230 70 0 11 64 80 75 25 75 138 65 32 115 31 25 98 4 33 16 0 6 37 165 0 53 66 7 74 122 137 65 148 164 53 8 26 49 187 47 3 32 202 2 17 50 112 53 9 20 141 17 0 13 31 24 3 173 50 6 79 64 12 56 190 232 32 40 228 18 30 205 211 131 73 0 185 49 129 63 82 0 7 0 65 121 29 226 120 0 77 39 69 97 13 66 92 186 31
60 186 62 43 59 234 7 194 133 38 0 63 12 204 30 36 92 5 0 0 48 148 202 53 180 0 21 175 19 34 0 43 62 223 68 47 214 6 78 78 38 1 204 78 15 56 12 80 144 90 113 0 32 58 42 68 27 28 29 52 5 34 15 21 49 61 39 42 23 9 70 75 145 32 33 43 79 140 56 105 8 193 155 0 180 48 232 23 60 70 72 0 0 7 0 71 33 28 0 215
39 76 0 46 0 15 39 0 52 41 80 110 235 5 3 26 105 9 48 64 4 25 63 31 0 28 14 205 16 97 47 69 53 20 68 51 157 62 230 40 60 51 65 232 138 48 0 103 73 0 34 45 194 224 240 23 126 0 32 67 203 205 0 195 52 115 60 98 146 57 66 128 47 7 8 51 21 23 119 62 0 43 12 41 0 219 0 4 21 197 37 15 28 0 0 64 137 132 51 28
26 102 59 24 124 5 44 150 0 176 8 214 0 172 12 2 14 48 0 27 26 0 56 143 0 216 65 233 0 0 93 44 29 74 76 20 54 77 158 30 146 54 183 74 220 49 52 40 46 0 17 148 71 71 0 69 202 134 17 17 157 54 55 16 52 18 12 83 93 61 80 99 225 10 11 66 18 19 62 91 94 53 9 135 52 0 146 108 116 4 94 10 12 49 67 9 219 82 62 223
0 0 73 61 98 57 57 78 62 28 59 38 42 123 49 189 0 116 157 221 104 3 59 236 32 94 49 76 54 82 0 42 43 209 202 25 30 47 9 37 0 44 110 147 21 147 0 36 35 6 1 35 75 53 0 69 176 34 215 51 0 201 0 15 64 0 0 207 12 44 32 200 155 159 52 172 114 222 60 40 3 58 106 205 159 17 0 13 230 225 147 14 127 15 6 8 63 0 198 48
219 153 84 126 222 54 68 0 77 72 55 218 13 12 78 32 164 39 18 139 11 0 124 53 153 40 51 164 43 65 126 86 112 28 162 78 78 190 112 216 51 58 29 40 126 29 62 33 66 29 77 29 15 84 0 1 6 54 78 75 11 0 56 202 33 72 21 71 46 0 127 15 44 0 209 6 0 116 45 29 68 0 102 231 0 0 48 0 98 132 30 0 61 0 43 0 13 79 49 25
9 18 144 73 53 35 0 79 57 8 69 58 44 12 0 17 10 49 0 55 79 65 178 60 131 5 0 113 71 20 37 0 23 227 2 130 0 59 86 86 102 1 120 71 227 17 138 113 165 229 89 165 79 222 192 56 0 153 114 0 0 5 162 11 116 6 0 0 0 16 72 34 45 58 0 160 94 50 216 76 59 193 80 20 198 119 46 52 0 17 109 55 50 34 81 22 0 225 35 131
0 68 0 17 69 0 35 52 60 238 15 25 80 109 65 52 19 204 51 25 22 0 51 41 60 73 43 190 193 0 94 176 9 134 62 8 23 36 0 0 218 71 118 164 146 42 12 230 225 56 65 79 70 65 4 28 173 18 59 71 132 194 10 73 224 53 0 189 165 152 6 140 19 9 79 43 24 0 26 0 21 181 0 10 152 0 145 62 142 0 58 0 178 0 50 109 239 72 224 44
97 1 101 43 121 67 168 65 68 0 180 56 190 33 0 7 203 39 13 0 73 57 77 56 50 0 70 37 61 18 68 69 238 89 12 115 33 6 55 0 198 33 47 177 92 166 16 230 5 68 0 118 57 45 38 79 36 0 155 39 102 9 121 145 150 94 72 77 0 1 203 114 55 15 52 180 34 66 57 0 0 11 75 0 50 105 18 236 21 16 0 235 130 39 149 24 13 0 17 83
88 0 5 0 3 19 16 7 0 127 76 113 76 170 27 61 87 216 45 0 71 73 48 79 48 122 9 30 39 99 62 104 20 231 92 36 149 70 36 232 142 69 185 183 165 23 21 80 29 19 26 89 38 1 77 40 68 187 29 217 172 232 198 42 3 30 54 42 239 19 17 54 63 180 26 20 10 40 175 71 0 79 68 83 2 38 41 62 57 113 0 0 15 17 162 17 73 166 29 98
14 37 0 200 180 13 236 0 138 214 31 80 72 74 38 25 6 115 1 6 53 0 42 76 0 74 30 127 35 230 68 209 139 0 58 41 57 2 0 0 22 19 23 199 45 17 6 134 1 75 97 174 189 198 47 54 16 66 41 9 66 26 47 20 15 13 50 180 47 0 17 47 168 57 0 46 56 0 53 216 30 112 156 62 66 0 236 12 27 3 45 51 0 44 54 0 49 47 232 78
4 33 128 43 121 30 17 24 208 56 149 130 69 0 0 0 108 46 27 3 0 111 73 19 0 43 74 60 200 116 20 53 71 37 44 4 17 63 69 0 6 0 228 145 60 99 0 52 74 33 19 6 0 27 0 104 78 196 204 55 0 91 22 9 176 218 22 13 0 194 0 54 198 0 47 14 89 45 32 103 0 13 59 206 53 76 172 61 94 95 138 13 102 0 46 97 213 0 17 90
0 61 47 61 22 40 78 230 222 232 3 0 59 21 40 74 112 25 0 45 131 36 7 46 64 147 19 75 58 21 46 0 76 55 160 72 25 65 205 47 0 61 22 44 57 60 99 215 1 54 75 208 0 19 46 38 19 38 1 76 125 9 6 8 113 45 53 70 23 41 34 100 67 90 75 77 82 50 4 66 17 7 80 221 12 7 0 4 86 0 207 96 14 176 0 119 70 11 64 66
28 216 33 25 86 74 2 36 230 112 128 8 0 50 16 171 7 199 27 63 232 195 181 227 19 7 42 6 42 69 176 66 92 69 2 227 31 192 131 24 81 67 31 90 56 77 38 64 125 1 177 213 0 17 37 21 53 60 52 30 71 176 27 8 213 50 77 70 143 7 53 17 204 57 8 73 0 72 0 227 119 36 33 77 217 6 39 37 4 54 65 1 24 20 24 0 48 1 84 46
7 39 13 19 9 5 112 73 16 48 59 2 20 28 20 51 77 43 227 36 82 0 15 24 77 163 63 216 1 77 27 71 84 160 5 151 0 70 5 109 44 31 45 80 73 0 10 83 140 60 146 7 71 165 23 237 43 42 0 0 72 52 26 55 12 233 21 155 77 104 240 0 34 73 38 100 7 15 2 20 42 52 5 183 172 28 39 51 79 49 51 228 64 63 27 61 0 61 54 16
5 0 47 87 39 43 27 34 74 33 1 154 0 43 0 146 51 36 50 166 30 73 76 69 93 46 44 59 44 0 142 6 70 8 170 22 108 189 68 55 17 62 160 123 16 70 38 0 198 24 125 49 40 96 65 0 79 33 32 51 0 0 69 79 39 32 0 205 99 98 0 8 17 51 41 1 223 47 107 37 48 21 63 0 33 202 28 232 34 223 200 0 45 21 4 175 208 0 155 0
79 20 57 117 41 198 85 91 1 221 217 106 205 22 170 136 16 131 0 22 122 27 45 160 120 186 44 37 74 32 1 58 0 42 17 40 150 161 147 93 14 215 91 132 34 75 10 118 5 199 46 3 35 216 63 80 35 28 17 37 5 52 163 30 101 76 27 16 7 40 22 165 80 77 26 58 0 10 47 85 59 69 30 102 57 24 62 43 0 8 16 140 173 201 150 37 1 0 0 44
35 81 72 30 9 63 53 210 15 67 66 43 85 111 0 80 32 139 31 107 165 37 207 45 5 25 0 71 25 58 0 222 0 190 32 105 150 110 226 0 81 22 24 170 18 63 5 34 3 29 0 172 27 13 38 172 82 67 23 127 76 75 76 215 32 218 198 6 62 17 34 29 43 103 145 78 176 56 119 109 0 99 28 43 64 2 80 41 62 0 23 12 34 13 0 76 17 16 150 0
