150
409 766 897 240 728 35893
844 501 388 286 801 81056
752 261 748 618 777 42470
257 511 613 921 240 35895
875 412 620 209 812 74100
823 429 834 560 366 81278
506 319 921 991 267 56905
575 472 86 264 223 36043
390 562 261 283 441 74035
985 231 638 287 103 75735
883 584 81 31 244 42647
799 561 506 224 505 40768
261 843 953 477 692 46699
693 267 301 767 445 40551
936 675 876 183 913 35456
294 131 129 840 638 72058
492 323 250 154 435 43991
905 581 776 406 128 41900
486 652 121 520 396 64697
585 706 826 191 720 71513
85 555 720 399 284 35530
280 850 701 988 249 59995
733 642 522 737 934 72091
401 800 648 130 450 53712
276 777 998 424 232 72998
835 867 170 140 579 31271
874 389 414 76 362 58656
883 115 458 143 301 79053
855 757 924 435 900 65371
789 408 805 681 851 85585
268 157 297 858 77 41849
120 274 69 584 585 58087
585 840 566 357 501 36158
513 634 74 644 992 80247
944 763 879 939 223 52854
641 119 335 420 689 53384
919 321 520 308 163 41215
904 994 40 945 910 75770
62 167 644 961 1002 40821
576 995 877 482 749 52844
423 715 54 459 354 56472
594 412 888 284 842 33168
905 312 858 535 503 60317
973 852 916 287 920 75423
1015 880 381 993 434 29539
155 942 354 939 31 55182
679 929 288 751 499 69342
737 363 780 352 866 54952
124 539 688 127 744 59918
764 622 573 651 328 34864
934 140 94 72 825 71060
780 923 574 257 965 70365
365 580 86 888 208 62969
364 49 31 78 613 79542
1011 461 745 295 1006 53058
786 662 474 565 720 80406
413 453 125 112 210 67807
313 480 401 912 739 67629
1010 529 757 328 644 39230
212 554 771 110 742 33053
740 999 756 485 496 42368
438 1015 230 98 101 62991
1003 984 848 1006 90 76610
664 732 813 879 129 46170
889 592 786 146 555 39299
957 749 441 548 49 76449
342 788 187 363 910 29202
896 39 174 510 297 53451
454 1023 1005 388 168 54382
812 681 282 965 961 73983
731 337 859 830 267 37596
1021 484 905 968 994 72466
291 713 767 818 722 75565
838 223 620 816 232 84157
612 255 652 575 767 33402
987 109 1022 150 382 49672
717 457 83 788 135 83498
119 581 788 546 447 60708
755 325 977 360 149 62293
989 307 892 253 853 72813
208 879 533 915 520 38856
227 595 819 323 362 33021
848 579 510 422 820 61309
688 287 175 773 399 75711
520 787 208 206 285 64143
959 877 573 214 587 39654
584 1022 931 589 384 75748
82 720 783 642 136 51998
234 383 450 286 968 55851
761 527 151 322 86 81502
121 152 378 1024 152 82761
36 485 289 357 764 53825
580 479 605 571 333 56790
828 740 125 991 213 49940
272 58 528 595 49 73609
350 1010 425 673 332 29463
456 404 633 468 975 53356
489 435 711 145 748 69024
166 980 1017 214 511 78573
922 493 528 554 787 28786
253 408 186 146 1000 32417
783 612 995 420 712 53305
1006 420 735 936 78 83593
282 531 710 871 992 51490
42 752 516 365 615 29741
450 351 990 463 828 83904
409 1006 564 89 326 73331
814 972 909 268 227 34363
421 876 682 603 446 64493
100 372 139 355 282 54560
1014 259 90 280 201 53718
711 218 263 348 179 75495
735 83 408 119 273 73751
732 673 862 542 137 58453
170 336 166 83 268 66013
560 597 546 959 256 33183
980 435 1015 985 775 43120
830 173 534 213 536 46766
69 606 288 842 503 37558
430 41 110 971 258 54604
246 578 714 494 454 54547
664 379 515 117 751 44452
222 593 730 994 361 78018
228 654 913 667 797 54544
547 216 569 275 364 64151
630 677 248 386 166 38315
1015 717 707 490 378 71723
443 580 340 747 671 30587
992 543 1002 240 749 51288
544 299 275 842 285 35637
558 450 729 161 819 29644
521 281 820 439 676 75379
324 557 598 809 403 72045
549 785 526 1008 171 53291
621 770 673 910 344 57710
287 576 656 692 36 51395
275 120 268 298 325 63537
757 658 980 673 378 32691
550 97 973 673 626 69858
477 1016 582 788 748 81467
305 798 212 682 864 72106
625 405 684 997 455 45668
984 716 881 604 130 47081
302 983 992 448 84 77774
406 34 633 705 217 66201
198 534 477 303 706 51012
517 864 802 674 929 44192
104 573 661 546 1013 78231
615 845 343 926 865 76877
223 403 709 911 118 80519
0 44 104 56 101 40 117 57 51 51 115 79 90 14 78 63 73 90 90 63 68 66 63 117 116 108 11 112 40 10 29 54 54 75 26 50 93 106 67 58 110 90 10 81 68 17 28 56 71 87 60 92 52 59 47 43 64 44 33 101 96 83 115 37 16 17 120 12 36 75 81 73 95 113 96 114 65 69 88 78 57 42 107 19 63 35 55 54 44 47 22 48 14 93 90 103 55 92 87 107 99 36 43 107 95 117 94 52 22 75 51 43 52 62 102 66 98 21 11 19 21 37 75 96 69 52 115 68 76 35 43 13 59 56 105 110 25 52 115 87 52 10 21 25 107 33 52 61 26 27
120 0 12 34 35 61 46 38 51 37 27 37 46 66 80 96 77 120 79 32 42 44 13 78 111 55 49 112 61 14 99 50 94 70 70 16 71 49 102 14 100 67 77 70 81 57 112 117 36 55 48 108 120 72 19 69 11 54 58 99 101 74 44 77 105 11 69 120 98 43 88 18 20 47 39 53 16 53 85 63 27 101 18 30 112 33 114 87 18 100 79 68 76 42 99 93 120 116 45 84 96 90 17 26 112 16 59 94 46 28 36 19 51 105 51 89 115 42 64 17 67 96 102 105 29 53 74 79 31 10 116 68 42 105 103 99 95 92 82 71 34 15 31 34 20 87 34 45 25 32
70 117 0 44 77 71 18 100 83 39 118 70 93 83 47 93 106 15 17 44 84 63 106 61 82 81 54 73 32 97 57 49 88 31 12 26 27 79 70 80 72 102 59 23 96 84 26 105 87 30 88 113 68 28 22 26 69 48 48 71 108 51 86 31 95 99 45 50 76 57 15 89 69 44 91 88 18 102 16 103 49 38 10 46 80 105 28 113 53 24 47 18 30 68 119 118 88 60 54 100 82 50 105 47 120 61 42 14 91 49 93 57 108 101 55 86 43 47 23 73 33 54 24 119 25 112 57 48 55 30 90 21 45 94 30 42 105 74 67 102 58 43 86 101 99 105 108 78 78 37
55 42 110 0 27 49 64 40 72 19 24 42 34 32 66 116 47 114 43 79 59 21 30 42 63 107 103 109 33 77 30 26 17 34 57 53 76 120 60 98 76 71 105 36 22 68 66 54 33 88 74 55 75 85 36 98 116 47 110 114 47 37 106 31 98 77 26 34 112 111 29 56 99 73 99 105 45 53 110 116 112 33 33 46 43 69 57 108 116 52 37 46 116 85 98 44 47 116 83 77 48 75 32 113 119 42 17 38 34 60 41 26 89 39 64 13 54 67 26 14 38 30 86 50 87 64 88 63 46 81 38 68 61 33 10 112 63 37 86 30 36 100 96 56 83 26 32 37 28 106
74 78 56 26 0 50 16 46 38 42 35 105 109 53 95 116 87 19 51 21 83 14 58 17 70 102 78 97 30 41 19 60 89 104 78 103 19 24 98 56 26 40 64 22 39 59 74 60 98 116 95 37 67 119 100 16 39 49 91 73 75 71 107 47 68 56 111 69 97 60 35 57 57 29 111 50 30 64 38 107 114 44 109 101 48 26 81 116 67 66 36 60 85 27 70 75 93 23 15 75 38 97 94 17 35 120 58 119 110 10 114 25 88 20 43 116 23 89 57 85 83 87 109 113 106 44 88 44 63 72 85 49 25 115 39 48 19 57 27 48 111 52 68 97 95 48 72 112 106 63
88 90 56 51 74 0 107 72 36 88 118 98 109 55 77 50 53 10 100 28 14 86 18 43 53 91 93 69 115 61 76 41 95 80 87 40 89 97 25 82 83 12 96 74 56 67 88 36 50 119 42 57 40 14 86 29 62 72 42 37 115 83 61 32 16 33 87 68 68 35 98 50 19 27 117 117 86 98 38 50 101 60 107 103 16 106 38 76 91 93 53 93 114 17 110 113 96 49 76 40 48 22 120 13 69 116 109 56 98 49 41 29 94 67 26 65 11 15 75 119 61 81 90 90 118 112 98 63 99 16 108 17 94 20 112 71 92 48 118 18 76 44 62 11 18 84 70 58 85 77
45 96 10 42 107 89 0 76 120 17 75 62 31 18 119 87 84 47 106 36 21 24 52 19 76 118 24 109 52 63 108 29 10 103 95 21 109 53 72 83 105 99 120 14 83 60 118 85 93 75 94 24 32 77 59 119 56 70 40 58 51 52 15 23 102 45 110 51 38 48 108 97 94 12 61 72 103 28 66 71 48 45 103 51 88 49 75 38 90 39 59 85 59 69 111 50 65 109 20 107 109 106 72 34 78 94 106 47 53 82 53 93 112 37 98 83 106 49 69 61 50 77 118 58 71 120 66 117 118 40 12 102 37 54 34 33 51 93 60 12 47 70 27 51 32 111 75 100 36 105
30 77 64 60 109 84 26 0 72 15 105 28 78 114 88 74 120 65 54 73 28 26 112 88 112 29 86 51 69 95 117 41 53 67 101 21 51 115 53 101 88 43 39 42 18 52 116 72 13 13 85 24 117 62 117 87 39 43 87 40 83 115 95 36 64 81 75 10 88 51 33 75 42 106 92 56 82 92 86 100 56 35 81 99 24 17 76 109 64 111 97 90 52 70 42 61 12 12 18 42 88 43 67 19 113 51 115 100 56 21 118 19 80 83 56 108 108 57 18 53 65 72 12 39 14 48 26 51 22 97 22 58 45 26 19 111 97 93 85 20 87 80 23 57 16 59 104 30 57 83
95 48 67 68 108 30 111 55 0 40 34 112 19 33 90 91 70 86 99 87 25 48 78 89 115 61 49 87 102 59 109 14 79 104 32 77 23 80 54 107 52 48 71 65 98 41 58 70 56 90 65 19 93 63 55 12 107 49 78 22 118 68 112 104 46 41 81 24 54 11 89 10 45 114 41 71 112 112 110 98 52 96 59 22 20 56 43 18 92 113 19 103 26 112 119 112 56 79 36 116 83 75 99 73 89 43 90 108 50 98 40 46 72 17 18 92 115 117 65 52 29 89 42 86 81 13 68 35 17 59 59 36 44 31 82 80 104 14 14 99 89 37 84 106 84 86 42 46 97 71
51 56 43 38 103 96 45 21 13 0 63 110 114 28 74 109 10 22 97 85 70 20 27 26 105 60 55 56 51 30 99 92 117 51 37 76 10 29 59 10 41 99 24 85 118 114 102 93 38 70 60 45 33 52 98 97 65 80 106 32 80 67 15 50 17 100 97 50 14 120 54 79 32 68 62 82 86 115 44 20 106 32 12 47 77 22 105 31 60 65 75 29 22 83 79 67 92 110 120 66 108 71 64 89 104 20 103 12 17 50 102 53 108 85 96 101 83 116 100 18 102 33 78 80 65 114 69 112 78 69 22 93 73 13 37 18 13 41 93 37 63 86 72 66 56 30 58 94 106 74
76 18 86 54 70 15 36 78 97 80 0 116 57 52 81 45 83 116 118 50 35 63 77 62 57 96 86 16 84 51 78 100 69 73 51 86 84 115 58 62 14 53 50 116 52 61 71 31 47 39 12 107 36 76 16 100 71 97 82 60 39 102 77 30 35 22 67 22 77 55 34 24 108 113 20 31 113 78 43 69 42 105 110 119 48 43 67 23 83 90 102 119 19 102 81 101 74 110 83 104 76 20 53 39 15 57 90 98 119 65 102 115 34 66 60 49 63 18 97 110 42 82 64 11 101 115 82 42 104 86 22 24 105 119 75 49 111 51 10 85 64 54 42 50 73 108 110 62 31 13
96 95 76 78 28 109 28 33 101 111 37 0 88 80 108 99 32 113 36 58 11 80 104 96 26 116 68 39 14 31 92 110 11 24 10 36 91 18 110 47 75 46 111 51 76 19 23 50 81 84 57 115 43 57 79 82 118 88 63 81 39 96 50 53 34 98 55 11 58 33 105 87 72 99 109 111 87 88 120 13 115 52 52 101 83 73 81 84 111 18 112 77 68 93 47 37 27 100 69 97 62 54 45 78 11 105 116 28 26 35 17 85 107 62 101 62 87 90 66 59 31 39 24 32 21 38 118 24 116 49 35 88 107 38 116 17 28 115 23 116 40 103 68 47 29 70 109 66 40 54
57 120 24 101 11 103 70 35 28 90 53 55 0 89 90 52 34 47 10 45 58 110 23 20 90 37 43 111 58 41 79 37 55 50 74 103 29 99 56 39 65 36 99 88 44 113 60 34 82 38 10 57 59 56 74 53 15 35 116 33 94 11 104 114 58 86 81 64 17 111 32 96 20 63 106 14 38 61 112 46 59 31 93 42 14 15 114 102 79 69 31 44 111 86 18 102 45 118 17 105 77 58 78 92 80 93 31 30 98 39 103 40 104 111 119 111 102 29 84 60 67 13 118 33 39 24 79 12 62 112 117 106 27 36 22 17 102 67 111 72 27 26 11 92 115 12 94 18 29 110
32 23 100 28 70 108 42 101 17 62 71 88 52 0 25 65 50 107 22 93 94 12 109 62 49 28 111 87 67 11 67 11 61 37 75 12 109 105 15 76 56 32 89 94 81 47 10 95 77 33 113 106 43 95 42 34 24 63 86 118 97 59 54 77 39 11 65 81 14 116 104 11 82 24 86 61 68 83 79 101 86 52 43 101 61 83 75 45 115 38 58 68 25 23 78 92 98 41 15 73 27 32 71 56 63 99 11 73 85 76 100 91 73 93 110 73 95 91 29 24 89 63 64 11 46 71 94 38 81 58 115 40 84 32 101 56 87 87 33 120 48 87 104 112 80 90 19 36 107 96
65 31 10 32 11 86 115 56 72 110 24 113 56 89 0 120 81 84 44 47 106 84 81 112 46 79 56 116 75 25 42 105 98 58 84 78 75 21 45 89 110 22 57 72 68 55 70 56 38 82 41 78 45 84 79 111 11 82 81 13 29 103 20 70 95 37 27 85 33 14 103 15 54 91 113 31 90 110 77 29 83 64 61 114 25 117 32 118 57 55 111 82 84 70 30 112 80 42 53 46 55 33 50 103 21 77 104 50 66 50 109 26 36 59 81 106 96 49 99 15 64 55 31 47 90 104 29 73 34 77 50 58 34 20 117 87 116 102 43 50 90 40 87 97 12 35 37 30 108 18
17 29 59 116 20 109 42 68 40 94 21 84 40 45 30 0 81 116 43 107 117 51 62 85 14 58 43 27 117 41 21 100 103 102 45 37 19 46 39 28 14 120 50 111 67 75 110 24 21 106 12 93 100 12 76 37 110 35 68 35 53 103 24 99 102 110 15 26 26 120 81 60 77 113 84 16 99 111 111 78 102 119 80 62 17 42 12 39 52 105 45 42 58 104 76 70 73 70 65 47 45 62 90 74 92 18 33 93 49 25 17 80 48 91 15 18 61 68 79 31 35 67 44 39 106 27 118 36 93 61 100 113 10 59 68 111 20 58 17 23 43 55 105 32 94 106 114 60 24 31
45 36 46 103 68 102 64 99 20 31 41 51 85 86 51 94 0 59 80 72 65 97 77 24 120 98 74 22 34 88 39 107 89 62 95 99 70 116 18 77 61 74 11 62 91 116 87 73 28 80 95 81 63 85 41 71 59 24 18 15 43 14 116 80 49 33 99 16 79 14 100 104 81 105 64 58 27 44 92 91 34 91 23 67 75 21 70 38 67 120 64 118 98 73 94 62 44 95 109 64 14 96 85 65 88 109 93 94 60 55 60 33 84 28 107 12 87 109 73 98 109 54 116 98 50 98 80 49 89 112 71 38 30 107 60 23 100 119 44 53 37 20 90 98 36 44 11 80 62 59
27 115 102 80 86 98 19 108 12 48 65 89 56 27 116 10 105 0 28 118 54 109 54 88 118 55 110 65 25 118 46 13 43 100 19 78 95 39 62 120 55 85 12 103 94 112 15 90 110 14 51 41 40 56 115 117 29 41 29 63 26 40 54 71 93 111 13 54 92 99 102 117 70 34 32 97 87 47 116 96 49 52 54 77 94 86 95 16 97 109 74 68 106 66 119 10 109 82 119 74 68 13 93 54 115 110 57 58 63 76 82 76 113 45 113 113 75 24 84 37 47 111 29 67 99 77 13 43 112 96 35 36 72 34 26 115 16 79 74 78 15 24 88 115 111 78 108 15 82 57
102 35 71 36 62 13 85 76 91 102 115 112 66 52 67 117 94 64 0 90 98 32 44 61 10 44 103 76 103 53 111 31 73 71 108 39 57 114 44 65 91 90 113 39 99 99 104 20 94 64 98 79 28 106 38 53 100 79 85 57 107 15 59 102 92 72 104 93 68 75 60 37 36 46 95 69 17 108 98 64 66 42 26 119 43 14 108 20 70 114 32 18 13 85 66 10 74 104 61 19 114 29 91 72 10 105 118 58 13 74 53 112 69 26 65 37 103 109 41 25 111 58 77 106 106 10 41 87 45 25 74 42 100 62 109 119 110 77 32 38 95 42 115 48 95 44 114 95 81 80
54 49 113 88 118 26 72 58 16 20 59 110 54 17 19 98 17 99 56 0 15 111 13 117 70 69 114 105 86 82 23 85 37 17 19 22 15 115 84 68 68 58 112 21 51 46 107 15 19 119 100 108 108 46 18 92 107 103 22 110 21 92 21 118 16 113 20 102 80 62 65 28 75 65 79 96 36 114 14 72 23 16 38 90 101 90 94 100 19 40 81 57 110 10 108 27 84 62 84 70 105 14 12 16 74 79 23 40 100 112 34 21 89 27 62 45 44 80 64 110 22 16 55 112 104 91 98 40 77 87 65 84 73 10 22 81 106 108 52 79 84 23 69 95 21 10 87 111 79 62
73 108 13 107 73 24 10 99 25 76 33 99 52 64 94 49 56 73 53 72 0 99 57 37 45 34 32 51 53 105 117 60 114 32 95 96 69 19 70 68 105 11 16 41 72 82 54 12 43 80 22 102 88 20 84 86 30 48 46 34 50 61 59 113 41 49 89 42 88 48 35 120 93 106 31 105 117 59 14 81 24 107 23 87 56 58 53 32 119 102 120 80 10 84 58 51 61 67 20 89 71 107 22 64 78 105 83 62 57 37 45 103 57 113 89 98 45 27 25 102 63 59 110 117 113 119 62 10 44 76 34 16 106 107 31 103 107 83 69 27 62 111 26 24 98 71 96 32 26 66
63 41 54 87 82 40 93 119 35 57 97 100 89 29 120 41 94 85 54 60 119 0 36 108 102 103 64 104 55 46 49 102 21 27 94 44 46 76 79 65 38 14 91 65 107 97 73 109 13 63 46 67 74 73 103 68 82 67 112 63 54 41 34 36 87 65 11 50 86 78 30 19 16 114 19 94 114 62 97 120 92 28 75 16 73 70 30 88 42 102 23 84 71 57 50 98 104 93 47 48 17 96 117 105 77 82 39 16 23 23 77 20 102 113 49 93 95 49 89 43 32 100 79 14 92 70 94 99 25 30 87 63 115 26 103 68 73 112 93 47 70 44 94 68 24 62 103 75 78 40
46 57 60 17 33 14 82 16 31 33 95 13 91 15 94 45 37 110 57 48 112 18 0 56 65 119 97 40 67 83 42 44 23 86 94 46 118 100 82 65 84 118 30 90 47 105 89 91 39 111 44 10 84 84 76 106 10 82 33 94 66 82 101 46 100 48 65 97 60 46 90 71 72 12 111 67 56 40 85 75 15 43 109 83 78 86 22 10 16 75 55 71 44 110 57 25 19 29 43 112 106 58 14 92 70 46 37 74 30 79 51 29 102 104 92 67 69 52 40 22 37 77 82 96 37 60 119 120 95 27 117 83 32 65 99 22 53 35 105 17 97 71 100 63 51 89 54 34 77 70
106 89 83 55 56 56 84 101 38 69 17 52 38 111 114 32 52 105 87 10 71 14 61 0 45 54 25 118 25 63 108 110 94 18 92 40 13 67 117 42 22 14 10 92 110 74 64 113 79 107 81 59 74 72 20 99 26 35 12 93 48 117 57 89 108 89 47 15 47 13 35 53 66 88 77 16 120 15 87 101 55 115 98 90 13 103 92 115 58 43 32 62 57 117 29 35 28 102 50 105 67 46 42 41 107 15 31 74 32 92 108 83 94 22 83 115 37 72 58 64 70 40 36 104 66 111 99 66 110 34 86 118 84 66 116 91 76 54 36 39 97 95 26 77 103 17 111 45 97 54
94 76 25 78 120 27 61 12 26 75 57 109 35 113 101 10 57 51 77 13 26 10 104 88 0 110 114 109 105 47 96 28 44 69 20 70 106 105 11 56 72 74 43 63 71 92 25 70 117 45 91 98 26 42 22 81 106 46 25 118 95 39 12 10 37 56 17 100 55 65 15 49 87 24 16 77 74 22 49 33 111 113 63 76 49 26 10 44 105 61 54 79 61 62 51 94 22 95 68 72 23 100 85 66 74 59 95 32 53 56 94 64 26 27 113 25 101 40 87 10 65 18 92 52 15 95 99 29 61 100 57 72 101 80 37 53 18 20 57 53 43 37 102 72 58 69 26 15 101 37
52 91 57 15 56 77 73 55 94 63 31 50 54 99 44 120 35 54 53 77 74 16 71 37 105 0 26 13 39 104 62 111 78 84 120 26 118 116 59 62 61 31 76 80 55 24 59 95 45 60 36 13 98 114 120 119 52 24 87 82 89 16 119 76 15 116 64 116 14 57 115 41 19 53 102 112 51 57 35 23 70 96 108 27 12 30 89 94 34 76 28 95 17 98 26 78 103 82 88 85 65 86 14 30 10 47 24 85 24 76 72 56 38 38 86 70 56 57 25 63 100 53 113 97 91 102 79 85 10 94 27 42 16 85 28 81 50 14 98 60 72 120 31 56 16 105 81 76 61 84
47 88 92 111 73 65 43 57 69 18 14 16 111 27 74 72 19 41 72 102 26 26 46 99 39 78 0 36 39 36 50 82 111 12 27 86 63 94 70 68 117 30 102 32 56 37 33 24 10 54 86 47 77 87 48 41 108 104 119 29 11 50 15 55 45 36 89 39 113 70 70 26 56 51 50 78 19 83 97 112 102 29 70 79 49 90 43 31 107 98 51 120 85 61 26 57 64 106 50 20 27 111 71 118 69 75 105 98 118 98 52 68 49 85 72 90 64 83 43 117 23 36 51 96 116 19 92 27 63 99 53 118 12 62 15 40 53 58 47 73 39 86 18 66 87 53 116 60 70 100
105 68 42 84 33 80 81 84 118 64 55 70 83 19 112 55 68 95 32 52 120 116 35 66 10 68 59 0 12 28 48 96 90 58 119 104 10 64 92 81 61 82 47 28 82 50 52 104 77 16 54 32 17 103 90 63 80 20 57 95 88 68 119 88 48 33 112 33 64 53 32 92 59 84 47 74 106 97 90 49 36 104 85 31 55 79 46 48 85 108 22 117 21 98 102 21 107 106 48 50 78 80 19 84 24 20 22 12 95 70 19 69 94 110 60 98 77 102 63 87 102 110 22 108 62 98 33 47 33 94 73 51 100 73 72 69 14 13 36 62 55 35 21 57 87 81 30 55 16 93
73 11 23 20 71 108 58 29 21 100 40 92 104 111 36 63 15 84 64 94 56 30 116 45 89 105 12 27 0 46 22 88 34 10 23 68 20 102 14 99 16 35 37 87 75 21 39 114 11 54 18 106 58 83 23 66 55 40 111 84 18 90 97 81 108 75 61 118 22 12 58 56 44 99 24 78 110 24 83 88 23 17 66 60 103 105 120 43 38 50 120 51 101 33 51 30 45 60 70 63 101 18 74 94 39 11 81 111 108 93 100 13 72 45 116 105 47 52 120 49 39 77 75 39 64 46 72 63 66 102 54 59 34 76 40 49 86 94 104 55 10 33 99 50 56 25 87 46 51 21
43 45 117 107 109 65 77 78 75 87 40 29 78 63 15 79 67 45 63 82 109 34 18 35 37 84 43 100 99 0 57 64 26 88 20 111 48 35 60 100 105 82 102 68 100 116 104 112 22 28 65 22 16 96 117 82 100 67 112 80 64 67 45 80 105 25 52 21 26 61 85 114 27 35 90 56 68 103 95 118 111 40 78 101 56 17 54 17 49 30 57 57 89 16 77 90 106 22 10 66 71 51 33 46 92 77 71 109 27 21 118 92 63 36 94 30 114 78 119 55 23 41 56 91 83 16 52 96 27 13 30 11 90 24 68 119 50 65 71 72 21 94 34 109 88 95 80 57 112 97
73 78 25 53 89 92 92 31 75 67 90 32 81 61 61 105 23 119 99 96 55 24 118 97 105 73 55 14 25 78 0 31 51 51 70 59 120 29 83 70 11 88 32 23 11 77 65 119 51 115 75 36 50 110 69 43 26 113 86 100 60 102 31 50 96 99 52 20 34 50 103 69 37 16 87 80 75 81 118 117 108 76 29 106 61 106 17 62 77 92 30 82 74 105 105 92 65 106 13 27 52 104 63 23 20 64 111 78 118 18 98 80 65 93 41 53 102 15 113 96 113 96 18 13 21 81 57 101 99 72 79 10 56 52 100 50 44 95 84 42 68 90 92 21 36 118 73 29 109 85
75 54 103 106 87 40 42 59 28 115 89 74 83 103 97 100 85 93 30 17 119 46 42 33 58 104 49 89 40 11 108 0 48 80 43 36 42 116 96 15 51 56 86 108 11 91 39 62 108 30 118 42 76 91 26 109 59 99 86 28 14 84 33 105 17 12 79 77 98 31 84 24 20 70 66 75 79 64 31 54 96 117 91 100 86 117 21 107 21 43 34 16 66 106 11 43 90 73 11 15 16 98 44 85 24 47 86 117 87 25 23 92 33 31 52 84 14 68 15 49 71 53 45 90 111 33 104 114 59 70 18 44 39 73 87 96 93 107 94 78 48 94 10 109 89 85 10 79 71 45
80 71 77 38 74 67 92 61 61 74 99 28 27 51 107 104 14 13 29 33 59 38 50 98 113 49 71 62 31 43 118 29 0 33 71 30 97 23 74 120 71 32 45 56 43 48 24 18 108 100 70 71 36 82 79 21 94 118 23 89 18 69 104 34 38 74 23 87 98 39 40 68 100 29 72 113 42 107 93 10 58 105 19 39 37 33 17 16 66 36 65 21 23 58 35 108 119 110 10 97 94 43 78 87 61 107 78 55 74 80 42 75 72 95 18 82 107 101 86 97 17 61 41 64 10 86 14 76 84 71 99 20 104 63 56 94 63 11 21 63 83 81 99 58 33 65 23 38 47 49
63 66 58 15 14 10 120 56 117 68 110 44 114 96 100 81 16 85 90 76 32 49 94 65 25 27 73 82 103 23 79 31 86 0 85 64 39 21 10 87 78 63 82 57 13 79 34 106 37 100 106 26 85 50 61 74 12 105 33 102 100 64 31 98 66 61 51 94 34 30 77 44 35 83 83 44 114 43 67 83 29 34 83 31 117 99 62 89 106 90 82 115 68 17 52 85 48 61 81 94 88 12 116 112 52 113 108 18 73 86 114 114 24 39 36 39 59 55 29 110 84 53 58 69 118 42 80 45 45 19 75 109 90 94 63 83 97 50 103 61 33 53 118 22 43 59 74 119 61 40
27 28 60 24 29 14 45 118 29 55 109 56 86 20 49 118 36 39 85 78 98 26 49 64 76 68 87 115 106 120 108 50 45 10 0 54 90 86 110 38 74 103 18 115 11 39 89 34 42 96 98 64 28 46 90 105 42 21 77 30 69 32 80 17 45 25 67 112 116 74 96 105 51 13 13 82 102 47 47 19 115 51 31 34 109 67 19 36 22 63 60 69 99 27 37 14 51 21 106 83 119 48 16 104 109 116 86 118 68 98 103 11 38 111 28 115 79 34 47 94 39 18 44 63 64 38 40 19 83 84 23 43 96 44 53 18 67 79 36 19 92 59 59 96 76 32 59 52 27 44
109 67 20 60 58 40 79 81 73 117 108 54 88 10 119 44 72 50 102 25 93 58 19 31 67 60 23 52 51 34 105 90 15 111 31 0 95 39 82 81 21 75 84 34 29 80 44 109 101 75 98 111 97 112 109 16 47 30 75 77 30 103 71 112 46 96 51 30 25 87 49 96 75 12 20 111 39 45 18 32 56 68 106 79 78 16 10 45 16 40 47 60 74 102 56 35 67 86 78 64 53 17 77 89 54 63 68 39 45 58 85 18 45 77 53 101 42 29 120 92 30 59 104 55 115 48 86 111 10 54 23 86 53 68 31 29 13 48 53 17 63 60 116 76 87 98 88 26 11 75
49 88 61 15 95 102 119 110 95 80 43 111 79 41 87 43 79 105 36 19 94 42 118 73 87 68 39 63 38 22 66 54 55 61 115 105 0 95 94 66 58 31 55 55 41 76 112 109 31 110 44 61 56 52 58 45 81 104 92 46 32 61 54 78 43 57 64 83 65 19 108 74 85 26 102 117 55 52 28 99 119 89 29 75 64 28 101 10 114 46 20 112 105 73 109 59 70 58 111 22 116 89 105 56 108 22 22 42 44 26 88 47 96 23 103 45 22 12 111 111 96 13 109 76 86 72 107 48 97 60 108 58 28 14 45 68 16 20 37 71 59 20 74 18 110 23 88 30 55 10
111 91 96 67 91 82 30 40 79 109 97 85 107 112 113 117 71 67 63 35 79 109 45 18 98 92 108 17 17 80 49 52 70 102 54 41 103 0 109 14 35 37 53 77 85 117 32 80 40 82 51 63 77 74 101 81 119 15 52 115 11 63 86 67 33 106 59 61 89 91 38 106 23 31 32 73 33 112 97 119 70 97 76 46 81 45 100 14 72 106 46 106 28 53 65 23 62 34 58 23 12 31 84 92 73 44 43 68 48 106 68 64 81 19 117 68 78 27 32 82 23 67 66 120 61 67 75 98 94 109 84 70 102 12 30 59 116 101 11 74 35 106 17 117 40 41 19 15 117 83
25 31 60 65 44 97 104 73 88 17 113 77 108 99 89 107 47 64 71 89 77 118 99 51 40 102 40 78 71 43 109 64 20 15 13 91 46 23 0 25 16 93 14 27 114 52 101 97 107 73 79 71 27 74 75 114 45 41 41 52 36 59 56 82 30 19 109 69 22 84 15 23 101 64 104 103 98 81 11 15 105 31 78 100 58 88 31 45 113 47 108 10 10 59 98 16 11 71 38 96 82 115 76 47 70 46 45 114 30 32 112 84 19 23 67 73 118 24 25 96 87 106 106 86 81 65 29 52 70 31 103 25 63 30 15 105 105 82 58 84 12 63 55 78 79 28 65 91 11 27
66 41 27 107 20 94 74 115 104 83 74 70 103 114 27 117 27 26 11 116 100 22 75 56 48 118 10 24 90 107 101 75 79 109 11 115 28 32 90 0 118 51 28 17 114 27 44 118 65 65 36 29 67 103 72 86 64 47 104 72 96 79 68 118 25 31 99 87 104 72 18 75 29 16 79 17 107 24 109 47 60 98 109 27 48 38 11 117 78 80 13 92 53 113 69 102 60 112 119 42 49 68 57 77 67 15 32 83 92 15 63 111 71 41 119 58 117 18 98 79 47 57 34 22 35 25 116 77 13 58 91 104 23 101 20 80 32 73 83 10 112 91 33 95 115 96 76 65 30 34
74 92 93 120 77 49 34 12 72 62 45 80 19 70 56 52 48 25 105 22 28 72 109 75 21 36 56 16 107 29 93 17 59 38 113 39 104 54 70 13 0 93 114 35 37 63 59 61 54 91 74 14 110 44 83 25 112 100 12 43 119 88 70 79 80 50 20 44 11 16 106 35 81 42 71 60 29 99 69 73 72 29 91 71 115 34 20 112 20 40 58 45 52 75 118 43 72 52 87 104 12 75 74 98 24 31 13 32 58 73 34 69 31 14 60 50 92 90 53 78 34 32 64 62 13 98 88 33 73 69 109 16 53 95 23 14 32 55 75 72 14 70 13 84 35 81 116 41 75 108
106 12 82 31 91 79 98 27 118 78 45 93 80 97 11 16 92 111 36 28 112 118 89 77 111 79 76 70 106 91 77 28 116 20 10 88 77 16 26 37 88 0 47 97 12 38 23 56 98 12 107 27 98 72 102 86 76 112 90 79 114 120 66 23 94 100 48 30 89 57 16 22 86 61 50 90 114 58 89 99 14 106 101 96 27 48 53 107 80 50 53 81 69 14 73 33 69 80 78 85 106 99 53 83 61 94 21 28 35 22 59 24 76 10 29 79 22 98 101 94 86 53 92 112 66 15 84 95 105 120 26 83 117 15 84 64 45 78 28 71 66 98 95 22 115 27 38 88 23 17
82 48 29 115 80 50 53 93 12 97 23 87 112 112 93 23 29 94 120 25 74 71 99 91 105 16 108 53 19 103 103 99 107 59 20 24 99 23 45 45 77 66 0 24 101 80 26 61 92 105 78 80 19 87 110 47 41 34 87 49 48 22 37 35 98 108 112 112 55 107 23 30 90 32 83 45 54 55 84 77 37 85 24 78 83 24 61 58 119 62 25 23 103 42 65 16 110 55 55 53 81 111 87 41 27 49 83 27 19 68 57 99 103 89 13 50 63 110 96 14 51 76 56 110 102 56 75 28 68 57 67 111 106 80 112 117 119 33 18 56 119 56 17 11 99 111 43 105 16 23
57 23 56 83 88 108 69 59 83 25 103 14 115 79 71 57 73 72 36 93 102 64 73 82 101 93 15 91 31 23 110 75 83 80 55 77 70 34 73 97 66 13 109 0 114 68 65 49 114 103 82 46 72 59 65 19 51 107 92 72 94 97 47 11 96 30 18 58 16 105 46 29 81 97 75 79 40 106 39 65 72 42 56 23 43 80 101 113 87 79 72 27 33 15 44 83 54 115 79 64 106 78 45 98 67 56 43 39 64 103 98 63 107 87 40 39 64 64 81 120 113 119 120 42 113 15 23 53 31 89 96 115 73 112 66 35 56 116 13 110 81 80 40 101 36 83 36 83 68 68
80 19 74 65 15 89 48 29 36 62 67 80 79 17 78 75 83 57 96 57 100 17 16 41 56 70 71 96 98 114 26 118 46 119 33 10 97 33 26 86 19 116 15 83 0 64 10 105 39 58 91 71 52 85 23 57 86 91 120 113 100 14 96 67 52 24 82 96 58 69 33 19 75 98 44 114 73 41 110 43 46 104 26 101 82 97 77 116 67 31 15 46 115 22 89 87 120 51 24 53 20 21 34 65 89 55 94 50 27 69 113 57 33 12 43 116 64 92 23 101 51 72 74 52 85 91 35 86 69 16 95 120 80 54 110 43 92 92 86 64 99 23 46 45 114 52 90 10 13 110
120 49 99 114 63 33 57 75 110 85 63 59 70 62 46 21 38 30 21 80 26 74 68 28 95 62 111 29 49 12 81 90 41 55 68 34 56 109 77 116 82 40 115 71 15 0 75 59 111 76 118 106 61 117 23 66 70 28 73 15 101 102 25 35 90 60 109 46 77 89 95 64 75 108 77 87 96 95 97 42 69 88 17 18 49 62 93 61 33 71 38 72 76 119 36 39 64 119 118 84 79 106 32 92 55 16 53 44 47 33 115 61 100 101 42 98 95 69 33 10 82 97 117 89 84 73 78 53 80 78 56 59 120 116 69 54 36 107 104 115 110 65 34 18 102 28 52 70 35 33
50 35 84 15 98 28 90 86 50 31 56 100 107 89 117 86 97 54 69 119 52 64 61 38 39 28 92 107 65 99 92 112 84 30 36 79 92 63 34 73 78 35 90 53 11 46 0 39 104 19 86 96 90 70 57 26 108 89 107 108 36 77 37 83 81 109 55 43 71 41 13 10 51 49 114 95 21 63 80 12 112 116 79 37 49 25 99 115 23 107 86 109 49 86 105 28 78 94 48 82 78 61 83 116 94 84 46 50 105 12 88 14 101 13 78 61 112 98 53 22 18 80 52 98 109 64 92 39 56 20 29 67 87 66 99 88 110 68 116 87 68 95 109 71 116 82 83 99 72 48
21 81 86 20 58 57 66 43 104 118 33 77 56 40 110 68 75 33 119 100 47 88 24 85 109 27 99 104 92 25 88 106 20 37 102 59 52 50 115 61 101 105 70 84 113 12 58 0 51 43 58 10 107 38 78 107 38 97 88 102 17 120 15 62 11 55 103 23 29 36 16 74 53 90 114 99 120 28 56 82 108 78 76 91 50 93 92 62 98 59 54 109 50 42 110 17 114 38 111 99 37 16 43 90 65 58 52 30 102 17 71 83 73 103 36 105 12 26 105 18 51 107 120 93 112 74 108 21 59 17 73 52 68 50 80 108 86 120 24 44 81 53 38 26 102 72 52 51 106 25
60 67 34 34 41 71 38 48 89 96 109 22 64 108 36 85 10 116 18 95 27 15 44 24 16 39 112 41 108 47 49 33 112 32 27 108 41 29 66 42 54 13 69 38 65 70 32 97 0 20 101 78 97 61 103 53 11 116 32 110 117 114 56 47 37 81 118 55 64 30 47 51 20 10 18 99 44 96 96 119 64 71 100 60 109 44 113 23 45 22 31 30 27 61 57 80 87 15 103 48 35 90 18 40 77 38 54 26 58 80 76 117 108 10 51 81 45 32 70 38 109 45 47 37 85 49 105 32 95 66 93 75 65 22 93 70 81 26 102 60 88 28 120 110 100 87 91 48 45 107
26 22 82 45 20 49 54 68 88 35 69 95 54 97 84 29 38 60 68 99 62 103 31 90 17 102 71 58 83 26 50 62 54 24 59 48 63 75 104 107 99 32 104 92 22 72 108 65 12 0 57 20 86 102 72 12 40 83 62 105 115 72 76 25 98 111 99 23 89 87 38 42 40 67 104 28 16 18 115 33 64 87 21 39 41 64 53 13 75 19 50 24 48 97 74 82 22 26 75 109 49 112 21 65 21 45 82 10 47 70 89 58 109 38 31 82 103 51 73 111 96 99 73 33 73 58 58 74 64 38 75 118 27 99 30 28 100 109 18 106 97 27 20 95 103 15 18 25 86 34
84 20 48 84 28 85 48 20 30 72 57 28 90 84 42 16 27 45 102 56 95 108 42 112 56 45 99 119 91 23 28 102 105 87 62 67 54 112 37 65 113 72 68 100 50 75 30 107 75 112 0 90 66 107 45 58 99 114 61 44 116 64 52 85 92 31 44 104 64 22 67 27 58 76 56 42 102 29 49 21 24 20 38 82 41 82 119 43 37 28 120 60 109 90 63 28 46 19 85 44 100 120 120 78 36 63 58 10 103 80 71 116 52 83 111 64 78 31 69 88 17 35 52 117 100 119 36 72 84 64 38 10 36 110 75 91 29 53 88 15 72 25 103 20 81 66 43 115 38 10
86 89 40 115 91 27 102 65 38 13 15 53 58 20 35 43 66 14 63 82 88 101 106 74 54 96 26 43 45 74 68 58 92 85 24 91 49 19 89 20 113 33 69 74 33 97 44 10 26 26 64 0 18 87 82 57 13 45 32 18 97 118 102 16 11 93 95 63 72 89 68 99 36 58 71 100 29 67 17 24 110 28 86 111 97 30 104 27 35 44 89 76 39 110 110 56 29 78 20 11 118 82 107 31 77 39 108 35 28 58 18 110 43 66 109 57 94 36 99 52 49 47 31 118 93 38 59 92 85 113 46 58 88 82 78 38 46 96 43 103 73 39 112 50 20 22 114 32 38 108
109 24 100 24 29 117 117 31 54 114 86 82 82 45 44 104 66 23 88 98 117 96 111 45 40 31 117 29 60 61 43 55 27 11 104 110 45 93 69 63 115 119 67 89 20 34 101 103 34 50 93 42 0 74 77 12 102 12 19 85 35 68 45 58 111 52 104 50 99 49 69 96 47 102 34 90 83 97 74 20 118 44 104 55 38 44 95 28 14 46 63 38 88 119 57 51 54 16 37 45 48 105 118 89 98 40 82 15 87 35 118 100 96 76 91 97 44 30 40 44 74 103 61 93 108 100 60 63 41 78 89 71 78 106 105 77 96 45 119 88 90 103 118 59 46 29 47 62 93 34
47 49 27 70 45 34 26 59 72 32 81 96 41 32 119 36 105 35 20 61 70 17 114 21 103 119 11 116 11 47 45 109 30 66 97 23 79 89 111 65 93 45 118 61 96 109 31 71 118 91 57 103 23 0 98 55 13 118 95 91 83 71 91 118 80 81 65 119 107 60 36 99 58 56 17 71 57 63 101 10 113 44 63 57 92 49 115 14 45 88 88 60 104 54 13 111 29 114 77 107 24 13 120 94 65 46 87 91 70 70 86 24 27 60 34 112 94 98 25 54 42 35 87 52 76 67 54 105 94 99 25 25 63 38 78 48 103 67 81 12 107 12 52 48 101 49 117 74 22 118
75 102 114 17 95 85 80 60 88 34 75 40 39 18 10 54 101 113 107 56 66 97 53 51 49 92 68 78 78 71 87 40 29 76 106 67 56 10 46 37 48 28 75 12 63 33 33 23 104 17 108 77 84 52 0 45 57 105 73 27 66 51 41 85 41 63 10 72 85 46 53 95 81 55 90 17 108 102 28 64 55 115 98 68 119 77 96 46 11 43 41 79 105 93 95 46 94 97 48 21 106 120 13 47 67 10 99 40 39 12 85 83 83 64 82 18 106 25 29 56 60 87 86 53 92 49 26 96 12 97 94 74 18 92 18 86 36 53 34 51 37 92 78 45 65 56 38 57 53 108
27 58 101 18 108 12 61 42 53 99 76 71 25 61 41 110 54 52 43 89 82 12 107 39 49 39 80 81 119 120 36 112 67 118 72 97 77 90 85 81 63 90 41 63 117 36 107 87 35 65 116 99 81 50 89 0 40 16 43 99 20 77 66 28 119 97 75 75 25 23 104 17 108 35 120 105 23 34 19 10 30 47 70 35 61 17 56 98 33 34 10 48 104 22 15 32 77 58 97 37 20 109 65 20 82 62 77 48 33 55 11 98 35 117 45 28 49 65 55 106 12 28 37 47 119 101 107 38 21 115 80 109 11 40 73 55 96 34 24 73 54 47 90 118 78 40 94 24 67 106
66 35 33 34 91 76 89 73 113 105 63 91 29 65 13 38 14 110 72 86 51 110 33 31 51 79 93 97 31 108 102 90 107 57 19 72 71 118 66 26 21 85 99 11 106 117 40 106 21 115 33 19 87 24 12 10 0 68 56 70 117 86 82 112 109 84 77 98 84 105 113 80 39 83 120 79 23 30 48 97 67 61 24 101 65 70 19 25 58 87 77 50 73 92 44 50 34 28 69 113 37 43 86 59 88 65 65 49 98 117 62 76 112 105 97 109 35 19 35 22 71 30 13 68 49 58 13 63 71 13 18 44 88 42 41 87 51 16 20 106 32 71 44 30 116 45 89 45 55 13
97 72 73 113 105 69 61 33 109 45 59 18 25 48 38 34 11 60 41 115 10 76 10 115 109 95 12 59 19 68 78 19 94 101 110 53 84 18 113 76 90 69 93 54 106 118 91 11 26 77 96 36 88 95 19 71 112 0 120 39 49 44 41 96 112 80 29 115 24 118 41 17 69 13 67 80 63 114 59 98 103 76 23 80 47 114 23 89 15 36 11 25 108 118 53 34 39 14 107 52 72 91 38 76 107 67 89 21 51 28 13 117 102 92 84 67 55 49 32 17 115 52 56 107 15 39 88 61 91 113 105 12 47 80 57 106 84 63 22 78 42 26 58 18 28 55 86 87 64 15
45 46 20 66 116 118 72 89 94 21 96 14 36 96 67 15 101 18 72 81 106 76 33 74 33 16 93 25 109 36 79 103 37 26 108 85 30 34 61 71 103 21 60 63 104 106 117 20 75 91 100 69 27 13 57 60 27 85 0 102 26 21 51 109 23 26 40 41 110 82 108 116 102 18 112 50 63 105 34 107 10 72 24 112 100 62 17 114 82 17 18 69 85 13 49 19 76 103 54 48 64 19 59 65 65 117 116 79 72 55 67 84 117 28 87 28 52 25 103 106 18 42 113 90 120 108 45 41 118 10 71 81 64 102 110 120 72 118 120 95 106 109 118 113 63 55 13 98 49 71
43 36 116 113 54 15 109 10 11 14 91 17 51 75 15 45 107 17 118 54 115 59 25 100 39 88 44 75 57 120 117 95 33 51 101 13 25 99 19 64 82 64 97 22 45 107 33 21 35 40 118 17 30 56 75 32 104 55 37 0 24 119 117 105 81 16 80 78 106 69 68 56 54 37 35 55 80 32 84 99 11 69 98 36 70 45 113 51 21 67 88 33 39 54 88 84 96 47 95 61 89 64 47 64 53 99 116 97 101 42 115 72 37 49 50 106 39 58 97 66 66 67 38 55 30 115 37 37 15 101 17 107 115 116 108 103 101 46 109 103 16 60 64 27 71 57 13 68 119 37
89 85 38 31 43 36 52 38 48 28 61 95 120 26 67 13 34 69 52 52 25 26 79 75 60 73 78 14 117 83 114 25 83 55 113 62 28 83 76 48 46 46 108 64 23 115 116 43 57 116 56 75 55 117 20 108 34 81 25 16 0 43 54 20 63 89 54 110 79 103 109 53 55 50 112 45 22 14 117 57 50 45 23 68 13 118 81 51 44 48 120 96 97 72 89 91 21 54 70 71 114 58 45 90 83 17 23 110 74 32 36 54 38 24 35 20 104 68 40 22 16 62 52 54 93 118 26 24 46 70 63 95 51 36 22 96 57 104 111 15 111 56 65 109 34 18 48 119 116 88
70 45 84 95 114 118 97 81 69 71 116 63 60 120 15 51 120 120 21 35 22 24 53 38 74 27 13 105 40 120 107 45 48 68 47 106 66 74 16 26 52 94 59 61 96 100 37 11 16 12 103 25 71 78 116 40 87 42 113 86 103 0 70 75 90 41 103 56 60 71 19 30 45 96 25 107 26 63 19 73 82 101 12 102 49 90 106 56 26 93 66 52 98 27 49 17 105 62 111 12 72 30 12 77 48 24 72 75 16 108 48 55 78 117 19 59 98 61 118 54 45 45 35 107 80 106 81 70 67 79 115 35 34 98 58 53 17 78 41 85 96 33 42 103 28 29 90 85 99 120
54 76 101 113 88 20 93 16 114 50 97 94 31 96 91 16 11 10 60 78 53 66 77 113 101 47 19 66 31 64 107 16 25 47 97 49 57 48 33 29 56 110 116 37 120 37 34 60 99 109 79 15 40 82 35 93 54 60 95 77 57 118 0 37 110 55 28 50 82 71 117 118 98 65 76 90 15 45 80 96 110 38 61 72 103 91 73 114 39 90 72 38 67 43 64 34 52 32 65 42 67 111 78 77 78 77 27 17 62 114 63 98 57 27 16 50 30 13 50 13 104 72 29 39 118 80 63 63 30 68 105 103 117 55 106 75 31 88 53 103 13 33 53 109 61 120 50 56 57 32
26 43 46 35 50 111 111 40 80 71 51 46 107 78 35 15 57 31 100 100 109 68 90 49 110 25 60 53 26 101 23 97 81 16 105 93 31 28 83 117 98 63 36 38 77 91 56 112 55 76 55 47 39 94 49 36 58 66 77 120 66 11 117 0 98 115 47 53 81 115 50 100 82 38 15 11 45 101 19 66 64 49 102 111 106 45 75 114 71 111 89 14 111 87 74 89 36 94 16 24 10 116 39 41 35 39 74 67 20 50 71 96 44 115 28 51 19 64 71 57 94 100 78 98 72 120 95 87 90 57 56 60 49 103 66 107 96 44 24 116 44 63 49 69 21 51 38 88 39 67
82 83 100 32 115 41 67 24 13 57 112 85 69 100 12 88 84 37 35 41 105 102 73 63 99 109 37 79 88 116 43 44 94 35 62 26 79 34 42 24 95 36 95 113 24 109 104 114 38 13 91 42 78 53 117 99 98 10 43 86 27 45 21 85 0 73 107 79 91 24 56 82 88 104 120 66 23 28 92 37 45 75 70 57 41 76 102 48 28 44 81 32 19 108 20 71 13 20 18 81 120 72 41 117 46 43 109 56 100 43 104 103 18 101 33 74 80 90 24 22 42 108 88 79 10 100 76 34 45 113 106 101 39 37 24 26 107 58 14 37 35 63 20 87 65 37 49 105 51 74
26 75 112 27 61 110 57 70 26 88 16 73 37 19 90 102 18 119 104 56 15 30 16 86 22 70 62 20 21 111 65 57 107 28 38 55 41 71 23 111 50 106 28 71 100 96 12 54 57 49 67 11 21 23 61 90 95 97 75 78 44 111 78 101 73 0 58 103 73 57 68 33 56 53 46 77 22 114 75 113 45 51 12 22 61 72 115 59 96 14 97 69 77 63 98 46 105 24 62 17 44 47 77 95 63 52 69 37 24 82 111 90 42 95 34 107 49 90 66 26 53 21 66 119 104 49 64 119 58 46 19 83 42 58 100 53 108 38 68 83 115 107 67 41 64 88 50 55 20 23
45 86 31 84 45 110 118 100 67 34 111 117 105 110 62 82 100 102 76 20 14 106 40 15 66 87 94 99 96 45 103 117 24 22 85 53 58 15 34 75 75 51 107 36 104 46 48 75 24 61 76 73 32 119 81 30 69 35 85 30 73 55 113 28 21 46 0 100 15 32 87 20 11 103 22 67 69 34 18 24 73 67 31 32 80 64 98 53 10 30 59 69 100 51 86 27 111 39 27 19 108 88 27 83 110 55 48 59 104 60 82 105 117 111 92 80 39 28 100 89 56 92 47 87 113 40 68 36 19 99 26 30 113 76 100 90 47 118 53 57 61 38 54 107 58 62 50 80 80 89
19 106 31 110 22 117 30 82 12 28 22 85 18 119 72 98 29 28 32 93 91 95 42 103 67 106 36 49 36 95 94 98 57 49 72 49 110 106 38 111 36 13 103 88 69 77 108 68 79 87 44 25 65 32 113 81 70 27 43 57 91 51 100 25 32 87 94 0 84 38 85 71 79 93 120 76 92 15 115 54 88 14 90 24 16 60 38 100 41 18 59 16 85 16 107 71 89 52 77 74 68 84 63 81 43 19 12 56 109 30 88 42 61 81 88 16 60 117 57 85 62 69 72 112 24 19 38 57 91 112 17 110 85 39 94 18 67 107 47 81 107 12 101 59 45 100 26 74 72 50
77 102 58 108 57 92 73 12 69 119 114 72 18 21 105 31 64 60 113 55 100 34 19 119 111 26 10 53 79 40 64 104 18 52 30 20 10 116 74 103 105 83 15 25 32 114 107 55 101 55 113 94 40 88 29 27 58 61 97 40 26 50 85 53 100 84 117 110 0 58 50 63 40 110 26 10 83 111 114 77 61 97 62 70 18 33 115 74 50 111 47 96 59 81 27 117 103 33 41 50 80 113 10 116 114 114 71 14 30 105 27 54 117 73 70 77 66 34 81 17 61 13 97 118 85 49 44 108 10 71 70 88 33 39 77 47 112 76 22 101 75 74 81 87 79 108 88 85 17 58
84 58 111 24 62 108 54 102 104 78 60 34 11 62 60 57 65 20 97 60 40 22 59 104 51 91 61 77 12 114 82 27 108 63 109 26 98 57 16 102 117 94 83 14 22 94 36 31 79 120 114 72 35 63 42 22 30 82 80 75 112 108 82 112 48 22 42 96 88 0 68 28 63 44 39 100 36 31 116 79 39 70 15 36 68 38 101 22 86 44 67 105 18 94 93 65 34 91 48 72 94 57 118 74 11 72 91 25 42 98 30 59 77 80 15 52 117 22 37 65 104 90 77 19 74 105 45 33 65 11 93 83 68 30 80 111 68 52 67 80 35 36 81 74 106 47 96 95 47 23
110 28 51 118 69 36 97 94 87 75 81 97 12 17 38 21 75 66 100 61 79 120 49 17 31 34 117 107 12 44 79 43 98 76 58 30 67 96 116 64 97 43 103 107 87 35 48 91 13 75 85 91 13 22 90 74 62 103 98 98 24 25 101 78 32 22 117 21 32 13 0 40 15 105 38 72 58 120 73 44 32 14 35 25 34 79 101 25 82 83 17 48 75 76 12 23 29 13 65 106 76 106 38 55 78 20 117 38 34 59 30 103 97 86 20 51 119 112 94 91 33 59 62 71 74 10 114 21 50 52 43 106 65 61 70 71 85 102 50 102 96 94 85 14 23 119 98 23 80 47
95 109 68 61 51 55 105 61 53 37 33 50 37 40 69 103 82 50 16 38 85 61 92 15 60 18 40 58 52 61 84 96 82 75 119 83 116 49 75 94 89 61 87 83 83 90 96 25 64 18 82 47 108 110 104 30 61 52 34 118 81 104 37 78 99 69 37 66 50 44 59 0 55 113 81 63 12 30 11 88 22 26 73 100 61 26 55 49 87 25 29 13 63 35 119 31 35 83 117 116 98 10 22 93 35 100 78 83 84 58 60 69 22 22 27 111 93 13 57 61 114 18 75 92 111 83 27 61 63 110 92 46 42 22 41 75 16 72 107 69 107 63 112 51 47 36 67 42 47 82
95 63 38 30 21 27 24 53 83 19 47 22 113 72 64 54 33 37 50 86 78 53 35 80 53 62 118 24 80 20 70 11 25 48 51 87 95 14 66 81 24 62 66 76 109 101 43 88 77 59 28 21 55 22 77 41 92 113 32 88 57 23 36 42 39 113 56 68 58 34 78 51 0 88 41 110 45 58 32 94 44 119 59 85 15 61 87 71 68 86 25 45 31 19 57 26 65 38 106 46 53 37 79 73 17 51 102 34 107 49 77 115 113 117 92 90 63 78 43 11 100 30 47 11 98 81 99 21 44 45 72 69 11 120 90 47 35 72 46 101 45 67 62 96 102 25 99 97 19 98
102 60 30 67 93 99 38 25 59 96 13 23 67 78 47 36 103 94 111 52 83 86 70 16 44 72 25 57 15 119 98 20 32 114 43 83 45 99 76 94 43 37 108 112 109 102 107 34 107 51 47 22 65 19 112 82 96 101 82 16 54 100 60 87 51 26 91 98 11 50 47 15 80 0 21 27 26 37 76 70 22 116 113 51 67 61 73 70 29 70 35 38 47 97 117 112 80 55 76 109 94 60 47 84 86 62 21 103 119 64 116 57 100 83 76 63 48 23 47 90 99 38 41 70 92 41 87 52 79 75 58 75 87 61 10 86 41 116 13 21 49 95 40 98 23 44 94 39 27 58
100 33 43 63 107 62 61 79 65 45 78 42 54 26 70 77 14 115 107 41 13 115 27 109 21 87 120 68 68 30 77 20 84 78 30 41 50 19 12 106 49 95 109 105 13 51 109 26 53 92 68 98 62 116 49 80 12 56 64 11 65 37 22 48 61 35 59 20 19 20 116 44 93 70 0 116 61 87 103 101 55 86 53 104 61 75 10 40 93 102 103 71 103 40 95 66 102 80 77 55 29 64 91 50 65 104 10 14 42 23 108 72 104 31 23 32 117 64 85 96 58 11 70 116 102 90 21 119 80 109 110 72 96 101 94 117 96 85 53 37 85 79 34 89 12 72 57 66 25 16
19 70 15 36 105 36 39 110 98 21 68 21 92 34 32 60 72 109 67 67 57 31 75 94 55 15 55 91 85 79 19 61 72 108 45 61 34 85 47 85 111 50 63 65 25 103 97 97 84 105 52 102 38 64 77 37 13 50 61 91 36 40 72 53 20 44 115 98 92 101 26 106 76 34 41 0 42 113 51 106 28 28 36 68 11 118 22 66 57 14 88 69 65 103 41 33 54 54 10 70 101 98 31 27 59 55 65 69 88 18 22 91 104 11 13 52 84 105 15 120 66 101 28 36 65 74 26 84 18 90 85 25 119 70 28 115 43 12 86 31 86 19 88 119 18 26 97 116 52 85
46 14 48 34 23 73 97 59 23 59 78 68 96 63 112 93 40 49 84 47 111 51 119 68 101 14 11 24 47 18 15 107 59 75 55 88 117 32 37 47 112 113 95 88 50 97 91 25 44 102 20 100 39 81 108 100 67 63 100 19 91 29 108 29 24 48 63 117 79 64 69 108 87 46 13 83 0 45 117 79 43 97 17 18 59 30 12 40 45 34 81 105 72 113 56 107 71 110 17 55 38 64 87 72 99 102 67 81 16 18 119 18 73 46 83 39 103 116 99 80 55 114 74 31 32 86 89 62 45 52 27 77 104 17 76 59 71 94 17 73 113 62 83 112 38 98 61 109 35 89
22 83 23 83 109 105 19 115 52 34 58 56 29 60 92 60 31 81 72 91 38 47 43 119 81 51 45 83 45 32 86 17 14 38 109 19 29 38 94 68 95 99 33 58 71 111 49 59 29 33 29 87 55 99 57 57 78 116 24 117 105 27 120 64 83 51 117 88 24 111 51 44 28 77 66 20 58 0 66 107 77 33 117 108 18 52 28 61 11 21 31 87 71 113 100 110 19 94 62 80 32 105 89 108 43 33 89 53 28 113 34 102 66 92 99 68 23 74 35 47 62 91 35 71 12 105 13 16 93 46 105 98 68 47 78 97 45 93 26 18 52 20 105 45 13 106 102 113 65 64
46 66 97 21 66 95 85 83 17 62 37 10 101 98 52 97 93 53 20 59 42 20 29 51 64 48 62 78 71 108 63 54 39 16 23 107 98 66 59 46 22 45 97 97 56 45 27 70 90 62 112 28 16 10 32 81 91 59 82 23 23 39 109 39 18 84 101 77 97 60 52 17 47 26 22 49 74 49 0 13 50 120 70 71 24 87 68 90 42 69 26 69 59 34 104 42 73 12 15 96 112 84 29 51 76 68 58 58 40 29 66 85 84 85 99 30 31 102 102 81 38 21 51 91 98 38 82 104 84 11 45 61 49 26 11 88 14 100 49 119 31 19 11 61 120 13 79 31 13 49
52 90 25 88 108 101 64 49 10 105 50 67 30 101 83 36 75 61 61 93 28 89 20 100 107 81 59 106 114 62 90 60 74 62 117 111 49 59 14 20 17 110 29 41 117 35 97 57 117 19 86 54 22 64 94 101 39 52 108 119 12 87 33 67 92 115 106 72 60 14 96 74 81 32 42 111 49 110 35 0 102 65 107 65 10 106 107 22 12 33 91 46 86 106 93 104 12 29 42 19 99 70 66 37 99 39 64 79 91 110 118 61 11 66 102 25 95 113 114 18 64 65 59 30 108 109 19 43 85 108 61 63 114 95 15 12 30 29 71 70 13 40 34 39 11 104 64 56 96 67
46 50 113 41 101 67 51 41 100 90 84 80 105 110 92 70 87 28 73 73 72 90 61 13 117 79 115 117 98 56 41 56 23 95 90 104 102 84 49 71 36 17 65 34 57 41 20 10 63 48 99 119 97 69 43 110 74 86 55 40 12 25 89 20 98 87 57 39 46 111 94 45 46 109 101 35 93 87 90 68 0 69 12 92 37 24 92 98 13 103 33 21 75 40 42 100 38 17 22 19 42 33 95 70 89 115 23 15 90 66 44 26 120 11 62 15 118 90 29 116 109 17 101 77 19 64 11 99 73 57 106 88 43 13 120 109 115 17 91 76 37 32 64 86 107 10 97 26 98 37
53 19 83 28 44 13 67 101 35 91 58 41 60 119 120 67 74 19 107 62 85 57 21 18 30 80 74 85 14 107 114 23 67 83 23 73 69 81 23 92 22 110 41 75 119 16 28 22 95 112 23 32 106 85 99 99 94 65 77 87 87 114 19 38 74 96 51 53 75 23 65 57 30 42 58 53 105 116 115 31 83 0 48 87 25 115 97 93 39 21 90 112 55 39 98 66 45 47 55 108 97 90 40 46 68 16 16 12 59 23 115 112 71 62 90 116 93 46 40 82 113 96 110 73 96 56 99 62 61 85 116 91 71 31 82 17 115 91 35 44 98 69 66 67 106 99 25 90 30 52
39 28 97 49 58 38 54 104 94 61 80 113 111 32 38 106 81 73 113 33 91 66 33 110 52 103 54 91 72 111 98 102 69 81 19 88 19 74 109 55 90 40 104 81 80 90 102 35 83 37 22 36 98 60 42 52 80 31 77 94 53 55 31 114 67 114 111 87 23 116 84 77 14 79 34 46 67 57 79 51 41 31 0 41 118 75 17 10 13 96 67 39 53 35 20 49 96 49 72 61 84 62 104 58 87 20 36 115 103 68 82 63 44 69 110 97 35 57 68 84 43 33 26 107 61 45 50 61 65 36 34 38 94 11 38 87 41 17 33 92 36 102 17 18 83 20 115 119 66 87
94 30 68 60 90 52 67 101 115 111 74 49 41 113 47 10 47 74 93 17 75 94 21 26 96 60 18 95 62 39 55 50 120 61 67 25 80 120 33 18 86 73 67 21 39 63 103 98 86 116 28 44 99 25 75 98 116 96 109 45 85 99 38 45 113 31 10 108 65 75 112 101 54 26 91 46 91 88 95 16 77 86 58 0 118 13 14 108 23 49 96 42 31 63 16 21 110 10 13 62 31 73 53 120 78 38 59 25 65 105 105 84 108 32 48 69 49 120 86 39 25 53 107 17 117 60 82 99 74 66 62 40 96 61 58 98 45 73 117 11 94 17 72 66 79 27 49 53 62 47
46 90 113 60 73 115 77 38 100 60 15 43 22 21 69 44 92 108 61 61 30 33 44 56 120 11 47 48 34 110 57 111 61 69 84 107 30 34 42 82 22 27 75 90 102 109 72 47 10 84 67 78 14 108 74 94 68 98 34 19 42 21 72 82 58 56 11 62 106 109 11 78 82 110 17 107 59 107 56 111 37 26 91 90 0 62 42 37 51 35 88 99 93 98 101 20 79 32 104 26 72 84 32 27 66 48 83 43 112 35 56 66 11 115 15 73 105 14 37 42 79 108 30 58 106 11 100 80 86 24 86 35 10 30 87 56 80 65 68 47 77 94 78 116 40 32 52 41 107 24
16 63 33 52 41 25 21 37 47 80 65 27 63 50 38 67 64 18 65 105 48 114 52 15 24 70 45 48 14 42 110 15 76 44 16 92 58 27 34 85 45 33 29 72 69 82 34 79 64 90 21 55 22 104 98 15 99 25 43 107 32 78 62 21 30 100 65 68 53 119 108 88 101 100 49 78 67 88 47 83 62 63 17 100 96 0 92 49 88 12 111 27 25 90 87 79 81 36 10 64 69 18 115 104 63 98 49 32 107 52 94 106 38 32 88 82 76 99 34 40 64 114 83 33 32 19 59 80 58 102 53 118 104 18 106 24 33 110 57 103 20 63 106 14 110 73 82 16 33 52
40 26 118 24 45 112 30 41 22 26 67 84 31 59 16 104 45 56 21 53 40 104 63 82 98 23 25 96 102 97 40 97 73 43 70 14 13 37 105 21 70 116 69 78 107 10 107 109 94 30 28 86 119 10 118 106 91 119 116 44 25 30 70 40 40 116 93 48 88 33 71 95 62 66 37 109 85 25 96 64 64 54 116 58 93 20 0 17 42 39 41 61 86 50 24 88 54 13 56 115 73 33 52 50 41 35 115 84 93 110 114 89 34 82 14 50 46 113 20 31 119 22 34 48 43 113 12 67 31 91 10 83 25 56 68 77 30 66 54 19 87 37 33 16 34 44 119 117 58 93
58 18 59 77 118 60 95 115 20 81 41 103 25 70 95 104 66 19 77 40 56 120 95 40 106 17 37 86 31 44 29 12 22 73 98 94 79 39 53 51 72 110 11 71 69 66 86 104 59 29 79 57 115 45 70 106 100 116 94 112 101 105 60 82 53 35 50 85 16 43 66 36 104 49 54 56 40 83 20 64 69 50 46 48 14 43 87 0 88 63 11 119 102 88 105 58 82 72 59 19 45 40 117 102 24 25 61 102 48 22 22 57 119 51 77 15 24 114 22 56 108 67 66 89 26 42 84 105 93 43 38 69 63 22 75 31 36 21 118 28 53 92 70 84 114 76 36 93 59 48
108 62 36 37 119 37 100 116 85 102 91 95 102 66 118 75 79 112 98 116 46 95 45 78 20 23 39 76 106 10 97 23 42 63 65 21 59 103 69 66 39 25 67 98 88 37 10 23 68 33 116 94 32 73 58 100 113 63 120 118 73 89 73 57 70 108 34 39 18 95 82 32 10 22 83 17 107 25 74 50 56 24 56 45 10 14 40 21 0 25 49 98 26 105 55 92 115 86 59 72 43 63 61 64 54 15 26 109 63 70 118 19 26 23 102 94 72 10 64 72 49 114 28 104 52 93 23 49 53 39 21 91 43 80 46 49 113 113 62 113 83 62 103 73 21 65 113 115 90 48
98 80 30 42 19 80 98 30 31 112 19 17 89 101 102 68 58 72 80 48 47 40 112 35 94 36 102 78 108 105 28 11 98 66 67 48 31 60 86 62 26 85 48 50 49 28 65 87 27 69 93 16 61 59 81 44 116 40 12 52 96 31 74 90 70 104 15 105 68 23 112 14 43 62 94 100 18 35 94 89 44 105 31 68 63 22 100 86 17 0 14 116 54 74 25 53 28 100 100 118 75 22 38 104 114 113 45 83 119 120 89 107 79 65 100 63 120 66 83 29 31 18 14 110 62 83 31 56 112 51 23 16 49 77 26 94 70 25 107 70 17 90 96 112 23 63 49 24 114 75
70 88 11 74 11 76 29 100 87 73 76 112 65 84 92 96 37 39 100 45 107 46 91 44 49 105 61 32 71 76 113 73 95 49 117 117 33 88 11 54 87 66 10 42 48 109 67 94 103 113 73 91 76 82 52 103 75 44 109 60 62 100 15 31 53 63 17 35 93 74 81 42 73 51 47 54 116 42 20 103 120 71 11 33 23 91 118 69 100 41 0 82 35 116 96 70 116 27 112 111 27 113 75 93 35 62 89 97 26 95 114 36 71 102 70 72 19 117 74 33 13 92 49 77 61 97 58 18 75 94 19 35 17 17 31 22 67 53 98 106 110 105 116 26 40 101 62 36 118 94
23 36 12 37 14 77 72 89 81 57 19 30 33 38 116 66 22 38 65 58 66 35 59 46 103 78 58 107 34 41 25 61 43 32 65 15 50 71 13 43 41 73 114 72 66 111 12 24 63 78 30 23 118 117 79 19 18 91 73 24 54 38 86 37 89 40 12 54 44 67 105 64 40 66 85 87 83 33 106 74 15 44 106 87 52 115 38 54 83 11 25 0 25 30 79 39 89 112 90 77 101 103 102 32 46 37 83 28 88 11 20 108 80 53 68 103 67 48 85 87 19 15 111 65 96 67 59 65 89 40 106 92 104 42 11 101 106 100 28 54 15 33 117 67 44 64 15 68 10 86
66 25 15 85 75 14 15 71 107 80 117 32 18 14 63 92 36 56 104 59 58 33 16 83 89 76 106 37 111 105 72 14 19 83 52 102 56 64 59 116 82 36 91 47 50 51 31 27 61 112 27 13 22 44 19 38 81 16 68 41 18 57 115 75 39 45 11 65 61 64 105 116 25 29 40 75 108 116 70 115 27 99 69 105 59 49 94 32 116 109 82 21 0 97 29 17 14 80 34 55 106 76 86 87 12 32 107 44 24 80 13 14 77 42 32 44 34 90 103 83 65 78 118 53 60 74 72 74 98 120 66 16 11 99 100 19 63 61 99 98 97 75 117 48 13 32 105 45 11 42
19 114 30 101 17 65 95 48 77 46 75 25 95 77 44 69 60 32 60 69 91 50 64 12 115 100 14 71 71 101 53 104 115 102 56 67 116 66 53 34 86 24 86 43 100 51 13 73 98 29 89 101 39 90 102 45 32 94 31 49 79 37 35 28 47 30 116 47 69 65 12 78 60 110 92 93 118 78 46 60 79 79 112 35 73 118 115 56 120 54 98 53 52 0 96 49 32 54 106 74 42 49 114 24 81 39 114 74 74 85 83 11 100 28 78 92 49 12 86 21 74 90 119 17 20 24 61 61 32 53 85 24 109 104 119 105 26 90 26 52 18 67 58 19 44 14 118 29 95 92
116 63 92 23 26 51 100 63 69 52 57 58 31 35 78 46 26 113 104 20 88 54 55 42 49 76 107 65 58 14 35 59 88 85 82 71 82 65 25 115 71 29 101 44 112 84 114 88 17 62 21 30 80 23 91 47 19 78 118 106 23 101 98 29 50 78 70 120 17 107 111 47 73 104 75 37 24 66 26 40 16 105 112 17 63 52 111 99 99 23 26 77 16 108 0 28 87 74 58 25 114 64 112 30 101 92 78 94 63 56 54 81 102 114 26 117 26 23 28 96 74 94 15 83 26 64 76 112 90 71 41 26 57 13 98 69 43 73 66 36 98 84 111 92 98 15 81 89 111 78
109 87 27 87 83 45 111 22 75 62 84 84 58 69 14 21 52 51 118 40 73 103 65 19 56 17 94 20 97 111 86 37 23 79 111 49 45 10 77 84 64 69 105 24 72 104 97 56 30 92 93 20 17 56 73 43 78 32 120 11 18 81 90 67 96 27 20 42 108 112 85 53 44 84 95 21 56 76 67 71 88 16 111 94 10 89 39 69 13 110 101 91 100 118 55 0 18 45 58 69 57 26 70 43 55 63 76 83 91 109 107 91 87 91 94 17 97 89 11 71 27 117 100 23 47 119 111 55 83 36 107 33 119 93 109 99 56 11 106 51 89 37 98 73 49 38 66 79 41 80
22 16 29 20 89 14 14 73 65 39 43 21 25 38 101 57 88 96 14 46 19 48 57 30 10 97 43 94 37 97 72 102 62 46 24 45 15 83 69 65 100 35 30 119 22 112 117 99 15 39 26 59 59 111 18 26 60 111 104 94 30 20 115 44 100 62 90 84 73 12 64 36 107 96 13 50 68 19 17 53 14 20 113 84 75 94 26 55 110 54 47 81 92 56 19 40 0 36 76 40 77 43 120 53 47 86 15 94 75 57 61 66 70 86 73 105 107 70 24 37 101 35 105 67 83 24 66 58 27 14 31 56 39 16 102 89 80 108 61 16 73 107 60 12 28 64 12 14 68 40
68 98 50 102 101 54 24 64 69 21 81 82 107 46 54 47 24 67 21 11 56 86 38 85 106 51 35 41 114 94 77 101 13 85 64 68 59 48 25 28 35 82 20 19 96 94 53 55 22 59 79 117 99 16 69 46 92 116 38 88 20 47 99 30 13 30 78 71 107 68 110 22 65 13 70 101 113 100 88 26 119 46 24 30 24 32 47 52 35 94 34 34 47 38 39 89 53 0 59 88 29 64 92 115 95 18 84 36 110 75 11 25 28 117 39 101 118 31 63 65 23 42 53 11 56 102 62 17 117 37 73 10 57 36 12 19 90 90 22 119 45 78 48 64 58 101 91 88 120 108
49 10 114 33 114 38 78 12 31 117 110 119 115 99 75 110 35 52 76 104 87 40 85 116 21 62 89 85 93 76 97 105 37 38 39 39 109 98 117 86 40 29 31 62 45 75 105 95 15 84 12 28 111 110 21 99 63 75 52 48 120 80 54 14 54 77 114 24 120 115 50 61 81 20 73 91 29 63 29 96 69 18 116 72 51 99 22 30 74 45 19 108 17 115 115 94 42 58 0 73 51 35 95 23 95 77 107 58 19 101 33 75 47 67 73 45 45 117 25 26 62 79 19 11 92 14 61 100 40 58 102 107 74 55 64 13 39 17 17 22 15 110 80 54 22 48 50 34 51 25
80 28 35 14 94 61 68 19 68 120 90 57 56 58 40 76 50 120 38 75 45 17 86 59 31 64 40 52 80 36 75 54 68 10 64 56 75 10 54 51 33 114 102 40 29 52 17 62 44 39 34 57 103 41 13 55 109 37 65 102 28 119 53 65 90 117 105 63 13 31 69 20 114 84 61 49 21 107 119 93 40 92 24 66 112 114 18 11 25 74 40 23 12 108 74 38 91 59 76 0 26 101 103 110 73 24 115 34 108 27 109 101 95 22 35 58 44 38 94 105 81 113 105 70 14 10 111 52 102 38 108 48 24 14 118 57 68 25 71 58 66 118 10 46 87 40 47 77 101 117
69 113 96 13 37 51 72 24 69 98 32 31 44 83 44 119 27 107 95 120 41 29 11 57 112 107 75 22 54 62 93 119 45 91 60 30 81 20 103 80 95 96 55 85 115 39 65 41 13 97 107 15 54 76 15 28 47 10 51 88 73 35 39 117 45 32 36 92 101 84 73 85 50 54 95 46 45 40 72 74 100 52 53 88 85 34 37 70 32 65 61 108 44 53 107 28 16 16 76 54 0 41 53 117 104 80 114 67 12 79 119 80 60 108 101 30 74 116 12 91 67 71 51 111 120 13 11 50 119 46 45 45 108 43 116 120 22 108 48 116 22 80 20 86 31 96 26 94 117 67
29 53 50 98 116 30 55 82 110 96 41 65 35 68 72 106 97 19 54 12 120 37 25 29 109 11 99 59 93 63 102 73 25 40 27 88 53 41 101 32 47 103 48 69 19 78 95 85 100 49 109 119 77 53 73 59 91 94 10 11 115 106 94 104 106 96 97 108 106 24 78 66 39 37 87 65 12 63 26 24 24 41 49 45 57 74 78 17 95 71 13 99 10 46 55 37 73 99 25 34 74 0 94 71 56 21 17 120 107 76 101 31 28 40 26 21 67 118 103 52 39 47 89 103 35 79 53 46 99 76 76 70 103 15 118 47 27 81 116 65 110 32 120 38 110 85 87 84 68 76
83 82 71 35 114 31 29 39 60 40 99 31 12 27 80 62 120 20 17 107 119 82 97 118 19 24 27 17 116 54 103 76 43 15 13 40 77 81 22 103 106 107 16 96 108 59 120 10 33 34 114 14 38 64 15 54 100 78 21 109 73 80 95 10 44 43 84 61 22 31 98 96 82 59 52 18 77 119 34 107 81 50 109 71 21 22 76 34 26 19 80 94 96 12 98 43 33 92 103 60 15 83 0 73 108 100 102 98 105 119 109 61 104 87 81 108 106 94 116 43 108 48 37 77 120 116 28 96 80 100 76 107 67 114 92 119 99 67 62 29 70 67 51 89 120 79 22 65 11 44
36 75 91 70 31 69 113 52 70 31 61 69 65 48 119 100 110 83 89 57 117 86 77 39 63 40 93 111 77 75 24 47 57 108 115 68 92 70 120 72 70 111 24 79 22 25 50 104 82 113 42 16 104 120 47 80 78 95 33 62 88 26 71 103 10 37 75 33 20 105 69 111 24 23 70 105 25 117 99 81 48 34 115 59 12 77 115 75 34 74 82 91 80 30 116 51 93 99 56 15 83 102 71 0 116 12 16 40 18 33 98 44 97 83 102 76 11 43 60 78 103 116 35 24 59 81 100 27 59 68 33 78 16 23 79 58 14 36 10 27 15 31 25 25 64 37 31 74 115 62
116 69 54 90 119 91 33 74 28 114 90 18 52 105 69 26 45 21 80 47 80 79 72 53 45 56 104 79 10 12 14 30 111 106 96 67 14 20 21 93 109 85 97 60 67 77 67 86 67 110 32 63 50 88 83 81 32 21 84 90 64 12 62 62 82 116 96 33 27 71 21 117 90 94 27 100 58 99 52 64 80 49 55 12 39 109 74 12 11 71 56 34 58 15 21 19 59 53 85 52 25 62 49 49 0 11 15 97 31 110 52 42 63 91 92 31 21 85 69 88 17 47 114 51 101 47 103 111 65 52 84 100 42 43 107 58 94 15 102 53 25 111 11 75 74 73 120 96 97 93
36 10 36 31 96 57 49 16 97 17 76 111 79 36 30 82 52 97 16 58 54 32 22 50 110 24 75 26 20 103 10 66 30 62 58 110 37 109 96 50 115 76 71 67 24 58 94 114 57 85 86 37 87 61 64 63 26 39 83 11 15 54 33 51 38 80 80 115 13 102 25 47 31 50 107 93 84 89 93 15 35 89 73 112 67 22 35 64 119 57 31 68 19 68 104 114 15 71 90 30 33 105 43 29 70 0 114 101 86 63 74 65 102 112 28 119 17 90 46 103 74 89 57 79 59 90 77 21 19 22 56 69 90 68 39 72 12 88 51 24 114 110 18 24 25 26 96 69 119 80
12 92 64 100 102 101 27 65 57 98 45 34 80 45 30 61 58 23 114 117 17 37 62 102 114 78 49 40 62 39 109 28 10 77 57 85 34 48 74 25 45 12 46 54 95 58 76 54 59 94 99 56 114 18 115 88 50 102 34 21 92 84 14 36 27 113 116 11 27 17 57 16 65 19 111 109 33 62 31 59 25 16 89 98 60 48 52 115 95 113 70 58 95 79 30 43 32 100 93 120 103 99 104 58 19 83 0 42 53 114 22 33 25 60 12 58 30 90 87 105 15 89 97 89 11 84 45 47 117 102 69 63 25 114 45 114 73 14 15 43 101 50 74 73 92 41 59 70 100 51
109 90 105 68 102 58 65 107 95 66 18 40 88 100 10 35 19 26 98 107 77 41 90 33 108 24 44 79 42 39 68 117 59 22 108 96 29 50 32 53 10 51 84 51 99 49 38 60 29 71 64 99 61 44 105 60 61 68 26 94 33 87 95 61 117 64 56 36 109 104 55 66 104 22 108 19 34 38 33 106 45 31 98 61 63 50 77 90 113 80 58 112 111 29 14 105 77 54 109 20 51 16 71 30 22 120 67 0 53 35 96 47 73 92 118 41 55 39 69 10 44 65 29 42 62 21 56 58 19 18 104 60 28 91 63 96 19 120 10 102 87 52 100 109 31 96 68 14 98 63
53 28 114 57 17 37 49 106 79 67 78 116 53 48 52 12 58 49 106 98 38 52 53 116 75 76 11 42 91 19 53 16 30 88 79 24 35 116 26 107 115 117 76 102 103 23 31 27 15 92 93 117 34 104 79 37 120 40 15 92 73 22 60 51 11 112 63 95 44 90 14 97 70 41 13 107 43 41 28 115 22 50 57 70 69 36 50 106 73 74 75 57 22 111 85 76 55 66 69 47 90 66 89 76 92 111 49 14 0 14 28 93 97 104 57 15 23 51 72 91 102 42 42 107 29 47 99 43 61 81 97 117 68 115 119 63 103 114 29 51 77 82 47 14 86 80 53 79 79 109
27 76 28 23 37 104 32 43 118 120 11 36 19 69 55 91 68 87 115 84 57 11 13 101 50 117 34 15 93 49 19 68 49 29 72 29 19 93 117 29 25 79 29 55 100 55 88 116 64 52 57 100 56 86 68 57 52 99 26 42 101 62 53 68 77 20 101 69 117 85 66 119 120 74 16 11 13 95 88 24 102 37 102 51 80 120 79 52 86 29 83 116 43 96 88 104 12 57 60 47 25 35 91 78 10 52 95 85 18 0 56 99 110 19 98 98 113 47 74 98 52 110 115 48 62 101 102 54 112 40 98 53 37 75 13 99 61 51 15 30 39 86 89 120 20 103 93 83 19 42
105 100 83 21 97 115 37 80 54 40 77 119 79 108 78 40 59 41 109 59 90 44 43 21 103 101 88 44 29 31 93 31 27 37 114 115 108 29 33 108 97 58 34 59 24 66 65 99 85 84 117 59 22 112 11 107 56 37 112 115 24 28 66 65 35 92 57 43 40 95 99 108 66 116 106 96 44 23 25 94 72 35 69 57 70 62 27 57 89 77 57 110 104 16 79 112 28 86 35 24 90 62 34 84 24 17 88 37 113 37 0 95 49 104 50 87 31 34 88 97 59 67 87 52 86 60 10 67 83 55 21 28 83 102 115 60 98 39 120 36 67 63 45 22 71 88 12 75 64 77
22 75 50 23 53 116 50 36 108 94 70 40 72 19 23 87 29 77 114 57 48 41 20 35 58 26 65 85 25 77 66 54 100 104 71 44 116 77 105 12 98 73 115 104 70 13 30 55 51 14 112 114 23 78 114 56 70 41 17 85 66 44 13 35 76 18 50 111 110 90 81 89 91 101 85 101 99 117 37 71 91 64 91 56 52 83 56 31 60 70 62 62 39 43 112 31 71 71 105 90 53 89 57 70 24 116 86 20 90 120 65 0 82 45 91 27 33 12 56 60 114 46 114 88 54 53 104 33 48 34 115 37 72 70 70 42 17 94 50 69 88 20 70 50 88 12 71 26 70 20
86 49 55 23 96 41 36 62 72 32 79 111 84 27 19 55 23 117 74 116 103 64 55 46 93 93 92 92 14 99 29 58 53 10 80 105 68 79 68 79 104 37 18 120 35 113 72 20 69 43 109 44 119 45 37 105 48 109 38 75 67 29 71 105 109 119 27 82 41 96 52 84 76 20 94 91 62 85 40 100 84 86 21 88 31 74 39 85 64 18 111 87 57 109 61 97 32 62 69 94 26 47 79 30 21 71 35 105 111 76 40 62 0 28 46 29 109 49 52 106 35 114 61 17 92 60 103 79 27 81 11 32 92 108 52 53 56 31 49 52 34 62 69 88 105 54 103 77 80 58
10 107 54 67 81 83 62 84 34 71 72 22 37 95 88 108 24 42 98 59 34 64 112 54 56 22 96 84 54 54 32 92 97 110 29 42 30 73 94 59 106 117 101 106 65 83 105 87 102 112 87 15 48 51 58 37 82 25 111 25 20 98 19 95 109 33 87 15 52 92 59 52 93 13 26 15 87 76 49 32 49 17 22 24 40 52 102 102 114 112 21 52 41 68 90 68 17 82 103 44 75 30 107 83 115 62 50 80 26 112 113 100 90 0 21 15 46 90 10 113 99 58 52 40 36 66 58 74 28 66 68 114 43 36 89 43 50 69 91 33 81 68 60 34 93 120 93 65 92 22
55 67 39 78 76 37 29 93 100 21 99 32 16 80 100 115 33 18 93 76 117 78 78 58 57 119 75 80 73 100 60 12 23 113 27 109 77 65 78 76 105 17 79 65 111 94 43 31 35 64 51 11 64 89 90 107 26 92 60 16 102 61 67 115 81 21 33 68 98 42 111 44 88 30 86 64 109 61 113 83 40 101 64 98 44 114 104 120 51 89 89 88 102 14 52 54 92 76 54 91 27 115 85 50 69 31 103 87 73 20 94 67 42 102 0 38 69 22 31 58 99 107 92 90 66 98 116 14 10 117 42 97 61 80 110 57 62 93 100 31 110 73 107 42 117 116 43 94 17 116
10 51 41 44 112 64 43 112 46 28 80 58 86 109 96 62 102 110 21 82 66 79 46 52 87 14 18 61 119 79 57 104 80 63 87 60 31 29 57 66 27 31 65 77 92 112 34 107 98 62 70 106 84 31 72 47 109 67 31 91 70 39 72 19 11 77 119 38 114 97 99 97 103 12 90 99 98 75 83 52 119 85 48 58 44 86 97 75 22 12 120 83 38 45 74 47 87 120 28 94 54 27 58 106 25 68 91 96 34 103 92 21 11 81 10 0 68 48 17 54 48 30 22 35 91 112 100 70 27 110 86 76 66 95 114 104 78 93 109 78 53 102 81 67 41 63 111 24 48 33
81 91 44 25 49 18 14 16 118 95 45 79 49 58 63 30 116 20 72 94 70 40 26 101 39 100 18 86 76 31 20 81 65 91 20 60 27 70 44 38 92 110 59 23 112 83 43 75 78 96 111 18 47 74 58 62 46 80 66 88 52 115 22 96 100 83 99 110 60 29 77 47 79 55 30 78 17 100 62 101 58 74 17 86 27 18 118 52 45 21 24 102 119 38 120 13 43 73 108 58 90 67 33 29 89 29 81 119 43 11 98 11 89 86 44 94 0 114 31 14 26 94 108 73 28 89 54 93 68 76 26 93 116 69 106 82 67 43 59 10 91 82 18 88 92 79 16 25 100 27
103 20 27 38 59 26 35 18 27 113 109 115 14 32 38 87 19 98 16 50 30 72 63 16 54 22 90 88 34 34 75 27 117 31 109 32 49 74 16 71 12 41 112 79 119 19 92 83 41 104 22 13 102 35 45 41 63 35 34 40 74 30 13 116 38 22 88 54 80 42 28 45 25 75 84 92 104 91 91 114 103 34 10 17 91 47 99 117 51 65 72 79 43 67 90 113 95 11 88 83 30 19 94 32 80 28 59 20 16 66 14 68 54 64 16 63 90 0 22 36 118 111 29 78 107 96 77 29 97 87 72 75 19 52 118 25 47 33 77 101 89 31 20 41 47 60 35 96 102 81
85 111 77 104 76 56 64 84 28 104 44 27 10 91 60 54 59 93 58 13 75 118 35 54 20 109 105 69 61 63 94 64 44 77 55 117 22 77 107 24 97 71 48 40 76 48 71 99 28 88 98 13 55 91 46 27 40 29 13 74 25 62 85 38 51 39 18 97 39 97 88 108 91 20 35 10 60 81 21 17 85 48 53 118 58 100 68 79 103 44 69 97 38 50 75 100 90 58 42 37 71 12 116 107 69 98 26 115 58 73 56 106 73 22 83 114 86 54 0 15 54 10 19 65 85 60 99 37 39 68 91 22 96 58 106 115 120 104 112 118 80 84 55 114 88 99 61 27 90 31
80 78 87 57 51 69 45 23 30 22 19 71 110 20 31 53 27 53 42 90 100 10 73 28 101 102 50 34 85 91 45 14 99 96 95 49 77 77 77 46 58 75 12 91 88 16 35 51 62 110 65 105 53 57 86 78 95 81 67 100 31 113 114 25 111 31 109 12 49 20 96 73 23 106 89 35 118 72 86 92 63 49 101 54 120 106 64 89 63 51 12 112 67 58 48 74 107 44 36 22 79 110 39 57 27 91 77 96 102 94 106 18 64 98 105 14 20 83 91 0 37 119 95 26 103 59 72 96 65 93 106 13 31 12 14 54 55 88 70 89 27 32 61 31 41 106 36 91 51 38
42 15 20 33 101 77 104 11 21 18 50 93 51 38 77 73 83 53 20 54 83 74 52 68 30 55 74 35 118 49 110 32 61 15 61 105 70 116 56 39 43 82 35 81 55 115 118 47 96 32 47 75 68 18 47 56 54 39 35 64 95 75 115 81 37 107 36 112 40 78 116 99 65 90 35 13 28 50 81 88 108 63 95 94 39 56 99 107 37 91 95 61 107 86 10 21 26 83 74 111 13 87 82 47 99 73 56 31 74 100 89 112 75 64 69 60 81 99 47 116 0 120 77 86 90 89 41 118 68 44 92 12 110 58 101 25 95 48 28 70 47 77 56 79 51 112 43 87 89 51
75 106 92 22 71 118 115 89 79 78 86 61 90 53 119 63 57 34 10 47 53 51 64 50 15 88 63 66 39 41 106 34 10 73 67 84 44 49 76 92 76 86 74 83 114 52 63 98 13 76 59 58 88 53 34 85 22 24 45 54 41 116 78 23 92 62 67 82 66 108 76 96 81 84 88 80 114 115 46 68 107 92 95 56 73 26 25 19 25 117 74 88 17 46 100 56 82 23 50 76 88 59 71 59 48 79 49 98 46 118 85 49 24 81 21 52 91 11 56 51 58 0 116 109 73 58 85 10 84 78 40 82 58 68 89 83 31 91 62 55 96 78 33 73 20 29 89 82 108 33
112 11 101 110 107 33 104 15 43 19 89 109 17 10 20 110 116 82 16 23 20 110 20 33 35 88 33 52 75 64 56 110 113 120 60 23 105 113 71 79 107 59 44 108 54 65 75 80 59 51 65 44 107 57 89 30 49 41 56 68 58 30 15 32 119 41 113 93 30 58 35 30 90 95 92 76 111 86 53 95 44 79 43 97 77 50 82 74 107 63 92 78 83 24 35 91 115 109 80 55 68 107 12 114 107 11 117 113 16 107 46 24 13 48 24 112 12 54 84 37 40 60 0 110 105 11 54 62 28 96 42 120 28 15 43 75 60 63 115 106 104 86 87 20 71 18 41 119 87 46
30 99 110 78 48 35 22 68 66 95 49 40 79 118 96 10 73 10 83 52 39 79 31 114 106 51 107 70 99 99 28 119 58 107 99 18 63 56 15 98 25 84 19 106 20 94 105 28 101 35 106 21 82 50 114 93 62 65 90 107 73 31 85 65 76 20 20 101 54 119 76 24 90 44 99 44 44 92 113 65 29 100 104 104 26 42 18 48 37 56 92 56 94 78 118 37 50 18 85 62 46 85 105 57 25 118 45 55 47 98 84 115 84 89 51 98 82 23 55 89 96 83 13 0 62 114 51 113 55 92 58 94 73 92 113 88 84 69 76 25 94 82 36 49 104 32 58 57 33 72
73 94 45 17 26 49 100 102 41 98 29 38 65 45 85 51 38 30 37 101 12 118 99 16 85 47 10 84 101 92 96 43 61 107 17 81 33 47 47 101 41 95 56 82 63 40 104 84 106 75 96 45 116 113 40 33 92 77 60 77 106 30 44 16 98 53 79 54 63 40 116 105 24 60 23 28 105 91 61 43 34 117 56 23 108 43 120 29 114 99 25 40 63 46 67 65 103 32 63 97 67 96 70 12 51 58 53 78 70 58 106 75 29 30 15 118 70 58 95 68 31 91 70 83 0 79 57 101 97 119 28 46 45 76 58 58 16 80 83 29 88 104 118 45 56 16 52 42 18 73
14 17 73 57 76 56 37 98 92 62 97 52 46 29 33 58 39 21 20 53 15 39 108 93 98 54 48 62 100 54 101 96 104 38 53 11 103 45 83 73 47 120 53 84 99 66 48 91 18 83 77 97 102 64 110 89 73 97 110 11 25 47 102 37 78 37 118 32 60 57 77 106 44 102 14 40 110 112 84 81 59 71 54 60 120 100 45 57 83 66 84 34 45 15 95 115 95 44 32 37 90 113 28 38 119 71 100 43 68 82 45 38 32 101 42 108 90 79 20 53 101 111 54 91 117 0 117 39 103 32 32 118 64 25 83 36 106 49 31 102 77 77 85 30 23 76 48 102 38 106
117 62 114 19 94 54 108 102 57 86 108 52 43 89 67 40 79 10 93 15 88 17 26 115 64 90 47 102 60 112 26 49 84 73 50 64 58 63 117 59 117 43 10 90 54 29 45 68 59 86 75 28 29 33 95 39 15 33 70 23 101 59 65 101 30 28 38 58 105 17 11 36 102 68 28 47 54 106 10 53 26 120 33 12 28 79 18 96 112 47 42 74 87 22 113 24 119 65 31 109 94 41 15 45 119 28 109 112 23 120 19 36 71 112 23 32 93 82 58 76 43 119 115 38 60 91 0 24 70 24 73 92 38 72 16 25 49 52 54 40 89 64 110 49 10 77 78 29 24 82
12 55 81 110 37 49 110 12 25 82 91 110 20 73 32 48 63 72 63 19 105 23 69 88 62 88 102 28 73 44 102 55 32 102 25 24 112 36 108 21 37 106 90 95 106 34 54 69 13 104 38 113 11 116 62 61 62 12 102 37 23 28 15 74 36 38 10 19 86 82 48 68 106 93 104 92 69 56 45 32 80 101 51 73 16 67 101 75 78 43 67 82 95 21 27 37 82 94 46 44 82 16 58 92 59 58 90 74 28 52 116 46 71 99 86 111 54 35 15 77 13 70 94 88 114 39 10 0 23 87 23 89 18 51 120 27 88 50 97 112 53 101 40 50 113 26 72 14 29 28
83 34 19 29 64 20 81 19 23 70 23 79 105 78 82 59 103 31 61 82 17 55 28 51 115 58 44 67 66 92 118 61 119 41 13 87 38 46 16 93 93 40 18 50 76 57 111 46 105 71 99 18 63 95 28 19 89 96 48 65 100 88 111 38 93 36 106 63 35 29 49 36 74 36 30 64 97 112 65 57 47 64 86 110 17 11 95 32 97 87 105 12 54 29 35 119 113 112 19 111 80 70 36 117 70 80 81 59 63 24 60 40 42 54 43 43 58 61 31 83 15 57 90 45 54 116 93 32 0 69 25 12 49 33 29 87 47 16 25 106 73 104 90 81 88 44 38 108 53 52
111 23 44 10 78 68 21 52 29 112 74 118 76 12 119 114 18 45 110 99 95 66 78 97 84 103 57 111 33 61 111 112 37 38 45 20 63 57 79 86 109 28 75 98 15 41 30 55 90 103 94 72 35 37 96 43 35 104 92 23 107 30 84 72 52 81 63 42 14 74 33 42 107 59 120 32 56 53 111 90 92 48 102 102 101 108 88 12 51 60 117 88 88 89 57 23 82 43 67 41 18 23 44 32 49 102 13 95 22 10 31 75 97 35 36 79 22 31 116 100 30 38 69 69 24 82 63 71 10 0 35 114 13 76 120 45 119 105 31 98 108 74 83 118 28 76 27 91 68 64
50 43 87 61 30 77 86 75 76 44 15 57 25 93 72 101 46 120 98 89 43 80 73 43 103 32 120 45 112 118 98 68 48 54 99 60 27 62 115 81 45 58 61 49 46 66 92 101 80 22 113 81 21 72 11 95 100 70 67 60 14 96 22 50 14 27 107 89 48 31 58 55 75 56 105 99 25 49 20 85 97 32 96 59 62 24 98 28 91 26 71 116 120 32 19 16 111 88 10 97 112 36 81 23 63 13 11 33 38 100 54 70 56 12 72 87 64 34 46 17 35 71 11 94 79 118 68 99 106 27 0 12 38 82 45 76 98 10 66 78 46 89 55 115 42 20 95 90 57 31
68 91 119 113 11 120 118 113 43 39 59 102 84 70 46 56 38 63 32 18 74 41 78 49 60 85 57 41 44 53 82 109 108 113 25 109 21 37 30 92 43 11 108 60 67 47 103 55 54 20 90 13 69 107 68 48 98 77 71 60 60 56 52 106 98 47 50 97 36 28 112 113 117 65 66 57 107 77 60 29 91 12 56 31 62 33 112 90 120 88 81 75 50 98 24 58 83 81 62 58 21 53 49 71 87 36 109 87 60 50 52 45 18 40 89 103 53 79 21 114 55 67 33 35 21 13 67 99 117 55 29 0 100 118 59 109 27 108 80 58 81 61 34 71 15 120 64 88 43 15
61 37 51 24 107 95 57 58 21 46 87 36 65 52 55 31 69 117 44 78 100 52 81 32 53 79 67 10 115 42 45 105 113 30 16 69 30 22 70 11 102 48 50 93 21 47 39 113 57 75 37 14 13 83 119 93 57 13 83 92 77 73 60 11 35 118 23 13 14 75 93 74 48 95 50 84 35 11 93 116 25 76 73 21 76 60 97 88 58 96 42 109 53 57 55 115 57 78 11 21 88 81 11 31 35 89 39 87 38 95 120 116 79 43 71 31 45 61 102 66 16 13 14 12 24 120 117 44 102 25 49 36 0 47 73 49 15 120 84 27 120 50 51 110 17 40 33 66 29 84
23 44 73 18 30 116 85 42 11 80 37 92 58 108 109 81 54 57 69 56 117 53 114 114 41 62 79 43 116 58 98 65 85 34 92 31 30 102 39 41 105 71 52 118 67 49 80 66 15 25 25 87 13 49 61 105 27 36 73 117 22 95 95 64 108 24 14 67 114 19 113 74 59 33 103 30 27 93 11 26 112 79 107 103 16 39 100 31 118 105 76 116 114 92 120 59 51 113 22 62 71 38 98 90 19 106 78 24 61 23 117 19 97 80 40 51 14 119 61 73 86 110 19 106 49 32 94 49 40 104 98 86 113 0 116 12 11 53 70 16 72 66 91 109 91 50 88 73 80 62
72 91 51 47 18 110 38 120 60 42 30 53 18 22 10 40 10 74 70 110 38 32 65 103 67 74 26 48 48 89 41 89 68 11 117 37 66 94 20 62 78 27 53 38 67 38 53 119 26 43 68 62 60 112 56 58 14 61 92 117 17 25 115 35 37 30 114 68 116 50 18 29 19 61 44 73 113 44 79 90 88 109 36 48 74 86 97 52 74 55 53 44 118 41 47 14 108 62 50 86 42 93 78 31 89 39 24 50 116 112 10 64 115 116 44 103 28 47 32 88 97 61 76 14 79 12 98 45 23 79 106 89 107 34 0 83 72 108 40 21 19 19 68 110 112 46 69 108 116 107
35 93 39 51 44 12 78 106 95 112 114 76 111 84 66 57 93 38 94 35 33 117 58 54 52 71 45 98 69 37 106 70 47 119 50 78 16 112 14 64 58 80 110 101 112 113 38 78 99 28 43 91 16 45 38 68 119 40 72 67 32 71 78 100 94 76 33 78 13 41 69 49 101 62 116 66 30 42 58 94 90 49 72 107 58 49 34 12 37 10 67 32 100 71 61 84 70 25 44 109 71 100 52 73 109 13 79 67 64 96 107 60 17 69 66 109 84 76 74 25 33 39 43 27 64 50 23 16 83 33 114 24 71 30 66 0 43 23 33 75 79 66 42 28 112 101 59 53 37 104
44 87 39 65 117 112 35 85 97 30 78 118 89 54 54 24 88 14 20 86 30 18 62 38 33 98 14 24 82 75 98 12 111 34 23 91 47 106 62 30 103 25 81 72 43 119 72 108 109 93 78 44 25 87 92 102 90 99 13 113 115 101 75 119 30 52 119 35 30 109 53 64 114 113 46 63 97 58 49 106 67 111 89 103 91 91 88 22 82 55 34 63 65 91 12 68 35 88 57 40 58 88 34 39 46 85 115 66 32 22 104 107 15 32 89 80 25 65 64 13 77 94 45 93 53 116 13 51 27 112 106 12 19 36 73 67 0 20 119 76 32 33 101 119 87 54 68 98 101 120
99 119 65 110 15 86 23 108 84 99 94 108 41 14 70 45 58 44 100 113 36 97 54 12 29 19 109 59 117 54 63 109 23 103 95 74 14 38 93 45 71 46 60 111 57 110 103 85 47 13 63 110 65 108 107 73 21 91 115 45 98 104 50 44 67 35 73 46 63 61 30 71 109 22 38 78 60 79 46 108 30 102 20 53 49 47 39 56 41 17 76 53 57 94 46 96 51 51 95 120 86 13 42 114 104 21 15 10 83 29 52 46 40 21 69 115 100 22 57 33 84 17 111 96 93 34 100 87 116 15 22 79 98 68 54 117 41 0 92 30 97 24 108 97 53 96 24 43 28 113
71 45 118 58 120 18 93 65 76 32 84 105 112 109 20 107 78 95 106 78 89 63 107 79 80 45 83 81 59 78 68 50 94 117 83 13 50 53 26 80 95 54 26 65 110 35 47 10 85 61 77 110 32 109 83 34 65 81 63 72 119 103 20 53 81 100 11 30 94 44 104 86 31 119 38 79 81 107 68 42 23 99 112 117 57 118 78 93 105 105 42 66 63 50 41 86 83 38 103 65 95 25 26 116 25 13 28 60 17 31 112 62 104 95 22 61 48 41 50 119 118 57 119 28 36 114 22 53 29 35 73 93 65 21 70 56 99 83 0 30 74 98 103 108 12 117 85 116 66 105
64 53 25 55 72 71 41 120 31 66 28 116 80 43 33 50 36 92 117 18 119 34 89 63 94 89 90 80 41 115 89 20 10 30 24 65 33 32 72 63 92 26 34 71 109 53 44 53 97 69 50 82 68 64 44 112 19 74 88 51 67 68 85 119 72 35 99 79 53 88 119 89 106 53 55 59 43 38 106 49 20 64 115 78 93 75 88 95 21 46 37 112 82 118 87 32 56 88 84 28 54 29 14 27 54 18 111 42 51 99 61 91 103 49 46 91 41 82 100 15 47 29 103 22 54 94 74 57 38 111 81 92 79 104 108 59 60 18 88 0 109 105 61 40 58 34 36 67 64 28
75 105 54 61 57 55 52 114 14 22 10 23 88 84 27 22 70 43 51 57 79 109 105 30 65 108 83 102 106 17 65 71 45 35 85 13 41 117 70 47 16 53 119 11 84 44 70 40 36 55 81 99 69 23 84 13 23 95 72 19 66 54 86 96 119 33 84 35 16 117 98 40 38 98 28 64 12 17 92 49 79 47 67 11 60 42 44 24 103 30 104 24 94 93 26 85 22 100 31 37 24 101 97 24 95 35 56 58 64 18 19 103 15 23 39 98 101 27 109 22 84 43 26 93 100 48 65 56 117 73 57 35 30 105 69 78 118 72 60 32 0 65 65 40 49 68 95 120 83 85
97 26 71 36 24 17 11 70 83 38 77 16 72 15 110 47 64 21 11 88 28 20 32 40 20 63 83 24 15 39 111 79 80 37 103 18 34 37 25 29 70 24 14 103 44 10 62 111 82 28 38 65 108 39 111 56 45 14 105 95 77 75 13 59 28 62 38 77 85 115 97 114 92 17 48 36 99 19 74 93 15 106 43 10 59 58 119 40 28 70 42 10 41 84 49 65 69 33 102 13 50 85 82 95 112 72 69 17 110 30 49 12 96 29 12 53 92 83 90 71 55 29 70 83 80 15 100 51 102 40 88 114 117 43 69 120 56 104 73 43 118 0 56 48 72 71 98 110 51 102
108 115 37 71 31 113 89 112 84 52 74 44 23 43 47 29 32 11 20 40 74 113 103 28 109 56 60 26 109 76 90 27 31 114 18 80 93 86 119 82 36 22 80 21 91 100 49 15 29 85 16 76 107 96 105 15 82 17 12 113 49 23 36 93 65 83 22 57 78 63 29 115 62 12 66 92 69 75 30 89 56 64 57 83 53 67 88 87 85 86 51 54 47 25 86 11 19 86 19 51 44 109 86 103 54 45 50 97 46 117 10 116 64 101 77 19 56 115 88 78 69 79 72 65 102 106 68 105 29 44 51 54 84 25 37 100 33 52 59 83 105 67 0 118 48 75 89 116 69 85
30 104 79 102 39 83 114 89 61 16 90 81 97 79 18 55 55 57 59 40 97 108 48 42 70 81 43 76 50 35 34 41 77 22 81 26 53 92 32 107 86 81 97 112 19 87 73 99 34 11 54 107 56 106 50 19 111 74 84 17 48 88 87 40 105 23 49 113 49 76 120 32 98 94 50 10 114 72 113 114 84 40 48 61 24 11 113 91 74 28 46 22 27 23 61 21 14 23 103 33 13 88 111 85 81 35 81 36 32 39 92 111 11 67 79 54 108 99 70 53 63 43 17 90 109 97 91 62 77 35 111 74 41 13 54 72 39 82 120 117 108 17 60 0 12 29 37 120 94 24
99 67 56 23 88 117 42 27 77 50 32 63 114 69 90 107 88 25 100 97 24 87 58 18 118 103 41 58 19 25 53 13 52 66 52 111 52 93 79 38 108 65 56 83 113 74 65 105 81 94 103 81 61 30 29 76 82 92 17 47 86 71 52 93 28 113 66 19 10 113 48 75 120 90 80 22 91 47 119 35 18 65 56 84 63 42 44 61 82 62 11 82 40 110 111 100 95 90 99 85 42 105 59 67 24 26 100 107 59 50 83 117 72 25 82 21 35 61 100 81 81 68 88 112 115 44 93 31 94 54 82 51 73 42 117 82 118 98 74 81 67 79 85 113 0 11 102 60 101 28
57 10 116 22 43 76 62 92 94 67 63 103 28 41 20 57 47 30 35 66 103 87 107 66 23 36 96 87 69 88 50 77 47 37 113 101 94 74 40 28 102 70 73 85 36 89 71 101 106 17 83 108 106 21 85 85 22 86 96 28 41 112 64 35 107 54 30 29 67 98 32 106 32 57 98 23 88 13 99 76 46 76 15 118 87 59 64 98 108 17 12 35 28 42 119 98 91 93 62 103 35 107 106 120 53 11 54 78 70 95 36 33 35 109 69 65 96 74 41 116 118 120 39 76 64 34 64 80 41 72 81 43 108 118 109 95 30 115 16 36 13 114 42 81 63 0 49 56 79 42
16 21 92 119 43 27 97 58 119 27 111 109 12 114 48 46 103 56 45 114 32 119 37 69 44 106 97 25 114 119 34 43 100 16 59 106 118 88 67 23 118 53 94 84 109 111 64 95 87 77 36 52 99 112 55 115 29 70 47 43 42 45 36 14 70 10 52 41 20 82 48 54 116 90 66 31 92 71 84 65 88 98 62 54 11 81 31 49 66 97 95 89 84 80 32 27 51 30 49 90 89 111 18 62 111 26 53 13 80 37 104 14 86 20 111 119 13 28 14 84 90 17 69 114 47 36 63 86 99 79 73 74 99 38 84 31 74 66 117 62 25 33 21 100 28 61 0 118 29 59
23 43 76 87 117 22 109 13 21 12 18 48 85 43 118 106 25 52 78 30 44 21 105 34 84 23 66 58 28 44 30 90 41 104 53 43 36 23 97 84 70 74 47 79 82 74 13 102 39 107 52 27 65 113 85 66 89 79 68 48 104 57 36 48 81 79 75 51 20 109 92 12 11 50 46 88 77 53 73 45 47 113 31 61 106 77 22 33 118 58 109 116 31 42 52 30 85 21 27 20 55 70 108 77 96 79 56 14 119 96 68 45 21 40 96 48 120 40 82 104 20 41 58 106 24 22 36 57 61 19 90 79 70 119 49 46 37 91 10 42 31 51 11 21 36 93 70 0 40 37
28 115 39 56 52 25 52 44 28 95 43 105 25 116 87 51 105 26 46 91 34 60 99 79 39 61 70 60 93 118 77 118 84 53 61 78 100 109 13 42 36 71 50 34 54 44 103 110 45 80 105 96 110 41 82 30 36 46 78 10 38 93 87 39 96 31 25 13 35 105 91 61 106 77 24 43 85 102 113 18 13 119 118 46 112 45 117 76 30 34 38 32 24 46 48 24 29 115 106 117 50 74 87 58 41 51 65 99 88 43 103 67 48 116 83 53 88 63 62 90 46 31 111 23 14 48 103 66 48 120 74 33 53 109 99 28 89 83 47 29 17 89 88 67 104 30 80 21 0 93
15 23 32 86 46 12 68 18 26 55 86 27 29 39 38 77 29 83 92 43 14 71 87 40 72 12 116 33 38 75 52 16 119 11 117 89 50 38 112 109 75 23 108 113 106 84 13 105 46 85 38 44 17 14 39 76 110 64 13 72 85 74 23 57 35 107 70 116 21 70 102 90 113 54 98 45 53 81 11 88 25 66 46 106 17 105 97 101 18 82 118 48 89 30 27 69 33 89 49 38 90 52 35 67 20 86 37 71 38 92 44 95 110 47 25 107 64 57 100 75 119 85 98 41 52 104 101 69 97 73 28 64 64 13 82 33 57 31 55 103 29 90 62 78 28 69 109 98 114 0