50
96 91 46 56 38 520
15 86 30 10 75 3085
100 63 67 62 87 2425
54 60 26 78 76 912
66 10 16 34 33 3392
96 97 96 82 92 2854
48 46 54 42 62 2208
54 85 92 11 25 3212
78 12 85 11 18 3157
73 98 75 55 59 396
42 99 48 22 86 911
61 94 96 41 29 625
22 94 54 75 67 774
40 100 15 31 45 2854
82 57 20 82 32 374
91 12 42 12 34 3157
87 91 41 92 86 436
31 69 11 73 58 3318
100 31 82 78 71 2208
43 77 98 36 30 1268
43 69 71 42 54 1419
28 56 79 14 66 303
11 13 76 54 66 3073
60 85 11 15 81 2341
83 47 25 59 98 719
14 70 67 39 80 1419
43 98 94 83 96 455
79 46 73 56 35 1195
37 22 67 29 24 3318
56 24 86 14 60 2807
51 61 65 93 16 1215
66 85 90 100 18 394
79 90 97 42 57 401
13 28 81 16 83 3047
46 51 82 82 52 706
65 100 85 80 43 410
39 31 41 49 33 3204
97 15 99 94 70 412
14 14 82 78 68 2176
11 25 30 96 30 3206
59 84 17 25 97 1349
30 45 34 71 88 2062
99 10 34 91 44 1454
42 82 79 96 54 388
63 45 69 72 73 618
73 80 27 77 33 1171
77 15 86 93 46 697
70 83 86 15 43 887
74 97 23 39 37 1957
63 53 76 79 77 911
0 9 29 21 17 20 12 28 27 22 8 21 13 8 6 23 15 28 23 5 26 6 20 23 15 8 8 12 16 28 29 14 12 12 26 27 20 28 7 20 19 29 16 22 15 10 8 23 27 29
17 0 5 6 27 10 5 6 11 20 24 13 8 5 19 8 19 29 10 28 17 6 28 21 29 27 22 16 27 8 18 19 22 7 24 22 26 21 5 5 16 23 13 23 28 5 16 26 27 12
29 28 0 23 8 19 18 15 23 10 15 7 24 11 16 18 28 24 6 28 19 19 26 28 24 16 21 10 11 11 12 9 20 21 28 7 19 26 6 5 24 12 18 22 21 9 14 29 8 14
18 22 28 0 29 28 22 20 12 5 19 13 28 22 10 28 19 21 12 29 17 17 24 14 9 26 7 14 14 17 27 13 15 9 14 14 27 29 17 28 26 27 19 19 20 22 10 20 8 29
13 6 17 28 0 14 15 17 26 23 24 20 16 13 8 7 6 26 28 16 23 20 8 29 29 25 6 10 20 17 27 24 28 29 11 7 21 24 6 23 23 18 8 23 18 15 25 11 17 21
16 27 10 24 7 0 8 11 18 21 24 17 10 9 20 14 11 22 28 24 25 23 28 28 24 16 28 16 22 27 18 21 6 14 21 22 14 17 12 20 13 13 17 5 18 19 13 14 11 13
8 11 5 5 22 27 0 24 28 27 26 22 28 22 18 23 26 14 5 7 27 20 24 20 17 22 22 7 18 26 24 24 6 27 11 19 14 14 14 16 22 5 24 10 18 24 28 27 9 28
14 12 21 17 20 7 9 0 17 5 26 22 18 5 7 10 19 21 20 14 5 12 28 13 20 27 28 22 9 9 26 26 7 17 12 18 7 16 28 25 27 21 20 16 19 25 7 14 16 12
12 5 9 28 14 18 18 8 0 28 23 7 10 9 26 8 13 5 15 17 6 25 29 9 25 22 21 21 16 21 16 7 14 6 7 7 14 5 17 24 5 17 8 17 29 25 21 15 9 27
15 13 8 18 7 25 28 11 16 0 11 28 21 26 29 25 14 27 15 10 8 13 12 29 13 24 29 28 22 13 18 17 24 18 16 17 20 6 13 10 23 18 11 13 22 15 18 14 17 16
25 5 15 8 22 21 8 19 27 23 0 7 15 26 9 25 25 20 20 11 20 12 8 23 28 20 26 26 14 22 21 29 9 27 23 19 27 24 16 12 14 17 19 10 18 13 18 14 15 15
18 20 20 24 10 24 16 29 15 24 17 0 18 16 24 5 24 29 5 22 16 23 26 10 5 13 29 24 13 21 15 18 10 15 7 22 23 11 13 22 24 22 15 24 9 11 11 26 5 12
21 29 16 16 18 11 7 7 15 9 18 10 0 14 9 21 18 27 24 26 15 25 15 21 9 15 8 19 9 28 10 8 17 25 10 5 6 9 19 12 11 23 5 20 8 17 23 29 18 23
18 8 10 6 12 23 21 19 14 11 20 21 8 0 25 13 25 9 26 17 10 7 15 28 22 25 26 26 17 10 13 22 10 6 7 29 15 20 10 15 17 7 14 23 13 29 17 15 24 29
15 18 11 17 5 6 23 15 13 21 11 5 6 28 0 13 28 23 24 22 19 14 16 9 14 26 29 27 12 20 19 14 28 10 25 7 19 20 19 29 15 17 22 9 12 22 15 17 13 12
12 21 17 21 15 20 22 15 10 15 15 27 12 18 21 0 10 16 16 27 22 15 8 12 21 5 14 21 29 29 16 9 12 9 23 26 26 28 10 9 10 25 16 27 24 5 25 26 10 7
7 22 25 18 28 19 17 22 15 15 24 5 25 26 6 25 0 10 29 9 18 25 18 22 28 5 15 7 26 28 18 8 25 28 28 29 25 5 23 17 15 19 19 15 12 5 25 17 25 17
7 19 19 23 14 20 17 28 19 6 26 14 7 28 11 14 21 0 22 27 7 8 27 29 17 13 7 21 15 20 21 13 28 11 12 17 12 10 28 21 24 16 23 15 26 5 22 27 12 22
20 25 25 7 15 27 14 12 25 28 15 17 14 5 26 20 10 5 0 17 22 15 6 19 14 8 13 27 26 27 9 29 23 19 14 25 7 15 13 20 15 26 13 21 13 19 16 13 13 24
20 21 18 18 23 6 28 23 5 15 23 17 25 11 24 13 27 16 18 0 18 22 7 23 7 22 24 13 15 13 19 26 25 5 7 15 12 11 11 14 24 25 25 26 5 27 7 18 10 5
17 16 16 17 23 9 20 23 20 9 14 20 8 20 9 12 14 20 5 24 0 16 18 15 26 26 22 18 28 10 28 11 20 9 6 24 24 11 11 6 5 20 28 11 11 29 27 5 20 24
17 7 5 12 10 8 20 5 12 24 10 9 5 16 23 21 25 16 19 25 18 0 15 17 12 25 13 9 24 20 25 20 7 24 22 9 12 23 28 10 14 5 29 13 10 27 6 23 10 23
21 16 15 29 12 19 12 17 9 11 7 9 13 17 17 26 22 29 6 25 28 15 0 25 26 6 18 10 11 18 5 24 7 21 14 22 8 9 18 20 23 27 23 18 28 15 19 24 24 12
15 24 22 13 23 12 14 10 7 23 21 8 24 5 15 20 12 23 18 21 18 20 5 0 22 20 17 15 8 17 12 9 28 17 11 16 24 12 16 5 25 26 24 6 29 6 7 16 28 6
13 21 24 22 23 21 14 12 17 6 16 5 24 7 12 22 26 14 28 28 10 22 18 12 0 11 20 20 19 10 14 17 9 16 5 25 7 20 9 14 21 21 29 18 7 28 13 15 12 9
27 15 27 25 13 18 5 20 24 6 28 29 12 25 16 23 7 15 24 22 25 19 12 26 29 0 6 14 23 20 7 18 29 11 27 29 26 24 22 19 10 13 6 26 6 17 5 27 14 26
29 11 28 20 19 9 14 27 13 10 16 21 22 11 29 15 12 14 15 20 19 29 13 16 14 12 0 28 29 24 20 19 27 15 17 18 22 10 19 9 16 27 18 9 11 28 24 27 27 19
21 22 18 15 6 28 26 10 26 25 16 19 15 27 17 9 22 6 13 9 29 22 8 10 21 6 25 0 23 8 6 14 27 27 23 22 5 11 6 19 27 13 25 27 18 8 13 5 5 8
13 8 23 8 14 22 26 21 28 27 11 13 12 9 10 27 22 10 14 16 17 17 11 10 28 12 19 27 0 28 5 5 6 15 8 5 21 28 25 23 11 12 11 20 17 6 25 24 21 15
22 12 27 7 6 23 27 11 24 20 24 18 26 14 8 26 25 21 21 21 5 13 14 23 5 8 8 20 23 0 28 21 19 10 7 24 16 29 9 29 28 13 21 18 12 10 6 17 12 20
15 29 11 24 11 28 8 19 10 28 24 29 17 25 19 14 20 22 20 17 5 8 21 21 13 28 24 19 23 25 0 25 28 6 29 27 25 16 21 18 10 28 15 22 12 19 25 25 5 5
23 17 19 25 27 22 25 16 22 22 28 8 19 7 29 14 14 11 12 27 27 8 20 13 9 9 18 16 8 23 6 0 19 15 5 19 24 12 20 20 28 5 20 14 22 22 6 7 14 20
24 29 23 16 26 24 15 7 19 27 14 10 26 20 27 11 8 18 18 24 8 29 26 28 18 7 13 23 6 25 13 26 0 9 9 13 14 9 12 19 23 6 5 17 5 18 28 15 10 28
17 28 24 29 8 5 11 18 12 22 16 5 21 25 19 23 18 11 11 17 8 7 10 21 25 17 9 13 17 22 16 20 27 0 17 7 6 29 13 20 16 29 9 14 21 5 25 19 20 22
27 19 29 18 8 20 7 14 19 24 14 21 25 18 20 29 12 15 24 27 16 18 18 7 13 28 11 25 26 23 13 24 7 28 0 9 17 22 29 23 6 15 21 20 13 25 28 6 11 16
20 19 24 16 28 23 5 7 15 27 24 27 17 14 28 18 9 5 6 24 16 22 25 8 16 5 5 7 6 22 12 22 8 25 28 0 24 10 15 27 25 27 22 5 24 12 24 19 5 13
17 14 14 12 21 12 26 15 28 22 15 27 10 22 15 25 26 18 11 28 23 26 14 7 16 16 25 28 18 14 13 23 9 14 22 21 0 14 25 6 6 10 8 9 7 14 5 23 20 5
12 11 19 24 19 6 20 9 27 12 26 17 26 21 7 6 5 20 20 25 9 15 13 29 29 18 13 25 6 6 11 28 23 7 28 20 29 0 28 21 8 5 13 26 26 20 24 18 8 8
14 23 11 5 15 5 20 23 6 19 24 24 5 7 14 10 12 14 10 17 13 28 20 11 28 26 17 9 28 8 27 9 27 6 10 28 25 12 0 9 17 18 8 24 16 29 28 26 13 29
23 5 22 16 8 23 11 13 22 11 21 20 21 13 25 29 26 12 25 10 15 27 8 29 12 13 10 11 6 20 25 10 17 14 13 20 12 17 21 0 11 10 10 26 10 14 24 26 25 17
28 11 5 25 28 17 8 18 10 9 26 22 11 7 28 10 15 18 16 13 24 22 25 5 19 21 13 20 27 22 21 27 16 21 6 24 27 15 20 20 0 6 7 25 9 10 18 25 5 12
17 26 10 18 24 16 12 29 11 13 12 13 17 7 6 20 5 16 20 25 27 23 21 20 18 5 22 11 8 20 26 11 14 10 25 25 14 13 15 7 22 0 23 28 5 15 19 15 26 26
10 16 29 19 12 7 22 11 15 24 7 22 16 11 25 27 20 9 24 29 25 29 17 15 29 13 7 28 23 10 19 29 15 12 16 12 16 22 18 29 12 15 0 22 19 8 5 22 28 12
23 11 20 11 10 10 16 13 23 13 16 12 24 11 28 27 11 23 11 13 7 13 16 19 20 24 27 26 14 7 20 27 21 11 22 11 25 26 28 9 8 5 7 0 18 21 26 25 19 23
23 25 26 10 5 24 12 29 23 23 14 10 22 29 8 14 8 10 28 24 5 25 14 12 11 18 29 25 16 15 28 25 10 9 12 10 28 20 7 5 5 25 21 19 0 24 14 7 18 24
12 19 20 15 28 21 26 6 22 14 22 5 14 11 29 27 27 23 9 14 21 11 19 9 17 23 28 20 26 21 15 16 29 21 11 17 22 12 24 21 11 21 19 6 15 0 17 8 11 28
24 5 13 6 28 7 8 23 19 19 20 26 21 13 19 19 7 24 28 28 26 12 8 8 17 16 9 18 25 25 12 11 28 5 6 10 16 29 16 25 8 24 25 29 15 16 0 20 15 20
9 8 13 18 15 18 10 18 23 20 22 22 12 29 19 23 13 18 5 19 5 11 8 22 7 24 23 19 13 14 20 16 29 6 13 19 8 24 19 26 28 11 12 21 17 22 29 0 19 19
11 9 12 20 20 23 10 28 29 12 25 29 29 13 6 9 11 22 25 9 27 14 19 14 29 9 12 24 13 12 5 6 12 14 7 8 8 19 9 10 17 24 8 24 26 16 13 21 0 8
5 28 17 20 20 16 26 15 29 5 24 28 17 27 20 29 18 11 19 11 5 15 20 27 22 22 20 10 6 15 12 25 12 11 5 10 10 10 15 9 9 25 24 16 25 22 6 23 20 0