200
1 3 6 9 18 326
13 12 16 19 3 1198
19 10 1 3 6 1191
13 12 18 2 6 348
3 5 20 7 9 825
17 10 11 2 14 738
4 7 6 16 2 442
11 8 13 17 4 842
3 19 7 1 6 1265
9 3 2 19 8 559
10 16 20 6 14 1017
3 18 17 6 17 601
19 14 9 16 14 375
5 5 14 9 10 684
3 11 8 5 14 981
20 10 9 4 20 74
6 4 20 18 18 812
19 11 1 5 1 1081
7 8 11 8 13 370
1 4 17 7 3 85
7 9 5 18 11 254
20 19 3 6 11 90
12 7 12 19 10 351
20 20 9 3 1 562
9 12 15 13 20 1056
4 1 1 19 13 122
4 16 12 18 6 1000
19 5 14 7 4 1071
9 9 6 11 5 271
16 11 20 4 11 528
12 20 10 10 10 996
19 13 14 11 17 1083
13 19 5 14 3 975
4 6 3 17 11 307
3 9 18 6 17 909
6 8 19 11 2 1229
16 14 5 19 20 1190
9 1 17 11 8 567
17 9 15 3 1 1159
8 13 11 6 20 957
13 18 2 16 13 921
20 13 8 8 2 1119
6 15 17 17 3 1050
6 3 12 14 12 1201
16 1 7 19 14 1160
2 9 2 1 3 40
4 7 17 20 8 482
15 2 12 10 4 279
13 18 12 14 9 224
8 9 20 12 17 511
6 7 12 14 15 100
1 1 9 1 8 175
18 14 8 2 13 554
13 17 9 14 15 539
13 16 12 20 7 832
4 12 8 2 6 936
15 1 11 3 3 356
16 2 16 19 8 1073
16 10 11 5 18 221
20 14 18 12 19 483
5 4 18 15 1 382
6 4 13 10 8 663
4 20 16 4 12 879
18 3 16 1 3 860
9 6 4 9 20 547
6 14 16 8 6 692
14 19 11 4 12 1091
8 15 3 1 16 1306
15 10 2 18 11 109
19 15 3 7 7 869
16 19 5 19 3 1046
15 1 11 14 8 554
15 7 15 3 7 1216
14 9 15 10 8 760
7 20 8 17 6 315
11 4 18 10 13 644
2 5 9 17 3 666
12 2 12 5 2 249
14 13 15 5 11 1323
11 17 12 2 1 582
18 15 14 7 19 1176
14 7 11 13 20 945
4 14 18 1 6 606
14 15 19 5 5 749
12 3 11 8 7 865
1 5 15 4 2 1134
9 8 4 17 10 951
18 6 5 8 10 1310
13 18 8 14 4 762
10 1 15 13 1 1279
6 12 18 19 12 779
11 16 13 7 12 486
20 19 2 16 20 1034
10 12 10 17 4 897
2 16 4 15 11 1187
5 7 8 13 11 661
2 2 10 4 10 193
8 1 5 2 15 1133
9 20 8 19 13 1269
20 15 3 19 13 1295
11 18 16 18 4 1322
2 14 10 7 9 1063
7 16 14 3 5 393
2 16 15 10 15 448
4 18 18 19 3 1075
3 4 18 3 18 715
18 3 14 12 8 1104
14 16 13 20 13 513
9 15 19 3 6 754
1 5 20 12 20 138
15 16 1 14 15 1014
7 20 2 9 13 264
2 7 3 15 7 1236
11 14 16 18 15 1277
7 15 11 10 20 533
16 7 8 19 14 773
18 2 19 17 7 926
7 17 19 3 13 167
8 17 19 20 14 1217
2 17 17 2 11 742
4 16 8 16 15 242
14 15 11 6 9 1119
2 13 11 16 12 1301
20 4 19 17 1 1061
3 4 9 3 2 498
12 4 9 7 5 235
6 7 9 17 20 1203
16 4 1 9 11 984
6 16 13 20 19 835
7 4 1 13 6 1091
17 3 18 12 10 686
7 15 5 6 18 948
1 9 7 18 2 915
9 16 8 2 5 1118
5 5 8 6 19 494
18 16 2 17 14 946
2 16 2 9 1 335
12 6 12 1 13 1155
5 8 18 11 10 538
18 5 8 9 12 667
16 11 12 7 6 1072
5 9 17 11 13 477
2 9 16 6 9 1201
12 20 15 1 18 773
7 17 9 4 3 396
3 19 11 17 17 75
19 11 2 1 18 959
1 15 1 16 3 1118
5 1 9 20 1 781
12 14 1 1 2 95
6 2 5 17 14 884
18 3 15 15 10 1199
20 11 5 1 3 295
2 15 3 16 5 265
7 7 15 12 18 486
19 6 10 18 11 255
18 11 2 5 20 654
14 17 14 16 17 1061
2 7 4 2 9 987
15 18 10 14 10 1161
14 1 14 13 8 944
3 4 15 11 12 370
6 2 18 16 12 889
20 8 13 6 6 1131
3 8 17 10 18 566
1 10 4 12 17 1160
6 20 6 9 16 1312
11 5 2 5 5 453
5 7 10 7 15 342
13 20 19 19 6 1011
6 18 15 18 18 674
13 12 1 6 1 204
19 17 18 8 1 758
19 1 15 19 12 836
1 4 2 7 11 441
3 10 1 11 17 988
11 2 16 10 2 863
1 9 2 13 2 764
14 16 10 8 8 151
7 5 14 3 2 541
6 17 16 16 7 357
1 10 1 4 6 1266
2 19 20 3 9 1171
9 5 12 1 18 547
18 4 8 4 9 673
8 11 17 17 18 627
11 16 14 15 7 136
5 16 18 4 1 78
3 15 16 14 6 826
1 12 6 13 18 951
12 16 11 11 13 1139
17 12 20 3 3 123
10 5 19 3 19 800
20 20 6 10 18 1074
15 20 3 9 4 131
16 3 14 10 1 888
18 16 18 9 18 1213
18 12 15 14 11 295
6 18 6 16 4 1127
12 7 11 14 10 1279
0 6 9 5 7 9 8 1 7 3 10 9 10 7 1 7 10 4 9 2 7 6 5 5 6 2 9 10 9 1 8 2 4 4 10 9 4 8 8 5 3 6 6 7 2 4 2 2 1 6 2 1 3 10 4 4 3 9 7 10 2 8 6 4 3 10 4 4 9 4 1 5 10 4 10 6 10 7 9 4 3 8 7 4 4 6 3 6 9 1 10 1 3 9 2 7 1 10 3 4 8 1 6 7 5 3 10 3 8 5 7 8 8 4 9 2 8 10 5 6 4 8 4 9 10 1 8 2 1 3 1 4 1 9 1 5 1 4 5 8 9 1 9 6 6 4 2 9 9 2 8 10 8 10 2 4 6 10 1 7 2 4 8 9 4 7 4 9 7 7 7 3 10 1 4 9 3 7 7 2 8 4 2 5 1 10 7 5 1 10 3 2 4 9 10 7 10 2 5 6
5 0 5 8 9 3 5 1 5 9 9 9 2 1 10 6 3 7 7 8 3 10 2 1 5 5 9 9 9 5 10 6 7 9 2 1 4 7 8 10 7 4 5 4 7 5 7 8 10 5 1 5 8 9 10 3 10 10 1 8 4 3 2 3 2 10 1 1 3 3 1 5 3 4 3 2 9 10 7 8 3 5 4 9 1 6 1 8 5 8 7 4 4 3 10 2 2 2 8 2 7 4 1 6 2 7 8 6 1 9 4 10 5 1 3 1 3 5 3 2 7 9 1 7 7 2 6 3 2 1 10 3 5 1 9 6 5 7 7 10 5 6 7 7 4 10 8 9 8 3 8 10 2 3 6 10 3 10 4 1 1 1 1 5 10 7 3 10 2 7 10 6 7 3 3 8 5 8 5 9 4 9 1 3 1 8 8 1 6 1 3 10 8 8 6 9 8 8 8 8
6 6 0 9 2 9 1 3 2 9 4 9 6 8 5 5 8 2 10 1 1 10 3 2 2 4 1 5 2 1 4 6 5 3 7 7 3 6 6 3 1 1 3 7 7 10 3 10 8 5 6 2 3 3 8 7 10 1 4 7 5 10 1 1 7 4 3 4 4 6 9 3 4 1 9 7 8 7 3 3 5 7 1 7 6 2 9 3 2 7 9 1 4 4 6 10 10 1 2 7 2 3 5 2 10 6 5 2 9 6 10 2 7 1 4 3 8 9 3 9 9 1 8 3 4 4 5 7 9 2 10 6 2 4 7 3 4 5 1 6 4 1 1 5 5 5 9 3 5 6 7 4 6 6 8 5 10 10 4 5 2 8 1 4 7 10 9 4 1 4 2 9 2 3 9 10 6 9 10 5 1 2 7 4 8 1 5 2 2 3 9 1 9 5 3 8 10 5 1 1
4 2 9 0 6 6 9 4 6 6 1 3 4 10 5 1 1 10 6 7 9 10 1 7 9 1 4 8 9 5 8 1 3 3 6 10 6 1 2 9 1 1 2 3 6 7 6 6 8 8 9 1 4 6 9 1 5 7 6 7 7 4 2 7 1 7 5 7 1 2 3 2 4 7 2 2 7 10 4 10 3 1 8 2 1 3 5 5 2 2 4 2 2 7 1 6 3 10 3 4 1 3 5 10 10 5 3 10 7 5 1 5 6 6 5 5 10 8 4 1 1 8 9 8 8 1 10 6 8 7 9 6 2 8 7 5 2 2 5 4 5 6 1 5 10 3 1 2 7 8 6 6 9 5 10 4 10 3 3 8 10 6 7 9 1 2 6 8 2 10 2 6 4 4 9 9 1 3 10 2 10 9 5 5 5 8 3 2 5 6 10 7 6 10 1 5 3 6 7 6
5 2 7 1 0 8 1 9 7 10 1 7 8 9 8 6 10 6 9 8 5 1 4 5 8 3 6 10 5 8 9 6 10 3 6 9 4 3 10 3 2 10 3 2 7 9 1 7 7 9 5 8 3 5 2 5 8 7 9 3 2 10 8 5 9 2 7 3 3 8 8 7 9 4 5 5 2 7 7 2 4 5 5 3 8 6 6 8 7 2 1 9 2 3 2 6 3 6 4 2 3 7 6 9 10 9 4 6 10 7 9 2 1 10 1 8 2 4 2 4 8 3 9 9 8 10 5 7 10 9 9 7 4 10 3 9 2 9 3 7 1 4 9 2 6 9 7 8 2 6 8 2 7 3 9 5 9 4 8 7 2 6 4 4 8 10 1 10 7 5 10 2 8 7 5 4 2 8 7 8 5 7 8 2 6 8 4 5 9 10 3 1 5 9 1 6 9 8 3 8
7 5 6 6 1 0 6 10 10 5 10 5 7 6 1 10 5 4 8 5 3 1 5 3 3 6 3 6 6 8 7 9 9 6 9 5 10 4 7 8 6 8 6 9 3 10 9 8 8 9 10 7 8 5 3 7 5 7 7 3 10 6 5 6 6 4 5 2 8 6 6 1 4 5 5 1 6 5 4 8 5 4 7 1 8 7 3 5 10 9 7 6 10 3 7 3 4 5 10 4 9 1 3 8 9 1 4 7 1 9 1 3 5 4 3 5 8 8 1 10 7 9 6 4 5 4 9 1 7 6 10 7 8 5 8 7 1 9 7 2 8 5 4 6 10 7 5 9 3 5 7 6 7 5 4 8 8 9 7 5 5 1 1 2 9 5 7 7 1 2 4 5 9 1 9 1 7 10 4 10 6 9 3 9 2 7 9 10 3 1 10 6 9 7 4 2 2 7 1 7
4 9 1 8 3 1 0 4 1 8 3 5 6 10 4 1 5 2 1 5 1 3 9 10 1 8 7 3 10 10 2 1 1 9 8 1 5 7 9 2 7 2 5 4 7 4 2 8 9 10 10 5 3 2 4 2 4 4 2 7 1 9 4 9 8 2 9 7 3 8 3 7 4 1 7 1 1 5 4 9 5 2 3 2 10 9 3 4 5 1 3 9 5 3 4 2 2 4 9 10 6 1 6 10 3 8 5 9 5 2 4 5 9 8 10 7 9 9 4 1 10 8 1 1 9 7 3 10 2 4 5 6 6 5 9 4 5 7 10 8 5 3 3 4 1 1 6 2 8 5 10 4 8 3 10 4 9 3 1 4 8 3 6 1 3 10 1 10 10 2 8 5 6 5 10 5 10 5 10 6 7 7 9 3 8 6 5 2 7 2 4 9 7 4 7 5 4 9 8 5
8 6 2 2 4 7 7 0 8 4 2 2 7 8 8 10 7 2 7 6 1 1 2 7 5 4 5 10 1 5 7 9 3 2 10 7 2 2 6 7 3 6 6 2 1 7 7 8 1 1 8 9 3 9 9 2 4 8 10 5 5 10 7 9 8 7 9 9 1 4 6 10 1 4 4 8 10 8 6 2 2 2 3 5 9 5 2 7 9 9 2 6 4 8 4 7 3 7 4 9 1 4 8 3 9 7 6 9 9 9 8 9 7 3 6 7 4 8 4 2 5 5 9 1 5 5 2 5 7 5 2 8 3 1 8 1 10 5 8 2 1 9 8 3 7 10 2 1 10 6 7 10 5 4 8 6 6 9 7 2 3 1 2 10 4 9 1 10 5 4 7 4 10 5 4 4 2 1 5 8 3 6 5 3 8 5 2 5 6 10 1 2 8 10 6 5 5 7 3 10
5 1 7 6 6 10 7 4 0 6 9 1 7 7 7 3 8 9 1 8 7 9 9 1 8 6 3 3 4 5 9 8 1 9 9 10 6 2 1 3 6 2 2 2 3 2 3 1 3 3 10 8 8 8 5 1 9 5 9 3 3 4 5 10 2 4 1 6 4 10 9 7 1 9 8 4 7 7 1 8 3 6 9 1 3 1 8 1 8 8 4 4 10 10 9 9 10 7 7 5 8 7 3 9 10 4 10 10 5 6 6 4 5 5 1 2 1 6 8 6 10 6 9 10 1 1 7 10 9 9 6 2 2 4 5 2 8 4 3 5 2 5 9 6 6 1 6 7 7 10 4 6 8 6 7 3 1 10 9 8 2 2 7 3 3 9 10 3 7 2 9 1 5 1 5 9 4 9 2 5 8 3 2 8 8 6 5 3 2 5 2 9 5 9 8 3 5 7 8 10
4 9 8 6 5 9 6 5 1 0 8 5 1 10 7 4 10 10 4 3 2 5 7 2 1 1 3 4 10 9 8 2 9 6 5 8 5 9 7 1 4 4 6 2 4 2 5 2 1 10 6 2 2 5 2 10 3 3 8 10 1 6 7 1 4 9 2 6 9 5 4 5 4 9 3 1 4 9 7 2 3 6 10 3 7 1 5 6 3 6 9 7 7 3 9 10 3 6 6 9 3 6 1 6 10 1 10 5 10 8 3 9 3 7 1 9 6 2 7 7 1 5 7 7 1 9 9 8 2 5 3 8 7 8 9 10 6 10 7 10 7 8 7 3 10 4 6 9 7 4 6 9 2 7 2 7 1 9 2 10 6 1 8 5 9 5 8 8 2 4 5 5 7 5 1 6 1 5 1 2 8 9 10 1 4 9 4 8 3 6 8 10 9 9 9 1 5 8 5 7
9 2 6 3 9 7 10 7 4 9 0 6 10 1 10 2 5 9 3 7 3 1 2 10 8 6 6 2 7 7 1 2 6 1 8 4 2 1 8 7 6 6 3 2 5 3 1 2 10 8 10 9 4 10 7 9 6 5 3 8 2 7 1 1 10 5 3 2 4 1 1 5 10 4 8 10 2 10 4 2 10 9 6 4 2 9 3 8 6 10 5 10 6 4 10 8 9 4 5 3 7 8 7 4 5 4 8 9 7 7 7 1 6 9 9 6 8 3 3 7 4 9 7 1 8 5 8 3 5 10 6 2 3 10 7 10 5 5 8 6 8 2 7 10 10 10 10 7 8 9 5 9 4 2 10 10 1 10 2 5 1 5 6 8 4 10 5 9 7 7 1 1 8 7 5 9 5 6 4 6 4 6 4 4 10 5 7 9 2 10 1 9 9 2 6 5 9 7 2 4
5 10 10 7 1 4 7 5 2 4 10 0 3 4 3 8 6 7 3 4 7 6 1 7 10 4 5 4 10 2 1 2 6 2 9 8 5 4 4 7 3 7 8 6 10 10 6 7 8 9 4 1 4 6 6 1 4 8 5 3 1 3 2 1 2 8 10 8 8 5 8 3 4 5 6 5 6 4 9 7 10 4 6 4 2 2 9 6 4 6 2 3 6 2 9 4 5 3 9 1 7 9 9 7 4 10 7 4 8 9 1 3 1 2 9 1 4 3 5 10 5 1 7 7 9 9 4 10 7 9 5 8 6 6 10 3 1 4 7 1 6 9 8 9 1 1 8 8 9 9 6 10 5 6 3 8 5 5 10 1 5 6 8 5 9 10 2 5 9 9 9 3 7 3 7 1 1 8 5 2 9 9 2 10 3 5 5 3 10 10 1 3 2 3 10 7 1 2 7 8
10 2 9 9 5 10 7 8 10 4 4 6 0 9 7 4 10 6 9 10 9 5 3 10 3 10 4 5 10 6 10 3 8 1 8 10 10 10 2 3 7 10 8 4 8 7 1 5 5 4 4 7 10 6 7 2 7 3 5 10 1 5 4 7 10 2 3 10 4 9 10 3 8 5 6 1 1 9 3 2 10 10 7 3 6 7 4 5 1 2 1 9 4 7 1 10 2 1 9 2 9 2 6 8 2 8 4 10 9 8 4 7 10 8 3 2 6 8 7 3 3 7 7 8 9 7 4 4 4 8 5 4 2 1 9 2 5 3 2 7 7 2 7 3 9 4 4 8 7 5 8 1 8 7 5 1 1 5 4 4 4 3 10 1 2 6 5 2 5 1 3 5 5 5 3 10 4 2 7 10 5 10 3 6 2 10 2 3 5 4 2 9 5 4 9 1 3 1 1 9
2 2 4 1 3 9 2 7 3 8 9 8 3 0 8 4 2 8 4 3 3 4 5 3 1 10 2 5 6 2 7 9 8 2 9 5 7 7 2 9 10 6 9 1 6 7 8 1 9 2 9 5 10 10 10 6 6 3 9 4 2 7 4 3 1 1 3 6 1 9 10 9 3 5 7 3 6 5 3 4 10 10 5 1 4 9 3 8 5 7 9 4 9 4 10 1 3 2 1 3 4 8 3 5 9 8 2 7 2 2 2 8 4 4 7 3 7 1 2 7 8 3 8 10 1 4 5 8 6 6 3 5 4 9 9 8 2 10 4 3 8 8 1 2 8 4 2 2 3 6 3 9 9 10 8 10 4 3 7 9 9 2 10 10 7 8 1 1 5 4 7 8 10 3 3 7 8 1 4 6 2 8 9 6 2 2 1 4 2 1 6 3 10 7 5 2 3 8 9 3
1 1 10 10 1 1 7 3 1 7 1 2 8 8 0 4 8 10 8 4 2 3 8 5 4 1 7 7 1 9 8 2 5 7 2 6 5 7 3 1 2 2 4 9 1 2 7 6 1 3 5 10 8 3 5 3 3 3 9 3 7 6 9 9 4 4 4 8 2 4 8 4 8 10 7 10 10 8 9 1 4 1 6 10 4 10 6 8 8 10 2 4 8 1 4 9 7 1 8 10 10 1 10 2 6 8 1 9 2 3 8 5 3 6 4 6 10 3 9 5 5 7 3 7 7 10 5 10 1 7 6 4 4 5 6 1 8 6 5 10 8 7 5 5 9 7 3 10 6 9 9 1 7 4 7 6 3 9 4 1 5 1 3 1 1 10 1 4 2 2 4 6 6 4 10 7 4 3 8 1 7 2 8 3 2 6 10 2 7 9 2 4 4 7 10 7 2 7 8 9
10 1 2 8 3 7 8 5 9 1 2 3 1 6 1 0 8 2 6 7 7 9 4 1 1 8 7 2 5 7 1 4 9 1 10 1 3 2 1 7 2 1 3 5 5 4 2 9 9 7 9 4 6 4 2 2 3 7 5 9 10 3 8 6 2 2 9 2 1 7 3 8 5 10 3 10 6 1 10 8 10 8 3 9 1 10 9 2 10 6 5 6 2 5 6 3 5 3 8 5 8 9 5 5 3 8 1 8 2 7 10 5 7 2 10 5 2 1 3 10 1 8 3 7 9 3 1 8 3 4 10 2 8 7 3 6 4 10 8 9 3 2 5 10 10 8 2 2 2 1 9 8 4 5 1 4 7 5 10 9 7 10 4 2 1 6 5 6 4 6 6 8 2 9 3 2 8 5 10 3 8 1 9 1 2 1 10 7 6 5 7 4 1 3 2 10 9 2 2 4
7 5 9 3 9 3 9 1 8 8 9 10 7 9 9 8 0 3 8 4 5 5 6 1 4 6 6 4 10 7 5 7 8 9 9 9 1 10 8 6 2 2 6 4 7 10 6 1 3 1 10 7 3 1 10 1 4 7 4 5 2 10 7 1 10 4 7 1 7 3 4 7 6 5 8 5 6 2 10 10 3 9 8 6 1 1 1 1 5 2 8 8 10 3 7 2 8 9 3 5 2 2 2 6 9 3 10 10 8 5 3 2 3 1 6 2 6 4 3 5 9 4 6 1 9 3 3 9 4 7 2 8 10 4 8 5 8 6 10 2 8 1 7 5 10 1 5 7 4 10 9 7 8 5 2 6 8 5 2 5 6 5 2 8 10 5 2 4 8 9 6 9 10 10 8 3 1 10 10 8 10 1 4 9 9 5 1 3 7 2 10 2 9 4 1 6 4 4 10 3
2 6 4 2 9 1 8 3 4 2 3 1 5 2 2 4 6 0 7 7 10 1 8 7 6 7 3 10 9 4 8 5 1 2 9 9 6 3 8 9 5 5 10 8 8 5 5 6 6 6 1 10 2 8 10 5 1 2 9 10 5 2 3 5 2 10 1 6 5 5 5 7 4 7 2 3 10 1 2 10 9 1 10 3 9 9 2 9 1 1 2 8 1 10 10 5 9 8 1 3 3 6 9 9 6 6 6 4 8 10 2 10 2 10 1 8 10 5 3 2 1 3 4 3 3 8 9 4 2 10 6 6 1 1 8 9 10 6 2 3 7 8 2 1 6 4 2 10 1 3 2 4 8 6 9 8 10 9 6 2 7 2 3 7 1 9 1 10 2 9 9 8 10 1 1 8 1 1 9 6 9 1 6 9 9 2 2 9 5 2 8 4 5 2 9 1 10 8 3 2
1 8 7 2 7 6 2 7 2 9 3 1 7 2 10 1 2 2 0 1 9 10 9 10 9 4 3 3 5 9 5 9 10 3 6 9 10 2 1 4 2 4 2 6 7 2 5 7 10 3 3 5 8 8 1 10 3 7 3 7 7 10 4 4 2 3 8 4 10 1 3 4 5 6 2 5 1 6 8 5 7 2 8 4 7 8 1 7 1 7 3 3 3 6 7 8 8 2 2 1 1 2 4 3 3 7 6 3 2 10 5 6 9 8 4 8 1 10 1 10 5 1 9 2 2 1 3 10 7 6 9 9 4 2 4 6 8 4 9 9 3 6 2 4 1 7 7 4 7 6 6 10 3 5 9 10 5 6 4 7 6 8 7 5 7 10 6 8 6 9 5 1 8 1 8 2 10 10 4 6 6 2 7 7 7 2 4 7 2 5 1 10 10 2 10 8 5 10 2 5
8 8 6 1 2 6 6 5 6 9 2 3 6 10 10 5 4 7 7 0 8 7 7 10 4 7 9 10 4 1 9 8 1 4 9 2 6 7 8 4 10 8 5 2 4 2 6 9 8 8 5 2 8 10 6 5 2 10 5 6 4 7 4 6 10 6 8 7 6 7 10 5 1 6 8 2 9 7 3 3 5 3 9 5 6 4 7 10 9 3 1 1 10 2 4 2 7 1 2 8 7 3 8 2 6 7 10 3 5 5 8 9 4 5 8 9 7 5 7 6 8 9 8 3 1 7 1 5 10 2 7 9 2 3 9 3 3 6 8 9 10 9 9 10 9 3 5 2 4 4 1 8 8 3 6 7 6 8 5 7 6 5 9 1 10 10 8 7 6 3 2 10 4 7 10 8 10 9 9 3 8 8 6 10 9 2 9 9 10 2 6 3 6 8 2 8 1 3 5 6
3 1 7 10 4 7 1 8 6 6 1 5 6 3 6 1 6 3 5 1 0 6 4 10 3 6 9 8 2 3 1 9 6 10 9 7 7 10 8 9 7 8 5 1 5 6 9 7 10 3 7 10 2 3 9 1 5 4 3 4 4 3 7 7 10 5 2 4 5 5 1 5 7 1 3 6 4 3 4 6 5 7 8 6 1 10 1 8 10 3 1 4 4 5 4 6 4 7 4 8 1 5 10 4 5 7 8 10 4 9 7 7 5 6 5 5 7 4 3 2 1 4 6 2 3 7 9 10 4 2 10 7 3 5 10 6 3 1 9 7 5 10 10 3 1 5 9 9 7 5 8 6 9 2 9 4 4 1 4 7 4 1 7 6 3 7 8 10 10 1 6 7 2 6 3 7 10 8 8 2 7 6 4 9 9 7 10 6 8 8 4 2 4 10 4 6 5 6 1 3
2 2 9 5 7 4 4 1 1 3 3 5 3 5 6 6 6 1 9 7 5 0 9 9 7 8 5 10 6 1 3 10 7 8 2 5 10 8 8 6 2 7 10 8 4 4 4 4 9 4 1 3 9 1 4 3 7 6 6 9 2 7 6 7 5 8 9 10 9 5 1 4 9 3 9 5 8 6 1 6 10 3 9 10 5 5 7 1 1 2 9 5 8 2 10 4 9 9 7 4 2 7 1 10 7 6 4 7 9 4 9 10 9 9 7 2 7 5 10 5 8 3 7 4 10 5 3 8 8 2 3 10 3 1 4 7 5 4 4 7 7 2 6 2 2 10 1 1 1 7 4 3 5 3 5 10 3 3 3 2 3 6 6 2 7 8 10 1 4 10 7 8 8 8 5 1 7 4 8 9 8 8 4 4 1 2 9 9 6 5 8 6 9 9 8 9 9 3 7 7
1 7 10 8 8 7 3 5 10 2 6 8 7 5 4 4 9 8 1 10 4 2 0 10 9 2 10 9 7 4 7 8 4 1 3 7 4 4 9 10 9 7 6 1 5 6 10 10 6 4 3 8 7 7 2 1 1 4 4 4 6 7 1 5 1 7 6 4 8 4 10 10 5 8 2 2 5 9 4 2 6 8 5 3 7 5 3 3 2 2 5 6 7 7 6 9 1 2 7 4 10 4 5 6 4 2 9 1 9 1 6 7 6 2 9 7 3 6 2 8 9 8 2 8 2 6 8 2 7 8 9 2 9 4 8 5 7 9 4 5 4 7 5 5 2 4 9 7 4 4 4 8 10 8 10 3 3 9 1 9 7 10 5 6 2 9 5 9 7 10 3 7 4 7 5 3 4 8 8 6 3 8 6 5 3 3 5 7 9 6 2 9 4 7 1 8 7 4 1 10
6 9 1 2 7 9 2 7 7 4 10 8 1 1 2 8 1 5 6 5 7 5 7 0 3 1 7 8 3 2 1 5 3 1 1 8 6 1 5 10 1 3 4 6 3 8 3 1 6 5 1 3 2 10 6 5 3 3 8 4 3 7 10 2 5 7 8 8 6 2 6 8 2 5 7 10 3 5 5 7 2 1 2 7 6 7 5 10 9 2 10 10 8 7 5 9 7 4 10 10 1 2 1 8 2 9 9 3 4 2 6 7 3 3 3 2 7 5 4 1 3 7 5 5 10 10 7 5 6 4 4 10 9 5 7 6 2 1 1 3 5 4 6 3 7 6 5 5 3 3 7 10 1 10 8 3 1 3 3 3 3 2 8 10 1 2 5 1 6 3 10 1 4 9 9 2 7 2 10 3 1 9 10 10 3 9 3 1 8 10 6 7 6 10 7 3 2 6 7 2
7 6 6 4 10 3 4 5 4 9 4 3 8 9 1 1 9 6 2 7 8 1 4 8 0 4 8 7 9 8 9 1 1 5 6 5 10 9 4 1 1 3 3 10 4 8 2 10 9 6 8 1 10 10 5 8 4 8 4 3 4 3 9 8 10 10 10 10 8 4 4 5 9 7 3 2 1 10 10 1 7 4 7 3 6 10 10 1 7 2 7 7 4 7 1 7 3 6 10 6 9 4 8 6 8 10 9 8 5 3 7 2 6 7 10 7 3 1 2 5 9 7 7 9 6 7 1 10 1 5 9 5 1 5 2 4 9 3 3 9 7 6 8 10 7 10 6 8 3 6 1 6 8 2 9 8 10 6 1 2 7 3 3 10 9 7 9 10 9 9 9 5 6 6 9 9 3 7 2 7 1 6 1 10 8 7 9 1 1 5 1 9 2 8 6 10 3 4 7 4
4 6 9 8 8 6 4 7 1 4 3 5 8 1 10 4 10 7 2 10 3 5 3 3 2 0 9 7 8 1 5 6 8 10 2 1 10 9 2 9 3 4 7 3 4 3 10 2 4 6 8 2 1 10 3 10 6 10 4 2 8 8 3 5 4 2 2 3 1 9 7 2 5 9 5 10 2 10 9 8 8 7 5 8 9 6 9 1 1 1 5 9 2 5 4 5 4 1 2 4 4 3 3 5 7 9 8 8 6 3 7 4 10 4 2 1 7 1 9 6 4 1 8 1 2 10 8 8 3 4 5 5 7 1 5 6 9 8 1 1 6 4 5 7 10 5 3 1 7 7 4 6 8 1 4 5 8 7 5 5 2 4 10 3 3 5 3 6 1 6 5 10 1 5 8 10 5 2 3 5 5 2 4 9 8 6 7 4 3 2 3 2 8 5 10 5 5 9 6 3
4 4 10 5 10 3 8 2 3 9 7 10 8 1 9 10 7 9 10 2 9 2 5 9 5 7 0 6 8 9 6 10 1 6 9 8 4 6 10 7 7 10 2 4 7 3 9 5 3 8 3 1 8 3 3 8 7 5 5 8 2 4 5 7 7 10 7 2 9 5 3 6 7 5 7 2 1 1 9 1 1 7 2 5 9 9 1 2 4 4 9 6 3 3 7 7 3 3 5 3 8 3 10 9 9 5 5 5 6 2 3 5 4 2 5 3 6 7 2 3 1 5 7 5 8 6 8 5 4 5 2 9 2 6 4 5 3 2 6 4 7 5 2 6 5 9 6 8 8 10 5 2 10 9 4 10 2 2 5 2 3 8 6 1 5 2 7 2 10 5 5 9 3 6 1 6 1 7 9 3 8 4 6 8 3 9 10 4 1 5 9 4 2 4 3 6 1 6 8 7
6 8 8 9 2 3 1 1 10 8 2 10 10 3 1 2 10 3 10 7 10 4 4 7 7 10 6 0 1 7 3 8 6 4 7 9 9 6 4 6 9 8 4 7 6 3 7 5 3 3 7 8 5 10 4 4 6 1 5 4 5 10 6 2 7 1 6 6 2 4 9 10 7 10 2 4 8 6 1 7 1 6 2 6 3 8 6 10 10 8 8 2 3 1 10 6 6 7 5 8 2 2 4 2 6 3 1 10 1 9 4 2 2 4 5 1 10 7 1 7 6 1 10 6 4 4 4 1 10 10 3 3 9 1 9 3 8 3 4 1 2 7 5 6 4 9 5 2 9 10 7 1 7 2 2 2 6 5 2 7 6 2 7 2 1 2 8 10 3 5 10 7 8 2 6 6 7 6 3 5 9 4 8 5 1 1 4 6 6 9 7 9 8 2 7 5 10 9 9 8
2 3 6 1 6 9 8 2 1 8 3 2 1 2 8 8 3 9 4 2 5 9 4 8 3 3 3 5 0 4 5 3 5 5 3 6 5 4 2 6 6 5 8 9 9 4 7 4 7 10 1 4 3 7 4 7 3 2 9 5 5 5 2 8 6 3 1 8 5 8 1 5 1 3 2 9 8 7 3 10 4 9 10 6 8 6 8 1 5 7 6 7 4 1 1 1 9 9 9 2 10 5 3 9 4 9 6 4 6 5 10 4 6 8 9 5 10 2 3 8 10 8 5 4 1 3 9 2 3 9 8 1 7 10 1 1 1 8 2 9 7 6 8 7 9 3 2 3 10 1 10 1 3 6 3 10 3 7 3 2 2 9 10 1 8 5 4 4 5 10 7 8 10 9 10 6 3 10 9 8 1 3 2 8 4 4 6 3 1 3 2 2 4 7 3 3 9 10 5 8
2 7 6 3 7 5 1 6 3 9 6 8 4 8 2 1 4 3 3 7 9 2 10 8 9 8 3 7 9 0 1 7 7 10 6 1 5 9 7 3 8 8 5 3 2 6 5 10 5 5 7 4 2 7 8 4 1 7 9 5 10 9 3 6 2 7 9 8 9 6 9 8 1 1 7 10 9 9 10 3 6 6 6 8 8 10 7 3 4 6 8 3 5 9 8 10 4 2 4 9 10 3 3 9 4 4 10 2 6 6 8 10 1 9 1 5 6 10 10 9 3 10 5 2 5 4 5 7 10 7 1 8 2 5 3 3 7 7 7 9 4 9 3 5 8 9 9 8 7 8 10 7 6 9 6 2 2 2 7 10 6 2 1 2 9 9 2 6 4 6 10 5 2 1 2 1 8 1 1 1 8 8 4 7 8 10 1 7 5 10 6 3 2 7 8 2 3 8 5 6
4 3 4 6 5 5 9 2 7 8 10 2 2 6 4 3 5 1 3 9 7 2 8 5 3 3 2 8 9 9 0 8 4 6 3 2 10 1 4 5 6 7 10 1 9 5 3 10 7 7 8 10 8 8 10 10 6 6 3 7 3 9 2 7 9 5 8 6 4 8 7 6 10 6 4 9 10 5 7 6 9 8 10 3 6 2 10 4 4 6 4 1 9 5 3 7 8 5 10 8 1 8 4 3 8 5 1 5 7 7 1 10 7 2 7 8 8 9 1 9 7 4 2 7 3 4 8 10 4 2 1 9 6 10 6 9 9 6 7 7 7 4 8 7 8 3 10 5 10 3 2 10 1 10 6 5 2 2 5 2 2 9 3 4 10 8 9 2 2 1 9 4 6 2 6 5 9 1 9 6 5 1 10 6 3 4 4 10 10 5 1 6 6 2 8 8 5 10 1 1
9 4 9 7 2 8 2 1 9 9 4 7 7 6 6 9 10 3 3 8 8 3 2 4 7 7 8 1 10 5 8 0 3 9 7 5 7 6 3 1 4 7 5 10 9 1 6 9 3 7 2 10 3 1 2 9 7 1 5 8 2 5 10 1 7 9 1 1 8 8 1 1 1 9 4 2 9 4 6 9 4 7 6 7 9 1 2 5 3 8 9 7 10 1 9 7 7 6 9 3 5 4 8 5 7 2 7 5 8 4 4 7 2 3 2 5 4 6 6 1 1 9 4 4 4 2 6 9 3 7 7 7 5 3 8 5 2 6 1 3 3 2 5 7 6 7 6 4 7 6 4 3 3 2 3 9 2 10 2 4 9 5 7 8 8 2 5 5 7 10 4 10 5 9 6 6 4 4 10 5 6 5 8 7 4 8 4 4 7 7 4 5 6 4 5 10 7 3 7 2
8 10 4 2 2 1 1 10 9 3 3 1 1 9 3 3 5 6 6 10 9 1 2 3 10 3 4 2 10 7 4 7 0 4 9 7 8 1 9 1 7 6 10 8 8 10 3 8 4 6 5 1 7 2 10 3 5 10 9 6 6 8 3 7 9 6 10 7 2 9 9 8 2 10 3 5 2 10 6 5 2 2 6 7 7 5 1 4 1 9 10 4 6 10 9 5 9 1 1 4 10 9 9 6 1 3 4 4 9 2 6 3 2 9 7 6 8 4 1 7 5 4 8 8 6 9 1 8 1 1 7 1 10 8 10 10 6 10 1 3 9 4 6 4 8 5 10 10 7 4 4 6 10 6 5 6 2 2 10 2 6 8 2 5 10 1 2 10 10 7 8 10 3 3 9 5 6 10 5 7 5 1 3 4 2 5 6 5 4 8 10 7 6 5 2 2 7 9 9 8
9 6 8 6 4 4 10 1 4 9 5 9 9 9 7 5 10 10 9 8 6 7 3 6 9 3 9 5 4 4 2 4 1 0 9 5 9 8 5 1 10 1 4 5 6 6 3 1 1 1 10 4 8 6 3 7 6 9 10 10 6 10 2 5 8 8 8 6 9 10 10 3 9 7 4 10 9 4 2 2 9 7 6 6 8 5 5 2 7 3 4 7 10 8 1 6 7 3 4 5 4 1 3 1 4 6 7 7 8 3 10 7 7 3 9 9 1 10 7 6 4 1 5 4 1 10 5 6 5 4 10 7 7 9 10 9 10 6 3 2 3 8 6 7 9 3 9 3 2 7 9 8 5 2 7 2 4 1 3 8 5 6 10 1 4 5 2 4 8 9 7 3 1 10 5 8 8 2 3 8 6 6 8 10 9 4 7 7 8 10 3 5 2 7 5 6 7 1 3 7
2 2 1 5 2 9 6 4 4 6 1 7 10 9 8 8 2 3 8 4 1 10 10 1 6 4 4 2 1 7 10 6 10 9 0 1 8 6 2 6 4 9 7 3 4 7 6 3 9 7 8 1 9 6 2 6 4 1 8 6 5 8 7 6 9 6 7 9 8 10 9 6 4 10 9 4 4 1 8 3 8 5 3 4 7 6 2 9 6 5 10 3 9 3 2 10 5 9 10 2 7 4 3 10 2 6 3 2 9 9 7 7 1 5 4 1 1 4 2 6 1 6 4 5 5 7 7 9 5 3 2 10 1 8 10 5 6 3 9 2 9 8 2 6 4 8 8 2 7 7 7 10 8 9 4 5 4 8 2 10 5 9 3 1 6 7 3 4 10 10 5 5 10 5 3 8 4 10 10 8 6 5 10 5 10 10 1 5 10 7 2 7 10 7 1 2 6 5 3 8
4 1 4 5 10 4 3 7 5 8 8 5 6 2 9 3 5 9 3 4 8 10 6 7 7 1 6 2 7 9 8 1 10 9 10 0 10 8 6 2 5 3 2 8 2 5 1 7 3 6 4 1 4 5 9 8 7 5 10 6 3 5 1 7 9 9 1 3 6 4 9 3 5 5 7 7 4 1 9 3 10 3 9 5 4 5 5 3 4 9 9 6 7 4 5 8 2 10 5 6 7 3 6 4 7 7 4 2 6 4 1 1 6 1 3 2 8 4 10 7 3 8 4 6 7 1 8 10 1 4 6 10 8 2 7 8 5 1 5 6 6 3 5 1 5 10 8 1 7 8 1 1 3 7 6 5 5 6 7 7 9 10 8 3 8 2 9 3 9 8 5 2 7 6 5 4 9 3 3 8 4 5 7 5 2 1 5 10 10 10 10 7 6 9 9 4 10 1 10 6
7 8 5 10 9 6 5 10 4 5 1 6 3 8 1 10 8 4 6 5 5 3 4 10 7 9 6 3 1 8 10 9 6 6 2 2 0 10 5 7 5 1 3 9 5 2 3 5 2 9 10 6 7 2 10 7 8 6 8 1 8 8 3 8 2 3 7 7 2 1 6 4 5 10 4 8 1 5 6 10 7 10 5 6 9 10 7 1 2 1 4 2 2 3 9 9 9 6 8 1 9 5 3 9 3 6 4 2 7 1 3 5 2 5 10 2 4 5 2 2 9 7 8 4 9 10 1 8 2 4 3 8 9 5 2 2 3 3 4 2 9 5 2 3 6 3 5 2 1 6 8 7 5 1 1 8 9 6 6 4 4 9 9 7 10 5 9 1 3 8 5 9 4 4 10 3 8 10 9 3 10 8 5 4 7 10 8 6 10 8 2 8 4 7 4 3 8 3 10 1
8 8 4 1 9 3 10 8 2 3 6 9 10 8 6 6 4 3 6 4 5 9 7 9 7 4 1 7 5 6 2 6 9 9 5 6 5 0 8 4 3 6 2 1 4 2 8 1 1 6 9 7 8 10 3 4 10 7 1 9 7 4 10 1 1 9 5 8 3 8 10 6 10 1 10 5 7 10 1 7 10 3 5 9 7 3 2 5 10 1 2 3 5 8 10 3 3 1 1 4 5 4 2 6 9 5 3 3 6 1 3 3 1 3 5 2 7 7 5 10 6 5 1 7 2 10 9 9 4 2 1 2 3 1 10 9 5 6 10 3 8 9 8 5 6 2 5 9 9 10 9 8 2 10 7 2 4 6 1 10 4 8 4 2 7 2 8 8 9 1 1 4 3 7 10 9 9 4 4 8 7 8 7 5 9 10 5 10 1 7 3 4 7 5 8 1 9 1 8 1
9 2 4 1 7 1 7 7 2 1 4 5 8 4 5 7 8 6 10 10 2 6 9 6 4 10 3 5 6 6 2 6 8 3 7 3 2 4 0 9 7 2 1 3 3 3 9 2 9 9 2 6 4 7 10 7 8 7 2 10 2 5 6 10 4 8 5 8 3 2 2 2 9 5 4 2 4 1 6 7 7 1 8 5 3 1 6 6 10 7 10 7 6 10 1 7 7 10 7 9 2 8 2 4 1 4 6 4 2 5 2 3 6 3 8 7 6 4 5 2 3 3 9 1 8 6 5 3 5 2 2 9 6 1 1 4 4 9 3 8 4 10 10 5 4 2 5 6 2 10 4 2 6 5 2 1 7 5 8 4 2 1 5 10 5 4 3 3 8 2 2 8 6 7 1 9 4 1 1 2 3 1 6 4 9 4 9 2 8 6 8 3 2 4 7 2 6 2 5 8
5 5 3 6 4 1 4 3 6 10 2 1 6 1 2 9 9 3 3 8 10 4 2 8 6 2 10 10 4 2 10 1 5 10 2 4 1 6 9 0 8 5 8 6 7 1 1 3 9 3 5 2 10 1 9 10 6 6 8 1 2 2 10 1 5 8 6 9 6 5 4 9 9 7 8 8 6 1 10 7 2 10 5 3 10 9 5 9 8 1 9 8 3 10 9 9 4 9 7 6 7 10 9 1 4 5 6 3 6 3 9 9 7 2 2 1 3 6 5 8 4 4 4 9 3 10 9 1 10 9 2 10 8 10 1 5 6 1 2 6 3 1 8 6 7 8 6 5 1 6 5 9 9 8 4 6 1 6 4 6 2 7 3 8 2 5 2 9 1 4 8 3 7 4 7 10 7 9 10 2 9 5 8 10 7 4 5 3 4 2 5 10 7 7 3 1 2 5 8 1
4 3 10 1 1 3 4 6 10 7 9 3 5 10 7 5 2 5 8 3 10 7 3 4 6 4 7 5 10 4 7 1 4 4 3 5 2 3 4 5 0 2 10 1 9 10 2 5 5 10 7 1 10 5 10 7 1 2 9 7 5 8 9 3 8 6 1 4 5 1 4 3 7 2 8 1 10 4 9 2 4 10 5 2 9 4 10 10 9 9 2 6 3 8 4 6 8 10 3 9 7 7 5 5 2 5 7 7 7 1 7 10 8 7 8 9 8 1 2 8 4 2 9 4 1 10 7 2 9 2 5 4 6 5 4 9 3 8 4 10 1 1 2 5 4 10 10 1 6 9 6 1 7 4 5 4 1 7 5 5 2 5 4 2 6 10 2 4 1 7 7 3 5 7 7 1 8 4 1 10 7 6 3 8 10 10 5 10 10 10 10 9 2 4 4 2 7 8 2 7
6 6 10 1 3 5 10 8 7 10 6 4 4 6 10 6 2 2 5 8 8 4 1 4 5 6 5 7 7 9 5 8 10 2 10 3 9 9 3 2 10 0 6 7 6 6 4 9 4 10 10 6 6 3 3 6 9 8 8 8 3 4 2 1 9 7 1 7 2 7 3 8 5 5 2 10 10 8 6 10 2 2 9 8 4 10 3 5 10 3 8 1 8 7 4 7 3 2 6 10 10 3 4 6 7 5 6 3 1 9 6 6 1 6 3 6 2 10 4 9 3 5 7 6 2 4 1 9 1 7 2 4 4 3 7 3 7 8 4 1 8 6 2 1 8 9 9 6 6 4 2 6 5 4 7 3 5 9 4 10 2 8 3 8 6 7 3 8 1 5 1 1 9 7 6 3 1 2 2 1 3 1 10 6 8 5 3 1 9 3 7 9 9 6 2 1 5 9 1 5
9 5 1 5 6 4 9 3 1 4 2 5 10 9 3 5 10 7 3 10 9 4 5 8 1 7 10 9 4 8 10 9 10 9 10 5 3 7 3 1 2 2 0 6 6 9 1 2 8 9 8 8 9 4 9 8 5 8 2 2 7 4 10 9 1 5 2 3 1 6 10 9 5 2 2 2 2 9 8 9 2 9 9 6 4 5 4 5 3 7 5 9 9 4 1 9 4 9 5 8 8 2 6 3 9 2 2 2 7 9 7 9 8 3 5 9 3 4 9 9 8 1 3 2 6 7 1 5 9 5 4 1 9 3 3 4 1 2 7 7 5 5 5 10 4 3 6 5 6 4 5 10 2 2 2 4 2 2 6 1 7 4 6 9 1 4 5 2 4 10 9 2 1 7 3 2 5 10 2 4 2 9 1 5 10 1 8 5 6 5 7 1 10 1 5 2 4 10 6 5
10 7 9 9 2 3 1 9 4 8 2 2 8 5 6 9 2 3 5 9 5 3 3 5 2 2 9 1 6 5 5 7 7 5 7 1 5 7 10 5 3 2 3 0 9 10 3 9 1 8 1 1 4 2 7 9 10 4 7 3 8 6 7 4 2 2 7 7 10 3 3 3 10 8 9 5 10 6 9 6 8 5 5 3 5 4 7 7 10 10 7 4 6 2 8 3 9 6 1 1 10 5 2 3 7 10 2 3 7 3 3 4 9 4 4 4 6 9 6 4 10 5 9 1 10 5 1 9 10 5 6 8 4 8 2 10 3 2 8 7 8 9 5 10 3 9 6 3 10 10 1 3 2 9 10 10 7 10 8 10 4 9 5 2 6 1 1 10 8 6 8 3 2 3 10 8 7 6 7 6 9 4 3 8 8 3 6 5 2 7 8 8 8 7 3 9 10 8 7 10
3 6 9 7 4 1 10 4 8 5 9 5 4 6 5 5 8 2 1 7 10 2 8 10 3 1 9 8 5 3 2 2 8 1 1 1 9 9 9 4 8 1 10 5 0 5 3 9 6 6 8 5 3 1 10 3 7 10 2 7 1 4 5 4 6 3 7 9 6 7 3 10 1 2 4 4 2 6 2 3 3 5 5 5 2 5 8 6 2 5 7 5 6 10 10 6 6 4 9 2 5 6 2 10 7 7 4 5 10 9 10 4 10 4 7 7 2 4 9 8 9 9 10 2 4 5 4 8 10 10 6 4 4 9 8 8 7 7 9 4 1 1 10 6 7 1 2 6 2 7 8 2 2 4 4 1 1 2 8 6 3 3 3 2 6 4 1 7 6 5 9 1 9 7 4 10 7 8 7 7 9 1 10 4 5 4 9 10 9 4 5 3 7 8 5 6 6 2 3 10
5 6 1 3 3 2 4 8 3 10 6 2 1 4 9 3 2 6 10 4 3 5 4 2 4 1 2 5 4 3 7 8 10 8 6 8 9 3 3 7 6 4 10 3 6 0 1 10 5 8 7 7 1 1 8 4 3 3 1 10 4 4 1 3 6 2 5 7 7 2 1 3 6 2 7 4 4 9 1 4 5 2 4 4 6 5 1 4 4 8 1 6 10 1 2 5 2 5 10 1 4 1 10 5 8 7 5 6 2 8 1 1 7 7 8 8 7 4 2 8 6 3 7 5 6 8 9 10 6 10 4 4 7 3 6 2 6 5 4 8 10 6 8 3 1 1 5 7 6 4 7 10 4 9 4 8 6 4 9 2 5 8 9 1 9 1 10 7 7 8 4 7 1 2 6 3 5 1 7 8 1 3 5 7 8 8 1 8 9 4 2 9 5 8 7 1 5 10 10 1
2 2 5 10 10 10 4 2 4 1 10 8 7 10 3 7 7 9 2 7 5 6 2 3 3 6 7 4 1 4 2 6 2 10 9 1 8 10 3 7 8 6 1 1 5 6 0 3 1 1 3 4 7 4 5 8 4 10 9 3 1 4 10 9 1 9 4 4 1 3 7 2 2 5 7 3 2 10 2 6 7 3 4 2 5 5 10 5 6 10 2 8 4 5 10 5 7 2 1 2 8 10 1 4 5 7 6 4 10 6 6 10 2 8 8 3 2 10 2 4 1 9 3 1 7 3 4 5 6 4 5 9 2 9 10 5 1 8 9 1 4 5 8 5 5 7 4 8 1 3 2 4 4 10 2 3 3 1 7 1 1 7 8 8 8 5 1 2 7 8 3 4 4 3 9 9 9 4 5 6 3 5 9 6 9 7 4 6 3 2 6 8 5 5 5 4 5 5 5 10
10 7 5 6 5 7 2 5 1 4 7 3 3 1 5 8 10 2 4 3 7 5 6 6 8 9 2 5 5 3 7 6 3 2 5 5 9 7 6 4 10 3 5 1 4 2 3 0 10 10 7 10 8 8 4 5 1 10 3 9 1 7 8 4 9 1 1 3 6 7 7 9 8 4 2 2 8 9 8 5 5 3 9 9 9 6 4 9 2 7 5 4 10 10 2 1 1 10 2 4 5 7 2 3 10 9 7 10 9 1 5 10 6 5 6 1 7 5 7 1 7 9 8 4 2 5 5 2 4 6 4 2 10 4 8 3 1 5 2 2 2 1 6 2 10 9 4 1 2 7 1 3 5 8 10 7 7 7 3 1 3 7 2 2 10 7 5 9 10 1 10 3 10 5 8 10 5 2 1 2 10 10 10 3 10 3 2 2 4 8 5 9 9 1 6 4 7 1 7 5
4 8 2 4 7 8 7 6 2 4 9 9 6 10 10 2 10 5 8 8 9 8 7 2 9 1 6 3 8 1 4 10 5 10 5 3 4 3 8 7 4 7 9 5 3 3 6 2 0 7 3 7 2 2 8 6 5 10 9 1 9 4 6 4 10 8 1 5 8 10 3 10 4 4 8 7 8 5 6 1 3 1 2 8 2 5 9 10 3 5 3 4 5 5 8 3 1 9 5 3 5 2 3 5 5 6 3 6 10 4 5 3 5 7 3 1 2 9 1 5 3 9 3 1 5 7 5 1 7 4 8 7 9 2 10 4 8 9 8 6 10 9 1 6 3 8 6 6 9 4 1 3 7 8 10 7 3 4 6 5 8 4 1 10 3 6 9 1 7 4 6 6 1 1 4 6 3 2 5 4 2 6 5 10 7 7 3 6 6 9 1 7 4 4 6 7 7 3 9 2
1 2 4 9 10 8 4 7 9 1 5 1 7 9 10 6 5 4 2 8 7 3 4 7 7 4 5 5 4 5 9 3 5 8 9 5 8 5 2 10 3 6 2 1 8 1 3 4 7 0 6 9 9 5 4 9 7 5 9 6 10 10 7 1 2 4 4 6 7 1 2 5 7 4 1 3 1 3 1 2 4 3 9 7 5 10 6 2 8 5 2 7 10 10 8 4 4 2 3 9 9 9 7 6 9 2 5 10 10 1 4 5 10 1 10 5 10 9 4 5 10 9 6 3 9 6 8 6 3 9 2 6 5 4 3 9 7 2 5 8 4 2 9 1 10 10 5 7 3 4 9 6 9 6 1 2 2 5 3 3 9 5 1 9 7 4 10 5 8 7 2 1 8 8 7 5 7 6 7 3 3 6 8 7 2 9 7 9 1 2 6 3 7 6 6 9 5 1 2 1
3 1 3 10 1 1 5 2 9 4 10 8 2 2 7 1 3 3 8 6 1 10 10 8 2 2 1 3 5 9 2 5 2 8 1 3 9 6 7 5 3 6 5 8 10 2 8 5 4 2 0 6 1 4 8 2 6 2 1 7 5 3 8 7 7 2 5 5 1 5 3 7 4 1 1 5 8 10 2 8 1 2 1 4 1 8 7 8 10 9 2 8 7 8 4 2 4 8 4 9 9 7 2 9 10 8 6 8 4 3 7 4 8 9 10 3 4 4 2 9 3 2 3 4 2 4 1 7 2 7 5 10 6 6 4 7 4 6 9 10 6 9 4 1 3 4 7 9 10 9 6 4 1 10 9 9 1 6 8 7 2 7 10 4 9 5 9 1 3 5 1 1 2 3 5 1 1 7 7 6 1 9 9 9 5 10 9 1 1 2 10 10 4 5 6 10 2 10 2 8
2 7 5 2 3 9 9 3 5 10 2 3 2 6 9 3 10 9 1 3 1 6 6 8 9 10 5 3 10 6 6 1 1 10 6 4 2 1 3 6 7 10 4 5 2 2 5 7 3 2 1 0 9 7 1 1 7 8 8 6 8 2 7 6 1 4 8 5 8 7 6 1 6 8 10 6 5 10 2 3 10 9 2 6 9 1 1 3 3 10 1 8 5 1 4 10 9 4 8 2 5 10 1 1 1 10 6 3 8 5 1 4 8 9 4 3 3 9 5 8 4 10 3 5 10 10 4 3 2 9 1 3 3 10 7 4 7 7 3 8 4 2 10 4 5 7 4 2 4 1 6 1 7 9 2 2 2 5 9 10 8 4 10 9 1 2 1 8 10 9 8 10 6 10 4 10 8 5 9 3 10 5 6 3 4 6 9 10 4 3 4 5 9 7 3 7 7 4 8 3
4 5 1 9 1 1 2 3 2 3 7 9 7 3 7 3 7 9 7 5 2 4 8 4 4 3 3 3 5 8 3 9 8 2 1 2 10 1 7 3 5 8 8 4 7 10 8 9 6 2 3 8 0 6 4 5 6 2 4 4 6 3 2 1 5 8 3 7 3 4 4 7 9 9 8 6 3 10 6 5 3 6 6 5 2 5 3 5 9 9 8 8 4 9 3 1 5 6 3 8 1 7 3 9 8 4 7 2 9 1 2 8 3 1 7 4 5 9 9 7 2 2 1 8 9 1 7 1 6 1 4 8 6 8 1 4 8 8 2 4 6 1 7 4 4 5 1 1 10 9 7 8 6 4 4 1 3 8 10 9 3 3 5 3 8 2 3 4 6 10 8 10 8 2 9 9 5 3 5 9 8 2 4 10 7 4 3 3 9 7 9 3 3 6 8 1 6 3 6 3
3 9 6 5 6 2 7 4 10 4 1 5 6 4 8 5 2 10 5 9 3 1 5 4 4 5 8 3 3 3 7 7 2 3 1 4 9 9 10 2 10 9 10 3 4 6 8 4 3 1 6 4 5 0 2 2 9 5 10 5 5 4 5 1 9 4 5 6 3 10 7 9 6 8 6 9 3 5 10 9 10 3 3 5 10 3 10 1 9 3 8 2 4 8 7 10 4 9 2 8 6 10 1 6 1 8 8 9 9 7 10 7 9 9 5 3 7 8 4 2 4 6 5 1 8 6 3 1 10 10 5 5 7 4 4 1 1 3 4 5 3 5 2 10 9 1 1 5 9 4 3 7 3 7 1 1 1 4 7 10 10 7 10 1 2 9 4 8 10 7 5 6 7 9 1 4 3 8 3 7 7 7 6 3 2 4 10 6 4 8 10 9 2 8 7 1 9 1 8 7
6 5 7 4 8 1 8 3 10 2 2 2 8 4 8 9 2 5 6 1 6 5 2 7 8 9 7 8 4 1 6 10 1 3 4 7 10 9 9 3 1 9 2 1 4 5 4 6 10 3 8 7 9 7 0 4 1 2 4 3 2 7 8 3 8 8 8 9 10 8 4 8 10 7 6 6 6 1 9 8 2 2 2 2 5 10 6 10 1 10 1 7 5 7 2 7 2 6 2 8 4 10 3 5 4 1 8 10 7 10 3 5 6 10 5 7 7 1 10 4 9 6 6 8 10 10 2 4 5 10 10 5 4 2 3 4 2 10 10 9 3 4 7 10 9 3 10 4 5 6 6 6 2 9 10 7 4 1 6 5 4 5 10 2 9 5 1 10 1 9 10 4 1 8 6 6 1 2 10 4 3 7 8 4 3 8 1 3 10 2 6 7 6 10 6 10 10 8 5 4
4 1 2 6 7 4 10 1 10 2 2 9 1 1 9 5 1 9 3 2 7 6 9 7 1 10 4 2 4 5 1 6 8 9 1 4 2 8 6 1 5 8 2 10 2 8 10 1 7 6 6 2 2 7 1 0 8 1 2 5 6 3 10 2 2 7 3 3 3 9 6 9 4 5 2 2 8 6 7 2 10 10 10 3 4 7 9 2 1 8 8 1 1 5 8 1 2 1 7 8 9 10 8 6 8 10 3 1 3 10 5 8 6 10 2 7 3 10 3 4 9 8 6 7 1 6 8 7 9 4 10 10 3 1 3 2 7 4 8 2 7 5 9 2 5 6 2 2 3 7 6 3 5 5 4 10 8 2 5 6 7 8 2 8 8 5 9 10 1 5 5 8 6 6 9 2 5 2 2 4 1 1 3 3 3 2 10 10 1 2 9 6 4 8 10 5 6 10 9 3
2 2 1 3 6 6 7 3 7 7 6 5 7 3 4 2 4 2 8 9 8 2 7 4 6 5 3 10 5 10 7 8 9 6 6 3 2 2 3 7 1 1 2 6 5 6 5 5 4 4 7 5 9 5 3 3 0 1 10 3 10 5 10 2 4 2 1 1 3 2 1 7 5 3 1 10 3 7 1 2 10 8 4 9 8 6 4 7 3 10 4 8 9 9 5 9 1 10 7 8 8 5 4 6 7 10 6 3 10 5 7 1 10 3 1 10 10 2 2 6 10 1 2 8 3 2 6 7 1 9 5 8 1 4 5 5 6 10 10 8 2 6 4 7 7 2 5 10 6 4 1 3 8 4 4 7 4 7 6 4 6 1 1 1 9 9 4 3 4 8 3 2 2 6 5 10 6 3 1 4 7 1 8 3 5 1 6 8 6 7 1 3 8 3 1 8 3 8 6 10
7 6 2 5 7 7 3 3 2 8 7 6 9 3 1 6 2 5 5 10 2 7 2 3 2 9 8 1 3 6 1 3 6 4 4 10 1 5 2 6 2 5 5 1 9 4 9 9 3 3 4 6 10 3 10 2 8 0 3 3 10 2 8 7 2 8 9 5 7 3 2 9 4 1 9 10 10 2 4 10 8 2 4 10 5 5 3 7 2 9 3 6 2 7 8 3 8 1 9 3 10 5 7 4 2 3 10 9 3 6 5 3 8 5 6 1 10 2 1 8 5 1 4 9 10 4 4 7 4 5 2 8 4 6 8 7 10 10 4 9 10 9 7 1 7 6 5 4 10 6 2 2 7 3 5 8 7 10 4 8 3 6 1 2 6 9 10 5 5 7 10 7 3 7 6 5 3 8 10 6 3 3 1 6 6 8 8 8 1 7 5 7 2 5 9 9 2 8 9 5
5 1 4 6 10 5 8 5 3 7 4 1 7 4 1 8 10 3 8 7 1 2 9 6 9 4 8 3 3 8 5 4 7 10 4 5 6 4 6 10 4 7 4 9 1 3 1 10 3 3 1 2 9 7 6 10 10 10 0 5 3 1 2 4 9 9 7 10 1 4 4 8 8 6 4 9 3 5 6 7 4 3 7 10 7 4 6 6 6 6 2 6 7 1 9 4 7 7 7 2 2 1 8 6 4 3 3 7 3 1 1 3 3 4 10 7 7 6 7 6 3 5 6 10 3 4 3 7 6 6 3 9 3 4 6 9 2 7 9 10 8 2 1 2 1 1 7 6 3 2 10 8 5 3 3 10 8 4 8 7 4 2 5 8 1 5 4 4 1 9 6 9 10 4 2 3 2 9 1 2 1 10 7 1 8 4 5 3 1 4 10 1 4 5 9 8 6 9 1 9
7 2 7 7 4 2 4 4 2 4 6 1 1 4 4 8 8 1 8 6 9 3 9 7 10 4 1 1 7 6 8 7 6 9 3 1 4 6 9 5 4 10 7 8 9 9 1 5 1 9 2 3 1 1 3 5 4 5 1 0 10 4 8 9 7 4 10 3 1 8 1 8 4 10 8 1 4 2 2 10 3 1 10 9 7 7 7 3 4 8 9 4 1 3 8 2 5 6 10 9 1 7 4 5 8 9 6 9 8 5 6 5 10 2 9 4 1 5 6 8 8 8 10 3 1 4 6 8 3 7 3 4 8 4 4 3 1 5 8 1 6 8 4 4 2 9 2 1 1 2 1 5 3 10 1 6 5 5 9 1 3 10 2 4 5 9 1 1 2 4 1 2 3 4 8 8 8 8 6 2 1 4 1 5 9 1 8 5 9 10 6 8 3 1 5 9 7 1 8 4
5 3 5 2 1 7 3 2 5 9 10 5 7 3 7 5 2 2 3 1 10 4 5 2 10 6 4 10 3 2 7 4 10 6 4 2 3 6 6 8 8 8 9 6 1 9 8 8 1 4 4 10 3 7 4 3 7 6 1 4 0 4 2 3 6 6 9 10 8 10 8 2 9 2 3 5 1 8 2 9 6 2 3 10 6 7 4 3 10 8 1 2 5 5 6 6 5 6 5 9 1 4 1 10 10 7 7 9 5 2 3 3 3 1 4 10 3 5 7 7 10 1 8 8 7 5 3 1 9 7 9 6 9 3 2 2 3 8 4 2 4 10 9 6 9 9 10 10 8 4 8 4 6 7 6 3 10 5 10 4 6 3 9 3 8 9 10 6 4 6 3 7 7 8 3 3 5 3 6 6 4 6 3 1 6 8 10 7 7 1 1 1 7 10 1 10 8 8 3 3
2 4 4 3 10 4 10 4 10 5 7 7 9 9 10 7 2 3 5 9 10 5 10 7 1 10 9 7 4 10 2 4 5 3 10 2 8 6 4 3 7 5 2 1 6 8 9 1 7 1 2 10 2 7 5 10 6 5 9 6 5 0 4 4 10 4 8 9 9 4 4 10 6 5 7 9 5 5 10 6 7 9 5 8 6 10 8 7 10 2 2 8 4 6 2 9 10 2 1 3 8 8 7 8 7 5 4 1 6 5 8 8 5 2 9 1 8 9 6 8 10 10 1 5 8 3 8 1 8 4 6 4 3 10 3 3 4 8 2 10 9 2 8 1 6 10 2 2 4 5 7 5 3 3 10 3 8 2 4 6 10 8 4 8 8 6 3 1 2 3 10 10 3 10 1 3 6 4 6 8 7 7 9 4 7 3 6 4 9 1 7 10 4 8 5 3 1 4 5 3
2 6 6 7 3 6 5 8 5 6 7 7 5 3 8 6 10 3 1 1 9 3 3 2 7 2 8 9 3 5 8 4 4 2 5 1 3 5 4 2 3 9 5 8 1 6 3 9 4 3 7 10 3 2 3 7 2 6 2 2 7 3 0 2 10 7 8 3 5 8 5 9 6 9 2 1 1 4 1 3 7 9 1 4 8 9 6 10 3 10 9 9 9 8 7 5 9 7 3 9 4 3 8 5 10 3 7 2 9 3 1 1 2 2 7 2 3 8 10 6 8 8 3 9 4 1 9 5 2 6 6 5 5 4 8 2 4 5 9 10 2 6 6 6 3 5 9 1 6 3 1 5 7 2 1 5 7 7 2 6 9 1 2 1 5 4 6 9 3 1 4 9 7 9 2 6 3 5 3 10 9 6 8 7 8 9 2 5 1 1 9 3 3 4 6 1 8 1 2 2
3 3 6 10 7 10 6 7 2 9 3 7 8 7 3 9 2 7 1 9 6 10 1 6 9 9 5 7 8 7 8 4 1 8 2 6 1 5 9 4 5 8 6 6 2 7 1 5 6 4 10 6 4 3 5 6 8 10 7 1 3 6 3 0 3 5 4 9 2 3 1 9 9 7 5 1 4 9 1 5 10 4 8 3 6 5 2 1 3 5 7 7 10 5 5 8 9 3 6 10 2 9 1 9 1 5 2 2 9 1 8 7 6 1 4 4 6 2 10 3 5 10 2 5 9 1 6 9 9 10 4 6 6 8 4 8 10 7 3 1 8 9 3 8 2 7 5 7 9 4 6 6 5 1 2 7 8 1 8 3 10 8 9 1 6 7 10 2 4 1 10 5 10 3 3 1 2 10 4 10 9 8 9 7 6 5 5 10 8 7 6 7 3 7 1 4 8 9 7 8
4 2 2 2 7 7 8 1 4 9 5 2 4 8 9 6 8 5 10 6 3 5 3 5 3 9 2 4 9 8 10 8 2 2 4 9 9 5 1 1 3 4 10 6 8 7 4 1 2 10 9 8 5 8 8 1 3 10 9 10 5 10 8 5 0 9 8 3 3 5 8 6 6 8 2 4 9 6 3 9 5 8 10 8 5 7 4 8 9 3 1 5 8 6 4 1 8 6 1 1 5 9 8 8 8 8 7 3 10 9 8 8 9 7 10 9 1 5 5 5 6 2 6 1 2 1 1 5 7 4 8 2 3 9 7 1 4 7 2 9 4 7 9 2 6 2 9 2 5 5 3 9 7 6 2 1 7 2 10 8 2 8 5 4 4 4 6 9 5 6 1 6 10 1 4 7 3 2 2 10 10 4 5 2 6 6 2 9 1 3 2 1 3 6 1 6 4 1 4 4
6 9 4 1 1 3 2 2 4 7 3 7 7 10 5 2 3 1 9 2 3 2 2 4 3 10 8 4 7 2 3 8 8 2 4 8 7 7 8 8 4 8 3 6 1 10 3 7 4 9 9 5 1 6 3 10 5 6 1 7 1 7 4 4 1 0 3 5 6 4 5 3 7 10 10 7 4 2 8 4 9 10 4 4 9 7 1 3 2 7 2 8 8 4 1 2 7 4 6 10 8 8 1 3 8 9 2 6 5 7 4 8 1 4 9 4 9 4 8 3 4 2 4 7 1 4 1 3 8 4 7 4 7 3 7 6 10 1 8 10 9 8 9 1 9 3 2 7 1 6 4 6 1 1 10 4 8 9 2 10 9 7 2 6 5 8 10 8 7 10 4 3 10 1 6 1 4 2 1 10 10 5 1 1 9 5 7 7 6 10 10 5 2 10 9 5 6 7 6 1
3 10 6 8 5 9 1 5 1 4 4 5 6 9 9 10 1 8 3 7 8 4 1 2 9 6 2 9 5 1 1 9 1 1 1 10 5 9 7 7 5 10 5 5 1 6 1 3 8 5 1 8 9 1 9 4 10 1 5 1 4 1 6 6 3 4 0 10 7 3 10 3 4 10 3 6 6 9 2 7 4 6 6 5 8 1 6 9 4 2 3 6 4 8 10 3 10 7 3 6 7 2 3 5 6 9 1 9 1 7 5 7 8 1 10 6 1 1 3 8 4 9 8 4 9 3 4 5 1 6 9 2 4 9 10 1 2 3 10 7 10 6 9 7 10 10 2 1 8 5 5 2 1 1 4 7 4 4 7 9 3 2 6 4 3 2 4 7 8 5 6 5 10 2 6 6 10 7 5 6 6 6 6 10 8 7 7 4 6 6 9 1 6 7 6 4 6 2 1 7
4 4 1 4 7 10 2 7 7 7 1 2 8 2 6 8 7 7 4 2 4 5 7 4 8 4 9 4 7 1 1 2 2 9 1 6 6 3 1 1 8 2 7 3 4 4 10 8 6 4 5 4 6 10 9 6 6 8 2 2 8 6 2 4 5 10 3 0 3 2 3 9 2 10 10 10 9 7 4 4 8 4 7 1 2 4 3 6 9 7 7 5 9 3 4 9 4 9 9 6 3 6 5 6 8 6 8 10 4 9 5 4 1 5 7 8 8 2 6 2 8 7 3 8 3 5 5 2 6 8 8 2 8 6 6 7 9 8 9 2 8 8 2 3 3 10 6 4 3 8 8 4 5 7 5 3 9 3 6 8 6 2 7 10 2 5 3 2 7 7 4 8 1 6 3 1 3 9 6 9 3 1 7 4 5 2 4 9 4 1 5 5 6 10 5 4 8 4 8 1
10 9 9 1 6 9 3 10 3 9 5 9 9 5 8 2 5 5 10 9 1 9 4 1 7 10 8 4 9 1 5 7 10 6 3 8 2 3 8 3 9 5 2 7 10 10 10 5 1 8 6 5 8 3 4 2 7 7 9 9 1 9 2 9 5 7 9 5 0 1 8 8 5 9 8 6 3 9 10 5 1 1 2 10 5 5 8 8 5 1 1 1 6 1 2 5 1 1 7 10 2 6 8 4 8 1 2 2 1 9 8 5 4 5 1 1 3 1 9 2 4 2 10 5 10 7 3 10 9 4 5 6 7 6 7 9 9 9 9 4 10 10 7 4 6 5 8 1 2 9 8 1 4 8 7 6 10 7 2 1 5 10 9 2 2 3 6 9 5 5 5 2 6 2 10 3 9 4 4 5 8 3 4 8 8 7 3 4 2 3 5 9 5 2 7 1 9 7 2 8
5 4 10 8 6 7 5 3 10 1 6 3 9 4 3 2 9 6 7 5 9 4 10 6 2 5 7 5 7 5 10 7 2 3 9 9 2 1 7 9 10 5 2 7 1 9 6 3 1 6 10 7 1 8 5 10 7 9 5 10 9 9 7 7 8 7 5 3 4 0 7 5 8 2 3 10 5 3 5 2 1 9 4 4 9 7 8 5 7 4 3 4 3 9 3 5 3 1 7 6 4 3 4 8 6 8 2 2 1 5 7 9 9 7 10 5 4 3 9 1 6 10 5 4 1 8 2 1 5 4 6 2 4 6 5 5 1 4 9 8 5 7 8 1 9 8 3 6 2 2 7 8 3 4 4 2 9 10 5 9 1 6 3 2 8 6 9 7 9 2 3 3 1 6 7 9 7 3 6 2 5 4 4 6 10 6 8 5 10 7 8 6 8 4 3 1 7 4 9 9
6 2 8 8 3 8 7 7 4 10 5 4 9 8 3 10 2 5 4 9 6 2 2 9 6 6 6 8 5 1 5 10 9 3 6 7 9 6 2 7 1 1 3 1 2 9 9 4 1 6 10 2 1 9 3 2 10 3 8 5 10 6 2 2 1 2 4 8 7 10 0 2 4 3 3 7 6 1 1 6 1 3 3 5 7 3 7 1 9 8 5 8 4 7 3 8 3 9 2 5 1 10 7 2 9 3 6 5 7 8 7 8 3 4 6 5 2 7 9 1 9 3 3 10 2 2 4 10 5 4 5 7 4 1 7 9 2 3 3 10 10 4 8 2 10 8 1 9 5 10 5 8 9 7 6 10 8 4 8 1 8 8 7 1 2 2 2 10 6 6 9 3 1 6 6 5 6 1 7 4 8 3 4 6 6 9 3 5 2 7 5 6 7 1 6 6 3 4 3 6
9 8 10 5 10 9 1 3 9 5 4 6 5 2 5 6 9 8 7 2 7 8 6 1 4 2 2 3 5 4 2 9 2 3 7 5 4 1 7 8 8 3 9 6 3 3 4 1 5 7 4 4 2 6 2 8 5 6 9 1 6 5 5 3 6 6 5 5 7 2 4 0 9 3 4 2 5 5 6 10 2 8 8 1 6 10 7 8 4 4 9 1 9 2 4 6 1 4 7 4 8 1 4 1 6 5 10 3 1 9 1 9 8 9 9 10 9 8 9 5 2 10 7 2 1 8 10 3 4 5 5 2 1 3 2 8 3 5 1 2 10 10 2 6 5 1 7 6 9 6 2 8 5 6 9 7 4 3 2 5 8 3 3 4 4 9 3 2 2 9 9 9 8 4 3 1 3 6 9 2 9 9 6 10 8 10 6 2 1 7 4 9 3 9 10 7 9 1 2 2
2 10 10 5 9 1 8 5 2 7 8 3 8 9 3 2 1 10 4 9 8 1 3 2 7 2 6 5 6 2 2 10 6 1 4 5 3 2 4 3 10 8 5 9 3 6 6 3 1 7 8 7 2 9 1 2 1 3 6 9 4 9 8 8 6 10 5 6 9 1 5 8 0 8 10 9 10 7 2 6 9 2 7 1 10 8 6 4 6 8 8 1 8 9 4 7 2 8 10 3 1 8 4 9 6 5 2 6 2 6 4 6 7 4 2 9 2 9 5 8 4 1 7 4 1 6 3 10 2 6 2 3 3 9 4 8 5 9 5 7 9 1 6 1 6 9 9 7 4 2 4 10 9 1 4 8 6 2 8 6 3 8 4 6 9 10 2 3 4 10 9 9 9 7 8 1 5 2 2 1 5 9 8 8 5 8 1 9 9 5 7 10 9 10 7 4 10 3 10 4
8 7 9 5 5 1 1 6 7 6 8 9 9 9 2 1 1 9 4 7 5 2 7 1 2 1 8 6 10 3 6 8 5 4 5 6 4 3 6 10 5 7 3 3 1 10 2 2 1 5 1 2 3 5 4 2 7 2 3 5 8 10 5 9 9 7 8 8 4 7 3 5 6 0 10 10 2 8 9 9 6 4 2 5 6 9 4 2 2 4 2 4 2 1 6 7 6 8 9 9 7 4 6 9 7 7 3 6 7 4 7 8 1 5 6 6 5 2 7 7 2 8 3 8 3 7 7 4 2 2 4 1 5 1 5 9 9 4 4 3 9 8 4 6 8 5 9 5 1 5 3 8 1 6 8 5 2 9 8 2 2 9 10 5 5 7 7 4 6 5 1 5 4 8 7 7 7 6 3 8 1 10 3 1 10 8 3 8 7 6 9 7 9 6 7 3 6 7 3 7
1 5 4 1 2 10 8 6 9 7 9 7 1 4 1 7 4 4 6 5 3 10 5 1 2 10 8 5 10 3 6 9 3 3 8 6 2 3 5 8 2 7 7 5 10 7 4 9 1 6 2 7 4 1 2 9 4 3 1 8 7 3 6 10 8 9 10 10 6 7 5 10 6 6 0 8 6 1 1 6 9 4 5 10 5 10 7 8 9 7 10 5 3 8 8 8 1 8 9 9 2 3 9 5 1 5 1 9 3 10 4 4 5 4 9 6 4 10 2 8 3 6 4 3 2 6 2 8 1 3 3 3 4 5 5 1 4 5 10 9 5 4 4 3 2 2 5 4 8 9 8 3 3 7 7 8 8 8 6 10 10 3 2 7 5 2 2 1 3 4 8 2 2 2 3 1 5 2 10 4 6 8 1 8 3 8 3 2 6 8 4 7 3 9 8 9 3 6 9 4
7 7 7 10 6 1 3 10 4 2 3 6 10 7 6 4 4 1 4 8 7 9 8 3 6 5 5 10 8 2 2 2 7 7 9 6 9 5 6 3 3 6 2 2 5 3 2 2 2 5 9 1 4 8 5 5 6 1 1 2 6 7 8 4 5 9 4 1 5 6 4 3 6 4 3 0 6 2 4 2 3 6 10 9 10 2 3 2 4 9 6 10 4 7 3 2 1 8 9 4 8 3 9 6 5 1 9 10 10 2 1 4 9 10 3 4 6 2 3 7 10 10 4 10 8 1 1 6 1 4 9 9 3 3 3 1 1 10 6 2 8 5 10 6 1 8 8 3 6 7 6 8 9 4 6 6 1 5 3 10 10 9 3 4 9 5 7 9 5 8 3 9 10 1 10 9 6 9 6 2 7 6 9 10 4 1 8 8 6 4 9 6 9 6 7 2 1 5 2 2
5 3 4 7 1 10 9 9 1 4 7 1 9 9 10 3 9 2 10 1 1 2 1 5 2 10 7 1 2 3 1 2 8 9 7 4 7 9 1 1 1 7 10 2 6 3 2 8 2 7 4 2 2 9 8 1 7 9 2 8 8 9 9 3 9 8 7 1 10 9 3 3 8 4 5 8 0 2 1 4 9 3 7 6 7 1 4 2 8 10 7 7 3 1 10 9 8 9 1 10 7 5 5 10 9 10 1 4 10 7 7 8 5 4 7 10 7 5 2 8 2 5 6 8 10 1 8 2 6 4 5 1 6 3 1 8 3 4 3 2 4 10 5 3 9 3 6 6 10 6 8 10 2 6 8 3 1 7 7 8 2 1 10 10 7 5 2 1 7 4 7 3 4 6 1 5 4 10 1 2 5 4 1 10 10 7 3 1 7 6 9 7 8 3 6 10 1 6 2 1
2 9 10 8 10 7 4 8 8 7 6 9 1 3 3 5 4 1 6 7 9 10 4 9 9 3 9 3 6 2 4 5 6 8 7 1 1 4 4 4 1 9 9 7 9 10 4 10 1 1 1 5 4 10 8 7 6 8 9 9 2 3 8 2 10 1 6 2 8 10 3 6 7 8 8 5 2 0 9 6 10 7 10 5 7 1 5 7 8 5 3 5 4 4 9 4 1 1 1 9 2 3 2 7 9 4 1 9 4 6 8 2 8 10 2 2 8 5 6 8 9 1 3 9 1 10 5 2 5 4 8 5 7 2 5 9 10 2 3 2 6 2 10 3 6 6 6 8 4 3 10 1 8 7 3 4 5 3 10 8 6 5 1 4 8 4 3 10 2 10 3 7 5 1 6 4 1 8 3 2 10 9 5 10 10 8 1 9 1 4 2 10 2 10 7 5 7 2 7 7
4 9 4 5 4 8 7 4 4 1 8 10 5 3 9 5 3 6 4 1 1 3 9 9 8 3 7 7 5 1 6 3 9 1 2 8 4 5 2 8 4 5 3 8 3 9 4 8 9 6 4 7 5 10 10 5 1 1 1 3 9 5 4 7 7 4 8 5 8 3 4 1 9 9 3 6 2 4 0 7 4 3 2 4 10 6 4 9 4 3 9 2 3 5 6 1 8 1 3 9 5 3 6 1 3 10 8 5 9 9 1 2 4 4 8 6 2 7 7 1 3 7 7 8 5 2 1 8 5 4 2 6 7 6 4 6 2 3 3 1 6 1 8 3 4 4 2 6 7 1 9 6 3 10 6 5 4 7 9 10 7 8 8 4 9 5 10 5 7 2 3 3 7 1 9 6 4 7 8 4 8 5 6 8 1 1 5 1 5 7 4 10 3 3 6 9 7 5 4 8
3 5 1 10 5 1 7 9 9 1 10 10 3 10 1 3 6 7 9 10 5 10 10 10 8 2 10 7 7 6 5 5 4 1 6 9 6 7 8 1 8 5 5 9 7 6 8 8 5 9 4 3 6 3 10 9 1 7 9 7 5 6 2 3 5 5 7 10 4 9 4 9 1 5 8 10 1 4 1 0 6 9 9 10 5 3 4 3 2 1 7 8 9 10 3 2 5 8 1 4 9 7 5 10 3 2 3 8 9 10 3 4 6 9 2 3 10 3 4 10 1 9 3 9 10 1 2 9 10 8 5 3 1 1 5 3 10 1 6 9 9 2 9 4 6 7 2 3 1 7 3 5 4 10 3 4 10 1 8 7 7 9 9 2 3 2 1 9 8 3 10 1 5 1 1 9 4 2 7 1 2 1 3 5 6 1 2 3 7 5 1 9 3 1 1 5 4 6 2 6
4 9 6 8 1 6 3 1 3 2 3 6 9 1 4 8 4 4 7 8 3 2 6 5 9 7 9 3 1 1 5 10 8 2 10 10 6 7 4 7 3 3 1 6 7 1 9 4 10 6 2 9 2 3 8 9 5 3 3 4 6 9 7 3 9 1 2 5 1 3 8 3 10 8 1 1 1 1 10 5 0 10 8 7 4 8 8 9 8 6 9 1 9 7 5 2 7 9 8 2 2 5 9 7 3 4 5 10 5 10 7 5 4 7 7 3 7 10 1 8 5 4 3 7 8 1 2 7 2 7 6 9 10 4 7 7 2 9 1 6 3 9 4 9 6 3 5 9 2 10 3 5 6 1 2 10 9 2 8 9 7 5 3 8 5 9 8 1 2 8 1 1 6 5 5 7 7 6 8 3 9 4 4 8 10 2 6 8 7 9 7 4 10 10 1 2 4 1 6 4
9 7 2 6 7 4 6 8 8 7 3 5 1 1 3 8 7 7 3 8 9 9 5 5 9 1 9 6 3 5 5 8 4 2 1 5 9 10 3 2 9 5 3 1 3 5 6 4 5 3 10 6 3 4 8 1 10 6 1 10 3 6 1 10 2 5 5 7 3 5 5 2 8 3 10 9 1 2 3 10 10 0 2 8 3 9 10 2 4 9 10 8 8 2 7 2 8 3 10 9 3 5 1 9 1 5 10 1 4 10 2 10 7 7 7 9 9 1 10 5 10 9 8 7 8 4 3 1 9 5 1 9 6 5 6 4 10 4 9 4 4 9 1 5 7 2 4 2 10 6 9 6 2 2 10 10 5 3 3 4 5 9 9 9 7 8 1 8 8 1 4 4 3 8 6 3 4 6 5 4 10 10 2 10 10 4 5 3 8 6 9 5 8 3 7 2 10 3 5 8
2 4 1 1 2 5 2 7 4 4 4 8 2 10 3 10 4 10 7 4 9 10 9 3 2 6 10 2 7 9 9 7 5 3 2 5 1 4 4 6 7 7 7 10 8 4 2 9 4 10 5 5 8 7 2 3 1 7 3 4 6 9 3 5 3 1 5 4 9 6 4 10 1 6 2 5 9 4 10 3 5 9 0 4 4 5 2 7 5 8 9 6 3 2 9 2 1 4 10 6 4 6 1 9 4 10 1 2 9 6 2 6 2 7 9 9 6 3 1 3 5 5 3 9 7 2 3 2 5 10 5 1 2 3 8 8 1 9 1 5 5 4 2 1 10 3 3 7 4 6 7 4 4 10 6 6 5 10 5 6 8 9 7 1 7 4 4 6 3 9 4 1 3 10 1 9 6 1 8 10 7 6 3 9 4 1 9 7 7 2 7 2 8 9 10 1 9 9 10 7
10 2 1 9 8 2 10 1 9 9 9 7 4 8 3 1 6 5 2 10 9 9 2 4 8 6 1 3 9 7 7 8 2 8 1 10 2 7 3 2 3 4 9 2 2 10 6 1 8 2 5 8 7 1 4 8 3 9 5 10 2 1 3 5 1 4 7 4 3 3 2 5 9 3 8 3 4 6 10 1 10 10 8 0 4 10 7 5 4 1 6 4 7 7 9 3 1 6 9 10 8 9 5 3 9 6 1 8 4 8 8 6 2 3 3 3 3 7 6 2 8 1 1 6 5 8 1 2 7 10 4 5 6 7 3 10 3 6 6 9 5 8 9 7 1 6 10 6 1 4 1 6 1 6 9 5 7 3 3 3 3 10 1 7 4 1 4 1 10 9 1 1 5 2 4 8 5 5 2 7 8 5 5 2 10 4 5 3 10 2 3 7 5 6 8 9 8 10 6 1
6 5 6 3 4 9 8 9 8 1 2 3 7 2 5 5 9 5 10 9 4 9 5 1 9 8 3 7 4 1 6 4 7 9 4 6 9 2 8 2 9 6 4 5 10 3 7 8 4 2 4 6 7 7 4 3 2 8 2 5 6 5 8 4 6 5 8 10 2 10 4 7 4 7 9 1 9 6 9 3 8 6 8 10 0 2 1 2 10 10 4 5 3 4 2 4 10 7 9 8 6 3 7 5 2 1 7 8 4 4 2 6 5 3 10 3 5 6 6 5 1 5 7 6 8 10 7 4 2 5 9 7 7 8 9 3 3 4 4 3 4 9 2 3 7 5 6 7 2 7 7 5 7 10 8 7 8 4 1 8 8 8 6 2 2 7 3 4 6 9 9 2 1 5 9 2 1 2 5 5 2 4 9 5 8 10 1 8 9 10 8 8 5 3 5 6 6 9 7 1
8 7 4 5 2 2 8 7 2 2 9 10 8 5 3 10 10 7 9 3 5 9 3 7 10 5 9 9 1 5 3 1 5 9 9 5 6 2 9 1 6 3 10 1 10 9 9 10 10 3 4 9 9 8 10 7 9 7 2 7 9 3 1 8 1 4 1 4 10 5 10 8 9 10 5 5 6 3 8 1 10 6 9 1 6 0 9 10 7 5 2 5 7 5 7 5 5 6 9 6 6 9 4 4 10 1 8 4 4 3 4 3 9 1 3 9 1 6 10 10 8 10 6 5 4 3 8 6 9 4 8 4 7 8 10 5 9 5 6 5 7 4 7 9 6 10 4 7 10 5 2 8 2 8 2 2 2 1 7 7 6 6 3 6 9 6 1 7 10 5 6 10 7 4 5 7 5 6 5 9 7 10 5 3 7 4 9 7 6 5 1 8 6 10 6 9 3 10 8 2
9 9 4 7 3 10 4 10 6 4 9 7 2 8 3 10 5 10 2 8 9 7 6 3 6 1 3 3 3 6 1 4 5 1 4 1 7 3 1 8 10 9 1 9 4 9 2 7 2 1 10 1 9 8 4 9 4 8 6 7 8 9 10 8 2 4 5 6 9 8 7 10 5 2 8 7 7 10 6 4 3 1 9 8 8 7 0 9 10 9 7 8 1 7 9 2 2 7 6 9 9 10 8 6 3 8 7 9 6 10 9 6 3 4 2 5 10 1 3 9 3 6 5 1 8 2 5 10 9 8 7 1 10 4 7 9 8 10 4 9 8 9 6 8 1 3 3 4 3 1 5 6 3 1 5 1 2 8 3 1 6 3 6 5 5 9 5 1 1 6 9 2 5 4 1 8 9 9 1 2 3 4 6 9 2 9 4 10 9 10 9 3 6 6 2 10 9 6 7 7
7 6 1 10 4 9 10 2 1 4 8 4 4 2 5 1 9 6 8 1 1 5 5 6 10 2 10 3 9 7 8 8 5 10 8 1 2 10 2 3 9 6 2 10 5 6 9 5 1 5 10 9 1 8 2 10 8 1 9 7 10 8 9 2 9 8 8 1 9 6 2 9 8 10 7 9 3 6 10 3 2 1 10 9 4 5 10 0 6 8 9 7 7 7 9 8 6 6 1 6 10 9 10 8 6 1 6 2 1 3 3 7 6 1 1 2 6 4 7 7 5 9 10 3 1 1 4 7 2 8 10 5 2 10 4 1 8 8 2 5 9 3 7 6 6 8 9 1 5 8 2 10 9 10 5 4 7 10 2 3 10 3 3 1 1 8 4 4 9 10 7 5 10 1 5 2 10 10 6 3 9 8 1 8 6 8 2 4 1 9 7 4 4 2 2 10 1 2 10 4
10 2 7 7 3 5 5 2 1 9 1 3 10 1 4 1 8 3 7 5 3 10 9 9 4 3 5 6 5 4 5 5 5 4 1 1 4 4 5 2 3 1 8 8 10 2 5 2 6 4 7 7 5 9 8 3 6 8 8 4 3 9 1 8 5 7 6 1 1 5 2 2 2 1 7 4 9 10 7 3 8 2 4 7 8 1 8 3 0 6 6 5 1 9 3 1 6 7 10 9 6 2 9 10 9 2 4 5 6 6 9 4 4 3 2 1 6 8 3 7 10 4 1 6 7 1 6 1 4 4 8 8 2 6 4 1 10 4 8 10 4 7 1 8 7 3 9 1 5 4 10 4 5 4 10 6 7 9 8 9 2 5 3 3 9 6 6 7 4 6 7 2 3 6 6 9 7 6 9 3 9 8 8 2 2 4 10 3 9 8 5 7 2 1 10 3 6 5 2 5
8 5 9 6 3 9 7 6 4 1 1 1 2 8 3 4 5 4 6 4 3 7 10 7 7 4 1 3 10 5 2 1 4 9 4 1 7 2 7 3 3 8 5 9 6 3 6 2 4 2 7 6 10 4 1 3 5 4 7 3 3 9 3 10 7 7 5 2 9 3 8 10 1 6 1 5 5 6 10 8 9 9 4 2 4 4 8 10 2 0 8 3 3 2 5 2 7 7 1 4 4 9 10 8 3 2 5 7 6 2 2 10 7 7 5 1 3 2 2 4 7 7 7 8 6 4 9 9 1 2 7 5 1 10 2 7 4 8 2 7 9 6 7 1 9 9 3 4 1 9 6 2 8 6 1 10 9 9 2 6 9 9 8 7 8 7 4 3 10 4 7 7 3 6 7 10 7 10 1 2 10 1 2 9 10 4 9 3 2 4 9 2 9 10 4 9 9 5 10 3
4 3 9 3 8 9 3 4 9 9 1 4 5 5 5 7 2 10 9 2 4 5 4 4 4 6 4 9 5 6 8 5 2 9 3 2 3 10 10 8 8 1 3 9 7 5 9 10 8 7 1 6 2 5 3 7 5 2 2 8 10 7 6 4 6 2 3 1 9 8 1 10 5 10 1 6 3 3 6 5 7 2 8 6 1 4 10 9 7 9 0 3 9 7 4 7 6 6 3 2 5 3 5 5 4 3 4 4 9 8 7 9 10 9 6 3 6 9 6 6 8 8 10 10 10 1 8 2 10 6 9 1 8 9 7 1 1 4 3 5 8 5 9 7 9 5 6 6 5 2 5 8 8 1 10 2 4 6 9 10 5 2 10 7 7 5 4 5 4 7 2 10 9 6 6 2 6 4 5 5 9 3 9 7 4 7 3 5 6 4 2 5 4 2 10 10 2 6 5 4
8 4 10 4 6 6 9 6 7 9 1 4 5 9 8 5 9 3 9 6 3 5 10 8 9 7 2 5 7 6 3 2 6 2 4 10 7 1 7 8 2 9 1 9 6 4 2 8 2 4 6 9 4 5 9 6 4 7 7 10 3 4 5 9 7 7 9 5 4 2 7 9 4 1 3 3 3 6 4 4 7 5 6 8 10 6 7 5 7 4 10 0 8 4 7 10 10 8 1 3 5 4 7 6 3 1 2 9 5 3 1 7 1 4 1 8 1 10 6 9 5 7 9 6 10 5 3 2 8 7 4 10 7 3 2 8 3 9 8 2 6 2 9 9 10 2 1 5 5 9 10 8 9 1 10 5 6 7 9 4 1 1 9 3 1 6 4 6 4 3 7 10 7 10 3 6 8 2 10 2 5 1 4 5 9 1 7 10 5 10 8 3 1 7 5 10 6 6 9 6
3 9 2 7 4 7 5 2 9 6 5 4 2 4 10 1 9 3 10 6 8 7 6 3 9 1 1 7 4 9 6 8 1 5 10 7 4 8 8 9 5 9 3 2 6 9 5 8 9 2 7 4 8 3 9 3 7 10 6 5 7 1 5 3 1 8 1 8 7 1 2 4 10 3 4 5 2 3 10 4 1 6 4 7 4 8 9 8 6 6 8 4 0 3 9 2 2 2 10 2 5 9 10 9 5 7 7 10 10 3 2 10 8 8 6 8 10 2 4 9 9 1 10 5 5 1 4 9 8 9 8 6 6 2 10 4 1 1 7 10 9 2 10 3 9 9 5 6 2 8 3 7 9 5 8 2 10 4 8 8 2 5 2 10 6 10 3 3 9 10 1 5 4 4 1 8 5 5 3 4 2 10 10 4 9 5 7 3 2 1 3 1 5 1 3 6 9 4 1 6
7 9 9 5 9 2 4 9 3 4 5 2 10 4 10 1 5 10 6 9 10 10 8 6 1 3 3 2 9 3 6 7 2 4 10 7 7 2 8 4 3 9 4 3 4 10 4 4 9 3 8 4 2 10 10 6 8 6 8 9 7 3 3 1 10 2 9 7 4 7 7 2 4 4 7 6 8 2 2 3 3 1 10 10 9 2 9 6 5 1 4 6 4 0 10 5 2 4 8 6 7 3 10 6 10 5 7 7 8 6 7 10 2 8 6 1 4 1 10 10 4 6 9 1 10 4 9 7 8 7 10 1 6 6 5 4 8 2 9 2 4 1 7 3 2 8 6 8 2 2 2 3 10 9 1 4 7 5 3 6 4 9 7 5 4 5 7 4 2 7 2 2 3 3 6 10 1 4 10 7 1 7 2 6 10 8 7 6 6 9 4 1 9 5 7 10 5 3 9 4
8 5 7 8 4 9 9 6 5 10 4 8 4 2 1 8 6 8 6 6 3 7 10 9 3 5 4 1 4 2 1 7 7 10 2 8 6 9 1 1 8 10 7 5 6 7 6 6 6 6 3 3 1 6 1 4 7 8 1 5 9 8 7 3 4 5 7 8 10 9 2 6 4 1 8 4 8 4 8 4 2 6 5 7 5 6 10 6 7 7 3 10 3 1 0 6 7 4 2 3 9 3 1 4 10 3 8 8 2 3 9 7 3 3 3 2 4 7 10 4 9 10 5 9 3 2 8 2 5 9 4 6 8 1 10 1 3 7 6 7 10 5 4 1 2 1 6 8 4 4 4 4 7 10 2 10 1 3 5 6 10 4 5 10 9 10 7 4 9 10 2 7 8 7 1 6 9 8 3 5 2 8 10 8 1 8 6 6 1 10 6 2 10 5 10 8 9 1 4 4
6 8 10 9 8 2 3 9 9 2 1 2 1 2 2 4 7 2 8 6 3 10 9 6 6 5 2 7 4 4 5 3 5 10 3 4 2 2 4 7 3 1 10 7 8 10 4 5 1 9 8 6 7 6 7 9 9 7 3 3 8 7 10 9 2 10 7 1 9 8 2 5 10 7 4 9 3 2 6 10 8 10 10 10 3 5 10 3 5 3 9 2 2 5 9 0 9 5 8 7 1 3 10 1 8 6 10 8 4 2 5 6 10 7 6 7 10 6 1 1 9 3 6 8 8 5 9 4 9 10 8 7 2 6 7 8 4 7 9 7 10 8 5 6 6 3 5 3 6 5 7 8 2 7 1 5 3 2 8 7 4 10 9 4 8 1 2 2 1 4 8 6 10 2 3 6 4 7 8 3 5 6 7 9 3 6 4 1 5 5 3 5 1 10 5 4 1 6 7 6
10 5 2 7 2 2 2 2 5 2 1 5 6 8 7 3 10 3 6 3 9 9 3 6 8 9 8 7 6 3 6 1 7 6 3 9 10 5 5 8 3 10 2 10 1 6 9 1 8 5 10 10 9 9 7 5 3 10 7 7 1 9 1 8 9 2 5 10 7 9 4 1 10 1 6 10 10 6 1 1 5 4 6 4 1 7 5 8 6 2 2 1 2 9 10 6 0 8 2 10 10 10 3 2 4 3 8 2 10 4 7 4 5 7 6 4 10 2 5 7 7 5 2 7 7 7 5 8 5 3 3 3 3 2 2 5 4 8 5 10 1 8 3 9 9 7 10 7 5 1 3 7 10 2 8 7 2 2 4 1 1 9 7 6 7 2 10 3 9 1 2 5 6 1 1 3 5 3 8 9 10 7 3 8 3 5 5 9 2 7 6 9 8 6 3 6 9 2 9 6
9 8 6 8 5 5 10 6 2 4 2 2 5 6 1 7 3 3 1 4 6 7 1 4 8 7 3 8 7 1 2 7 1 2 5 1 4 7 6 8 8 1 9 10 10 4 9 8 10 7 3 7 7 1 1 3 6 4 2 3 5 2 4 3 1 8 3 8 10 8 4 2 7 1 6 7 2 1 9 4 2 1 10 9 7 8 2 8 4 8 8 4 6 8 7 6 1 0 4 10 6 9 9 5 8 1 8 7 9 10 9 6 6 9 5 1 9 9 5 1 2 9 7 1 7 2 4 7 3 10 6 4 9 6 7 5 10 3 7 6 1 9 6 1 1 6 5 4 6 3 2 10 10 3 4 10 5 5 1 10 2 2 9 3 8 8 8 2 10 8 4 1 5 7 1 1 7 9 6 9 1 5 9 6 8 8 9 5 6 2 4 8 5 6 1 1 1 7 4 5
9 5 8 8 4 8 2 8 3 8 10 5 6 8 2 3 6 9 7 5 1 3 2 8 5 7 4 4 5 6 1 2 9 3 6 8 9 8 4 5 2 4 9 7 1 1 5 7 5 4 2 1 2 5 6 1 9 4 5 8 2 10 5 2 4 1 5 6 8 1 10 3 8 1 7 6 2 5 7 6 6 8 7 7 10 4 6 1 1 8 2 7 3 10 6 6 3 2 0 5 3 9 3 8 4 7 7 3 2 8 7 1 3 7 3 2 6 1 10 3 7 1 1 7 4 6 2 3 8 6 7 10 8 2 7 7 6 2 8 10 7 1 10 1 3 1 4 5 6 5 5 1 7 10 2 1 8 9 5 6 3 2 9 1 6 10 4 7 2 8 9 8 3 4 3 3 5 3 9 6 8 7 2 10 8 6 4 8 7 5 2 4 5 8 6 10 7 4 9 7
8 5 8 1 6 8 1 1 9 3 5 5 7 5 9 9 7 7 10 1 10 5 5 9 3 9 7 4 6 1 2 10 2 3 7 7 7 1 6 2 2 8 5 10 5 5 10 6 8 2 7 7 3 10 9 7 6 8 10 2 5 6 5 8 6 3 5 5 3 2 4 7 3 6 9 3 1 1 1 5 4 10 6 4 9 7 10 2 5 8 1 7 1 3 2 8 7 1 5 0 5 10 8 3 6 2 3 3 3 8 9 6 9 4 10 2 5 5 10 6 4 5 10 8 5 8 4 2 6 4 7 10 4 9 4 6 6 1 1 7 10 2 10 3 4 9 3 6 10 7 1 6 4 3 4 1 6 10 9 3 2 10 8 4 1 1 10 4 2 9 8 7 4 5 4 6 1 8 1 10 1 7 4 9 5 7 1 6 10 5 6 3 9 8 9 1 10 9 3 9
4 6 10 10 1 2 2 10 6 2 6 3 8 7 10 6 1 10 1 2 4 6 1 4 10 1 4 1 7 3 1 9 6 6 10 5 5 7 2 1 10 10 4 1 3 6 9 1 5 10 8 4 8 6 3 8 10 8 6 8 2 5 9 4 7 10 3 1 1 1 1 7 10 9 9 2 1 4 5 9 5 5 9 4 2 10 9 2 1 9 2 2 5 5 3 10 4 10 5 3 0 9 7 3 4 5 8 8 9 5 4 5 9 9 9 2 4 6 10 8 2 7 1 4 1 7 3 6 8 2 8 3 4 9 5 9 3 6 10 8 9 5 4 8 3 2 4 10 9 3 4 7 5 8 10 2 10 4 9 2 2 5 9 5 2 10 5 1 9 3 1 7 2 1 7 7 2 4 3 3 2 7 6 10 7 8 3 1 10 2 4 9 4 1 3 7 4 10 6 10
10 3 7 6 5 1 8 6 5 2 7 3 3 6 4 5 2 10 8 9 1 7 1 10 1 3 6 9 5 10 9 9 3 5 5 10 9 4 5 7 2 6 6 10 9 7 2 7 5 7 10 7 4 3 10 7 5 2 9 9 8 5 5 6 7 9 9 2 8 6 10 1 10 4 4 1 2 4 4 3 1 5 10 3 7 7 8 6 9 10 5 2 4 9 1 3 8 9 6 3 9 0 7 2 9 5 4 9 8 6 9 3 10 9 3 7 7 5 9 10 5 4 5 3 6 5 2 8 7 9 9 3 6 7 3 4 2 3 9 9 3 6 6 9 6 4 6 3 4 10 1 1 9 1 6 10 1 7 3 9 1 2 4 2 3 3 6 10 2 10 4 10 10 9 5 8 8 3 2 6 10 7 5 10 10 5 5 10 2 8 6 4 8 1 9 8 9 6 10 9
10 1 7 5 10 4 3 3 1 4 8 9 2 7 5 3 4 3 3 7 6 3 3 10 8 4 8 3 9 3 7 7 10 5 10 1 2 1 4 6 8 3 8 8 9 7 10 7 9 1 7 7 5 10 10 9 5 2 6 1 6 5 5 7 3 4 3 9 6 3 1 10 2 1 7 1 4 8 7 8 5 8 9 4 3 8 8 10 1 3 7 9 9 8 5 8 5 8 7 5 2 9 0 3 7 2 7 2 7 4 9 9 5 8 10 4 3 1 1 3 7 2 6 10 9 5 4 2 6 7 5 5 7 2 4 6 9 7 2 1 8 1 4 4 5 5 5 9 3 6 3 2 8 5 4 6 3 4 2 6 6 9 10 2 3 4 1 10 3 9 5 5 5 7 4 5 10 7 3 8 2 6 8 2 8 9 6 2 1 4 3 4 8 5 4 4 9 10 8 8
3 6 7 3 10 7 1 10 10 9 4 9 8 5 7 9 7 1 1 4 2 4 3 5 3 1 10 5 10 5 1 7 7 7 3 4 8 7 6 5 8 4 7 5 10 8 7 2 4 8 6 9 8 4 9 1 8 6 10 10 10 2 6 8 2 2 6 1 2 6 10 8 5 10 4 7 3 9 4 1 4 7 8 9 1 5 9 1 8 10 3 3 1 5 6 8 4 4 1 1 8 9 3 0 6 2 5 10 7 6 1 6 5 10 9 8 9 1 7 9 2 6 7 10 3 1 10 2 7 8 7 8 7 5 8 9 5 7 5 7 4 4 7 1 5 9 5 7 10 1 10 9 4 1 1 7 4 3 7 8 10 10 7 10 3 2 3 10 4 2 6 7 10 6 7 8 1 1 1 10 3 1 1 9 9 4 4 1 3 9 5 9 8 1 1 10 1 2 8 3
8 8 2 3 10 5 6 10 1 9 2 1 3 7 9 2 1 4 7 7 7 4 5 6 6 1 5 3 1 5 7 9 2 7 8 2 6 8 10 8 2 3 1 3 4 7 7 1 5 8 8 7 9 10 1 5 3 8 8 4 1 3 8 1 7 10 7 3 3 8 3 9 2 4 3 2 6 9 9 8 6 10 1 1 7 4 1 1 6 2 8 4 6 8 1 9 6 4 2 1 9 3 6 6 0 5 6 8 7 1 5 2 6 5 10 3 8 4 6 2 10 10 6 5 1 7 8 10 10 5 4 5 6 1 2 3 3 9 6 1 8 5 9 4 7 10 9 6 5 1 6 5 10 9 9 7 9 9 9 9 10 9 7 8 4 10 1 6 5 10 2 2 5 4 3 3 4 8 2 1 3 5 8 5 7 3 4 9 1 9 10 10 8 9 7 8 8 7 1 9
6 8 2 5 2 2 7 4 9 3 7 2 6 6 10 10 4 1 4 2 8 5 10 8 1 4 10 10 7 6 3 9 7 7 4 10 2 2 3 8 9 5 9 8 7 5 8 7 4 2 6 10 9 1 4 1 1 5 3 3 7 10 5 7 1 7 3 4 9 7 2 1 2 6 8 3 8 6 3 6 10 8 1 3 4 5 10 7 6 5 7 5 9 10 6 3 2 7 4 5 1 7 5 5 1 0 10 6 9 2 9 7 10 1 2 2 7 6 7 9 4 4 1 6 10 7 3 10 5 10 9 4 2 6 10 5 9 7 10 4 4 4 1 5 9 4 10 10 1 3 5 7 4 1 4 9 2 10 7 7 4 9 6 7 8 7 10 5 4 2 6 4 7 6 1 2 3 9 10 1 3 10 4 4 7 1 7 10 5 10 5 3 2 9 3 3 8 3 7 8
9 1 7 9 8 7 10 5 9 7 5 4 7 7 8 8 7 4 1 4 9 2 1 3 3 10 1 3 8 3 10 2 5 8 8 1 9 6 2 5 1 9 2 9 3 10 1 6 3 4 10 7 7 6 3 10 3 8 1 10 1 2 5 3 3 3 3 7 3 1 9 2 9 10 1 1 10 2 1 5 10 7 2 7 10 9 1 10 1 6 9 1 7 8 4 8 10 2 5 7 8 1 1 7 6 10 0 3 2 9 5 10 10 6 4 4 9 10 10 2 9 3 2 6 4 10 1 4 4 6 6 1 8 10 4 8 6 6 2 9 6 9 9 9 10 4 5 2 4 3 7 9 4 5 8 3 7 9 7 4 2 10 7 5 8 9 10 4 6 2 9 7 3 1 5 5 8 5 9 1 7 5 7 10 8 7 10 2 8 2 9 6 3 9 4 7 5 3 10 9
8 6 3 10 10 7 9 1 3 10 8 10 2 2 9 4 2 9 9 5 4 4 1 2 7 6 8 2 9 4 1 3 2 7 9 4 6 8 3 5 7 9 8 7 10 9 7 4 4 4 2 5 10 1 5 8 9 6 2 3 1 3 7 9 10 10 3 5 5 3 9 2 4 4 10 3 7 7 1 2 3 10 10 5 10 6 2 4 10 5 5 10 7 6 8 5 1 5 9 1 5 1 10 6 7 2 2 0 6 4 5 2 8 10 5 4 5 3 3 5 2 1 3 5 4 4 3 4 2 9 5 8 10 5 7 7 6 9 5 2 9 5 7 7 8 1 3 10 6 2 6 8 9 4 8 5 4 6 5 4 5 4 10 3 5 7 3 7 2 8 3 6 3 4 3 2 6 5 9 3 9 7 4 7 5 4 2 6 10 10 3 7 2 1 6 7 1 4 2 4
6 1 1 7 4 5 1 1 10 1 8 7 3 9 3 7 5 7 10 8 10 10 5 10 4 7 9 4 7 3 9 5 8 4 5 8 8 7 7 3 4 5 7 3 1 10 2 10 7 8 9 9 3 9 1 8 2 3 7 5 5 10 5 10 1 4 2 4 5 7 8 7 7 8 4 1 5 3 2 5 10 8 6 10 1 3 2 4 2 8 7 4 2 8 10 7 8 10 8 4 9 9 2 9 7 4 5 10 0 9 9 7 3 10 1 6 8 8 4 4 5 3 1 5 2 1 7 6 10 5 9 9 10 10 10 5 2 7 10 7 7 2 1 5 9 9 4 4 5 4 1 1 2 1 3 7 10 3 5 8 8 8 5 9 7 3 10 5 4 10 6 4 7 1 9 1 1 2 5 9 1 8 2 9 4 2 6 6 8 3 7 9 10 6 6 2 4 6 7 8
7 2 9 1 7 3 7 9 8 8 6 6 2 9 4 3 5 1 2 5 6 10 1 2 10 5 1 6 10 8 10 2 5 7 6 3 5 7 4 1 9 10 3 10 7 10 8 1 3 5 7 1 2 2 2 2 5 9 9 8 3 8 8 7 8 3 1 5 6 5 10 4 1 7 5 1 9 8 8 3 10 4 8 2 7 7 9 9 2 2 10 5 3 6 2 8 9 6 6 5 10 1 7 7 10 2 9 10 7 0 1 3 8 4 8 9 5 6 8 4 5 4 5 6 3 3 4 4 4 8 5 1 3 2 10 5 9 8 9 3 10 6 6 1 5 5 4 5 8 2 4 7 6 2 7 1 9 9 7 8 6 2 6 6 9 10 1 4 6 1 2 4 4 3 10 6 6 5 2 9 4 7 9 6 10 9 3 8 8 8 4 4 7 1 10 6 9 4 4 2
4 1 1 7 5 7 6 4 8 10 7 1 4 6 2 2 4 8 9 6 3 8 3 6 2 4 8 5 9 8 6 7 9 4 3 5 9 10 5 9 7 8 9 3 7 9 10 9 9 8 5 5 4 7 3 5 5 7 4 3 1 7 5 4 9 9 9 9 7 8 6 10 5 7 10 10 1 9 6 1 6 4 9 1 2 7 6 8 9 3 9 7 5 5 5 1 4 1 7 1 5 9 8 8 9 10 3 4 3 2 0 1 7 3 7 7 6 5 9 5 4 8 7 1 6 7 4 1 4 7 7 9 7 9 3 8 6 7 9 8 7 10 9 10 1 8 1 1 10 9 10 2 5 5 1 10 8 7 2 8 6 3 8 8 5 8 10 1 2 3 10 1 9 6 4 3 2 2 9 4 4 6 3 8 3 8 2 10 7 9 6 9 1 2 3 2 7 7 8 4
10 8 8 7 2 9 9 8 9 7 6 7 6 5 4 4 1 8 6 4 7 9 7 7 1 6 9 3 5 10 2 7 2 4 7 9 6 4 7 5 9 10 9 2 7 4 9 2 4 2 4 2 5 8 3 5 8 7 2 1 8 6 8 2 7 7 10 8 7 6 10 3 9 8 6 2 2 3 8 7 6 1 9 5 3 4 3 7 4 8 7 6 8 4 2 10 1 5 6 9 1 5 5 5 4 9 3 7 8 1 2 0 4 3 9 4 5 3 2 3 4 8 2 3 3 5 9 1 9 6 6 10 3 6 3 9 7 6 2 10 3 9 7 7 4 8 1 6 1 9 7 5 5 6 3 3 9 5 6 5 1 2 3 9 8 5 1 8 5 1 5 3 4 9 5 6 10 8 5 5 1 5 9 1 5 2 6 6 8 10 6 9 2 1 10 8 5 8 4 3
9 9 3 7 7 8 6 4 2 4 9 9 5 5 8 7 4 6 3 3 9 7 1 8 10 3 9 7 2 8 8 9 2 10 2 1 7 10 10 4 10 4 8 7 3 4 2 5 6 3 1 7 9 5 7 9 10 1 9 6 9 3 6 3 4 7 3 1 4 3 8 3 7 8 1 7 7 5 2 6 6 8 10 6 3 10 5 1 10 10 2 5 4 6 6 2 3 1 10 5 3 3 8 5 2 8 3 9 7 5 2 9 0 4 2 3 9 1 5 5 5 7 4 10 7 3 4 7 8 3 3 10 10 10 2 5 4 1 1 7 1 4 10 9 5 4 5 2 4 4 9 7 9 2 5 5 3 4 2 2 9 6 5 5 4 3 7 6 6 9 5 7 8 4 2 7 6 8 3 2 1 10 3 10 1 1 4 10 10 3 1 3 7 2 1 1 8 8 8 2
8 7 10 3 4 2 7 9 9 3 8 5 10 1 6 5 2 2 5 8 10 4 9 7 10 7 7 3 5 5 6 10 9 4 8 8 2 1 4 4 6 4 7 3 3 8 1 2 10 2 9 8 4 4 5 8 4 6 1 5 6 1 9 6 1 5 5 10 5 8 7 9 3 1 6 10 2 10 10 2 4 6 10 9 4 1 2 9 7 1 6 5 6 9 9 1 9 1 3 1 7 7 1 1 8 8 1 1 8 1 4 1 7 0 7 2 8 7 9 2 5 8 4 3 4 5 9 8 5 10 7 7 1 9 10 10 2 2 6 1 10 4 6 6 1 2 2 2 8 6 8 8 5 1 9 3 2 3 2 10 10 10 9 4 5 4 4 5 5 10 4 2 9 1 6 9 9 3 6 1 5 10 7 5 8 7 7 3 9 6 7 1 1 7 6 6 8 8 1 5
3 4 9 9 1 4 7 3 8 2 5 5 9 6 9 5 6 6 3 1 8 8 8 4 5 1 8 3 6 5 9 9 5 5 2 3 9 4 10 5 4 10 10 3 5 5 6 3 6 4 3 5 3 3 2 5 4 2 4 4 5 1 9 5 7 5 2 6 6 10 9 7 10 9 1 5 2 8 7 4 2 1 5 6 8 10 2 8 7 6 1 7 4 6 4 2 6 4 7 9 6 10 10 7 9 8 2 8 9 7 6 1 5 4 0 8 10 2 2 7 5 5 3 9 5 8 4 2 3 1 10 9 10 3 4 3 10 2 3 9 2 3 6 5 10 4 3 7 5 10 7 6 2 5 5 6 2 8 10 10 7 9 5 5 1 4 3 7 3 6 1 3 10 4 4 1 8 4 2 2 10 10 8 10 4 10 4 9 7 2 8 3 1 4 5 3 8 9 4 7
8 1 4 3 5 1 4 3 10 10 3 4 5 7 7 4 7 4 9 5 2 9 10 2 7 4 9 4 7 8 2 9 1 4 8 6 10 5 3 10 1 9 6 10 7 1 3 5 7 10 5 6 7 4 2 2 10 1 5 4 5 7 1 3 4 4 10 6 3 1 1 1 10 2 4 7 4 8 9 8 3 8 10 7 7 7 4 5 7 2 2 1 2 6 3 1 5 7 10 1 8 4 3 4 7 6 7 5 6 1 5 3 4 9 5 0 1 3 1 5 7 5 3 5 10 10 4 5 3 5 8 4 10 3 2 3 10 10 1 6 3 6 4 8 7 4 10 9 5 7 5 10 1 8 10 9 6 7 1 7 10 2 2 6 3 2 3 7 5 9 10 7 2 8 2 5 2 8 2 1 9 6 3 9 8 9 4 10 5 8 7 9 4 1 9 4 7 2 3 8
6 9 7 3 7 2 3 2 4 1 1 5 4 10 2 2 2 6 1 6 7 10 3 5 10 5 7 9 8 3 3 6 6 7 2 6 9 9 2 8 4 7 1 3 10 8 7 4 2 2 6 7 5 1 8 1 4 7 5 4 8 10 5 5 7 7 5 1 1 4 10 8 10 5 7 9 5 2 1 8 1 1 5 9 7 10 7 9 4 5 9 10 9 2 10 3 2 4 10 9 2 8 6 8 2 2 7 10 4 2 3 5 1 7 1 7 0 7 6 3 2 1 10 1 2 8 5 4 6 8 4 9 4 4 2 6 3 9 10 1 10 5 2 8 10 10 7 10 2 7 2 4 4 1 10 2 6 2 1 5 9 8 6 7 2 4 7 3 10 8 1 8 2 6 9 6 10 8 2 4 4 1 10 8 2 6 8 10 9 6 4 10 8 6 3 3 6 9 2 4
8 1 3 7 8 2 9 5 7 2 1 4 5 3 7 7 5 6 6 3 6 8 2 4 1 8 3 9 4 9 2 6 4 6 1 2 9 2 7 7 4 1 9 8 1 3 10 8 4 4 4 10 8 2 8 4 4 6 5 9 5 2 8 2 3 9 9 1 3 7 10 5 1 1 7 9 9 3 6 2 5 6 5 8 10 6 5 2 3 10 7 2 4 3 2 1 1 6 2 7 1 8 1 7 5 8 3 10 5 9 6 1 5 3 2 7 5 0 5 2 9 1 3 10 10 1 7 8 7 2 8 7 8 10 9 7 3 8 5 4 10 2 10 2 6 6 3 9 8 1 5 9 7 2 10 10 2 2 6 7 2 9 4 6 9 4 1 9 9 4 8 3 5 3 10 2 1 7 7 6 2 1 8 1 9 9 3 3 6 9 9 9 4 6 8 3 2 6 9 8
8 1 3 6 2 1 3 9 8 2 1 4 3 3 6 9 10 2 2 7 6 9 3 3 4 2 3 10 7 9 9 7 3 10 10 1 1 2 10 6 1 3 2 2 7 1 5 10 1 5 7 1 2 8 2 7 7 3 5 10 2 9 6 7 6 7 2 2 3 9 6 10 8 5 2 10 1 6 1 3 10 10 1 9 9 6 1 3 9 6 6 9 6 3 5 8 1 7 3 9 9 9 3 2 4 8 7 2 4 10 6 3 3 3 1 2 8 5 0 8 10 8 6 5 7 7 4 9 2 5 4 2 5 4 5 8 1 1 1 2 4 6 9 1 8 10 10 8 3 9 1 4 5 3 6 9 5 1 7 10 6 4 6 2 7 8 3 1 9 9 7 4 1 8 3 8 2 6 5 8 2 3 2 8 7 3 5 2 1 10 5 1 10 9 9 3 6 6 9 2
10 10 7 9 2 4 5 9 2 4 8 4 9 4 9 9 4 9 8 5 6 5 7 6 7 10 7 5 9 5 4 2 7 6 4 3 5 10 2 7 3 4 3 7 7 4 3 3 8 9 10 1 1 6 3 2 8 6 6 8 2 5 7 1 3 5 1 8 4 8 9 2 9 6 6 4 6 10 7 6 6 4 3 6 8 6 7 9 3 6 10 9 6 5 9 10 10 9 1 9 9 8 3 3 8 6 9 3 8 3 3 3 5 9 5 7 4 9 9 0 3 3 7 5 9 6 6 2 9 6 1 9 5 6 10 4 4 4 5 3 9 9 10 5 10 6 7 9 3 7 2 6 6 3 4 10 3 8 6 5 1 7 8 9 5 4 3 2 5 5 5 8 9 3 8 7 2 5 8 10 5 3 8 5 6 10 8 2 5 7 7 2 8 10 8 2 10 4 5 7
2 9 4 7 9 8 4 8 1 3 3 2 3 7 8 7 1 1 2 1 8 8 9 8 9 1 9 1 9 5 6 9 3 2 5 5 9 10 3 7 8 7 3 1 3 6 6 9 6 5 2 10 3 4 7 4 4 3 4 3 10 4 6 9 8 9 6 4 5 5 10 8 4 9 6 9 3 2 8 3 9 8 3 7 6 4 5 8 9 5 2 1 3 4 8 1 4 3 3 7 1 2 8 7 7 5 7 7 9 6 10 8 2 3 10 3 7 6 4 5 0 7 2 3 10 4 3 6 5 3 2 8 1 6 8 6 9 2 4 9 9 4 3 4 10 10 5 8 5 6 8 2 10 4 4 6 3 6 4 5 1 7 10 1 8 8 2 10 5 8 8 7 5 4 3 2 7 10 6 10 2 10 6 7 6 3 7 2 2 6 7 6 9 2 1 4 1 10 8 1
7 3 2 1 2 5 6 4 5 9 2 2 5 7 2 8 3 6 6 8 3 4 3 6 10 7 3 7 2 6 3 4 10 1 9 7 1 4 6 4 6 9 5 1 2 10 5 8 6 1 7 5 1 1 3 7 8 8 1 10 4 8 1 3 8 3 2 3 1 2 2 2 6 9 1 4 5 2 2 2 8 6 2 8 5 7 5 5 10 6 8 8 9 2 10 8 5 4 5 10 6 3 10 7 8 1 10 8 4 5 5 8 3 6 8 5 4 8 1 5 5 0 1 3 1 2 9 6 5 6 1 6 7 6 9 9 5 6 10 9 9 1 1 6 5 7 9 7 3 10 5 7 8 8 8 3 1 3 8 1 5 9 1 6 9 6 4 2 6 8 8 8 1 3 1 4 7 9 8 3 10 2 3 9 2 6 3 4 9 7 10 1 2 3 4 1 1 10 3 3
5 2 6 4 4 7 1 10 7 6 4 6 7 7 6 7 3 1 10 6 1 2 9 10 6 4 10 1 10 4 9 7 10 10 9 6 7 8 9 5 2 1 2 1 4 7 4 1 1 5 3 1 5 2 5 8 1 4 1 9 6 8 10 7 9 9 6 7 9 4 9 2 8 1 7 2 7 2 5 1 7 4 4 6 4 10 6 4 9 10 10 9 6 1 2 9 8 6 3 2 7 4 3 10 4 4 6 6 8 8 5 5 1 4 2 7 10 9 6 9 5 5 0 7 7 9 10 4 9 3 9 1 8 10 10 3 8 1 6 4 5 6 7 2 4 9 9 4 5 1 2 4 6 7 10 1 10 6 7 10 6 10 6 6 2 2 6 9 1 3 9 2 3 2 2 2 1 2 5 4 10 6 6 9 9 2 9 1 6 5 10 9 5 1 2 5 1 4 6 10
10 10 5 6 1 10 5 9 4 8 3 7 5 3 2 1 1 3 2 10 4 6 8 3 2 5 7 6 7 3 7 8 4 5 9 5 3 7 6 7 6 2 8 1 4 1 7 10 1 1 5 6 3 8 9 10 1 4 6 5 8 3 9 5 3 9 7 10 8 4 1 3 8 9 8 1 9 7 5 9 7 6 3 5 7 3 10 3 10 10 5 2 9 6 5 3 3 4 5 7 4 4 6 9 7 7 3 2 1 6 5 2 10 6 8 3 2 1 2 9 2 9 9 0 5 7 7 9 4 1 1 10 10 6 2 6 1 7 4 5 10 7 9 8 3 5 1 5 6 1 9 9 10 3 8 7 3 1 9 1 10 9 3 4 3 5 10 7 6 5 5 1 10 10 4 9 6 3 9 9 1 2 3 1 3 3 3 10 8 5 4 2 8 7 5 2 9 7 3 10
2 1 7 5 6 8 10 5 10 8 4 4 5 6 9 2 6 6 7 1 3 3 1 1 8 3 5 2 2 2 2 6 9 5 4 7 7 1 1 8 3 6 8 9 4 2 6 5 1 4 5 10 2 9 3 5 6 6 2 4 8 1 1 4 1 3 1 8 1 9 6 5 2 8 5 8 3 2 5 2 9 9 6 7 5 8 10 6 3 7 10 3 9 4 5 5 10 9 2 7 6 10 5 2 1 8 7 8 2 3 5 7 10 8 5 4 6 3 3 7 2 3 10 3 0 7 7 4 6 7 7 1 3 8 4 7 7 8 4 5 6 3 3 5 7 6 1 2 10 4 1 9 10 5 2 4 3 1 3 8 9 5 8 4 1 6 9 2 10 4 7 1 9 5 2 10 4 8 1 9 7 9 2 5 7 3 3 8 9 4 7 6 1 7 10 7 8 10 4 5
5 2 3 9 7 6 5 9 10 1 7 4 1 1 6 10 1 7 6 2 4 7 1 3 9 2 8 7 9 10 5 5 7 9 3 3 2 8 6 7 8 2 4 5 6 3 6 1 7 3 7 1 5 7 8 2 5 7 10 5 3 8 9 1 8 8 9 3 10 9 2 9 6 10 9 7 10 5 1 10 5 5 5 3 8 6 8 10 6 9 4 4 5 6 7 8 10 3 1 2 8 3 1 6 10 2 4 6 8 3 1 1 7 1 1 10 6 9 1 4 8 3 6 8 4 0 8 4 1 10 7 7 1 6 8 5 10 5 4 1 1 4 7 10 7 2 10 9 4 2 4 7 4 10 5 1 3 1 1 8 7 5 3 9 2 2 6 10 5 6 1 3 1 1 3 4 1 3 2 8 4 9 4 7 6 9 9 9 1 9 7 3 2 9 3 5 8 8 4 6
2 7 6 2 7 2 6 6 3 3 10 9 8 10 1 4 6 3 10 5 2 5 7 1 2 6 2 5 4 2 5 4 9 4 6 2 2 8 2 5 10 7 5 5 10 4 8 9 2 9 7 5 5 8 3 10 6 10 10 2 7 6 4 4 10 4 1 4 5 9 10 7 3 6 4 8 4 10 7 1 3 2 8 6 3 7 10 2 8 1 10 2 7 8 9 5 8 4 7 1 10 5 5 1 5 1 2 9 10 9 5 2 6 1 5 3 3 3 3 4 6 1 4 9 7 9 0 6 6 3 1 1 7 3 1 8 6 9 3 10 8 8 5 8 9 2 3 4 9 6 3 4 1 10 5 5 10 2 10 8 2 5 9 2 8 5 8 8 4 2 4 2 2 7 10 2 7 9 7 3 5 7 9 5 5 2 10 1 10 4 6 6 8 1 9 8 8 6 5 3
9 5 10 1 8 9 4 10 1 8 7 5 8 6 10 4 3 8 9 4 8 3 10 5 9 10 1 6 7 3 9 2 5 2 2 1 9 10 4 6 3 9 4 7 7 8 7 5 1 1 8 3 4 8 8 1 4 9 5 8 4 3 5 8 2 1 3 7 4 3 2 2 4 3 6 2 5 2 10 3 8 10 6 10 7 1 7 7 5 10 10 9 10 1 1 8 1 2 1 3 2 8 4 1 6 3 1 10 8 2 7 10 4 2 3 3 9 7 6 4 3 7 7 6 10 6 8 0 4 5 9 3 10 2 8 8 4 9 10 3 3 7 9 3 9 4 5 6 4 3 1 6 4 8 10 9 8 9 1 7 6 1 10 8 4 3 5 6 1 7 8 5 6 6 5 8 9 2 5 10 2 9 7 6 4 7 2 10 1 10 7 8 9 8 3 2 4 3 5 3
3 1 9 10 6 10 4 4 1 4 7 3 2 1 6 10 2 6 9 5 2 6 1 7 1 8 3 9 1 8 7 5 2 1 2 2 4 2 8 7 3 1 9 9 3 5 9 1 10 2 7 9 1 10 6 5 5 8 2 5 2 6 2 8 10 3 4 1 9 4 9 1 10 9 7 1 3 6 9 4 10 3 3 3 3 7 4 6 4 5 5 2 6 1 6 3 3 2 1 8 2 8 6 6 10 2 5 2 1 9 8 5 10 7 8 3 3 5 8 9 10 1 9 9 8 2 6 5 0 6 10 2 7 1 2 9 7 6 2 1 8 9 6 6 6 8 10 6 7 6 2 2 8 4 5 1 5 8 3 3 3 2 8 4 3 7 8 6 1 9 2 7 8 8 9 3 2 1 4 5 5 8 4 9 4 3 5 10 2 3 9 2 4 10 1 3 4 2 6 1
10 4 4 8 3 2 7 2 8 3 2 1 7 3 1 6 1 1 5 1 2 8 8 3 7 4 2 6 2 8 5 7 10 7 5 3 7 3 9 5 4 1 8 6 3 2 2 3 8 9 9 10 6 10 7 5 3 2 2 9 3 3 8 5 2 8 8 2 3 5 4 1 6 3 7 3 7 1 7 10 9 8 7 5 5 2 1 8 8 1 10 2 3 6 6 3 9 9 7 3 7 9 3 2 10 3 3 2 6 2 6 10 9 1 6 8 9 4 8 3 8 8 3 2 6 7 4 9 10 0 1 8 3 2 6 9 3 6 8 9 1 8 6 7 8 1 4 9 10 1 7 9 6 1 9 9 9 2 6 9 1 4 9 2 6 1 2 5 2 5 2 3 6 10 6 2 7 9 6 10 2 7 2 2 1 9 10 8 4 1 1 5 6 8 9 3 9 10 9 7
6 4 9 8 4 10 3 9 3 9 5 10 10 1 4 6 7 3 7 3 2 2 1 2 3 9 2 9 1 9 4 10 7 5 10 5 5 2 10 6 3 2 4 8 10 4 1 4 7 7 1 7 8 7 1 3 7 2 5 6 6 10 1 3 2 3 2 9 2 3 5 6 7 1 8 7 1 8 4 4 4 9 9 3 1 7 8 9 10 1 8 9 2 8 4 9 10 8 2 5 3 7 5 10 4 3 5 4 4 9 5 9 3 2 6 9 3 10 8 1 6 2 8 8 4 1 8 9 5 8 0 6 6 8 4 7 3 8 4 8 3 5 2 3 1 2 4 5 6 8 4 8 3 6 1 7 7 9 8 10 10 2 3 5 6 6 10 6 3 7 3 7 8 7 1 3 6 2 10 6 7 9 10 6 9 2 7 8 9 7 3 2 8 10 8 1 1 3 6 9
2 10 6 5 10 3 2 10 3 2 5 8 10 4 10 9 6 3 1 6 4 2 9 3 1 1 9 8 1 6 5 1 8 9 1 10 7 5 10 2 10 8 7 6 9 8 7 6 8 4 4 5 10 10 3 10 4 10 7 7 10 2 4 7 7 6 8 9 5 9 4 7 4 5 5 4 2 3 6 8 4 7 1 4 4 5 6 7 10 9 5 7 6 2 6 7 3 2 9 10 5 6 9 7 4 1 7 2 5 5 10 6 2 5 8 5 5 8 1 7 8 9 1 5 9 1 7 8 5 3 5 0 10 10 9 9 3 6 6 2 3 3 3 9 3 1 7 6 9 4 5 2 7 6 1 6 7 1 5 1 7 5 8 7 9 6 2 8 4 6 8 3 3 2 4 1 7 1 9 8 4 2 4 1 9 5 9 3 10 3 8 5 4 4 10 3 1 10 10 7
1 6 6 5 1 6 10 7 8 10 5 9 6 2 1 1 6 7 2 4 8 8 10 2 4 1 1 5 10 3 5 4 3 4 6 10 1 2 8 3 6 9 1 1 5 7 3 1 10 7 1 4 5 9 7 8 10 3 8 9 7 9 4 7 10 6 7 3 1 6 2 9 8 4 8 7 1 8 1 2 10 7 2 3 10 8 8 5 1 6 6 5 9 9 1 7 4 9 7 8 8 4 8 8 9 5 6 8 1 3 9 5 6 7 3 9 9 4 8 5 5 7 7 4 9 4 6 10 8 9 3 7 0 1 3 8 4 8 4 3 8 3 7 2 1 9 6 4 10 2 4 8 2 3 10 1 10 1 7 5 9 9 5 7 8 10 6 2 2 8 8 4 7 10 8 4 1 7 10 7 8 2 1 6 6 7 7 5 2 6 4 7 2 5 3 7 3 8 10 6
7 9 8 3 6 10 2 3 4 7 4 2 7 10 6 2 7 3 5 9 2 3 5 8 5 10 4 7 2 6 4 9 2 8 3 1 10 7 5 10 1 4 10 8 1 5 8 2 1 9 3 6 8 5 2 2 8 5 5 4 2 7 9 7 3 1 1 2 10 5 8 8 4 7 6 9 1 10 10 1 9 4 10 5 7 7 3 8 2 10 6 2 1 10 10 10 1 3 8 3 4 3 5 6 6 7 6 10 2 10 9 3 5 4 5 10 9 2 1 7 8 3 3 5 7 7 9 7 2 10 3 4 10 0 2 5 8 4 10 8 2 3 8 7 8 10 5 9 2 5 5 5 4 4 8 6 7 10 8 4 10 6 3 6 2 2 2 7 10 7 5 1 1 6 9 10 6 8 1 6 6 8 6 9 8 3 4 5 9 4 3 1 9 6 10 6 10 6 5 10
8 8 7 5 1 4 1 7 9 2 2 8 6 5 7 4 3 6 7 9 1 5 3 5 2 2 3 4 9 2 9 8 1 10 9 4 5 1 8 1 9 10 2 9 10 1 8 10 3 1 8 9 2 7 5 3 5 10 4 5 8 6 5 6 10 5 2 6 7 7 10 7 3 7 1 2 10 10 2 9 5 6 4 5 1 8 4 4 7 8 2 7 10 8 6 10 9 9 9 2 8 4 2 2 2 4 3 6 8 4 1 6 7 1 8 4 6 7 6 7 5 10 8 7 3 6 8 9 10 8 6 6 9 6 0 7 3 8 4 8 8 1 2 4 10 7 4 10 6 8 8 9 4 4 9 1 8 5 5 10 4 5 1 10 3 2 1 9 2 5 8 4 8 1 1 10 9 7 3 4 1 3 2 1 8 10 4 4 6 5 8 9 7 2 6 2 7 1 8 6
4 7 3 6 8 10 5 6 9 2 5 2 5 7 6 8 7 8 4 8 8 6 3 4 8 3 8 5 5 2 1 5 7 9 7 6 2 9 2 6 8 6 6 3 7 1 5 6 7 3 6 7 7 9 3 10 8 9 10 7 7 5 4 6 10 5 9 9 9 6 1 4 4 5 6 9 8 3 8 3 2 1 5 3 8 9 4 4 5 6 3 1 3 10 2 2 1 2 9 4 3 9 8 8 3 10 5 7 10 6 6 6 2 7 3 9 4 8 1 1 4 8 1 1 1 2 8 10 9 4 7 4 2 9 10 0 8 2 7 8 8 4 3 8 6 6 3 4 3 7 4 3 6 10 10 1 3 2 7 3 3 7 5 7 4 8 3 4 5 7 5 5 2 10 9 7 10 3 2 5 6 8 5 1 10 8 2 2 9 2 8 7 8 3 3 4 3 3 9 3
9 8 3 8 7 7 8 9 9 3 2 6 4 7 5 5 4 5 4 2 2 4 6 2 9 8 3 3 9 3 5 9 7 2 1 3 2 10 9 7 6 7 8 6 3 1 6 6 4 2 1 3 2 6 5 10 2 2 6 2 7 1 7 2 6 7 3 8 6 5 5 7 5 2 7 6 9 2 5 4 9 9 1 7 1 3 7 8 10 1 2 9 10 7 10 3 5 3 4 6 10 3 10 1 9 1 4 7 9 7 2 2 6 2 10 5 7 10 1 7 1 1 5 5 4 9 8 10 3 7 8 8 6 1 4 6 0 10 1 10 10 9 3 4 8 8 5 8 5 6 5 9 1 6 2 7 4 6 3 9 7 3 8 2 5 4 4 10 1 7 9 10 4 1 5 3 3 9 9 9 8 2 1 3 10 9 4 4 3 4 3 10 8 4 7 4 10 7 6 6
10 6 5 9 1 3 4 6 9 3 6 6 6 5 7 5 6 2 1 6 9 1 8 3 3 7 4 1 7 3 3 7 6 4 2 5 2 5 2 2 1 8 4 2 8 10 8 2 6 6 10 2 3 2 2 3 4 6 2 1 2 1 5 6 6 4 8 4 6 9 9 9 3 5 7 1 4 2 4 2 3 3 4 6 10 9 7 10 3 9 3 3 7 1 3 1 9 5 2 5 8 4 1 7 9 9 2 6 3 4 6 9 9 1 10 1 8 7 5 8 6 10 1 6 1 4 6 6 9 1 2 8 6 7 10 4 3 0 8 1 1 2 6 2 6 10 8 1 3 2 4 5 5 2 5 8 10 2 3 9 9 7 5 1 8 3 3 1 2 4 9 1 9 3 6 8 7 8 3 4 6 8 10 3 6 4 2 6 1 3 6 1 2 1 8 1 1 4 1 3
7 8 2 9 2 7 2 2 3 2 7 6 9 5 8 1 7 10 10 4 10 6 1 2 8 10 10 4 9 5 5 5 8 5 8 7 4 2 7 1 10 5 7 1 6 2 4 1 1 8 7 5 5 1 3 9 8 3 7 6 8 4 7 7 5 9 6 3 10 10 2 3 9 3 4 2 4 10 1 8 7 6 4 1 4 6 3 1 10 7 3 9 9 6 10 8 7 9 10 8 3 1 7 9 1 8 1 4 5 7 2 10 4 10 10 10 8 7 9 8 7 5 10 7 8 7 6 7 3 1 3 8 1 8 8 3 10 10 0 3 9 5 8 1 8 7 2 4 10 8 3 3 1 8 3 4 6 2 3 1 10 5 1 9 2 10 8 2 6 4 3 7 3 1 6 7 3 4 7 10 6 2 8 5 3 7 2 10 2 3 4 3 9 10 5 10 3 3 4 6
6 8 2 8 3 4 2 3 3 2 5 3 5 2 2 5 9 3 9 2 6 2 1 7 5 9 8 9 9 1 5 8 5 10 9 7 9 5 5 7 6 2 10 9 4 10 4 6 1 5 2 7 5 2 9 1 5 8 6 6 9 8 10 8 3 8 9 9 3 5 7 3 7 7 4 4 8 4 4 2 7 6 8 7 7 5 10 8 3 1 6 3 6 3 3 10 4 4 8 7 4 7 3 6 8 7 9 10 1 3 8 6 4 6 6 7 5 7 9 1 3 8 3 6 2 2 7 9 5 2 4 8 4 4 1 2 1 9 2 0 6 8 9 9 2 6 2 5 9 4 4 5 3 1 6 2 9 6 1 6 6 4 9 7 6 4 7 2 5 5 10 2 2 4 6 8 3 9 6 10 5 9 5 1 5 9 7 3 8 4 5 2 9 9 5 8 3 3 6 6
6 10 9 9 7 3 6 10 7 6 8 6 7 1 8 5 6 3 3 10 4 7 7 7 6 1 4 7 1 6 5 1 2 9 3 7 6 8 7 5 5 4 9 4 8 1 4 4 1 5 7 1 1 3 10 10 4 7 8 7 4 4 5 4 5 3 10 8 8 2 10 1 7 9 2 6 8 9 3 2 10 8 3 2 7 1 2 7 3 4 2 1 7 5 2 7 8 6 5 1 7 8 10 10 4 10 5 5 8 2 5 9 10 6 9 6 8 5 6 6 4 10 5 2 5 7 1 6 10 6 4 6 5 8 2 1 1 1 2 1 0 2 9 10 8 3 4 7 9 6 4 6 7 7 10 8 3 8 5 3 9 10 3 2 5 4 8 2 6 1 9 2 10 8 8 6 4 3 6 5 6 1 1 1 1 4 4 10 2 8 4 5 5 5 1 6 9 6 5 9
4 1 4 1 1 7 9 4 2 6 10 5 8 2 8 4 3 5 7 9 8 3 8 4 6 1 5 1 7 7 3 5 10 9 5 8 7 8 10 2 6 3 7 6 5 9 6 7 4 4 7 2 9 4 4 8 6 10 2 5 10 8 7 6 3 1 6 10 10 9 1 3 2 5 8 6 3 6 8 10 7 9 1 1 6 2 1 6 8 9 4 4 7 7 5 7 10 6 10 7 10 10 5 5 8 3 2 8 3 4 6 5 8 3 4 10 5 6 7 9 7 9 1 3 9 2 1 8 1 4 5 8 4 10 9 6 1 3 3 6 9 0 2 6 10 2 9 2 4 7 9 10 7 9 1 6 3 9 8 7 7 5 6 3 3 3 5 6 8 5 7 5 3 4 5 1 7 1 4 2 10 5 6 8 8 5 9 8 3 8 4 8 9 2 8 7 1 5 6 7
9 5 9 5 4 5 4 7 4 9 5 3 9 1 10 6 3 1 3 6 4 2 7 7 2 8 7 5 5 5 1 6 5 1 2 3 9 2 8 8 3 1 4 10 3 4 5 2 8 2 6 9 5 2 8 6 8 5 5 9 10 9 8 9 7 6 7 6 4 2 4 1 4 1 1 7 3 8 6 9 8 6 7 10 5 3 8 7 5 7 9 1 6 6 1 6 10 1 1 5 1 1 6 10 5 4 8 8 10 3 2 4 2 2 7 7 7 8 9 1 4 3 9 3 4 7 9 4 4 9 7 3 3 2 4 1 4 1 8 4 6 8 0 10 6 2 9 2 2 3 6 6 6 3 9 7 10 2 1 5 7 4 5 8 8 9 10 8 1 4 7 7 10 10 5 3 4 8 10 3 8 7 4 3 2 8 10 10 5 5 8 3 10 5 10 4 9 8 10 10
2 6 1 6 4 4 8 4 6 2 3 10 1 5 6 4 3 8 9 9 4 2 5 6 3 9 1 10 4 5 9 5 1 8 5 4 4 3 9 7 5 5 9 1 4 8 10 9 7 3 8 8 9 8 6 9 2 4 9 9 5 3 10 5 9 10 9 9 7 10 5 7 8 4 4 8 6 4 2 6 7 1 7 1 3 8 9 5 2 9 6 1 4 10 6 9 4 7 7 5 10 9 4 2 5 7 4 5 6 4 3 10 2 8 8 3 3 10 2 10 9 5 3 2 7 3 7 1 10 3 8 5 3 1 7 10 1 4 3 3 8 4 8 0 1 7 6 4 1 4 7 1 6 8 8 9 6 10 3 6 2 3 1 8 1 3 6 1 7 3 10 7 1 4 6 5 2 7 5 4 4 7 9 5 1 8 8 6 8 3 8 4 1 9 4 7 10 3 5 2
9 6 8 9 9 1 8 6 3 10 7 2 2 6 7 1 7 10 7 10 9 3 2 3 2 3 2 7 3 1 10 10 3 1 1 2 1 2 1 5 7 4 6 4 3 5 5 8 8 5 6 6 4 1 1 5 10 9 9 4 2 6 10 4 3 8 2 9 6 7 10 3 9 3 8 2 9 9 8 6 9 3 7 3 10 9 7 2 10 3 3 7 8 3 9 4 5 9 10 10 1 10 4 5 3 8 3 6 5 3 2 9 4 5 6 2 3 7 1 3 5 10 7 8 3 2 6 1 4 4 7 3 4 9 2 3 3 6 7 2 8 4 2 5 0 1 6 10 5 6 5 4 1 8 4 3 2 2 2 4 9 2 10 9 4 8 5 8 1 5 6 9 5 4 1 4 6 2 3 7 5 7 3 1 7 4 3 10 10 5 7 2 6 6 10 9 8 5 9 2
5 6 1 3 3 4 3 1 7 3 8 10 9 8 4 10 1 9 5 2 1 8 7 2 1 5 9 7 3 4 10 10 5 10 8 2 4 1 2 7 7 1 3 10 5 2 1 7 9 9 2 5 4 8 2 10 4 10 2 2 1 2 5 8 10 2 1 2 1 8 10 4 10 4 5 9 9 10 9 6 9 3 3 10 7 2 9 3 4 2 4 1 5 4 10 10 6 2 7 9 7 5 1 9 8 3 7 5 3 8 8 5 7 6 1 8 5 4 10 2 3 3 3 10 5 2 4 4 7 6 10 6 9 8 5 6 2 10 3 4 2 5 1 4 1 0 4 1 3 9 10 1 3 4 2 4 5 10 3 1 3 2 8 7 2 7 5 6 7 7 1 8 10 1 9 4 2 7 4 7 3 9 10 9 5 10 6 3 5 3 1 1 3 6 6 5 4 3 7 7
3 9 7 3 8 7 5 4 5 6 6 2 9 4 1 9 9 9 7 4 4 3 2 8 10 1 5 6 10 8 8 1 3 7 4 9 7 9 1 4 7 5 9 10 7 7 7 6 4 8 6 10 9 6 9 7 7 9 10 1 10 6 9 6 5 9 3 10 4 9 5 8 1 2 8 9 1 8 6 3 8 2 1 3 8 10 8 10 7 2 2 6 5 9 6 3 2 4 1 3 10 7 10 2 4 8 6 7 5 3 2 4 8 2 9 7 2 3 10 8 8 5 7 9 7 10 6 9 9 10 9 2 3 8 9 4 1 1 5 1 6 2 8 7 9 9 0 4 10 6 8 6 6 8 8 6 6 3 7 1 2 9 6 5 3 2 5 9 7 9 3 2 9 10 8 5 2 2 6 2 5 2 1 2 6 2 2 9 6 2 10 5 8 4 2 1 7 10 8 7
3 10 2 6 9 1 1 4 4 10 7 7 8 10 3 6 9 7 4 2 10 7 4 9 2 5 1 4 4 5 8 5 3 10 3 5 10 1 3 7 6 4 4 4 6 8 5 8 5 4 2 2 9 7 6 1 4 6 10 3 10 4 2 5 4 7 9 4 4 8 1 6 4 9 4 10 9 1 7 7 2 9 2 2 5 4 8 6 9 1 7 6 9 6 10 9 7 5 9 9 2 5 2 1 4 4 9 2 7 10 9 7 2 5 9 3 6 5 1 9 2 5 4 10 5 4 6 9 3 3 1 1 8 4 3 9 1 8 9 6 2 7 10 1 1 2 10 0 4 3 5 8 4 3 1 10 2 3 8 2 6 1 7 4 4 4 9 5 8 8 4 10 5 8 5 1 1 6 7 5 5 4 9 2 1 3 7 4 1 9 2 8 10 3 5 3 3 4 3 7
8 1 9 3 2 3 6 7 4 7 8 2 8 5 6 3 6 4 4 4 10 2 7 6 1 4 1 7 5 8 10 6 1 7 7 9 4 6 10 7 3 3 2 6 2 6 3 8 9 2 1 5 2 7 2 4 6 2 2 9 3 9 5 9 4 7 9 2 10 7 9 2 5 9 10 1 2 4 1 7 6 5 7 9 4 6 3 3 8 4 1 3 5 1 1 2 1 9 7 9 1 6 9 4 10 1 6 6 9 3 1 3 1 6 9 9 1 2 2 1 8 6 6 9 9 1 5 7 8 10 4 2 4 4 9 6 3 10 8 3 5 7 4 10 7 3 5 5 0 2 3 4 3 8 5 6 10 8 3 3 5 1 4 10 5 10 9 8 3 6 6 6 5 2 10 7 8 4 5 2 8 6 3 9 3 7 6 3 6 5 1 2 9 4 3 9 3 1 7 7
1 3 1 8 10 5 7 9 5 1 8 4 2 9 3 4 2 6 10 8 2 5 1 10 10 2 1 7 4 4 10 3 3 8 2 5 2 4 4 8 5 5 2 7 10 5 9 4 10 2 4 7 10 3 1 9 6 10 9 3 3 4 2 9 9 9 4 8 10 7 2 6 2 7 5 6 6 4 9 7 6 5 6 7 6 1 3 2 9 5 8 4 7 4 10 8 2 7 10 4 1 8 1 4 3 3 3 7 10 10 5 5 2 9 7 1 5 2 8 4 4 2 2 10 5 6 2 7 8 5 4 9 9 6 10 6 8 5 8 10 1 5 3 1 4 4 2 8 10 0 2 3 9 9 5 4 2 6 1 10 2 1 4 8 5 2 3 5 9 7 1 9 3 2 7 1 2 8 4 1 1 2 1 5 7 7 3 8 9 2 4 8 9 1 1 10 4 2 8 4
8 3 6 2 4 6 4 8 10 5 6 3 9 3 7 8 8 3 10 3 1 9 5 3 6 10 9 9 10 5 10 4 9 3 2 8 1 7 3 9 8 1 10 9 1 3 2 7 8 3 2 9 6 10 4 8 7 3 8 10 7 8 8 1 5 1 1 6 6 10 4 2 2 9 7 10 7 4 3 6 9 3 10 3 7 2 3 1 8 2 10 5 10 4 8 1 1 5 6 3 8 1 10 6 7 2 1 9 8 8 7 5 5 4 3 3 2 2 4 8 5 2 6 1 7 10 7 7 10 10 2 3 3 2 5 9 2 9 3 6 5 8 5 9 4 1 6 1 9 6 0 10 8 9 6 10 8 6 9 3 6 5 1 2 7 1 7 1 4 3 5 3 9 5 6 7 6 4 4 7 10 7 10 5 10 8 3 2 2 8 4 5 3 10 6 7 10 1 4 6
8 2 3 1 9 6 10 5 1 8 8 8 4 3 2 8 3 9 7 3 5 3 9 4 8 1 2 2 3 8 7 9 6 2 8 5 3 8 10 2 4 8 1 8 8 5 8 9 2 4 2 1 7 8 8 6 3 9 1 1 9 8 2 4 3 3 4 5 8 10 5 2 4 9 5 10 5 6 8 8 7 6 4 8 7 4 1 1 1 2 3 10 4 2 7 3 8 5 5 4 2 2 7 8 7 8 5 2 4 8 3 5 10 8 2 2 9 8 5 8 1 7 10 9 7 1 10 9 5 1 7 7 2 9 3 8 5 10 6 10 5 3 1 1 8 2 3 8 3 3 7 0 4 1 6 1 7 9 3 2 8 4 8 1 1 6 9 2 2 1 3 3 10 1 8 8 2 7 5 4 4 9 7 1 3 8 5 1 9 10 10 4 10 4 6 9 7 1 10 6
6 7 3 3 7 4 8 8 3 3 7 9 5 3 5 6 1 4 2 9 10 4 2 5 2 4 1 2 3 1 5 9 4 4 9 3 5 2 10 1 3 6 10 6 2 9 8 1 6 4 5 10 6 8 7 10 5 8 8 5 8 4 2 3 4 9 7 8 1 4 10 9 7 1 6 7 4 1 7 3 2 7 9 3 10 3 2 5 8 6 5 5 6 5 7 1 6 1 4 5 2 10 7 8 10 4 10 4 3 1 4 6 9 3 4 1 9 1 3 6 10 5 5 3 9 9 8 5 5 5 9 6 9 2 6 5 8 2 1 1 1 4 6 9 3 7 9 7 4 3 5 8 0 6 8 4 6 2 5 3 4 10 1 7 7 5 3 2 2 10 6 3 10 6 8 9 3 8 6 8 1 5 8 1 1 2 9 8 9 7 5 6 1 7 6 5 5 6 6 3
4 1 3 3 5 8 10 1 9 5 4 10 6 9 2 5 10 9 4 3 6 8 4 3 4 10 1 3 1 2 7 3 5 1 8 7 8 4 9 1 3 4 8 7 5 5 8 2 6 4 1 5 7 8 6 9 10 3 6 1 1 6 1 3 10 5 5 9 10 9 4 4 7 9 8 4 8 5 8 1 9 4 8 2 8 3 3 2 6 5 3 9 7 7 2 4 5 4 8 2 6 1 2 7 4 2 1 3 6 9 3 7 9 5 5 4 4 7 6 6 4 8 7 4 5 3 3 7 6 8 1 3 7 5 5 10 6 8 4 5 5 10 5 6 5 9 8 7 9 4 6 3 4 0 10 9 8 10 7 3 9 10 6 3 4 9 3 5 6 8 8 2 2 3 8 4 7 7 2 1 2 1 2 2 7 2 6 1 6 5 8 5 4 6 8 1 2 9 4 7
2 8 4 5 1 6 9 7 1 6 3 3 10 10 10 9 2 9 6 9 10 5 4 3 2 2 9 5 5 7 8 10 3 3 3 3 1 2 7 2 9 5 6 3 6 8 4 5 3 10 10 8 3 9 6 7 7 2 9 8 2 3 7 4 8 6 1 6 6 10 3 10 1 8 8 8 9 6 4 2 5 2 7 9 2 7 5 8 3 9 2 3 5 9 9 1 3 10 9 5 3 8 10 10 9 4 4 10 9 4 10 4 4 8 3 4 5 2 4 10 6 5 8 2 7 6 7 9 10 3 4 3 4 4 2 4 7 3 7 9 4 5 3 2 10 9 1 2 3 4 9 1 7 5 0 9 7 7 8 3 5 4 1 3 5 4 9 10 4 8 3 2 2 2 1 6 5 1 2 9 3 6 7 9 1 3 9 2 10 4 7 5 1 5 3 3 4 4 2 3
5 9 4 8 1 10 9 7 5 8 10 2 10 8 9 6 5 4 1 5 5 5 10 1 10 2 5 5 10 9 1 8 6 1 6 8 6 7 2 2 6 10 5 1 2 6 10 2 9 10 2 7 3 2 5 6 5 1 7 10 3 6 5 2 3 1 1 10 1 7 5 9 5 7 5 1 4 8 7 8 3 3 7 2 1 7 3 5 3 4 9 4 7 3 2 5 5 6 3 8 1 10 1 3 6 6 8 3 2 2 3 1 1 9 2 2 1 1 4 2 7 6 6 1 9 7 3 4 3 2 9 1 9 9 4 3 3 1 7 6 8 5 8 7 10 4 3 2 5 4 7 8 3 1 2 0 8 6 5 1 10 6 7 8 2 4 6 7 9 4 7 7 1 4 9 2 6 1 10 8 5 6 9 3 3 5 3 1 9 2 5 1 2 2 6 10 1 10 3 7
7 10 9 5 1 10 8 7 5 1 8 1 4 8 1 6 1 3 2 8 9 2 7 9 4 7 10 8 2 4 5 4 5 7 2 3 7 4 1 6 8 6 9 7 10 8 9 10 2 1 5 4 2 4 6 5 5 6 4 5 9 2 3 3 6 3 2 2 5 6 9 6 2 7 1 7 7 2 2 9 4 3 5 2 2 3 7 10 6 2 7 8 3 6 6 8 9 9 2 9 1 6 7 7 6 5 4 10 3 10 3 1 7 10 9 1 10 9 6 9 3 10 8 3 1 3 7 5 10 10 9 2 8 4 1 10 4 2 9 1 10 6 9 1 1 10 2 5 1 2 6 3 2 2 3 5 0 1 2 6 4 1 9 4 2 4 8 9 5 9 6 2 10 8 5 10 1 3 8 4 10 5 1 4 8 2 3 4 7 4 7 3 4 5 1 9 6 1 1 2
10 9 9 3 1 2 3 10 7 2 4 3 10 1 5 1 6 5 4 9 2 8 4 10 4 2 1 4 2 6 5 10 3 3 10 1 2 8 5 4 8 2 2 6 9 4 7 1 1 2 10 2 2 3 3 8 10 8 1 1 8 7 6 9 5 7 1 3 6 8 3 2 10 4 5 7 4 1 7 9 7 6 10 1 5 6 6 4 9 7 6 8 1 1 8 3 3 6 2 3 3 5 6 1 9 10 9 8 6 9 2 7 1 8 4 9 7 7 7 4 2 7 1 4 9 5 8 4 4 7 9 10 4 7 8 4 8 5 8 8 9 4 1 2 6 2 1 4 3 3 1 3 4 8 7 8 9 0 10 9 10 10 9 9 9 8 5 2 1 1 7 1 5 4 5 6 8 7 2 8 8 7 8 5 5 2 10 9 8 9 5 6 6 2 4 9 1 4 8 2
2 6 10 7 8 3 2 9 5 4 4 5 7 3 8 6 3 1 1 8 6 4 5 3 9 5 3 9 8 3 6 3 2 3 1 9 8 6 2 7 2 2 4 6 2 5 2 8 3 9 5 1 9 2 4 9 3 6 8 6 7 5 6 2 2 1 3 10 1 2 1 7 2 1 10 3 6 5 7 10 3 10 6 5 4 2 4 4 7 2 6 5 5 7 6 4 9 10 2 5 5 2 4 7 1 3 4 1 4 8 8 4 10 6 10 7 1 6 2 5 7 5 6 9 8 1 4 3 4 10 3 2 4 4 2 9 1 5 5 3 1 3 7 3 7 2 1 1 1 10 7 2 7 5 6 6 2 1 0 9 6 10 3 7 8 6 8 1 6 9 9 5 9 3 6 4 10 4 5 7 1 6 2 2 9 3 8 5 6 9 7 7 10 4 8 8 9 8 5 2
5 2 8 3 9 10 7 1 9 3 1 1 1 5 10 5 4 10 10 10 6 7 7 1 6 6 5 9 3 7 4 2 9 2 9 5 1 2 3 9 6 10 1 6 6 3 3 2 8 1 9 4 10 4 6 10 3 10 4 9 9 4 1 10 1 10 1 6 1 6 6 8 3 5 1 6 1 1 10 5 3 9 6 4 6 7 6 1 8 3 10 8 10 7 8 2 5 7 4 7 3 10 5 6 8 8 6 5 9 6 4 4 3 8 1 1 6 7 3 7 10 3 7 8 10 5 4 2 4 1 2 2 6 8 5 3 7 3 6 2 10 2 6 4 1 7 10 2 6 6 10 4 9 2 1 9 1 5 2 0 6 7 6 10 4 5 10 8 4 2 1 7 7 7 6 5 3 8 3 4 2 10 5 10 1 8 2 8 6 8 7 7 5 3 4 10 3 9 3 10
6 6 3 3 9 3 10 8 5 5 7 4 4 5 1 9 2 10 6 3 9 8 10 8 5 9 8 4 2 10 9 9 2 5 10 4 1 4 5 6 10 3 1 2 7 1 3 7 6 5 6 3 3 3 2 3 5 4 8 2 9 8 5 2 5 8 7 6 3 9 9 10 2 9 9 10 10 7 7 7 10 7 4 7 5 5 5 9 10 3 7 6 9 9 1 6 10 3 10 5 9 8 2 10 2 2 4 6 2 4 9 7 6 6 7 2 6 3 4 10 5 10 3 5 4 1 3 3 9 7 5 4 3 1 8 3 8 1 4 4 9 6 2 4 4 6 7 6 1 1 5 3 9 3 7 7 3 1 10 10 0 3 1 7 6 8 8 10 9 4 7 1 10 10 7 7 1 10 2 9 3 5 3 4 8 7 10 9 2 7 8 4 3 7 1 8 9 10 8 2
3 10 10 10 5 1 5 10 6 3 5 7 7 3 5 3 2 1 8 7 1 2 4 4 1 9 10 9 10 5 7 10 1 5 3 8 10 9 4 3 8 7 7 10 4 9 8 1 5 1 2 8 9 6 6 4 9 6 4 9 8 8 1 10 7 10 9 10 8 8 4 10 3 5 3 5 8 10 10 8 7 10 9 5 8 8 3 9 9 4 5 8 3 3 6 5 6 2 8 9 2 5 1 9 10 3 6 8 5 2 1 1 2 8 10 9 9 5 3 4 3 3 6 6 8 8 10 3 10 6 2 8 2 2 4 3 6 4 8 4 3 9 10 9 7 7 3 6 4 6 8 5 6 7 2 10 9 7 6 3 5 0 9 5 2 6 5 10 7 7 10 1 10 5 9 3 6 1 1 4 9 5 9 2 5 4 8 8 8 8 3 8 5 5 7 2 8 1 4 7
4 9 1 3 4 10 4 7 5 1 10 10 9 7 9 4 4 2 9 6 9 10 8 2 3 8 7 8 3 2 7 9 8 10 7 8 1 3 10 2 6 3 2 2 1 4 8 3 5 9 4 9 3 8 1 3 2 5 7 7 8 7 8 7 7 7 6 4 1 6 7 3 2 3 6 8 8 5 6 9 10 9 7 9 3 7 4 6 2 8 10 8 6 7 2 5 7 5 3 1 5 2 9 9 3 4 8 4 3 8 2 3 5 4 5 8 7 6 5 1 4 10 10 1 3 1 4 1 5 1 8 10 10 8 5 7 7 1 10 7 2 9 8 9 2 7 8 7 6 9 9 7 5 1 10 10 10 2 7 2 5 2 0 1 10 7 7 9 5 9 6 7 7 9 9 1 1 4 9 1 6 1 2 3 1 3 3 2 2 7 9 6 4 5 1 10 6 4 3 9
7 2 2 9 6 2 4 9 3 6 9 1 5 6 2 8 2 7 7 6 3 2 7 5 5 6 1 1 8 7 2 6 9 4 3 8 8 7 7 4 6 4 3 1 6 10 9 2 2 4 5 5 9 4 8 5 10 6 2 2 7 1 2 7 5 10 6 2 9 9 2 2 4 7 9 1 5 4 5 2 6 1 8 3 8 5 2 1 8 10 6 4 2 5 2 4 7 5 1 8 8 6 10 6 4 8 7 6 5 6 10 7 2 9 1 5 7 7 7 8 4 7 7 3 3 3 2 2 8 1 2 7 3 6 4 10 6 2 3 7 4 1 7 8 3 5 5 5 4 9 6 8 2 2 3 9 3 4 9 5 1 7 8 0 10 2 6 3 3 3 5 10 6 9 7 5 4 1 10 10 6 4 2 2 9 5 2 1 3 8 3 8 4 5 4 3 1 9 10 9
2 6 5 2 8 5 7 4 4 1 9 2 5 9 4 8 4 8 4 9 6 5 2 8 8 1 5 6 5 3 2 3 5 2 2 6 1 10 8 8 8 9 4 8 1 2 10 5 10 1 4 6 2 2 7 5 8 3 9 10 9 10 2 3 5 6 4 7 5 7 4 5 8 9 1 3 2 6 6 9 9 10 4 5 10 6 8 2 8 7 5 7 7 1 9 4 5 2 6 4 10 2 2 9 2 7 6 3 1 8 6 6 3 9 8 6 6 7 8 6 9 7 1 6 6 5 3 10 8 1 6 7 7 2 5 10 9 9 5 8 4 10 8 1 10 1 2 4 2 10 9 8 7 5 8 10 5 4 7 3 7 6 5 2 0 6 4 7 6 7 9 10 4 2 8 1 1 8 3 1 10 9 4 7 6 7 3 10 9 6 10 2 8 2 7 8 1 1 6 8
10 5 7 3 9 3 10 1 4 7 6 6 1 7 6 7 1 2 7 9 9 3 8 5 2 7 10 2 10 2 4 9 5 2 7 8 3 1 3 4 9 3 6 3 4 1 3 6 2 9 5 7 3 4 4 8 2 7 7 4 2 6 8 4 5 7 10 3 9 1 2 9 5 8 4 1 4 1 6 5 1 6 1 3 7 3 4 6 7 1 1 1 1 5 6 9 1 4 6 10 1 8 2 7 9 2 9 5 9 9 2 3 10 8 9 8 3 6 1 2 4 1 9 2 10 8 4 8 4 3 2 8 5 8 7 8 7 10 6 5 1 3 3 4 6 10 9 1 2 3 6 1 9 7 6 1 1 4 9 7 5 10 10 7 10 0 8 3 2 3 5 2 3 4 4 6 2 3 6 8 9 5 10 5 6 7 7 6 5 6 1 4 9 8 1 1 9 10 1 10
10 3 10 3 3 2 9 3 6 4 4 9 1 6 9 9 7 10 8 10 2 5 3 2 3 8 4 8 10 4 5 5 8 1 5 4 5 4 4 3 3 7 7 3 10 8 7 7 6 10 1 6 9 8 6 2 2 10 9 4 10 1 1 6 3 3 1 2 6 3 10 7 6 1 1 8 7 3 7 4 8 10 7 7 2 9 6 4 10 8 6 10 3 9 1 6 5 5 5 9 8 4 4 5 5 9 2 6 10 3 3 5 4 2 2 10 3 9 6 1 2 4 2 7 10 3 3 1 6 7 6 7 9 1 5 1 9 2 10 10 2 4 5 8 4 4 1 8 9 10 6 3 3 9 7 10 7 7 10 3 3 6 6 3 5 5 0 2 6 2 9 5 4 6 9 6 10 5 9 10 10 3 4 4 3 1 7 6 5 2 6 8 9 2 8 6 1 2 4 3
1 8 1 8 3 4 1 10 10 6 3 5 9 4 1 3 7 3 9 2 3 5 8 4 4 7 2 6 2 3 6 9 5 1 8 9 5 1 1 5 10 8 2 2 8 9 2 5 5 10 8 7 3 4 2 2 10 7 10 6 9 1 7 5 7 6 4 9 4 1 3 2 4 2 10 9 3 10 10 10 4 3 9 4 1 7 9 3 10 5 10 2 3 7 1 3 4 1 3 2 6 6 8 10 5 3 4 5 8 10 6 10 4 4 9 6 6 1 6 6 8 9 10 1 1 4 9 10 6 7 7 7 1 6 5 5 8 9 5 6 7 4 8 9 7 2 1 5 1 5 6 7 2 7 4 10 6 7 6 5 5 10 8 10 4 1 3 0 6 10 8 6 6 6 8 8 5 6 3 8 5 7 8 9 2 9 3 2 5 7 7 3 6 9 6 10 9 2 5 10
8 6 2 2 3 7 1 1 8 3 2 2 2 3 4 2 9 4 9 6 8 4 6 2 4 7 10 4 4 8 6 9 8 4 10 8 2 5 1 9 4 8 5 7 3 2 10 3 6 4 7 9 4 9 4 2 3 4 9 6 2 3 1 8 7 4 4 4 7 10 9 7 1 6 6 8 8 6 1 3 8 1 10 10 8 2 5 10 2 2 3 10 10 7 4 10 3 7 10 8 8 10 9 3 4 6 1 8 5 7 2 5 5 2 1 4 2 8 1 8 5 6 4 1 2 9 10 1 10 9 5 4 6 2 1 1 9 10 6 1 3 1 4 7 2 3 4 9 2 3 10 7 10 5 9 1 7 8 6 6 8 9 10 9 4 10 7 1 0 7 1 1 7 9 5 8 3 5 2 8 8 5 10 4 2 9 8 5 1 6 2 7 2 2 1 7 3 3 1 9
3 2 10 2 9 8 3 9 1 8 1 3 8 9 10 6 3 5 5 3 6 6 8 9 10 7 2 1 6 9 10 8 6 1 10 5 7 10 10 7 9 9 2 9 9 9 1 10 1 3 6 4 7 8 6 5 10 2 1 5 1 8 1 6 1 4 8 4 10 4 3 9 6 10 5 9 7 6 10 6 1 4 2 2 8 3 4 10 10 8 10 6 8 7 3 2 5 6 10 5 8 7 8 7 9 10 8 1 5 6 3 8 7 10 7 5 3 9 1 8 4 6 9 6 3 6 4 4 3 9 1 9 7 7 1 8 9 3 10 7 9 3 4 2 8 2 9 2 3 6 1 2 10 2 8 4 9 7 9 2 10 5 3 4 4 10 2 9 7 0 6 10 5 2 4 8 3 4 3 6 10 2 9 6 4 1 8 6 9 6 3 7 5 2 7 5 3 9 6 2
8 6 1 4 2 4 6 6 7 9 9 2 9 1 7 6 8 9 4 10 7 8 9 6 5 3 6 10 7 5 6 7 2 4 8 2 10 8 3 3 2 2 7 6 4 9 9 9 3 5 1 2 3 7 8 4 4 2 7 1 3 5 5 8 2 1 4 3 8 7 1 10 9 4 8 9 8 9 7 3 4 2 7 5 4 7 3 5 6 5 6 6 2 3 2 3 8 9 2 10 3 10 2 1 5 3 7 10 6 6 4 2 2 9 2 7 1 6 2 7 3 4 6 1 2 3 2 5 10 8 6 2 5 10 9 1 8 3 10 2 10 2 1 4 7 3 7 9 3 4 5 4 1 6 4 4 8 9 2 2 7 9 7 2 4 10 5 1 4 8 0 4 5 10 7 9 2 2 1 8 1 1 2 2 5 7 6 10 2 1 8 7 9 7 6 4 9 9 10 4
8 7 2 1 2 7 5 4 7 7 9 3 8 8 8 8 1 8 7 1 6 3 8 8 1 10 5 5 5 2 3 2 4 7 2 2 2 6 5 8 6 10 9 10 5 1 10 10 9 6 10 1 2 10 1 1 4 6 7 3 9 7 9 9 9 5 5 8 10 7 7 7 3 6 10 4 7 1 10 9 3 7 7 8 6 4 6 6 10 2 10 9 8 1 2 10 7 6 8 8 6 4 9 10 8 7 6 2 2 8 4 2 9 7 6 4 10 9 4 5 2 5 7 3 10 4 1 1 6 10 7 4 10 7 4 1 6 5 6 6 2 6 8 10 10 4 9 5 10 8 2 6 3 8 2 10 2 1 6 8 6 9 6 4 7 4 10 5 10 7 9 0 5 10 3 2 2 10 3 10 5 5 2 8 5 8 6 7 3 3 10 2 2 5 7 10 3 5 5 5
6 5 2 7 1 1 6 9 6 9 4 2 2 2 7 4 9 3 1 8 1 6 10 3 3 6 7 5 3 3 7 5 4 10 2 7 8 10 3 5 9 3 2 2 10 7 10 9 2 7 8 5 10 9 10 7 5 6 6 7 3 6 3 9 2 2 4 5 5 10 5 10 3 7 3 2 5 9 7 4 4 5 7 9 8 10 6 6 3 6 4 6 6 2 2 6 3 9 7 8 9 9 10 2 1 8 3 2 4 9 10 4 1 8 1 4 10 4 4 2 1 10 2 8 7 2 7 6 10 10 5 9 10 10 5 7 6 8 5 8 5 1 9 2 7 3 2 10 9 4 4 3 8 5 6 2 9 1 4 3 9 3 7 3 10 7 5 9 9 10 2 7 0 8 1 9 4 8 9 1 7 2 1 10 10 4 4 5 10 10 3 7 8 7 5 5 9 5 3 8
8 10 1 1 3 6 3 10 9 9 4 5 8 2 1 1 5 10 1 3 9 3 1 9 8 6 6 9 1 9 4 3 7 2 10 10 5 2 10 7 2 9 1 6 6 10 1 7 3 5 3 10 3 2 10 2 8 1 3 1 2 9 1 6 5 8 8 10 2 7 5 4 4 8 2 5 1 5 9 10 9 2 2 10 9 6 8 8 2 1 7 2 2 2 4 9 3 6 9 6 5 1 8 9 9 10 6 6 8 7 1 4 2 1 9 1 8 9 2 7 1 3 9 3 7 3 9 6 6 4 9 9 5 2 9 4 1 2 7 8 3 2 5 8 2 10 9 3 6 3 5 5 6 3 10 1 2 9 1 9 5 7 3 7 5 2 3 5 7 4 10 2 10 0 2 9 8 6 3 4 2 6 10 10 5 9 1 2 8 3 8 4 5 10 7 3 4 5 1 9
8 4 7 7 10 1 1 10 2 3 2 1 9 9 3 3 9 8 8 2 2 6 10 5 10 4 10 8 4 5 2 3 9 6 9 7 1 6 7 2 4 3 3 7 5 10 7 3 3 2 4 2 9 7 5 1 4 2 5 2 4 5 4 6 9 3 7 7 1 5 9 1 8 9 1 7 4 5 3 5 6 4 10 6 2 8 5 2 10 10 9 7 4 6 7 1 6 9 8 7 6 1 5 2 3 5 6 4 9 5 8 4 7 8 10 9 4 6 6 10 9 3 3 3 1 1 1 1 6 2 9 4 10 5 10 9 3 7 3 8 7 3 10 1 6 7 6 7 4 5 2 1 9 9 10 8 10 1 5 8 7 9 3 2 7 8 1 9 10 10 9 8 2 4 0 8 1 6 6 3 7 1 4 6 1 10 7 9 1 7 2 5 8 4 5 9 10 8 7 10
10 4 8 4 10 8 4 3 2 5 6 9 9 6 4 7 3 4 3 1 7 9 2 1 3 7 2 9 3 4 5 2 2 4 2 7 2 6 4 2 10 2 9 9 10 2 9 5 8 9 3 6 4 7 6 7 8 5 9 4 7 2 6 6 9 1 5 6 7 1 3 7 8 4 9 6 4 8 7 10 9 1 7 3 4 1 5 5 9 6 4 5 1 6 7 9 10 5 7 9 10 7 9 10 5 6 1 5 3 1 7 2 1 4 9 6 7 8 1 10 10 2 5 9 6 3 7 6 4 6 6 4 1 6 1 3 8 10 4 2 9 5 4 1 2 8 3 4 5 8 3 9 7 5 2 2 2 1 1 7 5 5 3 8 4 5 5 3 9 5 1 2 3 10 10 0 9 3 1 10 6 6 3 1 7 8 8 7 3 9 7 2 2 2 10 3 8 10 7 4
6 2 8 2 1 5 4 5 9 1 6 10 2 2 8 9 7 3 7 9 10 3 9 10 4 9 8 8 7 5 6 7 10 6 3 4 9 8 5 6 9 9 8 7 4 2 9 10 2 4 4 4 5 8 3 3 1 10 4 3 10 10 6 7 1 7 1 9 7 5 8 6 1 9 3 6 9 1 8 5 3 9 9 5 2 10 7 4 7 4 10 7 4 8 6 7 1 9 1 9 2 5 3 6 1 10 10 8 2 3 5 2 7 7 9 2 2 8 3 10 6 10 4 6 9 5 6 7 4 6 5 1 1 7 10 4 6 8 4 10 6 7 7 1 3 9 9 10 5 7 1 5 2 3 10 2 7 2 6 1 8 7 2 10 8 1 6 7 9 4 7 2 5 5 5 6 0 7 3 5 8 1 6 5 10 2 5 10 3 2 3 8 6 3 5 10 3 3 8 5
10 9 9 3 6 8 1 4 5 8 3 4 6 2 1 2 8 4 3 1 1 10 6 1 4 6 9 9 4 3 5 3 9 4 7 2 9 3 10 4 3 7 4 10 2 4 2 2 5 4 6 3 8 3 2 3 8 5 7 7 3 1 9 9 9 9 9 1 8 2 7 3 2 7 8 10 10 3 9 8 3 9 9 8 2 1 9 10 10 1 4 6 8 10 3 3 10 1 10 5 3 8 6 4 1 5 2 5 9 4 9 10 1 9 9 8 6 8 2 4 8 8 6 3 1 8 8 5 9 2 4 7 8 1 6 4 5 10 3 5 7 6 5 1 5 7 7 7 6 6 9 5 10 4 2 8 3 9 10 2 1 4 1 10 6 7 1 4 5 6 5 5 9 7 3 9 5 0 3 5 4 6 3 5 8 8 9 8 6 5 3 9 5 9 7 5 7 4 4 9
10 7 1 8 3 6 6 6 8 1 1 10 8 3 4 10 1 7 9 2 1 6 1 10 2 3 9 3 7 6 3 10 8 5 9 6 10 10 5 2 9 7 9 8 4 1 2 3 7 4 4 8 4 5 7 10 3 9 5 2 4 6 2 6 10 3 10 1 5 4 5 1 9 9 8 7 8 7 3 6 5 9 8 4 10 2 6 7 2 10 7 1 9 1 1 4 6 10 9 1 6 7 2 10 9 6 8 2 3 6 7 9 8 1 1 1 8 7 6 7 1 5 7 1 6 7 1 1 8 10 2 2 1 2 7 10 9 6 2 10 6 9 7 6 9 7 8 9 6 8 4 4 2 10 7 3 5 8 10 7 9 8 9 4 9 1 1 1 7 4 9 3 9 4 10 8 10 5 0 4 4 6 7 3 1 9 8 6 3 5 5 6 9 1 8 6 3 4 2 1
5 9 6 3 4 1 3 9 7 6 5 1 7 4 6 6 3 2 1 3 5 5 9 1 3 2 3 3 8 1 9 4 2 1 1 8 7 3 3 10 8 8 7 7 5 8 1 10 9 10 2 2 6 7 6 2 10 4 7 3 5 9 4 6 8 10 4 9 4 1 8 6 3 5 2 10 7 2 8 1 4 5 2 3 3 9 7 7 8 8 9 10 3 7 6 7 7 7 3 6 5 8 10 4 7 2 6 4 9 9 8 6 6 10 10 7 4 7 7 2 2 5 6 3 2 9 9 5 1 1 6 6 1 3 10 9 7 7 3 3 7 1 2 8 5 5 7 8 4 2 7 2 3 4 1 10 9 5 5 5 5 7 1 3 7 1 3 2 9 4 10 7 8 10 1 5 7 5 5 0 9 4 4 10 8 8 10 9 6 2 1 2 3 1 2 4 7 3 8 10
4 2 5 4 4 1 10 8 10 6 9 7 2 3 4 3 2 6 9 10 1 7 10 9 5 4 3 1 7 6 9 1 10 4 4 8 5 7 10 2 2 10 3 8 5 5 9 10 5 3 4 3 2 2 10 2 6 6 4 4 8 10 10 8 3 3 6 1 8 1 3 6 4 1 1 5 7 7 10 10 7 10 4 1 8 4 5 4 8 1 3 3 9 3 3 5 10 8 6 1 4 1 2 4 5 4 6 3 3 4 4 10 8 10 2 7 4 10 10 7 6 2 2 9 9 9 9 2 1 1 7 1 8 8 9 5 3 2 5 4 1 8 6 2 3 8 3 3 7 1 10 5 10 1 2 6 4 7 10 5 9 6 9 2 2 10 2 9 6 7 3 8 7 1 1 3 7 1 6 10 0 4 10 9 4 3 7 8 10 1 3 10 10 1 4 1 1 6 8 7
2 10 10 6 5 1 8 5 9 9 3 10 2 9 8 5 8 4 2 10 6 4 10 8 2 5 9 5 9 8 9 5 9 9 7 10 6 6 4 4 6 5 3 8 10 2 10 5 5 5 2 8 2 4 9 3 6 8 8 1 7 7 9 9 2 5 5 1 2 4 10 8 9 1 8 10 2 2 10 5 4 7 1 9 2 10 2 3 4 10 7 8 2 8 8 4 3 6 9 4 10 10 4 4 8 4 9 6 6 9 5 3 8 5 1 4 4 3 9 9 1 1 5 1 3 3 7 9 4 3 7 7 8 5 10 5 9 1 9 1 5 9 7 9 6 7 6 4 1 10 7 1 1 6 9 2 3 10 3 3 9 1 2 9 3 4 9 3 5 4 7 7 7 10 7 7 7 9 2 6 2 0 1 6 7 1 8 5 1 2 3 2 10 3 5 1 9 10 10 1
8 7 9 7 10 6 9 10 5 4 1 3 1 7 1 6 6 10 2 4 5 1 1 9 6 3 5 1 4 9 9 1 8 7 3 4 6 1 4 3 10 10 10 4 1 7 3 2 2 7 3 9 7 6 8 9 8 9 4 5 5 4 1 8 10 1 5 3 10 2 1 1 2 2 6 10 3 2 4 10 5 6 2 4 1 9 5 3 1 6 3 8 6 1 6 4 10 5 10 10 3 5 5 8 9 9 9 9 9 8 6 8 3 4 3 10 4 4 1 2 10 10 2 4 3 8 5 7 7 10 1 1 8 7 8 9 4 5 7 9 6 4 10 8 4 8 1 1 5 1 6 8 3 8 5 4 3 7 7 7 10 4 2 8 1 2 4 2 5 10 4 3 9 1 3 6 10 2 1 9 4 10 0 7 8 9 8 8 2 1 6 8 5 4 10 1 7 5 8 4
4 9 1 1 8 9 1 9 9 8 5 2 3 6 1 2 2 7 9 3 1 6 9 1 10 7 4 7 10 9 2 6 6 4 7 8 5 7 4 9 7 10 6 6 3 8 5 8 3 8 1 2 5 6 2 1 8 9 8 3 1 8 2 7 9 10 3 2 9 7 10 6 2 9 10 5 4 9 8 4 8 2 3 2 4 1 5 9 4 10 6 5 9 4 2 3 6 7 8 10 1 3 3 4 6 7 8 2 4 9 1 6 7 7 1 8 4 4 3 5 5 6 8 1 4 7 9 2 4 2 6 3 4 8 6 5 7 10 2 8 10 6 6 2 9 4 10 8 3 6 6 8 3 10 10 9 8 1 2 9 8 10 6 3 4 5 4 2 5 6 4 4 1 10 7 6 6 3 5 2 5 4 5 0 2 1 5 6 10 9 10 10 8 2 6 10 7 1 7 7
7 10 6 5 3 3 2 4 8 7 2 4 8 1 5 5 10 10 3 5 9 7 4 2 4 4 1 2 4 5 9 8 2 6 6 3 8 7 5 7 5 9 6 3 5 6 3 6 6 8 10 6 6 3 10 8 6 5 9 5 5 2 8 5 1 2 5 1 5 3 7 7 1 5 6 5 5 9 5 5 6 7 3 5 2 7 2 8 9 9 3 6 10 8 8 2 10 10 1 9 3 2 2 9 6 2 6 5 3 2 5 7 4 4 1 9 3 2 1 10 2 8 5 5 6 6 8 8 6 7 4 5 6 1 1 5 5 2 4 5 9 4 2 4 7 7 1 6 6 10 3 3 2 3 3 8 4 6 3 10 9 2 10 10 1 10 6 8 6 10 7 10 1 10 5 9 8 7 8 4 8 3 9 10 0 3 3 10 6 7 1 3 6 7 4 2 9 4 6 4
7 6 6 8 3 3 3 4 8 9 5 2 4 7 3 8 9 9 7 10 5 6 6 3 3 9 7 4 9 5 4 1 1 4 10 4 8 4 10 4 9 7 6 5 10 10 6 9 4 5 7 8 10 5 3 9 2 6 2 6 1 8 2 9 5 6 7 7 7 5 2 6 6 3 1 5 5 8 4 5 7 5 9 5 5 2 9 3 5 3 10 5 5 10 10 9 7 2 6 5 7 10 5 4 10 6 9 1 5 3 8 9 5 2 3 5 8 4 8 4 5 9 2 1 1 7 6 9 4 10 7 10 5 5 5 1 3 9 6 7 2 3 2 10 4 9 7 6 4 7 10 7 8 8 8 6 4 1 2 4 1 7 10 5 8 5 1 8 6 7 10 7 7 6 2 6 5 6 6 1 4 9 3 9 6 0 1 4 8 9 4 3 5 9 7 2 2 5 2 10
3 8 3 4 8 2 2 6 6 2 6 3 7 5 5 9 7 6 2 2 9 9 5 7 4 5 7 7 1 1 7 3 7 9 1 4 9 2 4 7 7 2 3 10 10 7 6 2 4 1 4 2 7 6 7 9 8 10 3 4 8 3 7 9 1 8 5 4 7 2 10 5 1 9 2 4 6 10 6 9 8 4 8 3 1 9 7 7 7 7 2 3 6 8 4 4 1 10 5 10 2 3 5 6 1 4 10 10 10 8 6 6 3 7 8 9 1 9 4 4 10 6 3 4 10 9 3 8 2 5 4 9 5 1 4 5 9 5 4 3 6 7 3 5 10 1 9 6 8 2 2 2 5 2 3 2 2 9 8 10 9 7 10 10 6 3 7 2 2 5 9 7 8 9 2 1 4 2 7 9 5 3 1 2 5 1 0 4 3 6 10 5 7 10 9 4 6 3 10 1
5 10 2 1 5 2 10 3 7 6 1 2 5 6 3 8 10 5 6 10 10 2 6 10 3 6 7 9 4 1 9 4 4 5 1 5 1 5 5 5 6 5 7 10 1 10 5 5 1 4 5 8 10 6 1 1 9 4 5 3 8 4 10 6 8 10 5 1 4 1 5 1 10 6 8 3 5 4 9 1 2 8 4 7 4 6 1 1 8 1 2 5 2 4 2 5 10 4 4 1 5 4 4 8 4 4 9 5 7 10 4 1 4 9 2 4 4 5 3 8 7 7 2 8 8 1 2 8 6 3 5 3 8 9 8 7 7 3 8 7 10 7 10 5 1 3 2 4 9 3 7 2 6 5 9 3 9 9 6 8 2 4 2 8 7 2 10 10 1 7 5 3 4 9 7 3 5 4 5 1 7 10 7 3 4 5 6 0 3 5 6 8 2 2 7 10 5 9 8 5
6 2 8 1 5 6 5 4 2 3 5 7 7 5 5 7 5 4 5 1 8 1 4 2 8 2 4 7 6 7 3 5 7 2 1 4 5 1 4 3 1 9 2 3 9 1 3 9 9 10 3 4 8 4 5 8 1 9 9 5 4 7 10 1 2 1 9 8 8 4 7 8 4 8 1 8 10 10 1 7 7 1 2 1 4 2 2 8 5 1 8 4 6 7 3 5 2 9 4 2 6 4 1 1 4 1 10 2 1 10 2 4 8 3 2 10 7 7 2 3 1 3 2 7 3 5 5 7 3 3 8 7 2 5 1 9 10 4 7 7 8 3 4 3 1 8 10 4 6 9 5 2 4 1 3 7 3 10 2 10 6 3 1 1 6 6 3 7 7 10 6 10 3 2 1 4 2 10 7 6 10 6 10 1 8 1 10 5 0 2 1 5 8 10 9 3 5 9 4 4
6 1 2 2 4 5 5 6 3 9 1 6 5 4 2 9 1 2 9 7 8 7 3 6 5 2 10 9 3 9 5 7 3 7 5 2 7 5 1 8 7 3 1 8 5 1 3 8 7 5 8 2 10 10 2 4 4 10 6 8 7 4 10 9 4 9 8 8 3 2 6 1 10 2 8 3 10 5 4 10 2 1 6 6 8 6 1 4 6 1 4 4 8 4 2 7 2 10 1 8 6 10 3 5 5 2 3 6 6 10 9 1 8 4 5 6 4 8 4 4 10 8 8 10 7 7 6 5 3 4 6 1 2 10 6 10 5 5 8 6 7 10 7 1 6 4 2 3 3 9 3 4 1 7 3 4 2 3 10 8 8 3 7 7 1 8 2 5 7 5 7 5 1 6 7 6 5 6 4 9 5 9 5 1 9 4 2 6 9 0 1 6 2 6 4 9 7 4 6 4
7 1 2 3 3 6 5 8 6 5 10 4 1 7 3 3 6 8 4 4 10 2 9 10 5 1 1 1 5 9 6 9 8 2 2 10 6 3 2 4 2 7 4 9 8 1 2 4 10 3 10 6 5 1 4 8 9 3 9 3 8 9 6 10 8 4 5 7 6 7 5 7 2 7 6 1 4 10 10 3 4 8 5 10 1 5 2 6 4 3 5 2 8 7 9 3 1 6 8 9 6 9 5 6 8 2 9 5 6 10 3 7 10 6 2 6 9 2 3 7 10 10 6 8 8 8 1 6 5 3 3 5 2 4 8 8 7 9 2 4 7 10 9 9 10 6 6 10 4 7 5 5 3 6 1 7 2 2 7 10 10 3 7 10 8 2 8 9 6 10 2 4 5 5 7 1 3 6 1 7 6 9 3 8 2 5 9 9 5 4 0 6 7 8 5 3 8 5 3 8
2 9 5 7 4 3 10 4 2 1 8 1 1 2 6 9 3 6 6 2 9 4 4 6 8 9 8 9 4 9 6 6 2 3 2 9 2 2 4 3 1 2 10 7 6 5 7 1 3 5 7 4 5 10 10 9 10 3 6 9 1 1 6 10 5 3 10 10 4 9 2 8 3 9 2 2 3 8 5 7 1 6 7 6 10 6 9 4 5 9 1 7 4 10 9 8 2 1 2 5 8 9 4 8 3 8 2 9 4 2 5 10 9 9 1 6 4 7 8 1 2 9 4 3 3 7 4 9 3 8 4 1 8 10 2 2 9 10 10 7 2 3 7 3 9 6 5 4 7 7 7 5 1 3 9 8 8 9 7 4 9 9 7 9 8 6 8 6 2 5 3 5 6 2 10 2 4 9 4 7 6 4 2 9 7 1 5 9 8 6 10 0 2 1 1 7 9 4 6 1
3 1 6 4 7 6 5 3 7 2 3 2 8 10 10 4 8 5 6 10 3 1 9 10 7 6 2 4 5 2 4 3 8 3 7 6 9 2 8 1 3 10 6 2 1 3 7 6 8 5 8 1 1 7 7 7 1 6 1 7 3 1 10 8 1 9 3 6 4 4 1 6 5 3 4 1 10 6 4 7 3 8 10 1 1 8 3 4 10 7 3 10 8 4 1 5 3 3 4 1 10 9 5 3 2 1 3 8 3 6 9 7 3 8 10 3 9 5 3 3 1 7 8 7 5 6 1 9 3 10 2 4 7 5 10 5 1 2 8 10 6 1 3 10 5 7 9 6 5 1 6 9 1 9 6 9 2 5 8 6 3 2 8 1 7 8 2 1 7 3 7 5 2 1 10 4 9 10 5 5 4 5 2 2 6 5 10 1 7 5 4 9 0 1 2 4 2 8 6 1
6 4 5 7 6 3 3 2 2 3 5 10 1 9 2 10 6 6 2 4 5 4 6 10 3 2 2 9 5 1 1 7 1 7 7 8 4 4 1 2 1 5 1 1 1 6 5 4 7 1 6 4 5 2 1 7 8 6 9 2 7 1 8 2 2 8 9 1 10 10 4 6 6 8 4 3 1 3 7 7 5 10 4 10 2 6 1 8 2 7 7 4 7 2 6 3 1 9 1 9 8 3 5 4 10 9 2 4 3 9 8 6 1 4 2 9 8 8 3 9 1 3 9 1 3 10 8 7 7 10 10 6 5 8 4 4 9 10 6 9 6 4 8 4 8 7 2 7 7 3 7 4 5 2 8 10 8 9 1 4 8 2 4 9 4 5 3 2 7 7 7 4 6 4 1 8 10 2 8 1 6 7 9 3 9 3 6 5 2 10 4 10 3 0 2 5 5 4 1 8
3 7 4 6 7 10 1 10 5 1 5 9 6 4 8 1 7 1 8 5 10 6 5 10 9 5 10 9 8 2 3 3 1 10 9 10 7 10 8 2 4 8 7 9 4 6 4 7 1 1 2 7 6 5 6 9 8 10 6 2 8 10 7 5 1 5 7 2 2 5 2 8 9 10 5 8 1 8 3 10 2 9 9 5 5 5 9 10 3 10 9 7 3 6 3 4 1 7 7 4 4 9 4 8 8 2 6 3 5 8 6 3 6 7 4 5 5 8 7 10 3 3 7 3 3 8 5 3 3 2 8 2 4 6 10 8 2 5 1 7 10 5 2 3 5 7 9 7 6 1 5 10 3 2 8 7 10 7 1 5 9 5 9 1 6 4 1 10 8 8 4 4 4 4 4 7 3 9 1 4 3 1 1 9 6 8 6 10 6 2 3 4 5 10 0 3 2 9 5 5
10 3 4 5 8 10 8 9 7 4 7 1 6 4 5 8 10 3 9 2 6 1 9 10 10 7 7 9 6 6 9 6 7 3 4 4 6 7 5 4 2 4 3 3 7 9 4 2 3 8 1 1 6 7 9 7 3 1 8 2 9 4 10 6 3 4 2 6 8 3 5 3 6 6 4 4 2 6 1 7 3 6 5 3 9 8 6 5 1 5 7 6 1 2 8 9 3 8 6 4 6 9 5 4 8 7 1 8 2 6 5 3 7 1 10 2 3 7 3 9 1 4 2 1 6 3 8 4 9 4 9 3 7 10 6 5 4 8 7 2 7 2 4 8 10 10 3 4 3 1 7 9 4 10 3 9 7 3 8 1 6 8 4 10 6 4 4 2 6 2 5 9 6 2 2 7 9 2 1 6 5 2 3 2 6 5 1 10 10 10 9 4 7 10 2 0 4 2 6 7
7 4 2 8 7 9 3 9 8 2 3 7 3 8 4 2 3 8 4 4 7 6 2 3 3 5 7 6 7 2 9 10 1 10 4 7 9 4 2 7 5 10 6 9 3 6 6 1 6 4 1 3 5 7 2 7 7 10 8 8 9 2 4 8 6 1 4 3 4 9 1 2 5 7 7 8 8 5 5 4 2 9 3 7 2 8 8 10 2 5 4 10 9 1 10 4 10 3 7 5 3 7 9 7 9 6 5 2 2 2 1 9 10 6 7 6 10 7 2 7 6 6 5 2 7 8 2 9 5 7 6 4 8 4 4 9 7 7 7 10 6 3 3 9 5 9 10 2 7 6 9 4 8 2 10 6 2 6 2 1 3 1 8 5 6 10 5 4 4 6 6 4 7 2 1 2 4 7 6 8 10 10 6 10 10 8 6 3 1 3 10 3 1 4 10 1 0 5 9 8
9 7 2 3 8 8 1 1 5 8 10 10 6 4 3 7 5 6 3 9 4 7 6 10 3 8 9 3 6 3 10 10 9 6 9 9 6 1 9 1 5 8 7 6 8 6 9 7 7 10 1 10 7 5 3 3 5 1 9 4 9 1 8 7 1 7 1 9 10 8 3 9 10 3 2 7 2 4 4 6 5 1 7 4 6 3 2 4 10 6 5 1 5 5 2 6 4 6 4 2 8 5 3 8 6 3 3 1 7 8 1 8 6 5 8 1 3 1 3 3 10 3 7 4 1 7 4 10 10 6 5 6 1 4 3 2 3 8 1 4 6 10 5 1 6 10 4 8 10 2 10 7 9 5 2 5 2 4 3 2 3 9 4 4 5 4 7 8 10 2 7 5 1 2 1 5 8 2 2 9 5 9 4 7 10 3 2 1 1 5 8 10 3 3 4 2 2 0 1 4
5 4 7 9 1 2 8 10 1 4 5 4 3 6 1 3 1 8 5 3 6 5 5 8 7 2 2 7 9 3 2 10 6 5 2 10 7 4 10 4 6 4 2 9 2 2 10 8 9 1 10 6 10 10 6 5 2 5 1 4 5 4 6 10 1 2 9 3 9 4 9 6 2 4 8 6 1 7 4 10 5 7 3 5 9 10 10 6 9 1 3 8 4 9 7 4 5 3 8 6 5 1 8 10 2 7 7 9 9 5 10 5 1 10 8 2 6 3 10 7 8 8 7 6 2 3 10 2 6 9 10 5 9 9 7 6 8 9 3 7 6 3 1 10 9 7 6 4 1 4 4 6 9 9 5 10 9 7 9 10 9 9 9 4 2 5 2 2 4 9 1 7 4 6 6 2 5 8 4 8 1 10 3 10 5 3 10 4 4 10 4 3 2 4 3 3 9 4 0 6
5 1 3 4 10 10 1 10 5 3 6 9 8 10 6 8 8 6 5 4 4 8 3 8 9 6 10 4 6 5 8 1 3 9 6 4 10 1 9 4 4 3 4 4 7 3 7 2 5 2 8 9 8 2 3 8 6 2 5 4 8 6 7 5 7 1 4 3 6 2 3 3 4 9 9 8 5 1 4 9 3 6 9 10 9 4 8 7 8 3 6 4 7 3 7 2 5 6 8 10 3 9 10 8 7 8 4 8 9 9 8 7 8 2 4 4 6 6 10 8 1 1 5 10 6 9 4 1 5 8 8 7 8 9 2 10 4 10 6 4 3 4 8 4 7 2 10 9 1 9 3 6 3 8 5 9 3 9 2 2 8 7 10 5 7 3 9 10 8 2 1 7 2 6 2 7 3 3 8 10 5 7 6 8 4 1 4 2 10 5 6 4 1 6 9 2 7 1 2 0
