50
14 17 18 23 21 273
15 19 23 25 18 280
18 13 24 12 19 266
20 21 16 21 19 367
18 16 20 20 22 366
14 20 19 21 19 363
12 17 13 12 18 522
19 19 18 24 23 283
24 19 17 15 21 366
20 13 15 25 21 454
23 12 19 20 15 449
21 18 14 16 14 173
23 24 16 25 22 380
21 19 12 18 16 356
16 14 15 22 25 272
25 21 25 12 15 188
13 16 12 18 22 441
23 13 18 18 21 453
15 12 16 17 18 438
22 13 20 14 25 544
17 15 24 12 12 260
13 15 13 25 18 354
14 22 17 23 16 452
15 25 25 13 21 549
16 20 18 14 12 350
21 21 20 12 13 177
15 14 12 24 14 259
21 13 14 15 17 350
22 12 15 23 22 544
14 13 22 18 21 178
21 16 20 15 21 543
25 19 23 24 12 463
20 23 15 13 16 447
14 18 17 14 22 535
24 25 22 16 19 556
16 23 12 18 23 452
23 12 13 18 22 178
15 17 23 20 18 453
20 16 16 25 21 458
18 24 22 18 12 184
24 12 21 21 23 551
14 22 13 21 16 266
14 17 13 21 23 538
20 19 19 19 18 365
16 20 22 16 18 272
13 21 21 13 12 440
12 16 20 20 15 263
12 21 21 14 23 361
24 14 14 21 22 545
15 18 14 17 24 538
0 21 29 22 19 30 19 29 26 19 9 26 30 36 22 35 21 28 23 23 11 25 20 15 16 10 31 20 25 21 22 11 18 27 24 9 16 12 14 18 33 23 17 13 29 22 21 35 9 22
17 0 24 29 35 14 35 32 25 10 9 17 26 12 26 9 31 19 18 12 33 24 22 9 14 27 22 20 35 16 25 13 22 23 30 31 22 14 36 21 9 26 30 18 30 35 18 21 14 9
17 15 0 33 13 26 20 26 31 25 24 10 27 11 22 33 29 24 32 15 10 34 15 19 14 13 28 19 25 27 36 23 15 12 23 15 22 24 12 30 36 10 10 11 25 21 26 30 19 33
20 23 25 0 19 12 28 10 17 14 28 31 23 28 21 26 33 33 23 19 32 14 22 35 19 24 16 25 29 18 28 15 28 19 35 23 28 19 35 9 19 30 29 15 16 14 18 27 13 29
14 25 18 36 0 22 24 28 24 24 16 28 25 19 36 18 9 27 35 20 27 32 13 28 12 34 27 12 24 36 21 16 25 24 11 11 25 34 23 15 26 28 32 34 20 29 21 24 30 18
29 20 25 26 24 0 21 33 33 10 28 16 15 25 27 27 24 15 36 16 19 14 15 32 35 16 25 10 11 18 29 13 35 23 35 27 10 14 14 35 34 15 19 30 22 19 35 17 12 20
9 23 15 17 15 12 0 10 30 9 29 20 27 9 17 15 26 19 34 20 28 34 36 16 13 21 35 36 32 20 29 14 30 17 9 29 24 18 34 18 22 24 18 9 15 11 23 30 27 30
31 19 27 15 30 36 18 0 16 17 35 12 20 26 12 33 16 31 9 28 34 26 19 24 14 26 33 11 34 15 33 17 13 28 18 13 14 32 27 11 33 17 36 21 32 32 23 26 17 15
12 28 13 27 21 25 18 33 0 20 36 24 30 20 35 21 21 27 22 29 31 24 32 16 30 14 26 15 36 27 30 18 17 23 28 34 26 15 24 15 10 27 20 23 17 36 15 34 19 14
16 20 20 17 18 24 12 21 26 0 31 18 22 32 24 24 29 19 33 17 9 23 28 33 21 11 12 12 31 13 21 28 15 26 10 17 33 21 12 11 12 11 27 23 22 30 21 26 11 23
27 17 28 13 32 36 24 21 19 36 0 24 10 17 24 12 23 29 26 14 26 22 15 13 9 16 29 22 23 21 12 30 18 20 28 34 35 22 30 10 15 17 31 13 18 22 24 33 19 22
32 27 32 14 17 27 32 23 35 35 12 0 29 33 35 17 36 35 31 21 31 34 12 17 21 30 16 34 29 23 15 10 32 25 24 22 23 26 26 11 15 12 33 34 19 36 17 25 30 35
10 22 31 35 28 10 26 13 34 23 14 27 0 11 10 19 16 18 12 25 21 22 29 31 20 31 24 16 32 12 18 15 28 13 36 31 11 15 16 19 14 23 36 20 9 32 23 24 19 26
19 10 13 14 35 30 20 36 24 30 31 32 20 0 21 20 33 35 24 21 36 16 27 34 10 11 11 19 14 33 34 20 33 17 19 26 26 30 22 25 26 9 36 24 20 10 29 24 21 26
21 18 33 11 15 30 30 31 10 25 15 30 14 30 0 24 15 35 12 28 10 33 29 18 35 27 11 22 11 17 31 19 19 17 17 17 14 14 18 20 13 26 22 34 18 17 30 16 22 11
31 13 20 27 13 26 31 36 30 27 28 24 11 18 32 0 11 28 29 15 35 11 23 17 20 15 36 23 26 10 25 14 9 12 17 13 10 15 20 11 25 35 31 15 18 29 16 30 24 23
15 31 11 32 23 10 24 15 28 15 9 33 10 28 24 29 0 17 31 11 35 16 14 35 16 25 13 24 30 23 11 31 17 34 16 17 32 23 35 31 11 34 29 23 35 13 25 34 19 11
34 11 30 23 24 9 25 21 27 29 19 30 35 15 27 21 14 0 34 27 21 30 16 17 27 19 28 31 30 34 31 25 31 12 31 27 14 34 14 16 22 16 19 29 35 29 27 23 17 30
23 32 10 17 21 32 12 18 27 28 12 16 17 13 22 29 23 24 0 16 16 13 23 20 21 35 9 28 11 18 14 27 31 15 28 35 31 26 9 24 34 19 15 12 34 15 25 30 19 23
32 36 14 11 13 31 18 36 33 14 25 29 23 14 30 19 26 24 21 0 35 13 29 21 21 31 35 25 27 10 15 22 25 28 33 10 15 27 19 23 26 31 22 20 15 17 32 15 10 30
23 33 34 21 26 10 15 24 15 26 36 32 34 29 30 32 22 35 36 22 0 10 28 13 33 36 35 16 25 17 23 33 12 29 9 30 27 15 26 9 18 19 29 31 29 36 27 24 15 35
18 19 35 15 22 35 10 15 15 14 9 18 32 12 18 11 34 25 31 28 35 0 18 18 18 11 28 20 13 31 30 21 31 27 24 13 15 28 31 31 31 17 34 32 28 18 13 27 34 10
9 15 11 9 9 35 17 21 31 18 19 29 9 35 29 17 23 22 31 30 15 33 0 12 27 35 9 34 21 15 35 31 27 10 10 14 31 34 19 21 27 12 18 24 28 24 17 33 27 28
21 28 18 12 15 19 35 24 21 21 19 10 15 33 26 11 19 33 25 30 9 22 21 0 11 20 20 15 36 19 18 26 19 26 31 35 13 36 23 26 26 17 11 29 33 14 35 24 10 17
11 19 36 18 18 17 16 34 12 32 13 16 13 23 18 34 32 33 34 35 28 9 17 26 0 25 9 23 30 25 30 18 22 18 27 18 25 12 35 32 12 22 18 13 27 16 24 27 15 26
21 16 11 23 19 19 25 34 36 10 34 29 24 12 27 29 18 22 26 34 21 31 26 13 15 0 11 25 23 26 12 27 22 24 17 20 14 24 21 36 10 12 31 35 14 35 16 9 36 9
31 25 34 30 16 12 32 23 27 17 18 33 32 12 19 25 28 25 17 16 22 35 15 36 25 28 0 28 12 28 24 14 17 26 27 23 30 17 13 16 33 28 31 17 23 29 28 24 14 32
19 36 18 16 36 24 35 10 27 9 19 10 31 25 21 17 26 9 31 34 17 27 25 24 12 24 9 0 30 30 30 12 32 28 11 16 34 13 32 12 18 13 19 30 10 15 27 24 35 15
26 32 35 12 12 30 21 9 21 18 25 14 23 19 33 33 25 31 18 30 16 10 27 11 18 33 9 11 0 28 16 24 9 28 21 34 30 20 30 15 27 35 15 12 22 19 36 35 35 36
17 13 28 32 9 14 36 12 21 30 33 15 13 29 26 26 31 32 23 34 20 32 14 14 9 21 14 25 9 0 27 21 25 32 22 23 22 33 17 36 24 28 13 18 19 31 10 16 9 29
27 28 16 35 10 10 33 12 15 31 21 16 31 18 13 20 18 22 33 25 31 10 23 33 11 11 21 25 34 35 0 32 33 20 19 28 23 18 32 16 26 16 23 15 12 10 21 17 20 27
36 25 33 14 30 33 35 27 32 36 24 23 14 21 26 25 26 10 11 12 20 14 27 15 24 25 16 32 32 28 13 0 30 22 17 31 30 9 27 27 34 23 11 22 15 36 20 36 23 33
21 32 9 20 33 21 33 9 34 31 36 11 27 23 26 26 35 9 9 31 34 34 24 9 23 30 24 28 24 21 25 30 0 30 27 11 12 24 36 11 13 10 34 17 11 25 22 25 28 36
11 16 14 34 28 26 33 22 35 26 29 34 22 36 26 25 25 35 30 12 27 32 15 13 31 32 11 27 28 34 17 32 11 0 24 16 11 34 15 14 24 19 17 33 21 15 29 30 29 31
22 16 19 30 27 32 30 26 15 17 12 32 11 18 35 34 33 33 23 16 31 27 24 28 36 35 34 11 19 13 21 34 16 15 0 32 19 26 11 18 12 18 15 11 32 36 15 31 14 14
17 17 32 31 35 19 25 22 27 25 23 29 16 36 19 35 35 31 25 27 19 13 10 26 28 15 15 25 31 13 18 35 17 30 17 0 33 16 34 20 20 15 28 36 15 24 32 10 19 31
10 9 19 33 24 28 21 16 14 36 36 12 13 17 34 36 24 26 34 29 13 35 11 13 34 20 13 16 10 15 11 15 33 16 26 24 0 31 23 15 32 16 18 28 28 25 22 18 9 35
36 24 22 23 35 15 15 28 35 29 21 9 21 13 31 36 11 11 29 12 30 14 32 9 29 23 14 28 24 12 28 31 35 13 36 32 24 0 10 13 34 15 17 18 30 26 9 16 10 34
12 14 22 10 25 21 23 20 28 9 9 27 34 14 31 29 26 27 34 15 22 31 24 11 34 15 28 30 33 30 10 30 23 34 10 20 33 29 0 22 16 20 20 27 16 25 12 31 16 29
11 11 31 10 33 13 29 10 21 29 31 19 30 20 23 34 34 35 15 15 25 27 34 28 25 31 16 25 23 11 35 32 36 10 16 21 34 24 15 0 21 30 10 10 14 9 22 9 23 24
35 28 18 27 35 18 11 36 18 31 20 28 21 14 18 17 16 19 21 30 15 30 12 31 12 28 28 35 24 21 21 21 30 10 16 12 31 35 17 21 0 22 16 30 22 32 26 15 13 9
36 30 9 24 22 36 16 32 29 35 29 23 22 9 36 20 23 10 24 36 31 30 9 35 28 9 29 29 26 11 36 29 22 17 12 12 27 19 22 18 26 0 33 34 21 24 34 26 15 18
31 17 31 14 19 31 24 13 14 26 13 31 12 15 21 25 29 30 22 32 31 19 24 22 20 32 15 15 25 34 22 17 31 17 22 35 19 35 27 19 33 25 0 31 24 17 12 32 31 27
24 26 16 16 27 25 13 24 12 27 12 14 20 14 32 13 23 18 9 23 15 9 28 25 17 31 27 36 23 20 31 23 23 33 11 18 31 13 24 10 27 11 36 0 14 35 27 22 12 33
26 34 34 30 27 29 34 34 34 29 23 27 26 31 28 32 24 35 20 9 20 35 19 31 33 22 11 16 35 9 34 10 35 10 16 14 11 21 22 36 26 21 27 11 0 14 31 9 33 28
11 22 14 25 18 32 22 28 30 35 17 26 13 22 33 10 19 10 25 13 33 18 15 27 21 26 23 32 27 11 19 10 16 28 21 35 32 27 26 26 9 33 14 33 25 0 9 10 30 34
17 27 29 20 25 19 9 33 31 21 22 36 13 36 11 29 14 17 20 10 26 26 22 12 23 15 27 34 28 27 29 21 29 31 22 16 16 12 11 29 33 22 27 36 28 14 0 29 28 15
19 10 17 12 12 26 30 34 19 13 19 26 12 17 9 22 28 16 20 27 13 36 16 20 33 14 17 19 18 22 18 13 15 20 28 30 15 13 15 22 34 36 30 17 23 22 26 0 17 11
34 24 17 30 15 31 35 36 20 14 23 15 15 21 20 25 29 21 19 27 21 36 36 18 11 13 34 16 17 19 31 28 32 10 21 29 12 30 17 33 34 36 28 20 18 9 11 34 0 29
27 11 15 25 13 22 22 33 33 12 26 14 29 31 19 18 27 30 36 33 10 19 34 16 33 27 12 20 23 11 30 15 30 32 12 35 12 11 29 31 9 20 27 28 15 29 14 11 16 0