50
358 697 470 734 155 11548
364 896 279 492 1022 23940
975 849 966 35 187 18650
689 488 365 340 662 20870
289 590 397 670 185 9933
834 636 181 1008 859 22784
455 826 104 584 584 20922
549 719 759 661 124 23630
628 452 574 427 992 17082
582 209 144 69 212 24992
867 845 523 809 402 14527
297 845 544 292 42 20944
143 522 649 846 329 23376
412 976 151 640 146 9622
303 951 784 874 182 23624
401 770 359 279 970 10609
783 489 1002 417 652 28117
632 960 672 931 744 14540
581 640 292 466 75 23474
569 262 469 569 656 10260
134 578 170 760 218 10769
559 725 296 565 337 16344
704 254 549 283 643 15866
302 540 483 194 460 22051
348 95 123 879 990 15581
342 170 73 224 513 10736
435 552 911 94 759 23001
663 128 981 110 983 15968
658 757 71 622 832 25047
573 68 421 937 707 9757
446 740 141 666 202 28117
885 673 343 73 168 21979
713 164 369 627 1011 16217
379 822 498 823 766 22969
499 740 650 1009 219 17441
232 775 131 342 96 25058
861 224 851 96 488 23517
371 452 220 344 253 22065
330 126 773 480 633 9856
943 984 598 637 698 23363
328 323 473 907 465 18239
876 911 281 1012 599 19916
631 144 40 985 315 16497
310 941 855 1005 179 22251
871 845 629 937 770 26430
373 424 753 58 262 9643
312 135 691 393 708 16949
485 501 361 706 530 14092
374 54 654 666 659 11619
126 762 696 539 920 25148
0 10 89 96 88 40 119 104 91 60 117 89 33 93 22 39 80 26 60 24 66 34 62 33 92 68 71 40 74 49 115 33 107 41 12 34 43 107 98 119 109 30 42 37 73 66 51 16 24 97
10 0 15 99 56 85 63 23 23 92 83 10 109 56 10 19 63 118 46 51 84 24 35 91 85 20 41 32 22 83 104 23 51 51 51 54 71 79 101 117 16 72 65 69 79 95 44 30 115 72
69 93 0 25 94 88 113 102 71 35 23 77 52 11 20 29 28 110 61 95 19 61 56 61 66 56 11 79 84 57 82 83 60 23 91 109 10 60 82 107 41 103 51 23 14 105 34 78 117 97
112 119 44 0 22 18 12 13 51 112 11 63 106 87 17 96 14 118 35 10 31 110 110 64 18 56 35 69 15 47 23 26 89 120 102 20 53 56 35 13 19 43 106 30 24 13 43 53 62 75
59 73 95 81 0 109 61 100 89 26 41 61 119 58 43 53 20 73 21 87 73 15 47 88 107 50 95 83 34 41 69 58 97 69 22 92 75 53 101 110 23 16 112 35 103 79 61 118 69 75
43 43 10 114 114 0 49 69 28 30 31 80 29 91 94 83 116 94 82 52 45 22 87 107 14 94 69 87 90 44 34 113 93 88 48 12 80 113 73 72 84 61 15 100 23 24 98 21 62 27
14 20 110 22 69 32 0 58 60 71 73 54 39 94 63 102 21 89 117 88 22 19 48 84 98 96 72 32 108 47 89 15 71 104 56 96 106 10 43 46 71 73 88 98 48 115 48 110 108 89
19 34 88 90 26 38 80 0 110 12 91 20 22 57 78 111 40 111 110 38 21 76 61 22 110 114 34 20 29 43 24 37 51 97 66 119 63 99 90 77 100 79 30 12 63 22 108 104 12 66
20 65 45 36 117 12 60 113 0 40 29 51 32 52 104 104 101 34 24 117 21 13 16 64 57 24 21 112 82 42 50 33 24 18 119 43 83 104 92 37 111 106 77 62 79 57 112 52 95 99
71 34 57 62 72 63 116 35 117 0 106 15 30 88 39 72 87 110 24 29 21 78 43 104 40 64 12 91 13 45 29 16 104 72 75 56 77 120 40 99 78 89 99 54 71 80 60 80 15 85
41 71 79 34 18 67 74 56 30 102 0 59 107 32 65 61 43 23 94 16 17 95 40 105 103 17 94 30 61 12 78 118 116 56 77 38 19 46 39 115 117 99 64 82 12 25 79 71 119 60
112 40 95 65 26 110 105 30 116 53 64 0 14 50 47 81 111 105 30 100 47 42 79 36 30 95 52 83 38 21 110 40 32 45 49 14 39 98 11 42 96 116 78 27 48 93 56 39 23 59
99 48 42 88 22 104 89 35 22 115 37 77 0 97 34 40 55 13 28 65 76 46 107 111 12 60 10 20 34 81 74 11 67 19 30 80 51 19 101 78 104 119 95 48 48 24 13 101 58 42
74 11 73 64 100 19 107 85 23 88 32 52 45 0 16 76 33 64 73 31 72 49 70 115 108 30 12 80 94 38 17 44 26 73 35 50 23 89 47 50 84 42 77 112 117 72 106 77 61 75
15 60 32 75 55 69 61 84 117 73 106 76 27 107 0 96 81 109 78 114 108 69 43 106 43 111 70 23 52 32 60 86 14 63 61 58 100 52 119 12 70 111 108 54 25 23 53 23 39 40
77 40 93 49 75 24 11 119 29 119 81 85 86 78 34 0 29 40 108 94 21 41 106 91 109 106 101 15 23 107 66 37 40 88 50 62 96 41 39 99 61 47 110 86 85 21 57 49 61 81
44 20 10 55 83 12 116 75 97 30 32 52 39 103 40 38 0 70 28 17 37 56 65 60 43 71 114 34 90 116 43 43 17 42 100 19 27 64 100 33 26 51 27 30 84 48 98 41 104 87
113 108 54 106 22 27 46 99 35 49 62 21 73 70 33 108 29 0 65 106 95 116 53 79 97 75 56 25 93 30 118 72 98 85 31 119 22 93 69 40 71 24 93 45 109 20 102 15 26 73
31 19 112 111 14 81 101 66 58 45 30 21 13 114 67 56 48 116 0 97 71 92 74 13 75 103 89 120 114 71 92 88 101 14 36 67 12 69 75 103 11 64 56 92 56 25 34 56 63 87
32 18 86 109 75 24 112 31 66 70 25 64 43 115 61 13 107 32 92 0 95 14 108 114 79 90 102 16 39 39 66 83 113 19 96 106 108 32 14 15 24 107 23 25 78 31 87 44 118 87
112 69 87 49 85 102 45 76 103 32 92 107 105 84 59 11 19 82 39 61 0 91 16 46 117 11 108 56 108 102 58 95 81 91 34 16 89 79 15 45 12 48 16 120 108 94 50 45 93 66
97 81 33 98 21 47 76 107 110 98 36 110 66 57 13 85 60 15 118 41 114 0 73 108 27 116 36 58 101 21 57 44 69 91 37 82 110 106 68 101 41 102 80 42 53 41 37 22 60 83
20 51 34 104 22 59 75 58 32 64 58 65 50 43 94 86 97 101 59 54 49 43 0 63 115 40 35 17 25 107 68 33 57 27 24 95 85 113 12 23 19 81 93 104 57 99 40 76 82 119
115 61 66 45 84 23 63 115 65 101 34 64 97 113 82 117 63 69 89 53 40 57 27 0 50 55 114 30 63 45 111 56 38 18 104 24 80 44 97 32 67 12 79 37 14 108 47 44 40 100
120 115 40 85 56 28 87 84 22 37 45 56 108 65 33 116 12 119 25 110 85 62 15 38 0 13 35 88 107 85 84 115 70 72 112 81 81 89 103 35 81 10 113 15 34 40 33 81 20 51
62 92 62 15 65 28 40 60 97 33 22 71 84 117 102 79 49 48 113 19 40 112 82 19 10 0 66 73 96 85 72 27 109 105 108 66 113 37 15 74 85 65 24 112 104 27 58 34 68 69
37 15 81 66 43 112 15 109 79 13 58 25 97 96 67 111 92 106 88 16 114 45 77 88 120 64 0 80 101 30 50 71 84 49 11 99 51 112 79 106 119 92 18 78 87 85 83 31 67 80
101 38 34 18 14 82 69 116 84 33 96 18 49 71 114 96 37 17 75 82 67 99 19 55 85 34 11 0 96 58 71 83 120 72 48 99 115 76 55 113 110 93 43 90 18 69 111 90 88 25
60 68 42 45 76 73 24 103 39 14 88 40 54 17 106 30 113 26 74 111 36 49 86 102 119 95 113 44 0 64 48 55 107 17 93 20 44 36 50 78 35 18 10 63 99 25 87 80 22 98
108 118 55 27 90 89 84 79 76 95 66 93 68 100 36 48 20 26 62 20 37 52 39 56 57 93 110 91 111 0 69 96 30 47 19 25 91 44 93 53 60 99 25 14 32 25 120 85 62 113
58 111 104 90 51 82 46 100 108 28 13 94 77 81 16 106 69 41 73 98 73 39 65 93 10 29 107 37 54 81 0 117 53 26 90 57 29 69 49 63 112 59 38 109 93 46 18 113 78 97
28 35 46 52 23 10 120 60 92 89 36 24 116 48 97 64 69 91 58 58 113 105 105 89 57 18 75 37 68 57 100 0 69 79 25 37 13 45 28 107 63 23 117 61 96 47 120 104 95 47
81 65 21 102 106 91 38 36 16 107 22 40 28 98 88 46 40 101 88 27 73 54 77 20 79 119 114 96 13 94 50 13 0 40 116 82 49 58 20 37 37 95 45 33 107 85 21 59 65 85
110 50 109 89 66 23 107 74 73 76 14 60 74 73 82 86 14 82 64 109 65 105 70 65 12 25 113 15 29 96 74 14 35 0 71 46 43 87 87 47 96 30 10 21 93 95 92 32 57 105
17 34 111 50 36 116 27 91 72 18 51 78 105 45 50 118 17 73 46 17 76 12 108 61 11 58 120 45 117 20 49 95 77 46 0 110 45 77 86 68 32 105 31 75 35 39 88 80 107 60
96 118 28 116 103 31 91 42 36 43 118 77 84 39 29 33 78 52 21 92 71 14 24 109 74 98 70 44 19 27 44 75 15 85 65 0 32 60 56 57 80 62 110 40 24 17 79 117 74 87
100 113 91 99 113 37 35 10 96 39 15 16 56 59 72 20 35 91 92 30 99 67 120 31 68 99 119 89 107 50 19 44 40 105 43 98 0 13 107 21 12 57 115 22 44 45 60 73 100 112
54 44 41 119 100 57 112 116 45 114 96 88 46 74 42 100 51 53 11 68 109 32 83 51 98 56 77 100 111 95 103 58 94 87 28 44 114 0 86 91 26 118 106 25 15 100 114 15 113 98
52 47 22 58 96 63 82 114 56 48 26 61 64 70 10 43 83 18 75 48 26 119 39 74 109 24 51 10 86 68 15 89 78 87 20 78 38 78 0 80 57 25 84 100 118 29 117 56 46 11
30 88 81 13 111 51 116 101 52 19 93 60 69 30 94 24 52 106 101 35 61 56 51 23 49 51 36 76 68 84 74 72 29 115 97 14 90 87 77 0 32 74 67 105 78 119 67 60 51 68
27 21 62 110 40 17 30 19 77 22 29 10 111 11 88 42 97 69 87 107 107 33 15 52 21 67 74 58 54 114 94 68 28 42 19 59 84 22 67 20 0 31 22 15 84 59 39 89 34 38
35 33 50 17 49 53 99 29 113 64 88 104 66 22 78 46 103 82 103 83 65 19 64 98 35 24 67 62 96 113 39 11 33 81 74 109 96 39 94 15 28 0 70 24 64 50 16 20 77 53
65 108 81 57 62 79 109 31 17 10 106 40 113 85 82 119 26 19 46 116 116 77 106 78 93 75 89 58 61 68 78 38 72 75 33 51 106 72 75 119 120 25 0 115 64 25 69 56 59 105
22 27 83 116 102 78 111 24 31 32 28 114 18 57 79 70 20 49 110 55 47 27 77 24 109 11 105 50 98 23 119 46 25 11 54 13 52 53 29 36 116 111 46 0 98 116 50 60 70 14
38 64 110 95 21 107 89 40 48 18 82 89 69 116 110 33 34 52 63 91 13 23 22 79 109 43 10 28 19 57 84 10 32 27 95 95 36 68 69 94 88 57 74 15 0 28 14 115 39 47
106 43 62 74 68 24 53 92 44 69 17 73 97 53 23 95 47 47 100 66 92 89 21 89 32 38 45 57 40 56 65 66 88 42 43 30 44 109 55 89 27 51 46 22 60 0 42 117 90 27
73 47 107 10 111 78 62 40 85 49 12 83 111 69 44 50 114 68 81 26 98 14 66 58 120 90 58 67 28 27 19 101 60 50 43 23 24 100 114 105 96 17 100 44 119 24 0 63 85 18
22 68 91 84 12 27 10 47 107 94 56 50 107 104 116 75 102 87 74 27 15 23 73 114 40 111 71 62 116 68 103 14 48 47 83 22 54 92 27 64 119 22 53 68 85 89 120 0 31 92
110 84 117 35 31 108 59 87 109 92 28 119 112 88 100 84 111 40 89 21 117 117 64 12 18 68 95 54 76 21 108 91 98 94 32 37 94 67 116 90 56 81 29 102 35 102 35 35 0 40
72 92 13 43 115 93 77 66 45 46 102 63 98 30 14 45 45 103 59 24 67 42 51 78 29 95 74 105 19 36 18 80 61 117 11 49 88 83 15 25 96 110 26 119 93 73 45 82 103 0