150
54 75 80 16 18 728
51 54 66 57 76 2676
90 92 24 99 30 1388
66 20 19 71 58 2676
53 36 22 52 35 2643
13 11 47 69 16 9372
71 64 10 62 14 7150
28 36 99 11 31 8072
20 21 27 44 87 8158
43 32 88 10 18 8887
29 25 37 99 16 7850
29 58 43 90 34 5866
22 26 68 29 66 1424
99 74 64 17 25 4544
51 79 88 64 72 792
30 77 73 46 35 6356
14 40 47 80 25 7907
100 61 82 14 55 2009
69 60 42 18 55 6502
73 48 81 35 81 2015
75 71 59 83 13 1423
48 33 84 54 69 3925
87 40 48 18 65 5411
25 25 44 26 57 9036
63 66 49 76 83 1297
31 93 71 22 90 9036
64 92 92 66 92 446
75 30 59 70 90 2805
28 85 87 79 91 722
35 67 36 73 36 6366
79 97 85 86 83 1783
11 11 52 14 20 9576
89 100 17 35 25 4795
67 84 23 65 63 2770
91 19 53 69 14 6425
89 93 31 95 99 4237
18 32 47 36 65 8219
66 22 12 23 85 7806
62 81 44 73 30 3586
85 11 84 85 43 2528
88 19 63 26 67 6794
42 30 70 33 100 4602
63 91 25 65 87 1424
50 34 98 87 64 1423
94 47 62 66 31 2834
100 68 37 66 60 1539
12 21 24 31 85 9212
73 36 72 57 85 2009
30 54 79 48 91 2772
29 25 39 25 17 4121
96 66 80 73 12 1783
63 45 13 54 37 7630
28 69 81 28 51 5443
50 54 72 40 68 4237
50 34 95 34 81 3249
26 72 96 50 55 3002
73 72 40 69 24 4569
14 52 76 36 28 7844
48 46 58 87 36 4587
42 66 70 24 30 7074
40 42 70 74 46 4641
10 90 67 37 15 7225
35 44 58 48 51 6814
58 53 41 23 41 2961
46 10 11 44 81 8850
77 76 37 42 33 4950
65 97 27 55 56 2961
25 69 81 79 88 2106
93 33 50 51 53 8509
100 30 36 75 14 5851
22 56 16 30 13 9397
25 66 61 57 67 4572
38 37 53 52 30 7611
52 88 15 19 27 5602
34 37 27 40 58 8541
56 29 54 29 26 6425
79 40 70 38 39 4852
24 72 88 57 11 6228
100 35 54 27 100 2106
48 68 44 72 62 3374
75 43 43 69 72 2779
52 47 55 38 91 2772
41 71 11 43 99 5035
62 47 10 65 100 4121
33 90 53 77 65 2105
29 66 54 13 45 7824
70 49 35 43 92 3682
10 52 96 27 15 3442
40 26 48 69 27 7762
40 52 17 95 70 4609
95 52 41 33 88 2393
77 53 33 53 38 6114
74 84 30 27 73 4011
29 40 32 17 94 7661
60 81 15 39 93 3894
11 83 47 84 16 6644
21 28 89 65 51 1297
57 100 43 78 27 2662
40 29 43 54 46 7611
28 81 63 30 54 5602
31 43 89 12 81 5717
11 21 79 88 90 3878
56 42 31 77 40 6447
39 59 72 17 73 5309
42 11 33 41 32 9240
76 15 29 39 23 8963
97 58 40 74 65 1413
44 38 44 28 21 9192
24 74 52 79 73 5602
13 46 17 59 19 9389
14 14 97 28 76 7133
27 26 53 37 60 8130
11 70 64 39 85 4658
52 52 62 77 50 3442
58 41 38 19 61 7391
25 45 86 91 33 4345
23 36 80 56 95 3661
56 54 51 69 28 5364
66 68 66 18 78 3238
55 56 30 26 67 7021
21 66 40 74 56 5425
62 67 64 39 13 377
32 46 26 75 82 5296
83 76 18 81 100 732
42 39 19 70 28 7039
13 40 93 99 86 2393
55 100 64 92 31 5043
19 60 42 76 44 6759
28 63 93 45 10 6794
84 59 84 23 96 5411
61 99 49 84 67 728
40 30 27 68 14 8991
52 69 94 43 34 3506
98 40 18 85 50 3582
18 40 12 94 86 7150
44 31 75 66 98 2269
41 19 66 55 12 8628
32 83 69 11 39 7039
88 23 42 29 87 4684
72 62 79 28 71 3442
94 58 100 29 84 5309
81 53 24 19 75 6129
23 73 36 66 68 4904
65 72 16 60 49 4529
11 50 42 27 26 9296
53 14 52 41 39 5210
74 15 99 69 67 3894
88 90 36 63 30 2643
24 57 33 80 55 8219
16 46 100 58 92 2297
0 5 25 8 29 28 23 11 19 5 25 25 8 11 18 11 22 17 11 17 7 23 11 26 28 17 10 10 21 10 26 29 27 29 19 25 20 16 23 26 26 14 13 14 19 21 15 7 17 24 19 10 14 29 6 5 10 20 26 7 29 21 21 16 29 21 19 24 22 18 11 11 5 15 22 10 14 23 16 6 7 19 29 7 27 12 27 16 24 25 25 17 5 25 22 12 9 23 26 22 19 6 27 28 7 20 17 11 16 29 26 6 20 19 13 13 16 5 18 25 27 23 8 13 25 15 25 12 29 28 24 28 11 13 25 25 25 7 9 16 11 11 7 10 26 16 5 13 9 20
22 0 29 16 28 7 7 21 11 21 15 13 15 11 19 16 8 22 26 21 7 19 14 22 24 20 18 7 26 22 11 28 25 18 16 9 27 8 13 18 5 8 11 16 10 29 16 9 21 28 22 15 5 11 29 16 7 6 5 8 18 29 17 28 14 18 29 8 10 13 20 22 14 15 27 20 18 8 27 19 12 10 17 15 22 20 11 24 16 9 17 20 10 25 27 16 12 22 15 22 19 13 13 13 24 13 16 15 9 29 26 11 23 21 27 26 29 10 20 11 14 29 13 9 26 27 10 16 11 24 16 11 12 11 15 10 27 19 20 20 28 16 11 5 22 27 21 7 29 22
22 21 0 15 10 15 26 20 19 5 27 24 6 10 20 29 22 18 10 11 24 11 18 29 6 7 26 28 18 13 11 21 7 24 5 9 20 5 27 12 17 18 18 15 15 9 7 9 16 18 16 11 29 18 10 12 18 19 10 16 7 25 24 15 12 17 29 12 26 19 17 25 27 25 17 27 24 10 24 18 28 20 16 24 29 9 11 29 8 29 21 15 14 28 23 25 22 22 25 15 22 22 22 7 9 26 21 29 9 12 22 27 11 12 12 26 10 16 16 12 22 7 18 26 28 21 7 24 13 19 26 11 6 10 6 24 17 12 6 16 29 11 6 13 19 10 13 20 6 16
22 11 9 0 15 24 17 26 17 18 6 11 22 8 23 28 28 17 5 9 11 25 16 29 19 29 13 6 8 9 28 24 8 12 29 12 28 12 26 20 24 19 14 7 22 9 22 10 24 6 25 29 19 13 19 11 6 5 15 19 20 28 9 15 14 11 12 5 25 5 22 29 16 23 10 20 6 15 17 18 13 11 19 20 28 16 11 25 25 24 22 12 15 16 7 22 11 6 29 8 9 14 20 17 25 24 8 25 17 18 19 26 24 25 28 20 13 8 24 9 11 29 21 7 5 6 15 15 16 19 20 25 27 17 8 28 24 23 7 23 23 13 5 29 20 5 27 18 25 26
13 6 22 9 0 10 27 19 28 28 27 29 27 21 6 26 8 26 29 6 13 22 18 27 20 20 17 23 17 23 24 13 16 17 7 13 17 23 23 23 15 10 22 11 9 19 17 21 28 6 6 16 8 16 10 28 21 23 18 20 7 12 22 8 22 16 28 22 14 18 23 28 8 24 8 29 20 12 10 7 20 26 14 22 29 8 18 24 6 27 20 8 9 13 25 5 27 23 26 22 16 10 20 26 8 25 16 20 27 10 8 14 7 14 7 15 26 24 17 22 24 8 9 16 28 7 17 17 13 29 23 14 15 19 26 24 7 29 8 10 15 8 11 10 9 22 28 29 8 13
12 7 16 10 27 0 18 10 22 26 20 27 20 8 19 14 14 22 23 19 18 20 11 25 16 19 13 9 6 9 12 5 18 11 16 26 29 11 6 20 10 13 7 8 14 21 11 6 15 10 22 25 25 16 25 24 18 14 15 13 5 19 19 16 19 6 10 23 21 17 19 19 12 6 28 25 23 7 28 21 21 11 23 20 15 10 21 21 12 28 18 26 9 5 25 25 28 24 7 7 15 24 23 12 10 26 6 28 6 15 18 10 15 21 17 18 14 15 14 25 29 25 16 7 19 24 21 14 9 14 10 20 10 7 16 23 14 13 29 9 22 26 16 8 6 16 12 19 19 11
20 16 12 9 11 13 0 18 15 26 28 14 15 29 20 20 5 27 23 19 5 15 15 12 13 18 15 10 15 11 29 25 23 27 11 15 9 10 12 8 19 27 9 21 8 11 17 17 29 21 18 15 21 16 17 22 12 20 17 10 19 15 22 29 19 27 10 12 10 24 17 20 10 28 7 23 24 21 13 5 23 14 25 7 27 7 10 11 16 10 16 9 5 14 22 28 10 19 18 18 24 17 7 27 13 24 8 9 6 16 28 21 9 19 28 15 9 22 16 7 15 24 6 19 12 5 20 6 15 14 12 28 25 9 15 6 29 13 29 29 9 14 19 20 22 17 25 29 20 19
14 8 28 6 20 29 11 0 17 11 12 19 8 14 7 10 7 21 25 14 10 14 16 23 16 28 6 25 5 20 26 7 9 24 9 10 8 16 15 25 29 22 15 18 10 8 21 11 25 26 22 24 17 25 22 15 8 21 29 29 26 8 25 27 15 20 8 26 29 14 17 8 10 11 10 27 20 16 25 6 19 23 10 10 28 22 13 23 28 6 5 10 24 15 26 8 25 10 24 18 13 19 7 20 18 5 23 11 20 19 24 14 22 19 27 13 12 29 20 6 17 19 26 19 27 19 7 28 13 12 11 14 18 10 23 7 26 25 13 22 21 13 7 14 29 11 12 23 18 28
27 14 26 8 7 27 25 8 0 17 29 10 24 13 13 15 16 10 17 28 5 25 23 23 16 12 25 25 29 11 8 13 17 7 13 10 18 7 20 5 14 11 15 12 26 10 8 16 24 29 6 14 15 13 17 23 10 17 26 15 17 18 7 27 20 18 8 19 13 18 10 29 22 20 25 7 10 18 12 21 10 29 11 19 11 9 15 20 11 8 15 25 9 13 20 23 6 25 29 15 10 26 13 11 20 24 26 11 12 17 18 6 19 20 17 16 13 28 22 12 18 26 26 21 23 13 5 9 20 15 9 13 23 9 27 10 21 13 12 18 5 18 12 22 24 25 11 16 22 12
6 25 19 16 6 26 13 15 14 0 5 20 29 23 10 27 23 25 25 17 9 7 9 26 7 15 11 16 8 19 17 18 6 17 29 10 15 26 27 22 29 15 24 5 12 28 24 25 23 13 8 23 27 16 24 25 13 14 23 14 9 8 11 6 8 27 9 27 12 25 6 26 16 9 6 18 12 29 13 15 9 12 8 11 11 11 7 29 17 8 16 27 8 16 13 20 18 9 17 12 6 26 17 20 28 26 11 12 29 14 8 22 25 16 22 21 10 23 19 9 12 17 20 24 21 14 25 5 16 11 12 27 13 29 25 13 6 14 10 10 16 5 21 6 7 12 6 13 20 16
23 21 17 9 6 28 13 13 23 23 0 7 13 29 5 21 14 26 14 5 18 23 27 25 25 15 26 15 18 20 27 17 16 11 11 9 16 7 27 18 29 10 5 19 28 15 19 20 20 9 22 18 15 26 12 11 18 16 19 28 5 19 11 16 10 13 24 5 16 12 25 5 11 22 24 26 5 5 24 7 27 22 28 25 15 12 10 26 9 28 25 5 13 20 27 17 25 29 13 16 26 17 23 19 17 11 26 6 20 16 19 15 18 23 15 24 16 12 25 11 18 16 22 14 18 28 18 10 11 12 23 17 21 5 6 20 7 28 24 7 14 24 26 5 9 12 8 25 25 14
5 14 23 8 6 26 21 21 19 9 5 0 19 10 16 10 24 21 16 12 18 27 26 27 7 17 26 26 13 22 23 13 10 25 22 21 29 27 12 22 27 26 5 17 16 29 25 21 22 24 27 13 19 22 14 12 17 8 28 19 20 14 7 22 10 16 22 20 29 18 10 19 27 27 13 6 13 29 27 27 14 15 29 27 16 21 21 19 7 23 21 5 14 26 14 6 23 27 17 22 23 11 16 12 28 29 21 25 6 28 17 11 7 26 7 14 13 12 8 6 11 7 22 10 5 5 8 17 28 23 23 7 28 9 16 29 6 14 23 5 20 8 10 8 21 6 8 24 7 8
20 22 10 13 17 18 13 17 22 28 13 26 0 19 15 19 27 6 29 20 22 6 29 16 16 24 22 10 6 9 11 22 12 10 26 14 17 13 21 11 28 27 29 9 21 12 7 21 14 18 9 27 16 16 8 15 29 10 24 26 21 25 10 15 26 27 8 12 15 29 9 13 23 14 10 20 12 15 19 23 25 15 7 9 19 28 6 26 10 22 11 15 19 19 20 22 29 9 18 15 8 18 6 8 28 22 18 19 13 24 17 23 18 23 12 24 23 10 28 25 21 23 11 7 21 16 18 17 14 16 14 27 5 8 15 22 11 5 27 25 6 6 16 18 21 29 13 7 25 10
6 5 24 19 8 21 22 20 19 23 21 15 11 0 5 7 29 29 9 10 10 5 27 6 13 17 15 11 12 12 10 12 9 19 15 11 13 12 21 9 6 7 22 26 29 10 15 28 18 13 9 12 9 19 23 6 13 10 13 27 23 13 26 11 16 9 25 11 16 14 18 13 13 13 26 14 21 17 23 19 10 13 12 5 10 21 20 25 5 14 26 17 17 25 6 25 24 14 11 18 24 9 10 12 18 10 27 21 13 12 19 9 10 24 9 23 10 27 24 29 28 13 15 13 29 26 24 28 28 15 14 18 14 29 27 23 29 19 11 12 24 8 12 10 22 8 13 14 12 16
22 17 29 26 22 18 6 28 23 5 10 14 28 22 0 16 26 19 17 26 29 20 9 23 12 22 5 21 26 25 8 24 29 5 18 13 25 10 25 8 18 20 19 22 15 15 29 26 22 12 23 23 18 11 11 11 11 7 5 5 12 11 19 17 21 11 28 12 6 5 24 5 11 12 29 17 18 22 17 5 26 14 19 20 9 9 29 24 27 10 5 19 29 15 19 9 19 27 26 14 18 12 21 14 22 13 5 28 14 14 25 13 22 6 14 28 22 11 5 12 19 26 19 9 7 21 10 14 16 18 7 17 10 10 14 10 27 25 11 23 15 15 16 8 27 6 27 13 5 11
13 20 15 18 19 21 19 22 28 25 29 15 6 11 22 0 20 8 26 17 29 16 11 12 16 26 14 15 28 13 26 25 17 25 19 12 7 7 21 13 19 15 27 26 19 19 25 17 18 25 15 26 19 26 15 15 20 12 16 11 6 5 24 28 20 21 12 22 11 28 21 21 15 22 19 28 12 26 22 19 24 8 13 26 18 6 19 9 26 7 22 6 17 29 10 16 20 5 11 28 7 14 26 13 20 8 5 11 9 15 25 12 13 14 25 13 15 26 28 28 20 22 27 15 6 10 25 22 15 6 9 16 20 18 21 27 9 29 6 17 12 12 29 19 26 28 15 7 29 6
22 5 18 5 10 7 20 5 16 20 16 22 18 15 8 20 0 16 6 19 16 17 10 21 15 25 18 21 17 21 10 8 9 16 28 19 19 8 11 19 29 10 29 15 24 22 26 14 12 9 18 29 8 11 15 22 13 8 19 5 26 13 21 26 29 12 10 6 22 26 22 17 20 7 6 13 22 9 25 13 28 7 5 14 5 14 9 5 20 25 28 15 26 29 29 29 10 5 22 12 16 14 8 28 15 28 23 10 15 22 6 17 25 27 5 22 18 27 13 23 27 21 27 28 19 9 27 7 23 8 12 22 12 11 15 6 6 13 22 21 27 25 20 6 20 6 21 12 23 17
29 10 27 25 21 28 15 20 8 26 17 20 24 6 6 23 13 0 28 16 15 15 12 19 26 19 16 19 15 11 18 12 15 5 9 16 8 17 8 8 15 19 18 18 8 15 12 12 23 13 22 15 8 18 10 21 20 26 19 10 7 29 5 27 16 17 19 10 19 16 18 10 13 18 9 14 8 16 17 9 6 23 22 10 15 28 27 23 15 22 5 26 11 29 18 27 20 25 9 16 13 22 13 18 15 14 13 21 23 23 22 11 22 24 16 20 11 26 23 8 6 7 15 5 9 26 21 24 23 26 5 21 14 24 16 5 15 10 23 14 25 27 10 23 14 27 26 26 19 20
16 5 28 5 5 22 21 5 22 13 24 28 18 23 24 28 15 29 0 18 21 8 28 10 15 17 5 5 11 6 23 24 19 27 12 28 19 20 23 10 22 13 17 27 6 22 27 27 22 6 12 29 13 29 29 24 16 25 20 16 16 10 16 28 27 5 5 22 23 22 16 22 15 17 13 12 6 14 10 6 12 10 16 12 7 25 15 12 19 20 17 17 21 26 20 8 7 16 20 20 6 6 26 9 14 24 7 23 8 7 5 20 19 7 26 5 28 5 9 6 11 21 19 14 13 24 10 18 22 23 8 28 25 27 6 14 11 18 12 11 29 20 14 23 25 16 29 10 20 20
10 12 9 7 24 18 19 11 28 20 26 6 27 15 17 6 5 12 28 0 15 29 26 28 28 20 19 7 28 23 17 15 25 6 22 19 22 9 8 20 18 27 21 26 16 11 10 26 26 24 17 25 18 12 20 16 5 19 22 24 11 15 13 15 27 19 23 20 28 24 27 24 23 23 7 16 11 9 26 8 15 17 28 12 9 28 5 26 26 28 18 21 19 7 27 7 26 19 12 23 10 26 14 26 12 11 13 22 12 12 12 8 28 29 8 26 13 20 27 20 13 17 15 13 8 17 22 7 9 5 18 18 6 9 17 9 10 19 7 21 5 18 5 20 7 11 15 5 18 12
29 23 6 19 29 19 15 12 24 6 18 9 7 10 6 11 13 11 12 23 0 5 28 6 18 10 14 14 14 11 19 28 5 10 15 23 11 27 11 15 9 20 8 11 15 10 11 15 8 28 12 14 17 29 28 5 14 15 21 8 29 12 11 8 16 5 21 22 14 5 9 29 20 22 14 14 17 23 26 26 26 27 16 26 25 9 25 20 10 8 29 14 9 17 8 24 12 27 27 15 28 20 9 17 21 19 25 24 11 25 8 16 22 26 7 24 21 19 27 14 21 16 25 20 25 13 7 25 17 20 28 13 16 8 23 21 21 28 5 23 25 17 11 5 19 7 9 9 20 19
20 7 23 27 21 22 8 20 23 11 7 7 18 6 9 20 21 16 7 17 5 0 12 11 7 25 5 9 15 10 6 22 6 22 10 7 5 13 11 17 12 18 23 14 13 18 23 23 29 24 17 10 26 9 26 19 11 12 19 8 22 7 18 23 18 25 11 27 17 6 11 26 29 20 7 7 27 25 28 24 7 8 17 24 23 23 26 22 18 28 29 28 6 14 15 7 11 17 5 26 22 8 27 21 28 11 22 16 9 11 19 23 9 7 5 27 21 23 20 5 12 28 11 12 26 28 7 9 25 21 15 29 8 21 10 10 6 29 18 26 8 23 26 20 27 14 28 14 21 8
20 23 16 8 29 9 9 10 14 16 14 6 12 13 6 24 10 13 27 25 18 28 0 14 24 15 20 10 5 15 29 20 18 11 15 14 9 26 26 8 21 26 12 16 5 16 21 29 18 7 13 12 29 18 11 6 10 23 22 11 14 23 28 10 7 24 17 21 11 8 18 26 6 12 14 12 7 20 8 17 15 8 22 21 7 19 19 20 5 9 7 26 14 28 21 23 13 7 7 10 9 27 20 27 21 11 5 12 6 22 19 8 8 12 27 15 18 13 13 8 25 17 13 22 20 28 12 19 29 10 17 11 26 26 7 17 7 13 13 6 12 5 26 10 24 8 29 18 29 29
5 22 7 14 22 21 11 24 5 17 20 6 28 25 10 11 7 21 9 6 14 7 19 0 25 26 16 9 11 11 26 21 9 8 16 12 9 18 19 27 27 19 11 19 27 25 7 16 24 19 10 22 16 24 23 27 12 15 8 13 9 22 11 16 21 5 12 12 24 23 19 11 6 27 7 11 26 12 8 10 8 26 6 16 12 10 22 6 6 21 23 23 16 27 7 14 14 12 28 10 17 28 7 20 11 24 27 19 21 14 10 7 10 15 10 12 23 5 7 27 15 22 12 6 20 13 26 19 9 24 16 17 8 10 11 9 5 7 23 5 28 17 25 8 13 5 15 11 28 20
11 15 12 19 10 5 12 19 7 11 16 15 29 25 20 14 7 18 15 13 18 26 18 27 0 23 25 15 14 6 17 29 24 5 15 7 27 29 20 22 7 7 28 18 20 5 29 17 25 15 26 13 17 6 27 8 19 6 7 24 9 18 29 29 19 17 16 11 20 27 24 14 25 8 25 8 19 7 22 13 22 9 23 25 17 21 15 24 7 8 26 21 27 11 21 27 24 27 22 10 23 25 15 28 21 17 24 8 14 19 11 27 12 18 25 27 6 28 17 23 23 17 14 27 21 29 28 12 18 21 16 5 14 7 16 23 10 29 21 10 9 18 26 6 16 7 14 28 14 25
16 19 18 14 10 11 24 7 15 14 28 26 26 21 11 20 20 25 16 23 24 23 10 16 25 0 13 23 9 22 19 27 10 7 11 28 27 15 25 16 5 25 24 13 18 16 19 22 19 13 18 18 9 21 26 17 17 7 25 24 17 13 6 23 23 8 27 24 14 6 29 25 6 11 13 26 16 17 24 24 5 8 17 14 10 6 15 15 29 22 9 5 10 15 24 12 5 8 16 11 7 7 23 7 13 15 20 18 23 17 20 8 15 11 20 13 6 23 27 27 12 19 24 17 13 7 24 21 9 11 29 27 25 9 18 6 7 24 25 28 6 16 27 22 21 17 25 11 18 10
24 19 7 6 13 16 23 13 20 29 29 10 25 25 27 12 24 6 9 6 22 22 7 26 20 25 0 12 6 14 14 29 11 12 21 21 17 6 25 15 8 28 17 24 29 16 16 27 9 19 29 14 24 14 22 15 15 13 20 16 25 25 22 27 9 15 24 13 26 17 24 28 25 28 18 23 9 25 28 19 9 13 5 24 27 28 10 28 21 25 28 8 27 13 14 11 7 23 5 15 19 5 21 29 9 17 9 6 11 14 17 9 11 22 21 29 15 15 21 10 27 27 20 13 13 8 8 23 9 29 16 26 5 18 15 12 8 14 29 12 24 28 8 10 15 10 21 17 12 5
23 27 14 12 8 8 26 9 8 20 21 28 28 9 19 16 26 15 25 7 26 13 17 8 12 24 11 0 22 12 11 26 18 25 23 20 16 26 14 7 25 17 12 21 14 29 17 5 6 10 9 5 10 28 18 14 12 9 19 16 25 9 10 18 20 5 26 17 12 23 17 13 11 14 16 13 25 19 16 18 26 10 10 16 7 27 29 21 25 26 6 12 20 12 14 10 5 14 11 21 28 14 13 21 17 24 10 24 9 11 10 17 22 25 18 20 29 6 22 20 29 7 11 11 11 14 10 11 23 24 20 24 11 22 8 10 10 11 19 8 17 10 13 20 25 11 24 26 26 11
5 19 20 15 29 17 21 18 13 22 21 27 27 5 15 29 18 24 23 25 9 20 22 25 25 19 17 20 0 24 19 25 27 8 13 25 9 27 10 20 11 27 17 25 22 27 21 5 12 14 5 29 21 24 10 10 27 17 6 19 10 25 14 25 25 23 29 27 5 8 27 24 6 20 6 5 6 9 25 22 21 25 22 5 15 22 10 15 25 12 13 8 13 12 16 15 25 25 9 28 8 9 5 14 25 20 12 11 26 25 23 8 22 16 24 18 23 29 29 11 8 23 16 28 12 21 6 13 13 8 22 19 23 7 16 14 18 22 21 5 17 16 18 22 6 27 25 26 18 15
16 19 27 19 9 29 20 17 22 6 7 19 10 5 17 29 7 21 5 25 25 24 5 13 11 23 23 10 13 0 13 7 5 12 23 27 14 8 26 28 22 6 24 24 9 14 17 9 14 19 22 14 24 29 28 14 27 22 9 22 16 9 11 25 12 12 28 12 26 16 20 14 22 25 9 19 5 9 21 17 10 18 5 25 20 16 27 22 10 5 17 28 9 18 17 19 9 14 10 16 21 9 21 22 15 16 19 6 17 28 26 6 10 22 25 18 29 20 22 23 21 19 7 6 10 10 26 5 20 10 22 17 25 12 19 24 20 5 15 18 13 20 12 15 19 7 14 27 29 10
28 11 7 9 12 10 28 8 5 13 23 25 18 18 11 13 16 10 14 26 12 23 5 28 19 20 7 5 7 18 0 14 9 5 19 17 29 18 23 23 8 22 20 27 8 18 16 15 7 18 16 10 28 7 26 23 24 6 20 8 10 7 9 16 18 12 29 28 26 10 14 25 28 27 14 14 29 21 23 6 11 19 13 18 10 11 24 23 27 21 25 24 12 15 6 7 8 21 13 25 20 11 20 14 12 7 5 9 12 24 12 25 10 29 25 26 26 24 28 24 14 11 21 20 11 29 22 29 22 27 19 17 24 29 12 13 11 21 16 13 10 26 15 22 18 25 17 12 11 17
6 7 21 27 29 10 7 16 7 13 23 26 7 8 26 14 12 27 20 18 28 21 23 19 27 27 14 14 17 21 25 0 10 11 7 21 22 5 18 20 10 6 22 14 24 24 11 12 20 8 6 6 22 18 20 21 24 9 7 25 6 23 18 20 22 19 18 15 17 7 16 5 26 25 6 21 13 25 12 8 17 29 24 9 19 7 17 6 24 24 29 9 6 29 29 13 12 5 20 21 9 19 12 22 22 6 27 14 28 22 8 15 17 20 12 24 28 29 20 16 12 11 19 24 18 18 11 8 11 6 5 25 25 17 24 29 21 10 5 28 13 19 27 20 26 22 20 23 17 16
19 7 19 27 18 26 28 14 27 23 27 13 17 19 26 9 6 29 24 18 19 17 5 20 9 5 5 8 12 21 19 25 0 6 16 23 8 24 29 22 29 6 5 15 10 21 16 15 15 18 10 14 19 18 8 8 24 25 21 8 14 5 20 15 15 11 15 28 13 13 20 25 6 12 13 22 21 13 21 23 9 7 15 5 25 22 17 18 13 10 26 17 15 24 28 19 27 5 19 13 18 17 10 8 6 27 29 9 23 13 24 29 29 10 18 9 12 28 8 6 24 17 5 22 11 13 17 26 12 8 15 15 18 5 6 17 20 28 17 12 28 10 14 22 5 28 9 28 15 12
22 26 17 8 8 28 26 12 11 16 20 7 17 21 16 14 21 26 15 15 17 8 22 7 10 22 7 5 13 5 17 29 9 0 28 17 18 19 6 27 17 28 10 12 21 5 19 26 23 16 19 17 27 20 10 17 5 12 29 8 24 21 24 17 18 9 15 21 20 11 25 6 27 20 16 24 18 14 11 20 16 7 9 5 22 7 10 18 26 20 25 5 14 19 11 22 13 26 14 29 12 19 26 8 16 23 8 26 5 18 17 23 10 14 27 28 22 28 7 18 5 18 21 6 6 15 19 8 20 9 8 28 18 21 20 9 28 14 20 17 21 28 7 20 18 11 21 24 20 27
15 12 18 14 14 27 17 20 13 29 18 22 17 18 17 13 27 25 26 25 20 8 23 18 14 25 19 9 22 27 22 26 20 20 0 17 26 9 16 27 17 24 21 9 18 28 21 8 5 19 13 24 15 14 5 19 17 8 9 17 21 27 5 10 16 14 20 16 21 12 10 22 25 23 21 9 18 26 16 13 18 24 12 8 24 25 21 14 17 6 5 8 24 25 14 19 21 11 19 23 20 11 16 16 16 17 25 19 23 6 21 24 27 6 20 11 17 21 6 27 14 10 16 27 7 29 15 23 23 5 16 27 18 14 6 27 13 29 29 12 18 14 22 23 6 19 17 19 6 5
14 18 11 21 12 18 21 16 19 17 15 9 28 9 26 11 28 5 20 16 14 9 16 16 6 20 12 16 16 7 19 29 7 11 13 0 7 19 16 6 8 12 19 10 18 17 25 19 6 9 14 24 5 16 12 9 27 5 22 21 24 14 22 20 29 25 9 26 6 28 13 8 24 8 28 26 29 13 13 8 22 14 19 7 13 13 10 13 7 21 8 22 23 28 17 13 22 10 25 15 5 24 5 26 15 18 7 13 26 25 9 9 11 29 24 27 12 9 23 26 27 21 22 18 16 11 8 19 29 18 28 19 29 14 26 29 7 11 26 26 7 5 14 7 29 16 9 19 25 12
28 6 8 9 19 10 19 7 18 27 25 8 28 19 29 5 16 18 19 7 23 13 29 22 15 6 8 7 20 28 11 27 12 25 19 18 0 19 11 22 22 28 18 13 23 9 9 18 17 17 18 28 26 17 27 13 11 29 20 8 29 10 19 11 5 5 18 9 14 24 19 22 29 14 21 18 7 12 29 20 6 8 24 19 29 19 8 23 22 5 21 26 22 8 18 25 22 28 5 12 21 13 15 9 22 11 16 6 28 17 6 7 20 9 21 14 12 14 20 8 8 19 15 8 16 13 20 8 11 6 22 11 8 6 14 13 14 9 29 28 25 13 29 17 15 12 18 9 21 18
8 24 8 10 11 12 29 12 14 12 26 7 10 19 29 6 22 15 24 10 14 10 15 19 13 22 10 27 17 19 12 26 18 28 9 13 6 0 13 20 26 10 19 22 6 24 25 24 24 13 21 22 17 9 8 25 21 20 18 14 13 16 20 6 6 17 18 7 20 19 11 19 20 28 28 15 19 22 13 13 21 17 22 25 20 26 18 21 29 20 16 5 23 29 12 11 26 29 8 22 26 15 27 26 16 18 26 27 8 10 25 14 6 26 8 18 25 12 22 9 18 18 19 6 18 5 18 23 26 27 7 26 21 7 20 11 13 6 23 5 8 24 12 13 19 18 7 9 13 25
7 14 19 29 9 18 21 14 15 14 16 16 10 19 13 7 27 16 13 17 19 29 14 11 14 8 9 11 13 6 27 23 24 27 26 20 21 16 0 18 11 19 28 14 23 11 28 27 15 7 28 29 29 21 18 24 20 11 12 26 7 16 23 29 11 23 6 20 7 16 26 19 13 15 26 16 23 24 6 16 17 7 12 8 23 7 29 12 6 9 21 10 27 18 15 28 5 9 12 29 16 8 11 10 17 6 22 22 8 5 27 14 24 10 13 25 24 18 13 13 14 17 20 15 25 29 17 19 13 21 6 5 23 16 10 7 11 25 25 11 20 20 16 21 28 5 21 9 17 7
8 13 10 5 29 8 18 24 22 13 22 27 26 17 17 17 8 28 5 22 20 9 22 18 23 28 13 6 7 27 12 11 18 7 25 15 19 25 20 0 11 8 11 18 10 7 10 21 7 25 11 15 20 22 11 25 9 26 21 23 10 7 15 12 10 22 15 19 8 17 19 25 27 10 9 22 11 10 9 23 18 19 21 26 9 17 23 27 29 28 16 20 13 26 16 18 20 21 5 11 14 28 8 28 11 8 29 7 29 27 6 29 6 12 7 27 19 13 5 28 24 29 6 27 10 21 11 27 20 18 25 24 24 28 28 19 24 11 28 6 8 27 14 10 25 12 26 19 28 18
25 18 16 28 27 21 14 24 18 18 27 27 27 22 21 7 6 28 18 19 18 7 25 11 26 17 5 27 25 9 21 27 27 24 17 25 23 23 27 19 0 23 5 16 10 8 7 25 20 12 9 22 12 17 22 15 21 21 29 27 9 10 28 15 22 22 17 29 12 28 24 27 28 11 8 9 16 20 14 23 5 19 5 5 20 20 12 14 15 25 27 7 19 23 8 7 13 13 18 8 26 28 18 13 17 6 27 28 10 5 14 5 23 8 26 22 17 19 23 20 10 20 27 28 11 17 15 10 29 15 25 15 28 29 13 15 17 5 20 5 9 22 12 18 22 17 20 29 16 12
10 22 13 18 19 23 23 20 11 11 19 11 26 11 29 5 8 7 28 24 22 6 19 8 21 21 5 6 20 29 27 23 23 11 25 28 23 26 24 24 28 0 9 13 11 12 28 20 14 22 21 10 5 20 23 12 24 26 26 26 5 23 20 5 9 8 9 12 26 19 7 7 14 14 26 7 15 21 10 20 29 22 15 18 14 6 14 5 18 5 9 13 25 10 27 22 20 27 15 16 11 17 24 21 7 6 27 15 18 11 15 25 14 12 15 13 18 26 10 28 20 5 25 14 26 26 19 10 28 18 6 23 22 12 21 8 27 18 17 13 28 27 19 18 15 7 22 19 22 9
21 9 13 16 15 25 20 6 22 8 17 19 16 8 8 7 21 21 22 6 18 18 22 6 22 27 6 22 8 6 29 19 7 29 10 20 12 10 20 7 5 22 0 25 11 14 9 18 27 6 29 18 28 26 16 16 20 24 25 7 13 8 26 29 22 21 21 24 18 5 9 15 17 21 11 14 18 20 13 5 7 18 25 16 6 18 23 27 12 23 25 20 6 20 26 20 19 15 19 16 11 25 26 27 20 7 5 16 9 25 18 27 8 18 15 6 16 27 11 27 19 6 18 6 13 16 12 21 29 27 8 27 19 23 21 21 16 14 28 25 10 10 13 21 29 10 23 16 25 22
17 21 16 16 23 9 25 13 15 7 14 23 10 21 14 24 15 21 25 27 16 17 17 24 12 6 21 19 18 23 13 15 5 15 14 12 22 27 7 26 8 21 17 0 9 14 13 20 27 19 18 28 13 21 27 9 12 18 14 19 15 28 20 9 11 14 9 12 12 18 10 8 11 9 27 25 5 24 18 14 20 27 29 24 14 29 14 9 25 5 5 22 27 22 9 23 11 29 26 5 6 24 6 9 29 26 24 24 24 20 17 24 22 10 25 14 9 10 24 25 16 23 22 27 26 14 26 24 28 16 16 5 6 28 27 23 17 23 6 17 23 21 17 15 17 20 27 9 5 17
7 21 26 13 20 23 9 9 27 10 9 20 11 7 18 7 27 24 23 23 21 7 11 8 22 21 20 19 8 14 21 29 16 20 28 10 24 15 25 23 20 27 19 14 0 22 29 8 12 18 8 29 28 5 17 27 14 27 23 12 16 5 13 17 8 11 22 26 25 24 15 23 14 25 29 15 6 18 19 14 23 11 11 12 21 27 26 22 25 14 8 8 28 13 23 23 20 10 25 28 8 15 5 5 16 11 7 21 27 12 27 12 7 15 6 15 9 22 10 9 11 20 20 17 14 14 14 9 26 15 10 28 6 24 29 12 26 16 17 24 15 29 13 18 9 24 6 7 23 5
28 19 11 15 8 17 8 8 11 22 16 15 27 8 28 10 13 21 5 17 21 23 15 28 26 7 6 12 8 29 6 27 6 14 8 20 18 13 11 19 15 19 19 11 24 0 26 6 16 6 20 7 16 7 18 24 21 14 6 12 22 28 16 22 15 26 22 18 28 25 11 29 7 16 13 25 12 27 24 25 5 7 27 28 5 13 25 22 26 8 14 17 9 21 29 27 28 20 13 25 6 28 11 15 20 9 27 20 15 25 16 20 25 10 22 28 19 11 23 18 21 7 12 7 8 21 23 26 19 13 6 15 22 10 23 27 6 6 11 20 25 12 12 9 7 18 7 8 22 17
5 20 22 16 14 18 22 12 20 20 23 9 13 10 28 23 14 28 16 29 10 6 20 15 22 16 23 10 16 16 13 5 24 23 10 18 13 29 24 20 5 12 5 6 12 15 0 9 9 11 15 14 23 18 29 10 19 24 16 16 18 12 28 18 11 15 11 23 26 7 27 21 12 14 26 14 17 18 15 14 7 6 26 15 7 20 13 23 25 20 11 24 11 23 20 25 20 27 23 10 22 19 6 6 20 27 7 18 16 9 10 16 26 7 18 21 5 12 21 29 14 6 19 5 9 10 27 13 27 29 14 25 27 19 19 9 18 24 10 6 5 17 25 23 29 26 22 22 5 12
21 23 28 5 10 11 22 16 25 15 29 28 27 5 21 6 16 10 20 18 5 5 9 5 16 24 28 8 15 19 15 16 6 24 29 15 24 10 18 19 15 16 8 13 29 23 24 0 6 19 12 26 27 8 19 23 19 23 9 7 14 12 12 11 17 18 10 13 20 12 18 10 7 26 27 27 5 24 6 10 11 29 12 14 19 17 23 6 25 22 22 25 16 9 11 18 27 17 18 5 27 28 26 26 19 5 18 24 8 9 6 24 6 11 7 10 27 27 27 17 29 19 6 10 15 26 12 25 16 15 25 15 16 16 16 7 29 26 6 8 7 26 21 20 10 13 10 14 19 29
13 9 13 25 27 25 28 9 26 26 10 24 8 24 13 24 24 9 24 9 28 16 7 6 26 28 20 11 21 8 19 19 23 19 8 18 11 22 29 17 25 10 17 8 21 29 9 14 0 10 21 11 8 26 27 26 15 10 29 19 8 24 25 21 26 7 11 10 27 19 9 7 7 19 9 10 7 21 15 26 7 15 22 29 18 8 26 15 21 20 6 25 25 28 8 18 29 10 20 22 18 11 20 17 10 20 23 8 7 24 10 8 19 21 7 18 10 12 27 16 24 26 27 26 12 10 22 22 29 20 16 23 25 12 27 28 28 6 22 15 22 27 17 23 25 24 20 13 18 24
14 6 15 29 29 10 15 28 28 19 12 15 7 15 22 5 13 7 22 25 9 9 23 11 5 23 22 23 17 5 9 29 22 15 22 5 10 28 7 5 23 8 20 6 6 26 8 13 8 0 14 10 19 6 25 6 10 12 27 8 21 11 14 26 27 11 16 16 29 14 14 24 12 26 13 27 24 20 17 29 24 15 27 7 15 8 18 6 23 10 28 11 28 29 5 5 15 12 15 26 29 19 15 12 29 24 17 19 13 12 22 22 10 26 9 19 21 8 27 14 19 24 12 19 12 17 9 19 9 9 5 26 7 21 21 8 24 7 14 24 10 29 26 28 5 10 5 22 9 14
14 9 10 19 22 18 8 17 17 20 21 9 11 24 10 16 9 8 24 5 19 7 12 28 28 15 25 20 9 19 28 11 16 6 19 12 25 7 26 29 15 28 21 7 12 19 20 11 19 25 0 22 23 27 8 27 14 9 5 7 13 27 13 10 21 8 24 15 11 9 28 24 22 27 22 7 27 14 15 15 25 12 28 6 9 20 14 19 20 22 5 16 21 19 19 7 10 28 27 6 29 10 17 24 26 26 22 9 25 13 9 10 27 9 17 12 13 17 16 21 19 18 15 5 20 11 22 27 6 27 5 18 16 20 10 17 11 5 24 17 17 13 10 23 9 17 7 29 24 24
12 21 12 10 9 10 14 12 25 21 27 29 14 29 20 29 10 26 25 8 6 18 11 28 23 26 26 14 28 25 9 9 29 14 29 27 27 27 23 16 11 7 16 25 11 5 20 11 25 29 25 0 29 29 27 8 16 6 29 6 23 21 7 12 16 23 17 27 22 19 6 19 10 15 21 15 15 22 29 16 5 25 23 13 26 6 22 5 21 10 25 28 24 17 11 23 8 9 10 17 27 27 12 24 25 17 9 28 15 9 11 21 22 16 22 9 9 29 11 23 11 15 21 17 13 15 28 21 13 14 13 13 5 19 20 28 14 27 15 26 11 6 19 12 23 12 21 6 29 14
18 17 20 17 11 8 17 11 5 15 11 5 25 24 22 20 18 25 10 5 7 28 26 27 12 21 19 12 19 26 26 29 28 23 18 19 25 9 9 19 24 15 27 13 23 9 8 18 27 28 29 6 0 6 13 20 21 13 25 13 10 24 20 7 14 24 5 14 22 27 10 19 12 27 20 27 26 13 23 6 24 11 17 5 20 5 28 13 12 21 6 28 15 22 21 21 26 13 22 19 24 19 8 6 27 23 7 21 11 22 20 25 5 25 26 11 19 11 23 29 12 12 11 8 20 22 9 9 15 9 12 26 10 16 23 17 13 28 17 15 21 7 5 10 27 22 21 20 16 18
12 10 15 15 24 28 6 10 27 7 19 23 29 25 15 6 20 16 11 16 6 5 21 14 8 10 13 9 16 27 20 12 6 8 14 11 15 13 11 13 27 9 13 29 18 11 16 17 27 10 23 27 21 0 26 5 16 12 14 18 7 12 10 24 13 27 6 23 7 18 16 16 6 14 6 6 16 5 24 26 9 23 8 10 8 22 19 6 21 23 28 13 12 18 20 16 25 16 27 11 9 18 15 18 9 18 23 12 27 13 13 13 11 22 18 12 12 17 21 18 21 27 16 23 13 19 18 9 12 16 25 12 10 9 23 14 27 18 20 16 24 28 11 18 22 26 20 29 14 23
29 15 24 29 18 28 19 26 5 27 29 29 26 15 24 27 11 12 14 12 16 21 14 26 15 16 17 8 27 29 27 5 11 24 29 20 5 16 12 8 29 21 29 10 19 8 21 29 10 7 6 11 22 10 0 17 23 12 21 21 12 29 27 25 12 20 19 19 15 15 25 5 10 16 24 14 16 20 18 19 25 20 17 14 26 19 6 10 13 10 28 15 18 19 28 13 20 11 12 28 20 12 28 20 14 22 17 22 18 17 6 20 17 10 6 20 18 18 5 25 5 12 16 24 13 28 10 15 28 26 19 6 19 15 24 28 24 9 22 8 19 17 27 22 10 12 14 6 16 15
15 5 10 8 24 27 16 17 27 28 22 24 10 6 13 5 21 20 17 8 14 6 24 26 5 9 9 20 21 5 11 6 23 26 14 25 29 24 25 27 23 25 27 17 18 7 19 24 21 23 14 15 6 18 29 0 5 9 26 6 11 27 25 22 29 9 11 5 5 9 13 5 17 9 27 14 20 11 5 21 25 28 13 17 24 13 27 10 14 5 6 7 7 14 16 23 10 15 9 15 29 18 7 17 7 16 21 14 23 13 15 26 6 8 25 10 10 27 19 7 9 21 6 14 7 13 28 26 23 9 28 17 27 16 5 16 18 9 25 25 7 17 14 20 28 8 28 24 18 8
17 8 12 23 21 21 26 28 23 15 15 23 17 19 5 20 8 17 25 8 16 18 16 11 6 5 11 18 11 8 17 22 10 10 24 25 13 15 29 17 29 17 14 26 22 12 16 23 23 14 20 21 12 6 28 8 0 22 13 27 20 11 27 22 7 22 11 23 17 13 10 10 18 21 21 22 10 12 5 21 13 24 27 26 24 6 11 13 13 18 9 11 15 23 7 15 25 24 23 17 9 17 28 15 17 26 25 20 7 9 21 10 18 22 16 28 28 10 18 23 6 12 9 27 9 16 8 18 26 16 15 20 29 18 18 11 17 19 24 29 6 8 16 19 17 16 29 7 15 21
18 10 10 14 13 28 6 29 14 20 16 16 11 8 23 25 29 13 28 19 8 16 28 19 29 23 27 9 14 18 22 18 9 11 15 12 7 26 12 19 23 16 16 19 25 9 15 29 12 19 29 25 5 17 18 16 14 0 14 15 10 6 10 23 20 25 21 23 23 26 23 7 7 17 21 29 24 24 10 7 24 8 25 9 21 12 21 14 26 14 16 20 17 7 5 25 23 6 16 13 17 13 10 19 11 22 25 13 28 23 29 17 12 12 26 24 6 18 15 24 8 24 24 14 25 6 9 6 28 16 28 26 10 26 17 24 28 12 7 28 7 14 27 16 12 6 10 18 19 14
28 23 10 10 26 13 9 28 23 29 26 24 13 8 8 29 13 7 9 8 9 25 29 28 17 17 18 7 20 20 19 7 25 19 18 11 8 28 5 23 20 24 7 18 10 22 11 27 17 15 20 10 26 27 12 15 9 17 0 6 21 16 10 9 20 18 25 16 14 12 23 25 10 8 6 8 13 5 18 26 28 11 10 22 28 6 20 27 20 12 22 29 21 6 8 22 23 20 10 11 13 7 10 17 13 28 17 10 8 9 28 15 29 13 26 13 22 16 24 15 9 14 26 20 13 8 9 8 8 28 10 6 25 27 10 6 17 24 20 28 8 11 26 9 10 16 9 22 26 12
20 10 28 9 14 25 23 15 20 6 20 25 7 12 22 8 19 20 13 28 17 14 29 21 12 18 19 7 27 7 24 5 27 15 8 16 17 15 12 10 15 5 7 6 12 18 6 9 14 19 15 25 28 17 29 5 6 25 21 0 11 17 13 12 28 5 20 13 26 14 27 7 27 25 14 20 13 28 8 11 21 10 9 15 7 12 25 5 17 18 12 21 10 5 29 12 21 26 19 25 27 28 5 19 21 27 15 29 21 29 11 23 27 19 18 28 22 20 22 14 12 6 10 14 27 25 27 15 26 20 7 14 5 11 17 11 28 19 9 29 15 22 21 15 17 6 17 27 6 23
18 12 14 24 12 8 28 12 17 6 27 16 14 6 23 18 28 19 27 14 29 5 26 26 27 8 16 17 20 6 15 13 27 18 25 28 17 16 27 26 14 11 23 5 26 19 27 10 28 17 27 27 9 21 6 29 6 8 5 5 0 8 21 10 25 5 20 25 20 28 11 12 16 26 26 29 12 21 7 10 5 6 9 11 19 24 9 10 29 28 19 21 6 9 25 23 13 15 9 12 15 10 17 15 11 15 11 5 6 6 11 13 27 26 6 15 18 6 10 25 27 8 7 23 9 27 25 25 12 11 20 23 20 22 27 21 16 9 25 14 28 29 8 9 19 25 29 10 18 29
10 6 12 15 27 26 23 23 12 28 13 17 7 29 7 11 28 9 7 7 16 9 17 14 8 22 22 15 22 16 25 7 29 29 13 19 13 20 6 17 16 24 25 8 23 12 11 11 21 25 18 8 16 28 14 21 17 8 5 5 17 0 18 9 8 29 25 12 6 8 16 24 14 15 6 22 20 20 17 29 6 6 11 11 23 7 26 7 17 17 21 22 29 13 16 14 10 16 23 5 16 17 24 11 12 8 19 21 25 17 12 27 25 17 7 9 17 9 13 14 23 12 10 6 8 16 21 24 9 15 25 20 5 6 15 17 12 9 13 24 20 20 12 28 25 12 5 7 21 20
26 21 16 14 18 22 12 29 7 26 20 16 19 13 10 23 12 27 17 21 25 12 24 9 21 26 24 26 28 10 13 25 19 25 10 7 26 10 14 18 24 27 27 19 22 25 7 22 24 6 13 9 5 27 10 15 5 11 10 21 14 23 0 25 14 29 6 11 20 19 17 14 23 27 28 24 23 12 16 16 7 16 17 10 14 29 14 15 27 22 19 10 8 19 11 14 14 21 11 12 20 13 5 6 26 27 17 23 8 23 17 25 20 11 21 19 8 29 8 27 5 18 12 19 27 10 5 16 22 11 6 23 16 13 24 18 19 17 12 19 26 18 20 24 11 15 18 13 24 18
5 23 19 25 17 6 16 10 10 12 6 13 22 8 8 7 8 14 10 26 7 23 26 6 5 9 14 28 19 19 27 5 17 8 19 27 22 17 10 12 12 23 20 7 26 23 15 15 9 11 18 23 11 8 9 8 10 5 11 7 6 12 10 0 9 18 19 17 28 22 11 21 6 29 21 23 28 23 8 14 6 12 24 20 13 9 20 10 13 5 12 13 15 21 20 19 20 7 13 8 5 29 16 8 8 25 25 23 19 16 23 6 10 19 23 11 24 14 24 5 12 19 24 12 21 26 18 6 21 16 28 26 18 16 29 20 26 18 14 8 24 16 5 8 7 6 5 11 5 9
29 5 12 7 16 19 21 11 7 17 6 26 10 18 5 5 26 26 25 29 26 12 23 14 8 9 20 23 12 17 19 5 21 15 5 13 17 11 28 26 9 9 28 22 20 18 8 25 18 29 6 23 22 27 25 8 13 13 19 18 23 19 13 18 0 25 25 16 16 9 26 15 23 17 12 17 23 27 5 24 20 16 6 12 23 9 15 20 9 22 13 25 12 27 27 19 15 21 5 29 23 11 16 23 29 7 24 5 24 26 26 21 6 20 10 13 19 9 18 20 18 14 14 20 16 10 18 17 24 23 26 27 13 23 8 19 16 17 17 6 5 12 24 29 11 24 25 27 27 6
25 19 20 28 15 25 21 23 26 20 25 22 5 17 28 18 17 22 22 9 26 23 21 16 26 11 11 8 25 25 14 5 14 26 26 9 21 18 9 29 15 13 20 19 23 23 28 18 21 9 16 11 12 26 22 6 15 27 25 7 24 23 24 14 19 0 9 17 9 12 7 6 19 27 12 11 19 5 19 19 15 7 11 27 20 22 29 12 28 8 13 10 23 7 5 21 8 24 18 23 20 27 11 26 7 25 10 7 17 16 8 28 6 19 17 14 9 11 15 21 22 28 5 19 13 6 29 24 10 13 13 14 16 13 8 26 23 20 25 11 16 17 18 22 6 11 25 8 18 18
14 6 20 28 11 25 13 23 27 22 18 22 27 9 14 27 9 5 27 25 17 16 13 23 8 20 16 9 22 29 16 14 25 11 18 18 5 5 5 8 26 28 22 20 10 5 14 11 27 29 19 21 23 14 5 22 27 8 8 8 16 24 22 8 23 23 0 6 26 14 27 12 13 25 20 25 12 10 24 7 9 24 19 9 26 21 9 17 8 28 21 19 19 10 26 15 27 11 17 7 24 6 26 15 11 6 24 25 10 19 12 21 20 18 21 11 23 20 27 14 22 28 14 27 24 16 28 8 5 12 23 7 7 15 14 26 10 8 7 12 16 21 7 13 24 11 27 10 18 24
26 29 10 10 8 26 9 15 19 17 26 19 17 23 22 21 7 11 13 23 20 6 29 6 16 28 18 26 10 14 26 7 17 19 16 9 10 9 27 12 16 17 9 26 13 24 27 15 22 20 14 27 25 22 26 26 18 13 9 9 15 14 14 23 23 17 24 0 8 19 24 20 10 7 13 17 11 25 22 26 20 7 19 18 26 7 8 14 12 17 17 15 6 12 23 22 29 12 8 7 24 19 8 15 16 14 27 12 11 21 14 29 20 15 20 13 16 9 14 17 13 23 29 28 11 17 9 13 25 7 28 14 25 13 24 27 17 21 8 5 20 27 14 22 25 24 29 29 23 21
23 5 12 19 12 5 19 21 6 27 9 5 27 12 5 27 28 16 5 23 27 17 20 9 29 19 9 29 24 18 22 12 11 13 18 12 16 22 21 22 12 28 17 25 28 7 8 17 8 14 9 6 27 18 5 29 14 16 5 8 23 15 15 8 27 10 20 9 0 27 14 10 19 26 19 12 12 15 12 7 11 10 11 25 15 16 21 15 22 11 28 17 28 5 11 13 12 24 25 17 23 14 23 11 20 10 5 14 15 20 10 15 9 6 20 21 24 20 17 5 15 12 14 6 24 17 27 19 22 21 24 13 20 24 8 14 25 29 11 21 26 15 13 14 14 29 28 13 12 20
15 28 12 19 23 15 10 28 26 7 16 23 24 7 24 26 6 24 25 25 19 9 22 15 7 28 10 16 9 16 29 8 12 9 28 7 6 17 16 16 28 8 17 14 17 19 23 18 26 12 20 26 9 19 17 14 11 26 27 9 19 13 25 15 12 10 21 16 7 0 17 7 29 21 24 11 14 13 9 14 8 7 14 16 6 12 11 11 22 28 23 24 12 24 17 9 11 24 5 7 17 14 14 7 17 14 23 28 10 14 22 29 20 20 24 22 28 22 15 19 19 28 17 10 19 6 24 28 8 7 23 26 5 27 9 11 13 10 16 16 14 16 5 20 28 21 9 17 16 23
23 15 10 12 29 7 11 20 10 18 16 26 25 12 19 26 14 13 18 13 17 22 7 17 23 14 29 13 5 9 14 29 5 23 23 13 28 10 25 5 7 18 19 26 14 21 20 7 17 17 23 18 23 25 14 18 23 13 27 16 6 15 25 9 14 20 11 24 10 22 0 21 18 26 22 13 10 14 10 9 8 17 17 6 9 11 15 24 12 20 11 10 23 20 19 18 8 29 24 24 17 13 10 16 22 26 9 14 27 25 15 15 25 7 26 19 18 10 13 24 24 22 22 14 25 29 28 12 23 29 20 9 19 20 5 24 29 13 10 13 29 24 14 28 27 17 26 8 10 12
23 25 10 8 19 21 20 7 7 28 16 18 16 14 5 21 16 9 10 11 5 12 17 8 21 25 11 28 22 19 27 13 22 26 16 21 13 14 20 8 17 15 11 8 22 15 7 17 25 25 21 18 13 22 18 27 26 21 5 8 20 17 10 6 7 24 6 12 18 18 28 0 14 27 23 11 7 8 8 20 27 15 14 14 16 5 15 12 6 24 29 9 16 9 17 19 24 22 22 13 6 14 24 22 12 10 14 11 26 21 13 20 20 18 23 24 23 20 29 26 23 7 18 26 12 7 18 23 10 25 11 8 9 23 26 28 27 17 12 9 5 20 28 14 26 11 16 27 24 7
10 24 12 7 12 9 28 19 25 6 17 21 5 10 27 7 29 18 7 15 27 28 26 12 7 20 27 29 14 25 7 6 16 11 19 19 19 25 8 21 21 15 10 22 18 9 9 8 25 29 10 14 21 28 26 26 20 11 24 11 18 29 7 27 5 24 18 19 10 12 14 28 0 11 23 26 21 23 12 19 14 19 13 12 9 18 10 11 19 11 22 16 12 8 28 20 18 23 24 26 11 16 6 25 16 5 29 5 26 24 22 13 12 21 15 7 25 18 15 20 23 26 14 24 17 16 14 21 5 15 16 13 24 16 18 13 12 11 11 22 8 11 26 28 7 10 29 24 17 20
23 16 9 11 22 10 24 29 8 10 15 5 22 20 23 29 8 5 27 24 13 12 24 14 11 21 21 14 15 14 10 25 19 12 16 25 18 27 25 8 17 24 15 11 8 7 15 27 9 27 16 28 24 18 25 12 12 25 6 11 14 19 11 12 14 18 17 9 6 28 29 28 13 0 6 22 7 29 5 5 15 19 13 12 8 14 16 25 23 28 7 22 19 18 7 22 7 6 25 16 9 18 10 6 16 21 17 22 25 29 15 28 11 13 13 5 29 19 15 19 21 22 6 23 20 23 6 29 20 18 22 21 28 7 14 6 8 24 16 17 20 12 9 24 6 12 29 29 25 6
15 5 9 13 22 17 20 5 16 22 18 29 21 18 19 5 23 14 13 22 11 16 24 10 21 11 15 11 14 14 7 17 26 29 28 25 18 20 18 29 19 21 21 28 8 14 25 19 24 13 25 7 24 8 9 25 12 26 19 5 29 10 20 24 17 26 28 18 17 8 18 25 13 29 0 22 13 11 18 19 23 20 23 21 22 9 25 19 22 26 28 20 17 12 10 27 8 12 29 11 16 18 13 17 26 18 25 10 19 8 15 19 17 16 29 23 20 8 10 15 11 5 14 8 8 22 16 27 18 12 22 10 22 6 10 16 18 23 14 26 5 7 7 5 20 20 20 13 19 29
18 26 13 7 9 27 28 14 24 11 18 15 21 14 21 15 23 14 15 11 26 18 28 6 19 21 9 15 22 9 29 8 18 13 25 11 7 26 11 14 7 25 14 11 17 20 19 5 8 17 22 27 26 6 10 24 21 18 8 27 5 28 18 29 19 23 17 5 15 11 17 21 23 15 25 0 21 24 14 22 15 13 17 24 22 26 16 19 20 14 14 27 25 10 21 14 20 27 22 29 22 10 16 27 14 21 17 22 26 14 18 26 13 28 17 29 9 18 23 11 28 22 28 14 5 28 5 16 25 17 9 26 9 23 26 6 19 25 6 29 5 19 17 25 11 19 20 23 16 12
5 23 25 24 17 19 12 23 12 19 12 15 19 12 17 24 25 18 10 23 22 19 22 25 12 26 6 18 23 17 16 19 14 23 16 10 24 12 8 11 28 6 16 9 12 27 23 13 21 20 13 18 11 29 10 15 6 11 13 5 26 20 6 28 27 17 6 21 24 12 29 27 10 17 16 6 0 18 17 17 7 24 12 24 19 24 17 19 12 6 23 5 16 14 24 15 26 11 26 16 19 26 8 26 15 27 14 29 13 26 12 21 25 18 26 25 13 26 18 16 9 13 28 6 11 15 22 21 14 23 19 28 9 14 7 29 13 12 25 12 26 29 5 28 7 26 15 23 21 28
28 29 19 27 18 7 6 23 12 28 5 27 13 29 20 12 23 22 19 18 21 22 16 12 20 13 13 26 22 21 13 16 25 14 8 10 17 19 11 21 8 11 18 15 9 24 16 26 20 20 14 21 12 27 9 6 23 27 27 28 12 10 25 26 7 27 22 21 16 24 8 19 12 21 25 28 11 0 19 27 20 13 25 18 10 11 26 17 9 28 19 25 5 22 25 22 9 19 17 12 16 7 16 11 11 6 10 23 14 11 26 24 22 14 29 24 21 15 7 22 5 16 26 12 22 15 23 23 19 8 17 5 19 29 22 5 12 16 23 24 25 19 11 26 11 28 13 27 19 5
15 24 28 11 28 19 14 10 27 25 16 19 29 23 19 9 29 13 20 16 13 16 24 14 11 26 9 28 8 5 14 6 17 21 25 21 6 25 10 25 27 15 20 16 10 7 24 25 16 29 28 18 14 27 6 17 12 16 25 20 5 8 10 6 12 19 9 12 20 12 5 26 26 6 22 19 26 22 0 14 25 20 7 23 19 19 17 24 6 15 9 24 18 15 10 24 26 23 22 11 21 26 16 25 6 18 7 8 16 17 29 14 26 28 7 12 15 17 21 15 24 8 21 12 12 29 26 26 5 26 26 14 12 12 5 27 5 16 19 24 13 26 12 25 21 24 29 28 12 7
28 17 23 22 29 23 29 17 16 21 24 11 21 10 14 23 22 29 6 19 25 14 26 26 20 24 15 9 29 15 27 26 10 21 11 25 21 18 15 26 14 19 8 26 18 20 18 5 17 28 13 24 24 24 11 6 26 10 27 27 17 5 22 23 29 12 8 12 29 26 27 18 17 17 10 27 21 10 25 0 25 13 20 15 15 23 26 18 24 14 16 6 18 11 7 8 12 15 16 29 7 24 21 27 25 28 14 7 26 15 14 27 26 7 15 21 28 25 18 11 23 25 18 5 16 29 27 17 9 18 21 12 5 17 28 16 20 13 26 6 8 8 17 24 28 16 29 15 5 8
21 7 17 28 28 21 7 19 17 24 26 21 18 9 26 7 19 11 14 27 8 17 15 15 20 17 16 10 17 12 12 17 19 8 18 7 29 14 15 16 17 18 10 19 15 28 13 13 24 15 20 18 25 18 19 21 16 12 24 15 14 20 11 18 14 25 14 23 12 12 5 5 6 6 25 13 19 29 9 18 0 25 19 10 11 18 7 8 21 27 10 19 21 26 19 8 16 5 12 25 16 15 24 5 28 24 14 25 27 24 6 24 26 19 17 27 8 11 13 17 5 26 15 5 17 7 28 16 22 21 11 21 11 5 16 14 9 29 13 14 24 7 27 24 17 15 25 13 18 29
29 23 14 10 9 20 15 13 7 18 8 7 20 6 8 24 28 29 16 23 24 6 13 6 23 6 27 15 15 14 8 24 18 6 17 23 29 10 9 23 29 9 15 11 28 19 11 18 7 6 29 28 13 26 29 6 25 25 28 16 7 10 20 11 22 29 9 5 25 21 25 13 26 19 8 20 5 6 9 23 28 0 13 10 9 7 6 20 7 28 24 25 23 15 19 16 14 7 9 28 15 8 16 16 24 21 21 7 9 14 24 6 24 19 22 9 9 22 11 16 29 19 26 17 15 22 22 12 26 6 17 25 27 14 10 28 15 25 6 20 17 10 14 20 21 7 26 26 26 10
17 9 14 5 22 14 27 25 21 29 5 6 14 26 29 21 24 24 11 20 20 7 8 29 17 20 25 13 28 22 24 9 23 14 16 25 21 29 29 5 13 21 5 6 28 22 22 20 18 8 16 5 26 15 16 17 22 17 26 17 13 5 26 24 23 20 23 19 18 24 27 25 9 25 21 6 28 8 20 26 22 9 0 27 11 15 7 5 19 18 24 18 18 9 16 28 13 24 24 13 13 19 5 19 12 20 13 23 22 5 28 23 13 14 17 16 29 6 23 21 10 18 22 7 15 19 10 14 21 22 13 26 22 23 11 16 19 29 23 24 22 16 7 7 28 5 18 11 13 8
20 23 27 21 25 21 5 7 18 5 12 27 19 15 8 26 24 6 26 20 6 11 9 25 5 14 28 27 23 27 25 17 9 23 25 29 11 17 25 7 18 12 10 7 10 11 12 20 10 18 15 5 27 27 7 13 19 25 19 8 22 13 14 9 18 23 9 22 17 27 12 10 29 14 20 8 27 7 19 8 12 22 18 0 24 15 8 17 17 20 27 22 29 7 27 20 25 15 12 19 12 24 20 27 9 10 21 9 5 27 10 14 25 19 9 10 25 25 8 16 20 8 11 7 8 26 18 25 7 28 27 11 22 12 13 25 13 21 25 28 9 7 7 21 26 19 10 13 6 7
7 20 10 19 19 13 15 5 10 23 27 9 28 14 19 22 19 20 24 20 20 21 27 21 20 26 17 16 10 27 13 19 8 23 9 12 12 9 16 12 12 14 13 10 5 26 12 19 10 9 13 17 15 20 10 8 8 7 9 14 14 15 11 10 7 18 23 8 17 12 16 15 25 24 23 26 18 17 25 8 13 19 27 6 0 10 21 7 14 13 14 24 14 12 29 18 28 17 13 12 22 13 7 29 11 17 25 12 18 20 25 27 29 19 16 13 22 5 17 29 24 27 16 28 21 19 6 29 11 5 9 7 18 24 24 5 23 5 13 10 28 23 28 6 17 19 19 26 11 6
10 23 21 14 12 10 23 16 14 25 24 9 25 18 7 6 5 6 28 8 12 6 5 28 9 21 8 13 13 25 18 28 22 29 8 15 10 15 18 20 22 10 25 11 18 22 20 25 7 7 9 18 24 17 24 6 28 26 12 26 19 8 19 29 5 5 27 21 10 18 24 15 24 21 25 13 20 14 26 17 12 18 27 22 26 0 7 29 19 26 18 28 8 11 23 15 11 9 19 16 20 8 11 9 20 25 9 10 22 17 9 17 27 8 11 18 6 22 14 22 8 23 14 19 7 14 25 9 14 20 20 10 24 29 26 7 18 19 17 27 29 8 20 18 19 7 16 7 11 20
6 7 10 22 25 26 9 21 11 19 27 21 21 16 29 19 12 14 11 18 19 11 24 22 9 13 15 7 20 27 7 24 11 23 26 20 6 5 17 16 22 22 6 21 22 6 9 7 10 24 21 21 17 15 8 18 28 18 22 24 7 15 17 22 27 8 6 13 26 14 7 25 18 29 29 19 11 11 21 15 25 27 22 14 5 14 0 27 18 25 28 25 12 10 23 15 13 12 6 14 15 8 22 22 29 6 6 5 15 9 16 14 15 10 18 22 12 5 26 11 20 15 23 20 13 17 10 25 27 16 18 13 21 10 26 23 11 11 13 20 5 19 8 27 21 8 11 25 25 25
23 20 18 24 26 22 16 7 12 21 19 11 21 21 24 20 9 28 29 13 13 18 7 9 8 18 5 17 9 12 20 17 17 20 13 22 15 23 6 6 23 6 28 21 18 20 24 27 17 7 10 12 5 23 27 19 8 9 17 5 26 26 12 8 28 8 12 17 13 19 27 20 16 28 11 17 27 8 24 9 8 24 27 21 9 27 23 0 17 18 15 16 23 18 23 8 23 29 7 25 16 26 13 21 24 5 22 23 28 15 5 21 7 17 16 7 6 5 10 22 27 16 20 10 7 26 9 9 25 21 26 11 17 27 16 26 18 20 9 16 18 6 20 14 9 27 13 8 6 25
6 19 25 14 22 23 9 29 11 29 26 25 9 9 9 24 25 13 18 20 10 23 18 27 29 15 5 17 26 8 12 28 28 16 7 12 6 14 13 7 29 26 9 5 17 27 17 9 20 24 25 5 9 16 22 12 17 24 27 8 12 27 12 11 17 5 12 27 19 19 5 24 15 18 6 24 6 27 14 11 24 8 7 23 17 6 11 15 0 24 25 26 8 15 21 25 22 18 22 28 26 28 21 13 23 8 29 25 27 29 9 15 16 15 5 28 25 28 12 8 19 11 18 11 8 17 26 14 11 17 28 5 10 27 5 19 6 17 19 21 7 26 16 17 16 28 19 28 9 23
12 10 15 22 20 15 27 25 11 10 15 23 13 15 9 25 18 17 6 5 9 16 8 7 25 21 23 23 23 22 8 28 22 6 11 24 15 9 23 13 26 12 27 16 16 22 16 27 18 5 13 21 8 13 9 28 13 24 18 21 17 14 23 6 11 14 12 25 20 10 20 10 19 23 27 13 14 11 28 29 20 19 16 11 29 16 25 7 12 0 23 13 15 27 14 26 24 9 28 8 9 12 13 26 26 6 5 20 23 29 24 27 24 23 17 28 15 13 11 6 20 21 12 21 14 9 10 11 18 10 29 9 20 23 23 19 23 12 16 16 21 23 21 19 24 5 12 14 13 26
18 25 7 19 29 20 19 27 11 17 28 13 19 10 16 13 17 5 19 12 18 6 9 11 6 13 14 23 18 15 5 6 12 10 25 28 25 17 21 24 23 7 24 26 18 22 15 6 18 16 24 12 8 8 18 8 11 14 17 13 21 21 17 20 9 28 21 13 22 21 12 12 10 8 26 18 11 13 23 15 16 18 9 6 24 29 20 19 21 26 0 26 6 8 10 27 8 23 8 16 9 15 29 23 28 9 17 23 26 19 7 6 13 7 20 24 11 6 13 8 13 25 18 14 25 14 11 29 20 20 21 11 15 16 8 23 7 14 21 6 6 25 19 29 18 10 23 26 28 8
26 22 5 27 29 18 29 21 28 20 5 29 24 26 26 16 22 14 22 12 7 20 7 24 22 7 8 25 29 16 11 27 15 5 28 12 26 19 13 5 7 27 12 13 13 23 11 21 29 18 13 24 23 8 28 17 14 26 7 15 8 22 12 26 22 15 25 9 26 21 19 9 26 22 10 26 10 10 23 26 26 15 16 8 26 18 29 20 26 23 27 0 15 19 16 18 20 8 16 25 14 23 6 20 5 6 10 19 5 19 26 27 10 21 8 11 9 5 23 25 13 18 10 11 11 11 12 9 16 25 7 9 19 22 15 13 23 13 6 6 17 28 23 26 25 22 27 8 26 13
10 23 28 10 11 27 9 23 22 6 14 24 8 25 21 16 5 5 18 13 17 24 7 22 6 16 21 5 14 18 21 13 21 14 6 9 20 28 5 8 16 8 7 16 5 28 28 6 18 14 14 10 22 10 18 20 16 16 26 12 20 13 28 7 25 7 12 9 11 18 27 15 28 26 5 5 25 13 24 24 12 26 14 7 12 15 16 16 28 18 14 22 0 24 14 13 12 20 8 16 21 19 26 28 16 15 29 13 8 7 11 12 7 9 17 19 16 10 8 8 24 17 27 20 12 28 7 25 11 10 6 22 29 12 23 5 18 14 11 25 10 16 8 15 17 14 25 16 24 19
22 24 24 24 18 29 20 6 20 25 23 12 7 8 16 7 19 27 27 20 11 13 21 21 23 20 5 11 20 7 8 5 15 17 18 5 6 10 21 9 29 22 21 22 23 25 21 19 27 19 21 10 6 19 18 21 13 6 20 8 12 18 16 7 16 20 16 9 5 25 6 18 15 11 5 22 18 28 18 12 12 20 18 26 29 18 14 18 28 15 11 26 25 0 5 17 25 29 14 7 13 22 26 20 11 18 10 28 13 19 14 25 14 20 17 25 8 25 23 29 15 29 22 11 16 12 24 14 26 22 14 16 6 8 28 11 11 16 11 12 29 12 21 17 25 7 8 5 29 20
16 18 16 24 5 14 9 9 23 23 9 5 16 16 5 22 25 20 27 23 21 14 13 20 6 29 16 22 28 14 24 21 5 17 20 13 12 8 24 19 24 25 16 25 26 21 22 15 16 19 11 10 10 13 21 7 18 6 5 20 24 12 24 12 22 10 21 27 14 11 18 12 13 6 12 12 29 12 25 11 9 24 24 18 13 23 17 5 24 29 20 16 16 19 0 12 21 19 18 24 29 27 24 11 12 27 12 11 10 24 28 21 12 29 8 15 11 14 9 26 21 19 12 21 12 12 8 16 5 17 17 19 29 16 8 22 23 29 19 20 29 26 13 23 15 5 26 19 25 5
25 18 18 9 19 28 9 20 11 23 28 19 7 9 6 24 5 22 15 21 8 26 20 20 27 14 16 5 28 11 22 5 15 28 14 12 28 11 15 25 12 9 28 9 10 13 23 5 22 24 7 6 6 13 28 7 7 18 26 22 5 24 9 19 27 26 26 5 17 6 6 20 8 5 16 24 12 11 17 27 27 5 18 6 17 19 17 28 29 21 16 29 13 21 13 0 27 10 17 7 25 14 14 27 10 27 21 15 27 27 5 22 19 29 18 6 14 18 9 17 10 10 6 12 6 10 8 28 25 9 27 15 11 21 15 14 23 15 27 6 10 7 24 16 19 23 12 10 12 25
26 6 28 15 6 10 15 8 13 15 19 26 25 11 7 12 23 10 18 28 16 13 29 5 29 20 25 29 8 10 5 6 19 25 11 5 6 9 23 15 7 24 11 20 25 5 16 18 12 5 26 21 16 6 25 14 26 11 13 20 20 19 8 7 18 17 23 6 19 23 15 26 29 20 16 26 19 16 19 19 14 15 26 15 5 29 8 21 8 7 21 13 9 14 23 15 0 13 8 13 17 12 16 6 15 26 10 29 12 11 18 27 12 6 20 12 23 21 18 12 5 21 19 9 25 24 10 26 16 16 13 15 22 7 24 25 24 20 15 8 7 20 13 24 27 9 18 12 25 14
25 6 9 11 26 28 23 28 25 5 12 13 6 17 14 10 15 11 17 11 10 12 24 8 7 13 24 29 19 16 28 17 29 19 6 17 14 10 26 19 22 26 7 23 24 18 5 5 28 14 26 20 7 14 21 24 19 10 8 20 10 5 10 8 14 15 8 21 8 14 18 25 9 29 11 14 26 27 14 8 14 22 12 12 7 28 25 22 19 28 23 9 28 10 28 20 19 0 12 5 15 20 22 25 9 24 7 29 9 20 17 19 7 12 15 14 12 14 25 21 22 10 23 27 20 6 23 22 10 16 28 25 14 16 27 28 24 28 15 24 13 20 18 12 23 10 5 11 9 29
21 29 23 20 9 16 25 20 7 23 12 24 13 17 22 19 29 21 21 26 7 20 11 19 20 24 26 13 22 22 24 7 14 26 26 12 17 6 12 17 26 14 17 10 21 22 27 9 17 25 6 7 11 27 13 22 18 27 23 15 22 18 15 17 29 24 11 12 5 9 21 17 5 7 20 7 5 27 14 15 24 25 26 7 15 8 23 5 13 27 10 19 13 7 16 6 8 25 0 19 5 9 5 12 5 5 26 16 11 28 10 21 28 26 17 9 24 20 29 13 7 5 13 19 23 7 11 29 8 11 14 7 6 6 29 25 17 8 9 8 26 26 27 13 14 8 20 13 21 28
19 17 12 22 6 13 6 26 19 15 13 17 8 29 25 6 11 7 11 9 11 21 29 24 26 11 14 6 12 9 19 22 15 16 12 16 28 27 23 24 21 15 24 19 8 8 27 9 10 6 19 7 18 10 7 28 26 20 7 6 23 29 20 28 9 19 14 28 5 12 7 26 15 11 19 23 8 16 6 10 21 13 11 26 11 15 19 9 20 7 7 22 21 13 12 8 27 10 14 0 13 27 24 8 15 24 9 13 9 26 10 19 25 18 11 21 19 11 22 13 22 25 24 18 5 17 26 11 13 28 26 18 21 18 24 25 15 15 12 9 28 29 12 11 7 19 17 19 24 20
15 19 20 29 26 25 28 7 29 19 25 5 27 20 20 24 13 19 11 13 16 19 24 10 17 24 23 10 23 27 10 7 9 29 13 6 27 17 29 22 5 27 10 10 20 29 13 8 23 14 27 23 27 19 21 9 9 16 16 26 26 6 26 21 6 15 25 17 27 27 22 28 20 24 29 13 16 13 5 27 11 5 10 17 21 19 23 9 15 12 15 12 8 27 8 23 17 16 6 12 0 13 15 10 27 18 14 10 17 8 10 10 9 15 9 14 28 18 11 8 18 27 28 23 24 11 21 23 20 6 27 6 9 9 16 22 9 8 21 5 13 19 23 13 11 10 12 17 23 14
28 17 18 8 16 16 19 21 17 16 12 13 8 6 23 12 22 20 21 7 5 21 11 5 14 11 12 21 21 15 29 26 5 6 8 20 29 28 6 22 28 21 16 12 13 21 20 29 11 22 21 15 7 29 20 7 21 5 13 16 25 7 6 9 26 22 14 18 11 5 24 27 16 21 15 16 7 19 26 18 14 9 7 25 24 16 10 6 7 26 20 15 29 6 10 23 26 15 16 28 29 0 16 25 15 8 19 22 23 27 27 10 26 12 16 21 9 15 18 11 22 6 24 14 24 28 14 24 7 19 27 24 18 23 28 8 7 13 6 22 7 21 22 15 13 29 19 17 27 12
16 12 8 28 5 26 13 16 5 9 19 22 12 14 5 29 22 8 14 13 5 12 15 18 10 26 24 23 19 9 10 25 9 10 26 26 13 20 7 25 17 8 17 7 27 22 26 10 10 23 8 8 10 15 19 20 16 15 7 16 14 26 14 9 9 18 12 21 7 26 8 13 15 27 12 29 8 26 13 14 12 18 17 24 17 28 17 17 23 8 7 22 20 12 10 24 6 17 16 22 22 10 0 12 23 8 13 13 5 25 22 22 27 12 17 29 25 25 8 18 16 20 17 19 23 20 23 18 21 18 24 12 19 8 5 21 18 12 18 14 11 19 18 29 10 8 12 23 7 6
18 21 26 20 14 12 11 19 21 19 5 27 13 5 29 20 14 6 22 28 26 9 12 20 14 25 25 24 27 15 16 17 13 7 8 29 12 12 21 17 10 15 10 17 11 14 14 25 20 10 13 9 15 14 23 24 18 16 12 15 13 20 13 29 10 25 13 5 8 22 10 29 20 5 19 16 10 11 19 20 6 7 18 16 10 9 9 16 19 6 17 14 10 15 5 14 12 22 18 18 26 29 16 0 10 17 26 26 23 11 14 24 8 24 11 16 20 27 28 23 11 20 25 21 20 6 24 7 24 9 9 17 17 15 27 13 29 13 6 22 15 23 9 7 6 9 28 20 26 21
6 14 25 21 28 13 22 19 11 12 25 23 24 22 17 8 21 14 19 24 18 14 22 21 23 20 5 6 19 6 7 15 12 10 14 26 8 29 14 11 15 21 6 13 9 19 6 26 18 12 11 7 28 12 21 23 25 8 16 23 12 18 22 5 12 20 10 15 25 11 25 13 9 6 24 22 29 14 20 23 5 27 25 5 23 21 28 15 6 23 21 12 14 22 14 6 20 26 16 9 17 12 5 22 0 28 26 18 28 16 13 19 18 27 9 24 10 15 24 16 21 7 10 24 17 24 6 22 28 29 13 7 29 15 24 5 15 13 7 28 21 25 6 15 11 29 8 19 21 7
8 17 28 18 18 19 22 16 6 22 11 18 29 19 15 10 18 10 6 21 5 16 16 11 29 27 10 8 24 27 5 19 26 19 27 16 27 6 18 28 13 24 22 27 7 9 10 16 14 5 28 21 12 13 18 26 10 17 10 14 10 14 13 18 29 7 6 8 14 12 26 25 25 22 12 29 23 24 21 12 24 17 20 18 8 9 20 29 19 7 23 14 26 22 26 8 16 11 6 17 26 14 8 20 10 0 12 14 18 18 25 6 7 5 23 25 20 22 12 18 6 23 25 13 16 11 5 12 15 20 22 16 28 6 8 15 20 21 16 5 9 22 22 27 15 13 14 8 13 24
19 13 22 23 5 10 24 25 28 14 19 18 26 12 11 6 8 21 15 17 14 24 15 15 13 26 21 23 6 14 23 25 16 26 10 5 12 19 5 29 17 10 7 16 25 11 17 5 25 17 7 28 7 20 15 9 18 27 9 6 11 7 15 6 18 21 26 10 28 17 28 24 28 25 17 12 22 13 17 19 10 17 7 19 17 14 14 8 14 12 25 7 11 28 16 17 8 25 23 28 27 18 18 24 8 12 0 24 29 23 23 29 11 17 14 24 21 22 10 27 22 17 7 28 14 29 27 25 29 20 12 22 26 23 10 12 13 27 11 22 13 16 14 6 14 12 5 16 28 15
14 16 23 11 28 5 23 13 21 20 15 25 14 18 20 21 25 17 14 24 24 21 24 26 20 13 22 19 5 21 26 21 26 29 13 22 7 23 21 18 18 15 20 7 13 9 29 29 15 19 15 20 27 11 21 25 20 13 22 7 20 22 19 10 9 28 7 8 13 28 10 24 12 15 18 21 10 26 24 20 12 18 17 24 7 23 23 23 21 5 7 24 29 20 26 22 13 26 20 5 28 10 19 27 27 24 20 0 24 10 5 21 15 18 15 14 14 29 27 9 5 9 13 15 8 26 16 25 17 16 10 6 5 20 15 26 5 15 27 19 17 24 14 19 25 5 26 27 20 5
29 28 16 13 27 10 24 21 15 18 7 19 20 28 6 9 25 14 8 25 8 17 26 27 13 10 16 20 25 29 6 15 5 10 29 21 29 9 12 17 28 9 7 9 19 19 12 24 12 20 18 17 17 16 26 23 8 29 6 11 12 28 6 21 29 29 8 27 28 16 10 5 13 8 8 29 26 22 21 26 10 15 11 9 7 14 12 6 6 22 27 29 9 16 12 22 27 14 25 21 23 9 18 18 29 12 27 16 0 25 20 5 12 28 8 10 28 27 8 9 27 7 26 25 23 18 9 22 28 13 6 13 19 24 10 5 6 6 11 27 17 22 15 7 24 23 14 12 5 17
9 7 29 13 25 8 22 7 13 12 14 6 12 29 20 5 12 26 9 24 8 13 23 29 10 9 20 21 10 9 25 29 19 20 28 15 26 13 24 20 14 6 17 19 20 27 24 11 12 24 12 29 16 13 21 11 15 7 11 24 18 8 13 16 10 22 13 28 17 11 23 12 28 24 6 29 10 29 18 6 20 18 28 11 28 13 8 15 9 15 18 20 13 23 21 20 17 22 15 14 17 14 23 21 15 11 28 13 19 0 29 19 11 7 29 21 27 12 12 6 7 19 17 13 10 25 5 28 6 27 27 12 6 7 24 25 18 19 16 7 20 13 7 7 18 8 13 5 21 27
22 14 8 15 24 12 20 7 5 19 10 25 10 29 18 26 26 29 8 14 5 23 14 5 26 7 6 18 15 13 19 16 19 27 13 16 6 11 21 27 27 12 12 26 17 9 14 6 28 18 12 6 7 18 12 7 6 21 8 20 19 13 10 22 18 22 5 21 29 5 12 27 7 25 13 13 25 27 25 20 12 24 11 25 19 21 29 28 12 15 9 26 12 25 9 27 24 18 13 18 19 28 20 15 21 7 7 13 25 10 0 9 14 9 28 15 24 25 10 13 6 25 14 24 20 27 11 7 28 16 14 12 7 19 15 9 10 27 13 6 19 15 5 22 5 7 6 11 29 18
16 8 12 17 19 16 19 9 15 23 22 16 17 6 16 21 5 25 12 6 17 5 7 11 14 7 13 26 17 12 27 15 17 15 18 6 25 5 25 15 26 29 8 26 12 28 17 10 13 21 27 22 20 16 15 13 16 19 17 24 23 19 9 29 18 19 6 28 22 11 15 16 27 26 22 9 24 15 26 14 22 15 7 21 18 22 22 23 24 12 10 15 11 23 20 10 16 29 22 10 10 15 10 16 10 16 19 22 9 22 20 0 21 21 26 20 20 17 20 6 22 8 10 29 29 18 26 16 7 8 5 26 14 26 10 21 23 24 12 20 23 23 23 27 8 15 18 18 6 8
27 13 22 10 22 14 22 27 20 13 12 23 23 28 28 18 22 15 24 29 6 10 15 17 27 7 11 21 18 10 28 19 28 7 14 8 10 6 13 5 14 13 24 26 11 9 12 23 19 18 20 27 15 19 26 16 13 28 16 17 15 21 29 22 20 21 17 6 28 7 14 27 28 11 11 17 13 13 21 12 23 5 23 27 27 15 10 5 6 11 17 18 5 28 14 23 23 22 11 22 9 12 16 21 18 19 23 11 12 24 7 20 0 24 9 21 15 7 27 13 9 10 26 14 11 5 8 26 23 9 8 10 15 17 29 8 25 22 13 20 22 10 10 15 25 16 6 18 19 9
21 27 5 17 21 7 15 28 8 7 7 21 24 7 25 10 9 19 20 25 18 12 23 28 11 5 23 22 10 21 18 10 10 15 7 29 16 10 7 26 21 25 14 16 23 29 28 12 21 18 28 14 7 12 12 5 12 18 8 17 7 6 13 29 26 7 13 28 24 20 29 9 27 5 22 27 11 7 9 25 24 22 24 13 23 14 15 6 9 10 18 28 16 23 22 22 16 10 9 5 28 17 28 7 5 22 7 13 19 19 20 6 15 0 12 19 14 5 12 20 24 28 13 22 28 7 27 18 14 9 24 29 16 16 27 26 10 6 9 9 25 28 11 21 25 20 8 22 8 21
13 10 13 27 18 6 23 5 10 19 10 13 17 29 29 15 20 13 26 12 14 20 28 23 24 6 23 26 14 12 25 20 13 16 18 8 9 17 23 23 23 18 25 10 26 23 22 20 6 27 11 14 7 12 21 18 14 9 13 27 29 10 20 19 21 14 9 13 16 19 26 27 19 13 29 6 28 10 18 12 26 10 11 21 25 19 26 27 10 15 11 18 18 27 23 6 28 11 29 24 27 24 24 27 21 7 16 23 22 29 5 28 16 27 0 15 17 19 14 16 18 16 25 8 27 29 27 24 27 17 9 16 19 11 8 5 17 7 19 18 24 24 19 9 20 23 15 25 28 26
14 10 25 6 25 16 7 21 22 8 7 13 17 6 6 6 25 17 25 26 13 7 13 28 7 19 27 16 5 12 15 23 8 15 22 8 19 12 25 14 6 14 6 24 24 7 14 12 5 13 8 19 18 23 18 20 5 23 12 25 27 23 15 15 19 13 13 27 20 24 23 10 25 5 28 15 23 19 11 13 11 20 20 10 10 12 11 9 11 22 25 27 12 14 9 19 29 25 23 29 24 22 13 8 11 25 25 11 8 14 18 12 17 9 18 0 23 7 9 18 16 13 18 5 22 21 18 26 14 21 22 13 16 16 9 19 23 25 11 12 11 29 29 15 20 15 21 29 29 15
26 9 28 15 14 14 17 16 10 28 17 8 19 12 6 22 11 21 5 25 13 10 26 6 21 14 17 15 20 9 23 27 27 24 7 7 15 13 10 10 21 14 8 13 7 29 8 22 14 9 24 6 10 9 12 16 24 28 16 22 11 9 27 15 11 16 16 13 22 8 27 22 25 24 5 10 23 13 6 13 19 20 7 26 9 17 23 9 26 9 19 18 14 16 11 14 22 8 8 10 25 26 27 18 25 15 20 23 22 11 25 24 28 8 16 26 0 18 11 17 22 6 23 8 28 13 21 10 23 21 29 14 16 6 8 18 17 15 12 27 29 11 11 23 15 12 13 14 14 19
15 9 11 27 19 19 13 20 10 15 29 12 19 20 18 27 14 29 17 22 27 18 5 27 11 6 26 17 27 11 9 10 11 8 7 14 24 14 21 6 23 12 7 18 7 14 10 10 10 20 28 23 21 11 22 18 27 10 16 28 21 28 24 22 29 29 11 14 10 12 7 19 22 10 6 14 6 29 15 5 29 10 11 18 22 19 9 5 7 10 24 5 27 16 14 11 12 11 17 11 19 7 18 27 7 5 13 18 15 29 6 28 10 21 22 26 9 0 19 7 15 25 9 8 13 26 24 23 19 22 15 24 8 23 17 9 12 13 5 16 7 17 17 12 7 5 25 21 7 18
10 24 14 21 16 26 23 8 24 22 13 15 11 21 14 10 10 16 10 10 25 20 5 16 17 13 25 21 19 23 29 24 18 14 16 8 7 20 21 14 25 29 26 8 6 26 16 19 14 27 24 12 14 19 27 12 22 10 15 21 23 25 28 9 25 6 6 10 13 20 14 7 19 29 15 15 29 5 11 18 18 14 14 20 24 6 14 10 10 13 25 26 14 22 17 26 26 11 21 5 6 19 16 18 23 24 14 18 10 21 6 7 9 16 21 16 20 7 0 19 14 16 25 9 14 24 22 22 26 10 11 26 13 28 7 19 25 8 18 18 26 11 7 21 15 9 6 14 21 20
22 17 10 14 13 23 16 23 7 10 9 14 7 14 6 21 24 11 14 18 27 11 9 15 18 22 11 26 22 20 23 9 29 8 21 28 28 10 10 19 14 9 25 16 7 13 13 18 28 6 16 10 11 21 23 23 5 26 21 23 9 25 11 18 7 13 7 5 26 17 23 10 24 7 6 5 22 12 22 22 29 21 12 12 10 21 25 10 23 12 8 10 25 24 10 24 16 19 20 18 23 15 22 19 25 14 5 7 17 22 24 29 26 7 14 11 18 13 27 0 17 29 8 15 11 11 26 8 5 12 25 13 22 21 18 25 5 22 15 16 13 25 13 18 28 28 13 29 7 7
17 20 21 24 18 29 18 11 16 21 19 11 5 28 8 5 20 14 6 17 15 26 29 29 13 18 10 17 15 8 12 15 10 6 7 15 13 7 20 22 24 5 11 11 16 5 7 27 27 26 22 17 29 17 12 14 8 7 13 27 10 13 14 15 15 25 25 5 26 17 6 17 5 13 21 27 25 27 28 27 15 21 22 21 20 10 13 10 18 10 24 17 25 13 5 14 29 20 23 17 9 11 18 11 19 20 7 27 21 17 16 12 28 11 16 13 21 24 28 8 0 26 28 12 14 17 9 6 19 13 19 8 24 24 9 27 26 11 24 18 17 11 25 20 17 18 9 19 26 11
21 10 15 5 28 27 15 27 5 23 18 24 20 15 22 16 25 11 8 8 13 20 8 15 15 15 13 24 15 7 8 18 24 15 26 17 23 13 27 10 27 8 20 26 14 8 15 20 27 6 15 27 29 15 7 6 29 6 5 17 21 24 9 12 25 22 15 16 16 23 7 9 5 22 9 9 23 20 23 23 17 23 15 19 23 27 27 14 19 11 15 5 16 26 24 7 28 27 6 19 17 19 21 14 12 8 27 5 28 29 7 15 13 17 13 14 19 16 10 6 23 0 10 15 23 22 7 29 23 29 27 28 23 11 12 22 23 14 22 22 11 29 13 29 24 27 20 23 28 22
18 15 12 8 16 10 10 7 11 22 29 24 10 19 10 11 8 22 21 20 18 7 27 19 8 11 17 27 8 19 8 10 24 27 14 29 28 14 27 22 19 10 22 8 27 10 21 9 25 15 18 5 20 15 19 22 8 27 21 7 8 28 17 12 11 5 13 22 25 7 12 28 8 10 6 6 10 28 5 28 7 7 28 22 22 8 28 16 21 5 8 23 11 28 5 27 7 10 8 20 19 11 6 21 25 17 21 6 17 13 29 15 16 28 14 26 9 27 26 23 8 25 0 23 7 19 10 11 5 10 28 22 6 19 29 6 9 5 26 23 25 28 13 17 8 20 22 27 22 12
13 10 14 5 14 12 23 7 7 8 25 6 25 6 26 22 29 27 22 20 27 20 23 29 6 29 13 13 10 22 10 20 28 29 25 24 22 13 15 24 12 12 10 20 22 20 18 23 28 16 10 23 27 18 17 23 26 18 25 28 19 26 27 28 15 14 29 9 29 7 24 16 6 13 15 18 24 8 26 6 11 23 5 11 6 5 27 27 28 21 12 22 6 21 17 23 12 19 7 28 21 27 13 26 10 21 11 17 21 14 8 8 19 28 9 7 16 23 14 14 13 16 10 0 24 14 14 20 25 21 7 17 6 9 22 18 29 16 23 28 13 7 9 24 19 18 29 8 7 23
11 17 27 14 27 11 12 19 22 17 19 10 22 13 11 12 8 19 18 28 24 20 5 13 17 7 20 24 20 16 13 15 5 26 26 22 23 28 6 7 16 10 20 23 9 23 13 6 6 23 11 7 18 12 5 11 14 26 8 12 9 9 27 21 9 6 28 23 15 19 23 14 11 15 24 5 25 28 25 25 29 29 17 20 6 18 29 22 26 14 18 8 17 24 11 7 29 14 15 19 25 10 6 29 9 20 7 10 13 8 11 21 21 8 29 22 17 10 29 21 19 18 19 19 0 19 15 14 10 19 19 27 10 18 9 6 12 5 5 16 20 28 15 21 11 7 12 5 27 22
29 24 19 18 6 24 15 24 23 10 20 15 26 6 18 17 7 12 15 13 25 25 17 12 11 6 5 26 24 26 13 8 25 29 16 25 28 13 10 12 28 6 7 13 26 10 23 8 27 15 20 22 11 11 13 28 10 21 8 17 29 12 26 6 24 21 5 11 26 12 15 9 27 12 10 7 16 25 21 13 9 29 13 11 7 18 19 27 25 16 11 16 27 18 13 22 12 26 12 9 10 13 29 9 23 16 23 17 14 8 18 21 24 8 21 29 7 27 25 10 26 5 14 6 20 0 9 18 5 17 24 26 5 27 27 8 19 12 5 8 28 16 28 15 24 10 9 28 16 28
25 7 13 26 25 7 14 9 11 7 21 5 16 21 29 7 16 19 12 13 14 21 22 22 8 25 12 23 15 5 13 21 8 20 24 24 25 17 17 9 25 11 8 24 19 27 7 17 12 20 9 17 26 16 21 29 16 27 14 12 7 17 20 20 14 5 16 11 18 28 28 5 11 28 5 18 15 23 7 17 24 13 25 29 29 21 11 8 14 19 24 14 11 15 14 26 26 9 19 23 11 29 9 25 19 8 12 25 17 6 21 22 13 5 14 10 26 27 20 26 5 13 18 14 17 16 0 28 27 9 23 21 18 8 21 14 18 6 7 21 8 25 10 29 8 26 15 27 16 23
19 13 25 27 26 14 26 12 21 19 23 5 19 10 9 25 27 9 5 7 15 26 27 6 21 18 7 17 18 16 5 8 8 11 27 24 16 28 17 17 16 6 26 9 11 8 7 24 13 16 25 28 16 16 24 17 29 11 13 26 15 5 11 25 14 18 27 20 7 19 10 5 12 11 6 8 13 21 7 22 18 24 6 26 21 14 21 5 23 25 28 24 28 5 8 18 25 14 23 22 20 7 25 17 28 16 19 17 15 15 8 19 29 7 13 29 18 5 5 11 28 5 21 20 11 20 29 0 24 15 25 9 28 12 23 26 23 19 15 9 8 20 6 5 6 19 5 16 28 15
29 8 22 16 23 17 21 16 28 15 20 23 28 13 22 9 8 21 6 29 28 23 27 19 17 23 14 27 9 12 26 8 24 20 26 25 6 8 23 14 23 22 6 27 26 16 14 17 6 12 21 20 6 16 6 13 23 10 20 5 22 28 29 10 13 7 27 5 29 11 5 26 22 9 29 26 22 14 13 15 23 20 24 21 20 9 25 23 19 8 8 10 10 20 14 26 27 8 26 29 11 8 19 24 18 5 16 10 27 15 16 21 11 28 25 29 18 14 23 18 17 6 14 29 28 27 13 20 0 6 7 5 11 20 13 17 14 17 7 8 16 13 13 15 14 28 23 15 9 10
27 29 27 20 11 5 15 8 27 19 17 19 21 16 27 17 11 8 22 28 22 14 15 13 19 7 23 10 7 9 6 18 9 17 20 18 20 27 14 11 8 27 19 26 15 16 28 20 23 16 21 18 5 16 11 26 20 25 10 29 26 29 28 16 14 14 6 7 6 26 19 26 24 15 27 11 28 28 21 28 12 14 24 12 26 17 11 5 13 16 8 7 26 21 20 12 22 11 25 14 24 28 21 27 9 15 10 8 15 10 14 10 19 8 10 11 10 8 17 23 15 28 27 7 13 26 24 27 18 0 13 21 23 14 21 20 9 8 10 18 29 28 10 26 17 26 6 28 7 13
28 29 27 23 20 7 6 10 22 13 8 22 7 7 29 21 8 6 12 12 26 24 6 7 28 15 12 22 17 13 19 21 7 21 18 10 14 14 12 12 7 8 14 11 20 11 13 29 14 12 25 29 26 14 24 23 17 16 9 13 10 8 22 11 19 13 25 14 20 8 14 25 5 13 26 14 19 26 25 12 13 23 9 6 10 26 25 16 13 27 28 9 15 14 10 28 27 6 14 26 20 20 25 12 22 6 8 7 11 13 28 13 22 17 18 5 18 26 23 7 25 24 28 26 24 22 11 20 23 10 0 24 8 25 11 10 11 21 11 26 18 27 13 28 13 9 14 28 23 5
20 7 13 17 12 19 29 7 10 10 8 17 29 27 21 20 24 10 14 9 23 15 12 26 22 5 6 26 7 7 9 17 11 27 16 23 26 9 25 15 28 12 12 8 12 11 18 8 29 21 11 8 6 29 14 20 7 29 6 12 24 19 6 9 23 21 8 17 9 17 20 18 23 22 15 17 21 10 29 29 25 20 19 12 8 22 29 14 10 13 6 23 13 24 28 24 10 26 12 19 22 9 26 22 20 21 9 24 5 6 8 23 22 16 19 13 25 18 9 12 26 9 23 6 12 8 14 6 18 23 21 0 10 11 21 17 19 23 23 15 26 18 15 9 25 15 20 27 23 12
11 22 5 15 9 17 26 14 26 24 16 22 27 24 6 25 24 14 24 8 17 10 24 15 16 26 29 7 24 12 21 14 17 26 18 9 5 25 25 18 21 11 23 17 20 21 7 11 24 15 19 14 25 12 5 5 11 10 21 5 12 26 29 10 8 6 13 11 15 29 9 25 8 18 22 19 27 27 14 8 16 13 5 23 14 22 8 16 15 13 13 10 14 6 17 21 28 15 26 23 21 10 6 28 8 9 27 27 19 9 19 29 5 15 25 12 24 17 9 7 12 9 11 10 23 11 11 18 5 21 16 7 0 12 18 14 26 24 23 21 13 19 28 24 10 8 15 17 28 7
9 10 27 15 20 17 14 25 20 16 23 19 7 5 21 7 12 13 7 22 6 14 13 12 20 14 18 23 13 11 5 17 20 20 7 26 9 18 18 10 21 19 14 21 8 10 22 5 27 21 28 8 9 8 20 29 23 8 28 25 27 17 14 25 24 11 17 9 17 25 11 13 14 28 6 21 19 19 15 14 8 20 29 9 22 5 16 15 7 8 19 22 6 6 20 11 29 11 10 17 22 18 8 6 9 26 5 11 29 22 14 22 24 17 9 24 19 24 13 8 13 13 10 24 14 12 9 13 16 28 18 14 5 0 12 19 21 10 26 8 24 29 23 19 9 22 22 20 28 10
25 29 6 28 13 29 25 29 6 7 19 14 7 14 28 24 26 5 26 7 6 17 20 10 29 23 25 17 7 14 9 7 28 22 11 25 26 5 18 28 19 26 14 5 8 23 24 18 6 13 13 20 29 27 29 17 19 18 26 13 20 16 13 6 17 22 13 14 5 17 28 13 18 7 9 6 14 12 14 25 15 12 17 12 28 14 25 29 13 22 22 20 9 28 21 13 14 7 20 17 14 7 28 9 19 24 12 20 15 22 13 12 18 24 25 5 21 25 29 12 17 26 14 22 21 23 22 11 19 22 25 13 24 24 0 10 23 21 7 29 15 16 14 18 25 22 13 7 29 12
28 26 27 23 5 12 25 16 15 17 16 11 7 12 22 18 14 13 7 10 14 22 20 18 6 14 16 27 9 28 7 7 27 5 19 18 22 23 28 25 17 20 8 16 18 5 8 21 21 7 21 12 21 8 11 5 16 5 16 17 13 23 6 21 29 7 23 20 22 13 23 15 22 24 6 6 11 26 27 29 15 12 21 20 9 25 17 6 13 27 15 6 23 28 14 22 23 9 27 6 17 5 22 27 17 22 29 13 19 6 22 15 10 14 17 21 13 5 29 19 10 6 6 21 23 27 11 26 5 11 9 25 11 15 10 0 29 20 18 19 28 16 23 28 24 26 23 29 28 23
6 28 23 13 24 23 21 9 9 12 15 11 29 6 28 23 27 18 22 8 27 6 13 28 6 23 7 24 25 17 25 24 13 15 14 17 17 10 15 29 6 11 7 24 13 21 9 17 10 26 6 6 28 13 23 27 22 22 9 9 21 24 9 11 29 6 25 22 19 20 9 26 25 9 13 19 28 8 13 5 16 20 28 19 10 21 24 28 22 19 17 14 8 24 21 13 6 17 6 6 21 27 7 17 21 24 29 27 16 26 28 5 25 5 21 24 18 22 13 9 6 25 16 21 13 22 13 25 21 16 20 16 9 12 21 17 0 23 18 26 20 26 16 17 17 23 23 27 27 10
22 11 15 17 19 20 6 24 6 29 6 16 16 10 19 17 27 13 20 18 10 27 28 10 19 23 7 11 15 28 23 5 9 17 14 25 25 18 6 29 28 18 17 26 6 12 5 22 20 16 29 13 5 19 26 28 5 25 11 11 28 21 20 17 11 8 15 7 19 10 27 15 11 5 21 20 25 25 16 5 14 23 26 16 14 24 20 18 14 20 27 21 8 16 27 12 12 17 20 21 11 7 26 13 6 26 21 20 28 17 24 22 20 18 18 26 26 29 24 27 6 21 19 25 11 21 24 11 6 20 20 29 25 17 10 29 12 0 25 6 14 17 6 10 22 13 5 14 18 10
14 14 6 9 13 29 18 11 5 25 15 27 11 9 18 17 18 24 15 26 13 21 29 22 7 18 20 24 28 19 9 13 8 21 14 9 6 15 11 18 25 14 10 20 29 23 10 26 9 23 24 29 20 22 12 23 24 7 23 7 22 21 21 6 9 17 11 26 8 29 16 28 9 24 14 28 29 25 11 10 19 6 17 10 13 23 22 7 23 11 9 22 25 26 20 24 23 26 20 10 12 25 16 26 6 15 21 19 16 26 25 8 9 11 25 11 5 12 12 21 9 21 24 20 26 16 19 19 16 9 17 10 10 8 11 9 22 20 0 28 29 5 23 10 28 23 9 18 27 15
8 13 11 12 16 23 15 22 12 22 20 12 8 21 25 11 26 20 24 8 17 15 25 29 17 17 19 19 7 12 9 20 27 5 15 14 27 25 25 26 18 10 12 29 13 13 22 6 8 16 21 13 26 14 28 22 10 14 21 11 6 21 14 23 23 13 7 24 17 27 19 13 10 16 28 27 6 14 17 20 28 14 6 23 10 26 17 9 21 10 29 25 22 8 8 7 23 7 18 18 6 13 6 13 27 15 9 26 20 8 14 9 5 24 20 27 10 24 27 29 5 7 6 16 6 26 12 23 8 17 16 20 6 9 11 25 11 13 13 0 17 11 15 27 6 28 29 25 22 10
23 9 29 29 22 25 13 29 7 8 7 12 9 21 5 17 25 27 9 18 8 20 8 29 27 12 29 5 10 22 16 6 10 24 14 15 21 13 29 14 6 5 9 18 24 10 6 23 21 19 26 20 16 12 24 22 27 6 18 23 15 19 21 24 20 12 17 20 29 13 21 28 13 22 16 7 29 21 13 27 26 5 9 23 16 8 19 10 26 24 5 5 5 20 9 7 18 22 21 27 12 14 5 17 18 20 25 29 28 25 21 19 15 23 7 28 20 16 24 23 29 9 18 28 27 20 28 23 25 6 16 12 23 7 5 11 6 21 11 11 0 24 10 24 24 29 10 14 29 17
21 10 24 21 20 25 17 9 9 28 9 20 6 18 25 14 5 20 20 26 22 27 13 20 26 5 22 19 29 29 26 13 18 19 5 12 5 10 20 18 5 12 6 10 16 9 19 23 25 24 23 6 11 11 6 18 18 28 10 18 5 29 28 25 12 8 6 14 24 23 14 14 20 8 24 10 11 20 13 18 27 24 28 28 26 24 10 16 19 21 15 27 9 21 17 20 6 14 10 14 7 10 12 8 10 6 27 27 16 17 18 25 26 21 11 13 19 7 23 29 17 23 8 13 21 28 26 11 20 24 22 14 7 18 16 13 5 25 15 6 27 0 16 7 14 22 6 6 15 11
13 16 12 22 16 23 16 29 22 19 24 5 24 17 11 19 5 17 9 10 24 5 25 28 18 17 21 13 16 12 8 16 23 5 6 8 23 11 23 5 10 16 11 5 7 14 9 18 13 6 11 24 15 27 27 12 6 19 11 27 28 12 27 7 14 21 7 11 16 18 7 14 13 8 14 12 11 24 19 25 25 25 23 11 25 6 25 11 26 27 9 19 21 11 23 14 22 10 19 29 15 14 24 18 14 18 28 5 6 29 11 29 14 16 29 5 21 18 25 22 8 22 29 6 12 9 21 16 17 25 26 19 15 5 21 18 5 24 9 29 16 13 0 28 8 11 24 14 5 15
25 24 9 6 20 15 9 11 10 29 11 16 15 5 14 23 25 25 16 6 6 8 20 23 23 17 28 15 24 13 9 18 7 18 27 22 14 25 19 19 7 6 25 12 6 10 9 19 19 25 14 9 22 9 17 29 8 14 7 27 16 17 27 6 28 15 5 9 9 18 14 22 25 24 28 25 6 18 9 23 22 8 16 9 14 25 17 22 17 11 26 14 5 16 24 11 7 7 27 19 27 23 7 28 18 16 14 13 6 26 20 29 5 15 7 5 9 18 21 5 16 19 20 26 13 18 6 17 17 13 16 9 23 25 16 14 27 26 11 16 24 8 26 0 11 27 9 29 24 25
10 8 13 15 27 10 7 19 27 22 28 27 18 27 14 18 27 23 23 20 22 20 6 27 11 16 7 5 6 18 7 26 19 7 7 20 29 13 12 19 8 17 27 21 14 9 10 29 19 24 23 14 23 26 19 18 13 13 18 9 20 6 20 26 22 14 29 23 28 26 11 18 16 16 14 16 15 24 24 9 15 15 9 28 11 20 21 5 28 10 17 19 27 28 12 20 12 6 21 11 17 26 17 9 11 7 24 9 22 5 7 20 9 14 21 27 29 17 6 24 10 26 13 23 18 16 14 11 13 17 12 21 12 23 9 25 20 27 17 17 18 18 17 29 0 13 19 17 23 19
10 17 21 16 24 12 8 15 29 20 7 6 14 16 16 28 26 16 16 17 6 11 11 11 21 16 13 19 8 8 21 11 15 15 12 5 6 24 17 6 21 15 19 24 27 8 5 7 18 21 20 20 20 25 29 19 29 18 14 14 21 15 27 7 22 10 14 18 29 12 7 14 5 26 16 7 18 9 10 18 14 29 29 29 28 15 9 20 18 28 25 22 21 17 21 21 5 8 17 9 11 16 7 9 16 18 27 17 22 5 23 9 9 11 15 18 18 18 9 18 7 10 7 13 26 27 24 14 28 17 25 10 27 26 21 18 9 14 20 5 6 27 29 7 12 0 26 16 24 16
6 11 21 17 8 22 5 22 5 28 6 24 6 22 19 15 19 10 10 6 24 26 13 12 18 28 15 24 15 22 19 5 15 13 16 24 21 10 27 11 18 25 12 24 20 14 16 21 17 23 14 7 23 8 9 15 9 29 21 5 20 23 20 29 22 5 10 20 19 8 16 17 6 7 8 11 16 26 13 15 11 26 22 15 6 7 15 21 10 12 9 13 7 6 18 21 12 29 16 5 15 27 22 22 14 22 27 20 25 9 18 24 15 15 21 9 17 7 12 22 11 20 15 28 13 21 16 12 10 8 21 25 7 13 21 26 9 28 22 8 27 29 20 5 11 7 0 6 11 29
5 19 23 15 9 18 29 29 13 8 12 27 18 12 11 21 12 27 6 14 27 29 20 5 24 17 6 16 16 7 20 8 11 23 6 11 21 20 23 20 27 27 12 28 6 10 24 24 5 23 5 24 29 10 19 9 28 8 20 21 18 9 11 14 16 12 20 12 25 20 28 12 17 19 13 29 13 21 10 5 29 18 15 12 21 26 21 13 27 11 24 10 22 8 25 6 22 10 15 22 23 23 20 26 15 7 9 21 29 11 11 15 11 22 8 22 8 25 16 28 7 5 26 7 5 6 22 15 7 24 18 17 10 11 22 16 13 18 6 11 21 12 7 26 12 15 26 0 15 25
7 28 18 25 9 26 24 23 28 16 24 7 24 7 13 7 7 14 18 13 26 10 25 5 19 6 25 6 14 18 15 19 6 29 5 21 16 10 18 22 17 16 7 26 19 15 20 23 10 14 20 11 16 24 14 13 12 24 22 21 19 5 8 21 21 27 11 7 6 26 10 5 13 18 19 6 11 5 10 16 13 21 15 15 29 5 26 8 10 21 20 19 18 9 22 22 6 22 27 13 12 13 7 5 15 23 9 28 19 15 12 14 8 17 28 12 27 15 26 12 18 6 17 11 24 24 27 13 13 25 17 23 14 21 23 16 13 21 22 26 19 25 28 19 8 27 19 11 0 28
16 8 17 12 14 7 5 24 10 18 26 26 18 9 16 10 10 21 12 24 17 11 22 22 14 18 20 5 27 9 27 14 18 29 26 20 24 20 23 11 18 23 10 21 23 20 7 24 29 17 14 10 29 11 27 10 7 26 19 25 19 25 8 18 12 6 9 9 10 27 24 29 13 10 5 23 9 10 18 29 14 6 27 27 27 19 6 24 26 24 28 20 10 29 5 26 25 8 23 22 16 7 13 27 6 28 20 12 28 24 28 12 25 10 11 28 15 7 5 20 25 14 20 25 18 12 20 19 21 27 15 26 16 29 9 9 21 16 13 25 26 11 26 10 17 12 26 17 20 0