50
19 13 83 55 14 2228
61 98 16 79 36 1940
53 92 31 36 74 3719
20 92 100 80 69 2346
15 33 65 94 23 3171
29 23 73 63 76 2768
99 60 69 66 36 3866
10 99 69 40 98 1841
89 93 75 54 13 3240
62 33 58 98 65 3584
19 88 70 42 71 2093
61 89 24 31 21 3638
10 55 36 11 25 3568
31 14 24 38 82 2594
30 34 39 43 76 2361
77 55 74 10 20 2592
17 37 92 69 47 3653
57 80 36 80 36 2378
95 84 83 96 44 2763
11 82 41 31 63 3975
61 95 25 45 58 3187
17 54 60 45 85 3388
22 68 98 42 45 2122
25 66 94 84 20 2846
49 92 10 25 30 3518
30 54 99 79 61 2046
61 96 54 63 13 3513
82 54 15 46 34 2641
77 73 52 84 61 3572
22 90 61 51 89 2778
88 33 52 63 64 2293
24 21 11 33 91 3857
89 68 94 88 18 1928
62 96 26 46 12 3596
16 64 32 31 72 2605
37 79 71 67 65 2297
21 44 20 55 13 2554
26 73 31 16 55 3824
55 34 94 40 97 3016
86 84 46 25 22 1830
15 30 51 60 40 3039
22 16 17 13 37 2037
67 72 61 48 29 2560
100 26 33 22 88 3486
61 86 81 58 48 3110
52 93 66 36 54 2549
80 13 26 51 44 2603
54 72 78 99 28 3591
38 50 10 61 11 2126
85 47 45 11 82 3018
0 9 11 7 15 11 28 29 29 17 7 7 11 15 12 25 10 19 22 8 24 20 9 13 18 15 17 22 15 7 12 16 30 16 22 13 28 18 8 18 11 20 21 5 29 8 11 24 5 16
14 0 9 18 5 17 30 12 9 29 13 16 13 11 11 13 15 25 30 16 14 24 15 9 29 19 23 29 17 16 23 22 16 12 6 30 10 26 13 13 27 18 14 30 11 17 9 8 15 13
12 19 0 12 11 9 12 17 29 19 20 5 28 26 13 23 7 20 29 18 17 16 9 29 28 7 22 16 26 30 21 30 20 16 5 18 19 27 24 10 21 29 27 8 23 22 21 29 19 24
13 17 11 0 20 9 8 19 24 9 7 17 24 11 8 8 8 27 5 30 21 18 23 21 26 21 12 5 24 6 20 30 10 14 6 27 23 28 28 8 22 17 15 23 19 8 14 25 17 12
27 16 20 15 0 20 28 24 14 13 10 20 25 26 12 8 19 24 17 17 13 11 6 18 21 18 12 21 7 15 15 30 22 20 13 22 22 18 15 27 24 11 10 20 29 23 25 9 24 26
5 12 14 7 24 0 10 18 12 18 14 10 17 21 10 20 11 5 19 14 26 27 18 11 27 5 17 24 28 26 15 25 9 18 18 9 15 27 7 27 18 16 17 27 30 5 21 28 26 20
25 14 8 11 30 24 0 5 21 10 20 12 22 26 22 6 10 24 10 9 10 12 6 25 12 9 27 26 29 13 29 25 21 23 13 28 29 5 5 7 18 20 28 23 30 9 13 20 30 13
6 14 18 15 7 16 5 0 15 10 6 5 21 23 24 18 29 5 10 10 19 17 14 22 15 30 8 23 18 10 30 21 5 18 8 7 10 8 27 12 19 11 14 7 9 17 17 7 23 6
21 14 5 22 18 12 29 21 0 11 12 21 27 14 10 28 22 12 19 30 6 24 28 27 14 15 23 23 13 18 16 30 6 5 19 30 10 28 24 19 27 11 12 15 8 15 18 11 18 30
9 5 21 19 19 14 25 25 22 0 30 9 13 19 8 15 25 16 12 10 12 19 22 10 16 17 14 18 29 12 11 17 26 28 22 16 17 24 16 5 20 23 5 9 13 27 22 5 25 10
11 21 22 27 22 23 26 28 21 12 0 26 22 10 20 27 8 13 15 6 29 30 11 25 6 19 24 15 23 16 21 12 28 22 25 13 6 16 8 17 23 17 19 12 27 19 25 30 25 25
8 21 23 28 23 21 15 26 17 20 15 0 30 5 12 17 15 18 5 12 11 26 28 28 25 22 22 10 30 10 10 14 19 29 29 27 22 30 11 13 23 21 30 28 25 8 12 13 7 6
12 30 30 9 28 15 6 30 26 28 24 20 0 19 17 27 18 10 24 24 10 30 12 10 13 5 21 25 7 27 20 16 14 19 6 8 6 23 26 9 5 12 25 11 18 14 17 30 18 17
24 21 19 18 13 22 23 19 19 12 9 12 27 0 18 19 14 10 22 13 19 23 10 14 21 17 26 19 18 8 23 20 23 24 10 24 18 10 10 7 14 10 10 25 8 21 18 28 20 22
25 12 19 6 7 23 13 11 9 10 12 26 11 8 0 20 10 28 28 6 18 8 28 5 23 7 15 24 24 26 27 6 24 6 29 9 22 11 21 26 20 26 10 27 27 16 17 18 22 12
12 12 11 10 13 8 11 12 24 17 23 14 14 12 24 0 30 11 13 19 19 6 14 5 24 5 9 21 5 19 27 26 7 10 22 27 17 17 7 5 28 30 17 26 15 10 22 12 13 11
10 25 20 15 7 10 19 16 18 25 20 13 25 8 21 11 0 11 7 30 15 21 27 8 10 14 16 21 17 26 17 8 13 30 20 17 15 11 16 13 23 24 26 8 11 10 15 18 27 18
29 28 23 21 7 30 21 20 25 18 10 6 14 8 13 29 21 0 10 24 24 19 16 12 9 5 11 15 30 20 17 26 21 29 28 12 29 10 5 16 17 24 8 13 7 5 28 11 30 18
15 25 5 18 18 11 10 26 21 19 17 5 27 18 7 5 28 27 0 27 24 5 11 13 22 10 21 27 17 28 6 11 28 17 14 12 10 28 14 11 21 5 8 24 11 23 16 13 5 18
5 10 6 6 14 22 24 17 14 29 30 14 23 20 10 9 8 24 5 0 29 17 13 28 19 25 12 20 29 21 25 19 25 19 16 11 30 11 11 9 12 10 7 16 13 27 9 23 8 18
27 23 12 18 13 18 5 8 22 21 12 9 7 28 28 8 19 6 22 16 0 24 21 18 20 14 21 9 6 6 30 14 16 16 5 15 23 7 18 27 20 25 9 27 26 5 25 16 19 18
18 12 23 12 19 19 24 18 14 12 13 25 18 22 20 14 24 12 29 27 9 0 11 11 6 19 24 19 30 22 21 10 10 30 21 13 25 5 29 23 7 20 7 19 18 12 10 18 19 17
10 21 25 18 12 26 20 9 23 14 25 29 7 17 13 20 28 23 27 25 15 6 0 12 25 13 25 8 16 5 10 9 7 12 26 22 29 6 15 12 7 17 17 15 30 19 14 13 5 25
6 6 11 30 6 5 9 24 18 22 29 22 19 18 5 8 12 26 19 21 16 7 9 0 28 9 28 24 24 18 6 5 25 14 22 17 10 10 9 30 10 16 28 16 26 17 25 15 5 15
29 17 17 9 20 26 16 22 7 7 26 28 15 24 14 16 15 17 12 11 8 25 22 13 0 12 28 19 7 8 17 16 19 11 12 18 17 22 14 29 27 29 25 15 24 14 19 11 15 21
13 23 11 30 13 30 25 6 18 16 22 13 5 19 28 24 11 20 18 29 14 26 16 22 10 0 16 17 26 24 24 12 23 25 14 5 29 21 23 18 16 11 21 19 6 10 24 29 20 6
7 28 27 17 7 22 23 21 9 20 15 6 10 10 29 14 18 10 15 20 25 19 13 12 8 13 0 28 6 10 11 15 11 26 10 22 13 11 19 21 10 5 23 29 15 29 19 11 10 18
12 5 22 8 6 24 5 20 6 5 11 22 30 16 9 14 30 24 10 20 14 20 16 15 25 23 26 0 16 28 29 11 24 13 19 19 5 9 30 20 23 13 8 30 27 22 24 30 19 25
26 26 24 5 15 8 28 14 21 5 18 9 12 26 21 29 26 27 29 27 13 9 20 25 29 9 5 28 0 27 7 20 17 5 28 27 29 22 6 29 17 16 19 8 18 21 8 6 24 21
11 16 9 28 28 19 30 8 30 30 6 18 8 6 17 8 11 10 5 20 30 22 18 28 29 23 15 9 8 0 24 23 8 20 10 16 21 25 21 25 15 23 21 10 15 9 22 19 17 22
15 20 19 25 10 16 30 23 27 28 29 20 5 13 15 24 15 26 27 27 27 11 27 21 16 22 27 26 29 5 0 23 12 11 25 12 19 5 30 20 26 8 18 13 22 18 13 25 7 10
22 16 14 10 25 29 11 13 8 21 13 22 21 14 10 11 23 23 9 18 15 21 8 9 10 9 20 22 15 13 5 0 11 19 16 30 15 22 21 29 22 30 21 18 29 9 28 11 16 27
21 16 8 24 17 21 16 12 30 23 23 24 5 5 29 9 8 20 18 6 13 11 8 29 24 23 24 28 13 8 17 12 0 29 11 23 10 12 25 7 20 6 6 12 25 22 20 7 9 8
13 10 9 12 26 8 21 29 19 7 16 15 25 30 12 12 9 30 30 9 14 22 12 25 10 17 16 19 27 28 22 13 26 0 6 13 17 26 18 23 26 24 29 16 7 5 22 7 14 5
26 5 7 30 26 11 20 16 9 11 15 7 6 18 12 6 30 23 22 13 29 23 19 17 15 18 25 5 19 5 24 14 9 5 0 21 9 30 18 29 8 8 22 22 8 19 28 28 7 15
20 7 10 7 21 29 27 27 7 7 24 14 16 15 28 14 30 20 14 23 27 23 28 19 25 22 11 12 26 30 20 29 13 14 13 0 19 25 22 5 22 15 23 15 25 26 30 18 15 9
23 7 12 22 9 28 7 29 25 8 9 5 14 12 8 18 9 5 7 28 24 16 7 27 14 27 15 19 19 20 30 5 20 9 7 22 0 30 11 10 17 29 18 5 21 20 6 6 20 21
19 13 6 9 23 15 13 30 18 22 22 25 17 20 20 11 14 11 17 19 10 20 29 8 6 12 18 10 12 9 15 30 30 14 12 21 26 0 26 22 30 15 23 28 23 15 22 11 27 27
20 9 16 21 30 6 18 27 9 20 10 6 25 25 25 21 7 11 24 14 5 5 30 27 28 7 5 17 11 27 15 29 5 18 23 23 14 5 0 13 15 6 20 10 30 16 14 22 27 26
11 17 7 25 16 15 5 8 17 20 15 27 10 19 19 28 23 17 18 10 13 24 14 19 13 12 29 7 20 27 25 8 19 28 22 26 13 23 21 0 22 16 26 24 7 11 9 17 6 9
12 14 7 20 12 26 5 28 5 18 22 5 13 11 6 14 12 9 20 21 24 23 5 22 8 21 6 11 15 8 30 14 9 23 29 13 24 12 25 18 0 8 22 6 26 29 29 29 25 16
11 18 28 9 23 7 18 13 8 14 11 15 19 16 30 10 6 7 30 13 24 5 21 30 23 8 18 16 21 8 16 9 15 8 16 21 12 11 14 11 10 0 14 9 26 21 29 24 17 16
14 9 9 26 13 21 29 13 25 23 7 20 9 16 11 19 18 21 20 9 21 22 24 15 10 20 23 8 11 6 11 20 23 9 25 7 7 29 9 11 6 5 0 28 30 5 22 15 23 16
12 7 15 24 13 9 9 9 9 26 29 6 16 16 17 20 25 30 29 25 24 29 27 27 8 16 6 27 28 15 18 24 14 17 10 23 13 6 19 17 17 5 23 0 22 17 27 24 16 23
20 23 28 28 13 26 29 22 23 22 30 16 27 13 23 11 27 20 11 21 13 27 13 5 23 12 27 30 9 16 14 13 14 19 5 24 23 12 15 21 12 6 7 6 0 27 7 25 20 25
12 27 29 21 28 22 24 27 6 12 17 5 17 28 8 6 24 25 5 20 15 27 25 15 28 7 10 15 5 29 23 23 19 10 22 15 30 18 30 27 20 15 23 8 18 0 7 12 28 28
20 19 23 10 30 5 7 10 7 8 22 22 24 5 15 8 18 11 14 15 5 7 6 30 25 28 16 20 13 22 23 9 28 10 26 16 22 6 11 6 30 10 11 23 26 26 0 7 13 8
5 18 8 12 5 15 12 24 30 10 5 27 16 28 19 16 11 13 10 12 25 14 16 10 9 16 16 24 11 11 23 27 21 25 17 12 12 23 12 24 29 10 13 13 20 9 28 0 16 8
19 10 15 18 18 27 16 30 13 30 14 16 29 24 8 9 29 19 25 22 26 9 24 29 17 7 7 14 17 21 11 12 8 24 9 26 11 18 6 27 27 26 14 10 5 22 30 7 0 30
7 10 18 28 23 13 27 6 28 6 21 22 12 11 9 19 7 6 9 30 9 25 8 24 8 26 23 5 23 28 16 14 10 15 10 19 15 10 21 13 22 22 18 12 17 21 14 19 22 0
