100
99 91 53 60 81 3148
4 74 92 39 84 3452
10 33 65 82 94 3182
23 29 32 5 29 2997
20 87 96 3 64 3380
39 18 5 7 79 2769
11 15 62 25 41 2534
38 76 18 41 63 2731
38 83 7 52 29 3199
51 78 79 31 23 3441
93 79 36 52 86 3289
14 95 91 57 7 2847
54 62 54 36 83 2653
72 19 54 92 29 3033
65 99 77 56 93 2677
1 78 65 50 96 2526
10 3 2 53 41 3091
2 78 81 17 82 2674
32 10 61 73 31 3381
75 23 99 29 86 3294
92 87 64 59 30 2732
10 51 57 33 67 2801
6 45 33 80 47 2858
25 62 15 82 15 2907
2 16 10 50 51 2666
99 65 96 84 21 3150
6 99 29 82 76 3188
91 34 38 4 30 3406
17 97 3 62 66 2687
57 66 59 71 24 2658
31 48 30 65 82 3049
12 60 11 89 45 2651
37 54 98 1 45 2687
24 68 73 94 16 3122
13 24 68 99 68 2888
69 83 46 60 58 2586
52 45 79 43 56 2764
30 96 33 88 69 2827
75 66 64 48 72 2915
22 30 35 49 28 3029
9 71 20 22 5 3202
16 17 13 84 98 3242
47 98 11 80 9 3227
58 24 3 21 86 3002
2 52 44 20 42 2974
45 53 71 98 3 3142
85 98 15 54 81 2984
37 25 43 73 39 2973
6 26 54 92 85 3119
14 93 89 24 66 2743
83 49 43 12 29 2532
64 96 30 18 87 2763
20 80 88 76 68 3024
65 36 63 13 29 2626
59 28 73 42 8 2532
75 70 51 9 7 3122
21 17 89 58 25 3028
36 20 59 82 64 3102
4 26 26 54 38 2622
67 78 46 43 65 2757
20 67 52 83 7 2749
86 76 41 59 79 3164
58 84 69 51 25 2606
69 98 2 58 71 3299
95 36 3 17 88 3439
89 17 21 65 26 3321
4 91 99 18 82 3214
24 14 82 40 11 3039
19 18 42 38 32 2500
38 18 48 30 32 3099
18 7 12 36 23 2512
27 83 31 72 28 2791
32 51 3 19 22 2601
43 70 71 26 8 2696
96 48 80 86 21 3298
94 80 56 27 31 3114
66 41 76 6 25 3387
67 69 84 93 30 2562
34 24 39 54 81 3206
58 78 96 44 12 2917
48 37 85 69 30 2778
35 67 89 20 81 2896
53 2 17 82 80 2542
10 15 3 1 56 2793
69 88 86 5 38 3030
18 27 45 79 78 2901
80 1 73 43 41 2856
17 34 79 38 73 2979
10 20 20 34 75 2727
36 99 82 45 17 3010
80 92 78 40 27 3468
89 92 8 82 52 3042
89 16 43 97 9 3082
29 63 66 66 12 3062
6 49 44 76 55 3050
51 77 6 51 93 2977
97 85 49 77 58 3170
37 34 99 85 28 3058
37 59 88 22 93 3366
46 46 79 78 28 3130
0 64 31 25 57 71 50 22 74 26 17 5 80 23 74 22 58 31 13 100 98 70 5 55 4 27 46 3 40 43 11 93 38 51 35 64 74 12 79 78 97 53 91 12 37 2 97 10 89 84 78 58 44 57 80 41 57 65 80 82 68 56 86 47 91 47 61 59 20 16 95 5 89 78 37 18 11 32 2 80 70 41 46 52 95 89 92 58 2 74 75 46 37 28 64 38 67 32 77 52
47 0 88 54 75 7 77 37 89 66 71 42 17 32 69 87 8 77 12 58 71 34 7 32 7 70 5 18 63 89 28 31 37 45 40 46 19 46 68 50 20 87 63 27 84 26 7 49 23 47 29 29 33 13 10 69 83 72 33 75 12 50 99 76 99 88 58 38 54 39 43 77 28 7 46 58 92 94 94 38 30 72 56 41 36 1 19 73 62 100 61 74 48 25 63 93 64 75 4 15
3 73 0 25 74 68 21 88 79 61 17 80 35 35 98 82 26 13 37 71 65 28 99 26 95 14 24 36 89 66 42 80 22 91 31 22 50 49 21 43 4 93 92 86 65 90 3 61 51 91 57 97 82 98 1 87 29 71 58 29 84 84 45 70 2 94 1 65 47 91 63 88 32 79 25 49 55 45 28 31 75 36 91 39 30 5 5 50 100 51 71 69 12 32 94 82 10 64 14 83
63 53 34 0 44 85 2 38 20 35 48 82 29 26 76 76 88 9 34 47 92 100 15 85 22 45 47 95 94 92 75 82 49 13 69 22 85 73 9 57 11 25 62 62 75 12 95 28 77 34 92 27 46 84 47 6 4 81 84 8 67 31 29 93 39 7 28 23 17 44 27 68 47 7 68 51 94 43 98 89 58 27 76 74 7 33 33 36 15 51 8 100 31 40 4 22 65 47 19 81
68 60 45 2 0 94 62 10 40 77 56 36 14 8 45 80 14 14 49 1 59 52 84 68 95 78 25 94 65 25 98 22 35 59 31 24 58 67 39 35 43 31 44 51 41 97 78 95 4 38 43 29 89 97 67 73 26 32 73 48 64 22 25 33 13 92 32 77 13 91 69 94 14 64 59 49 71 31 68 30 50 88 26 4 80 23 23 41 40 67 25 55 13 57 13 14 29 6 54 75
62 15 17 22 56 0 87 60 7 78 25 49 45 64 52 88 59 84 53 96 23 86 40 52 61 7 50 85 18 6 11 6 97 14 31 53 89 39 59 85 13 79 79 100 69 33 14 66 47 89 18 4 64 57 16 64 15 95 36 63 86 85 89 45 93 60 2 55 70 50 98 31 52 37 84 86 9 32 39 72 24 44 39 85 23 16 18 26 99 77 5 22 11 44 29 6 46 91 29 88
94 35 1 28 70 64 0 39 34 41 84 34 70 60 5 75 51 71 42 40 33 25 79 71 84 17 93 98 45 4 15 42 98 28 14 82 23 58 52 18 9 57 62 33 47 93 7 81 5 34 30 97 44 71 95 29 58 79 62 69 31 70 76 81 70 20 6 76 70 69 64 32 25 37 82 66 69 17 62 23 9 97 22 82 38 96 36 60 77 20 17 65 61 17 8 9 42 5 23 3
51 100 2 18 88 55 14 0 63 37 77 64 91 12 95 74 68 45 37 84 55 89 81 66 32 21 38 87 52 56 97 81 97 64 55 38 19 89 15 2 50 92 19 85 10 46 94 58 34 88 90 48 41 96 87 97 42 64 22 34 77 49 88 30 90 50 14 94 18 58 2 13 1 31 33 17 96 33 11 82 32 3 97 43 84 5 29 2 42 71 16 72 54 4 70 79 52 82 9 20
3 82 100 27 85 18 17 77 0 42 39 100 90 24 52 40 90 34 38 13 4 89 95 8 32 4 83 35 89 88 53 30 18 69 76 53 69 15 73 14 10 31 28 6 13 32 32 75 40 13 8 67 46 8 97 33 94 90 56 57 20 41 44 10 67 67 5 33 14 97 11 38 27 28 36 45 72 10 51 38 4 57 3 81 3 87 11 67 9 62 13 8 94 97 11 4 58 100 13 66
88 54 55 98 90 82 63 60 75 0 93 86 35 73 14 34 7 29 32 33 84 2 17 21 98 36 72 33 89 72 86 96 13 37 17 41 86 83 72 80 68 28 8 55 4 79 43 4 45 95 76 37 3 71 83 60 89 92 51 49 49 7 6 95 48 59 25 89 28 25 73 5 49 65 71 29 51 73 82 83 30 12 44 35 2 66 36 15 47 11 44 77 45 27 72 73 91 27 97 73
23 90 5 26 16 65 10 2 18 47 0 74 90 6 100 81 48 60 11 22 72 76 72 43 6 62 37 100 97 91 86 49 32 57 28 92 56 57 33 93 53 86 96 78 97 75 53 59 88 21 57 62 85 57 21 24 14 53 58 17 53 65 6 5 21 92 54 52 100 15 35 55 49 28 95 65 85 72 70 17 35 65 57 57 77 77 10 15 60 96 3 90 96 63 15 29 95 69 77 32
66 63 60 33 40 86 50 53 84 11 31 0 11 92 42 54 10 1 45 59 76 11 46 69 79 74 61 27 53 28 47 50 78 91 91 67 40 60 49 1 84 24 99 72 18 6 19 39 32 11 31 79 47 100 54 66 73 23 20 2 87 41 95 77 26 31 27 83 54 32 84 8 19 97 69 13 80 19 62 61 94 91 96 67 32 9 79 63 18 77 99 67 14 39 46 47 100 29 17 40
32 90 4 80 50 18 66 42 23 4 25 77 0 87 43 74 53 52 56 27 2 67 67 93 82 89 70 16 6 1 44 34 78 53 54 20 4 2 24 29 78 28 18 3 99 91 5 59 63 49 7 32 51 52 90 37 28 27 79 93 71 34 26 87 63 81 40 50 90 4 27 50 16 2 57 96 54 62 72 79 94 97 37 23 15 87 20 78 24 72 53 11 23 42 87 90 70 91 20 33
71 13 3 24 35 73 69 75 10 66 54 20 41 0 94 36 83 55 24 21 59 21 60 64 24 61 72 69 98 51 86 17 48 18 80 3 37 2 29 93 80 11 71 3 8 29 57 83 52 48 100 64 78 71 5 47 90 40 90 57 42 51 17 21 72 9 10 89 9 66 63 22 40 67 49 33 81 43 23 3 23 13 67 40 48 56 58 52 57 75 5 60 39 39 74 28 85 91 97 93
28 44 86 58 20 9 32 45 12 92 8 51 2 93 0 82 31 39 97 5 43 19 6 35 76 77 88 25 34 7 3 23 32 2 89 35 88 35 77 51 43 23 23 42 23 10 28 63 68 8 70 94 28 13 53 71 79 53 22 40 39 33 9 84 64 17 74 67 29 9 19 13 86 81 65 7 30 58 70 37 18 64 29 37 99 14 75 83 58 32 32 15 97 78 49 37 29 60 56 89
48 45 36 10 41 32 33 91 79 29 98 69 86 86 79 0 19 59 88 44 57 60 63 49 71 17 18 76 46 49 88 23 74 56 1 45 4 93 64 45 76 63 55 31 15 59 53 91 27 86 24 46 19 36 40 38 67 31 85 85 20 86 30 20 35 21 60 80 19 93 2 2 87 97 71 13 68 47 90 24 2 62 74 90 71 96 24 88 52 75 87 92 16 68 83 63 66 36 42 34
17 97 90 13 93 36 96 88 78 37 16 7 29 13 35 93 0 43 9 93 97 69 12 4 45 46 90 39 100 5 92 63 91 47 100 74 76 83 84 69 95 14 83 1 23 23 46 57 15 48 98 83 68 79 15 47 19 62 23 26 30 17 37 59 9 60 7 87 11 45 5 71 58 47 45 39 64 5 98 71 23 98 48 71 37 77 82 69 40 31 52 23 47 73 80 71 9 72 24 46
34 72 57 17 31 13 70 93 4 28 39 84 30 92 20 97 16 0 46 31 14 27 27 21 85 79 21 55 25 29 45 41 77 5 80 6 79 47 17 19 20 38 95 93 35 38 14 3 9 88 64 44 21 9 41 80 79 96 51 7 42 7 17 32 39 88 55 64 14 63 17 93 87 71 59 30 39 84 33 92 46 20 50 24 83 73 27 18 72 52 55 70 20 40 62 73 70 22 89 3
37 31 57 89 46 22 43 34 20 85 33 28 63 67 17 71 1 24 0 37 86 47 27 11 31 80 35 92 87 43 7 15 43 92 8 53 78 39 66 71 68 63 27 59 45 4 74 64 99 11 91 27 52 88 75 84 6 97 62 69 47 72 39 73 40 80 75 20 71 25 93 36 56 24 7 3 85 23 55 74 74 37 26 56 65 70 29 21 77 41 93 55 70 88 19 98 88 74 91 76
89 11 29 90 43 59 67 47 96 79 40 36 44 6 61 20 81 29 60 0 41 5 12 41 6 68 24 40 14 86 56 63 99 71 27 65 80 66 16 21 94 37 39 34 41 60 24 9 77 25 79 35 4 92 28 72 22 63 41 40 53 54 26 52 57 67 90 51 62 58 42 22 41 78 58 12 32 33 39 94 63 83 7 49 11 77 35 39 84 84 59 22 76 38 95 21 51 61 16 63
35 82 83 85 46 82 71 38 9 31 42 90 23 42 61 12 9 94 15 74 0 39 46 68 75 11 23 81 20 15 11 70 46 22 20 92 32 38 96 26 60 98 28 70 70 48 49 4 4 16 17 84 97 24 80 73 89 78 60 58 81 63 23 55 4 8 65 83 79 78 25 18 80 21 6 43 22 16 28 18 56 59 13 1 81 85 3 99 90 92 76 89 61 40 59 25 35 67 84 32
35 12 14 68 79 4 62 37 76 63 69 95 53 30 85 89 7 11 65 28 89 0 61 5 3 25 80 73 83 30 93 99 11 61 44 9 99 91 66 19 44 75 13 71 47 84 2 6 65 21 71 11 24 29 73 99 95 40 23 37 31 40 70 26 92 5 81 10 92 58 94 99 24 52 2 18 65 95 20 39 91 13 62 63 41 100 22 61 83 19 83 90 100 77 18 82 85 66 40 98
22 51 24 21 2 14 63 64 22 43 36 30 63 3 42 83 43 89 35 45 75 8 0 75 24 1 14 43 56 1 47 85 73 61 75 67 55 88 69 55 53 56 68 91 49 32 23 25 50 48 58 65 72 25 63 89 45 55 77 76 75 39 66 47 52 83 1 77 92 4 15 61 38 84 37 99 43 24 21 50 20 92 32 11 26 91 13 40 11 43 95 46 24 62 57 41 56 87 51 67
28 70 36 54 27 66 5 92 1 19 66 23 24 77 17 90 59 59 82 91 98 60 85 0 34 23 10 76 84 23 9 57 33 96 92 69 69 88 67 71 81 83 63 36 43 89 74 8 14 20 92 46 1 68 30 13 74 55 83 54 59 50 20 30 45 67 30 46 83 93 23 71 78 6 94 78 42 34 56 22 9 12 1 39 8 43 32 54 70 10 52 91 88 39 29 81 11 50 20 40
18 31 21 27 86 66 46 7 83 41 23 79 2 76 70 53 24 42 72 18 30 89 55 21 0 26 13 92 94 17 68 97 79 55 100 98 88 4 61 69 9 21 29 7 2 66 76 75 9 6 34 3 100 58 73 48 45 12 80 66 6 92 67 80 92 48 1 54 50 70 53 56 5 64 59 63 12 46 2 4 93 88 52 42 15 46 87 27 46 42 88 9 35 55 95 31 61 69 42 70
64 70 6 61 17 69 53 12 24 22 21 17 12 92 55 43 81 45 5 48 98 91 87 55 59 0 37 32 98 30 64 44 89 82 19 74 19 45 45 91 94 29 43 52 67 35 64 41 45 23 16 3 8 87 22 36 1 20 29 7 8 37 73 72 29 34 63 52 5 63 13 51 78 98 47 89 11 4 67 58 37 17 27 95 19 43 58 63 30 95 21 49 91 8 5 73 62 67 73 53
66 2 32 72 62 55 78 31 12 27 50 8 4 27 50 16 86 61 98 57 45 75 1 28 70 78 0 69 97 97 31 2 83 68 64 19 38 43 47 45 69 7 51 55 42 12 25 11 37 21 16 42 85 65 3 97 46 75 31 93 93 42 12 20 24 52 37 3 40 88 40 43 76 49 31 18 13 74 100 25 2 22 79 93 97 89 25 20 33 31 29 4 49 75 71 59 64 33 22 58
46 74 77 41 85 46 53 86 90 76 35 41 23 42 6 14 3 47 46 19 12 50 4 18 52 61 92 0 78 90 8 71 95 32 33 47 16 86 41 84 17 85 98 34 73 87 27 73 83 91 28 44 6 93 55 65 78 68 48 39 2 54 85 60 71 21 85 96 99 70 58 89 21 12 93 21 93 36 70 31 89 60 67 39 35 99 33 28 54 28 89 53 13 51 52 53 24 65 9 41
23 4 83 87 96 27 90 85 47 98 4 22 61 38 89 58 26 60 82 86 68 8 32 39 40 31 99 97 0 88 58 3 58 94 9 16 75 4 84 81 72 92 22 62 60 61 81 67 4 14 35 76 25 49 46 84 44 16 86 36 57 10 95 52 78 66 54 18 77 75 53 1 32 89 58 63 52 77 93 2 69 82 4 14 98 1 74 32 34 38 74 9 4 95 49 56 56 30 19 79
26 15 6 1 47 89 20 25 16 10 20 32 57 94 19 89 3 51 69 53 36 12 93 51 71 88 21 87 47 0 67 89 10 7 67 92 43 86 11 17 51 49 16 15 30 35 56 47 37 72 32 97 78 36 51 25 10 16 95 36 9 42 65 13 57 92 58 12 3 90 62 79 38 76 16 13 33 47 49 15 56 85 24 62 73 85 40 17 63 40 33 25 85 2 77 91 96 69 20 70
38 45 48 60 44 12 90 60 38 31 68 9 32 83 13 40 35 78 60 87 24 84 42 35 74 39 9 67 55 94 0 8 38 99 60 62 31 93 2 21 24 58 46 38 75 21 86 66 3 79 33 84 21 10 56 8 1 51 100 67 97 46 48 92 33 22 58 63 70 70 15 92 65 53 54 35 46 97 27 32 48 73 64 66 66 21 61 66 93 21 9 2 56 46 65 85 92 81 60 65
73 19 3 4 98 9 3 54 6 72 12 24 19 88 100 42 59 39 98 93 66 92 2 84 55 58 62 93 4 37 66 0 26 78 6 19 45 58 76 67 14 90 82 62 90 84 48 1 27 28 28 2 4 58 58 28 5 45 52 13 12 40 66 45 57 3 50 63 15 6 68 85 99 76 72 33 46 18 82 45 13 77 40 69 91 62 81 44 73 60 58 10 41 19 63 10 43 60 34 9
74 79 34 62 89 16 82 76 59 70 22 71 80 7 69 97 2 63 10 26 12 67 94 98 90 38 74 19 78 47 62 93 0 15 22 49 69 67 62 32 3 29 88 35 8 78 28 47 30 37 47 32 8 23 12 19 34 2 68 16 16 78 40 78 51 21 32 24 60 32 94 90 53 87 37 3 93 20 29 90 91 34 50 51 65 4 31 80 68 51 10 68 20 73 45 3 96 74 20 74
90 15 77 64 48 35 44 82 38 57 24 17 22 63 79 23 54 36 99 51 25 8 18 9 14 66 18 99 72 45 88 35 98 0 91 22 94 43 10 58 20 67 61 12 78 37 24 90 23 56 63 31 40 82 35 18 15 54 51 13 6 8 6 78 85 24 58 60 62 56 42 57 92 43 63 85 25 42 82 13 63 25 66 94 99 100 40 98 80 42 78 72 31 46 64 35 92 85 59 2
49 100 52 89 19 100 74 42 26 53 48 51 82 14 23 79 23 93 24 87 67 17 42 76 84 5 34 68 80 95 43 3 54 46 0 36 92 66 7 98 78 29 96 31 35 17 28 22 4 82 99 93 31 54 37 71 53 88 38 96 70 54 11 76 82 80 42 34 82 16 49 81 41 58 13 40 94 46 69 75 53 34 14 31 89 99 42 7 57 91 27 59 64 75 95 43 52 52 56 1
22 7 53 77 52 80 98 9 63 98 79 94 57 26 97 36 23 17 59 52 66 55 88 92 3 51 45 8 68 82 23 31 74 68 93 0 85 30 71 81 100 71 34 29 84 82 78 16 97 15 54 64 37 1 27 32 65 12 30 57 29 50 58 72 81 47 59 44 89 23 95 8 37 18 39 24 17 23 87 83 38 55 89 54 29 47 23 10 25 31 1 1 49 89 66 84 26 34 89 66
86 6 48 25 38 26 72 80 42 31 14 75 43 20 39 43 86 50 19 90 71 68 16 16 33 72 51 85 82 66 46 73 28 64 95 63 0 63 41 1 1 72 14 57 43 64 54 27 46 45 57 88 44 15 7 68 29 48 8 8 17 16 99 95 42 39 43 56 16 26 92 85 44 5 20 86 1 11 15 15 71 23 49 100 92 44 23 46 86 54 34 62 71 52 3 47 40 47 36 28
43 79 84 39 52 88 60 66 47 64 71 82 80 34 43 88 38 98 13 33 35 71 41 59 22 71 85 75 93 27 62 18 55 33 47 3 10 0 51 82 93 16 29 85 86 95 3 100 82 70 4 84 62 3 61 87 90 53 68 7 50 53 61 59 50 4 28 19 60 76 3 24 58 44 76 4 6 48 22 2 22 65 68 96 4 66 37 36 80 17 14 74 34 18 47 26 75 27 35 98
32 63 47 4 12 17 8 3 87 86 24 72 46 70 82 45 99 16 72 51 8 93 25 38 23 54 84 2 10 52 64 40 47 14 70 74 69 75 0 81 19 34 18 80 62 54 15 5 51 87 50 49 38 21 33 35 12 81 73 12 64 59 78 62 37 51 20 80 16 64 54 98 92 91 13 98 16 68 92 45 11 29 98 12 55 96 14 1 27 37 17 68 91 63 64 74 32 99 77 91
94 69 30 87 34 65 6 21 66 48 42 6 45 17 43 51 79 17 42 35 87 9 76 45 46 16 75 43 100 34 70 74 52 77 92 82 34 21 80 0 90 1 57 6 33 66 69 37 38 24 81 10 79 33 89 87 86 57 78 74 85 43 51 83 81 93 15 12 32 64 33 42 62 52 80 1 69 18 34 36 84 94 11 73 39 5 83 92 79 10 9 57 73 38 59 82 48 7 92 4
71 84 25 12 71 64 54 64 12 32 73 48 26 13 56 68 72 9 15 30 27 1 89 21 5 87 7 80 33 4 46 18 68 58 54 41 76 64 12 98 0 66 100 82 23 32 62 42 39 35 20 81 92 88 79 82 25 80 9 48 42 70 54 82 56 31 94 2 78 7 63 12 92 66 36 66 79 22 75 80 52 89 50 62 58 41 11 6 58 77 54 4 80 95 69 25 80 36 45 77
31 4 88 67 41 68 32 56 51 60 55 34 30 32 42 36 42 100 79 43 31 100 99 18 66 83 69 56 72 79 56 40 59 47 84 77 87 4 75 43 52 0 23 95 51 54 11 100 43 53 31 7 14 89 46 89 76 81 27 35 93 55 96 38 85 80 67 28 95 6 64 1 27 100 15 84 40 64 72 40 33 37 86 67 87 55 53 97 76 100 85 46 77 52 92 4 79 40 18 77
16 11 64 65 2 53 90 80 75 4 67 38 69 68 56 58 6 26 24 68 84 90 25 31 46 68 71 82 59 56 51 70 90 29 42 40 49 25 24 46 6 8 0 65 71 38 13 13 73 69 92 99 25 86 55 12 17 77 62 83 11 24 19 25 57 21 26 43 27 9 53 1 47 49 81 12 62 10 32 31 83 44 78 31 58 45 52 83 43 62 92 11 33 50 33 17 86 35 8 49
22 75 38 74 88 30 72 77 35 46 56 41 25 14 58 95 12 48 76 43 46 18 61 82 45 17 5 83 60 21 70 27 68 56 66 52 58 81 54 71 59 67 55 0 36 96 95 37 40 39 74 29 25 82 11 11 99 89 75 100 12 7 15 86 28 57 67 88 96 10 68 64 17 54 64 44 66 12 63 95 80 71 84 46 99 93 43 42 15 63 81 87 49 21 56 55 72 63 53 48
15 71 4 31 32 27 73 84 46 83 72 98 28 93 12 56 7 57 43 1 65 77 68 28 53 85 36 75 83 38 2 87 16 94 32 14 88 10 70 52 85 85 33 22 0 47 15 73 15 61 25 38 46 58 35 79 84 9 71 10 13 40 9 48 12 88 89 14 30 70 90 53 51 72 23 18 19 33 3 3 15 70 76 34 90 24 54 2 17 12 45 3 43 38 26 23 52 3 21 77
56 84 6 49 48 20 79 51 63 52 91 57 88 19 50 24 92 60 43 14 24 34 26 50 51 90 35 92 77 16 88 97 72 33 99 41 53 61 69 69 69 86 75 56 37 0 22 15 3 51 99 50 82 61 48 1 93 13 94 61 89 19 63 75 57 67 23 24 2 44 60 80 87 91 31 16 63 72 22 72 43 92 75 85 25 100 12 86 51 26 25 94 34 69 94 57 6 78 76 27
97 44 61 45 96 33 8 86 88 87 93 19 34 64 65 32 36 40 37 21 98 22 10 75 19 84 77 68 10 89 64 63 19 88 95 18 25 15 8 95 8 60 35 29 57 83 0 45 11 7 37 44 43 39 79 14 8 96 14 4 58 23 37 21 14 21 35 19 58 16 37 97 40 7 59 75 40 74 75 56 60 52 14 53 95 8 92 93 65 58 100 63 25 27 60 36 12 15 67 28
7 30 37 32 13 10 78 26 16 13 46 13 89 16 38 58 27 19 40 99 11 36 1 22 5 64 51 68 23 19 25 65 69 99 61 11 18 31 12 8 43 5 3 97 14 42 27 0 78 75 53 91 33 44 75 66 98 42 95 26 15 29 88 59 41 4 61 29 90 77 82 76 61 5 34 68 84 79 46 34 7 67 73 87 74 93 23 74 13 5 58 29 41 92 74 74 62 94 11 57
82 41 86 43 55 34 24 24 5 76 78 26 29 60 99 69 6 5 1 54 44 52 25 5 3 38 31 49 10 42 4 82 21 66 44 75 7 86 42 33 78 62 55 60 20 56 38 71 0 85 31 43 29 57 15 28 37 90 48 27 42 69 65 7 56 10 70 49 60 92 88 5 11 67 90 31 94 80 47 85 77 38 72 38 2 58 75 10 10 15 34 37 48 64 98 86 75 90 72 5
97 33 14 7 36 48 20 51 93 93 92 36 92 97 63 19 68 77 83 67 95 65 34 25 40 87 5 24 66 87 65 50 42 79 2 100 20 74 19 82 7 11 71 12 94 41 2 59 38 0 2 51 26 47 34 34 11 29 24 91 89 82 72 92 52 38 10 59 48 34 6 68 26 98 33 71 40 14 72 79 68 99 49 70 39 64 85 35 36 74 26 69 5 92 83 6 98 2 38 34
52 51 7 14 33 14 97 95 72 80 8 73 51 64 62 78 64 44 46 79 77 46 11 80 91 44 21 73 15 98 6 21 99 37 20 50 99 46 20 83 32 19 77 52 33 17 55 97 91 19 0 51 77 25 12 86 9 49 31 17 59 75 10 90 36 73 80 93 76 5 23 55 77 79 20 21 57 26 95 19 4 63 83 55 44 2 91 2 20 68 93 36 97 71 97 87 6 95 87 100
28 100 42 53 25 11 90 29 58 90 67 69 48 44 59 32 66 79 29 48 69 100 66 81 17 100 25 41 81 83 21 14 18 25 68 73 61 80 48 93 50 56 46 54 45 54 40 36 5 32 93 0 50 7 22 74 43 66 43 42 21 79 33 50 13 80 20 26 61 52 12 82 38 25 79 83 12 51 33 69 68 74 85 29 100 55 10 50 72 8 32 42 25 2 24 95 6 15 36 54
31 54 70 72 12 78 51 78 69 44 70 25 98 79 81 86 52 45 18 53 30 41 56 26 22 16 71 67 27 99 84 11 37 59 17 28 99 12 11 95 71 30 30 76 6 72 27 8 16 5 30 41 0 58 71 99 9 55 78 1 46 9 99 13 26 44 12 90 60 53 99 83 13 2 68 31 84 60 14 82 79 72 66 78 11 37 22 18 53 9 98 22 19 29 95 16 56 62 33 56
85 83 82 69 87 46 53 28 9 44 52 12 62 21 27 33 56 90 27 49 24 98 39 89 77 100 60 17 11 6 59 13 10 13 93 72 23 37 22 60 55 54 89 13 86 28 88 20 35 33 54 56 16 0 37 54 4 23 74 76 75 62 19 27 84 3 18 88 65 73 15 25 19 8 83 98 34 57 78 36 66 34 82 53 79 72 66 51 81 57 84 11 100 98 39 6 7 55 42 53
6 68 25 67 2 100 9 84 10 71 14 66 68 93 61 50 63 76 19 62 60 78 36 46 17 54 37 87 92 57 18 1 29 51 53 98 37 99 32 98 86 53 64 55 7 43 48 3 81 7 1 98 41 88 0 58 87 46 87 87 91 95 84 79 48 97 3 78 81 79 21 70 80 27 88 62 88 58 91 24 13 94 9 7 50 75 9 33 65 19 42 11 32 81 58 52 22 13 76 14
8 23 15 51 28 49 99 60 34 92 44 14 51 16 70 8 21 3 52 73 68 76 27 76 88 32 45 31 36 49 6 62 98 27 35 63 31 51 98 90 22 55 42 17 43 4 79 91 58 8 73 79 74 28 43 0 11 94 2 55 54 96 93 81 67 26 1 88 75 51 50 49 22 22 8 74 75 81 74 60 11 12 62 93 73 28 81 16 66 28 18 33 9 40 24 68 49 3 70 39
67 37 31 54 6 29 8 24 69 23 37 100 60 39 65 83 75 44 14 38 17 66 85 77 70 13 39 9 99 79 13 93 86 92 21 82 70 38 56 78 47 33 33 85 46 20 56 17 39 21 40 24 80 46 79 61 0 44 74 46 71 74 10 90 56 25 57 99 61 2 5 46 23 9 77 27 78 13 32 47 72 84 50 15 91 49 26 8 33 49 71 67 54 28 54 46 68 32 10 53
93 55 5 30 65 18 22 33 21 12 41 58 32 15 46 97 85 52 68 60 53 7 17 9 59 36 45 11 90 79 40 49 24 22 19 74 89 7 20 85 82 60 82 37 2 21 59 91 69 69 61 31 56 21 40 50 73 0 26 21 71 27 64 32 49 32 46 93 85 58 71 38 87 32 83 23 14 60 31 67 39 36 10 16 84 11 70 36 93 37 87 40 23 51 53 29 10 12 38 85
5 11 7 3 89 67 14 13 68 89 2 74 77 3 82 94 100 3 6 85 42 16 39 38 23 78 38 43 76 57 4 38 64 59 42 96 97 97 43 46 88 63 40 75 60 64 86 43 67 60 91 52 72 74 100 53 5 72 0 55 72 63 45 96 72 65 64 40 92 48 74 19 64 76 29 65 29 69 100 56 52 6 5 59 53 68 27 20 84 97 30 67 22 80 14 87 7 30 11 53
79 83 41 31 35 85 100 85 21 63 10 57 47 3 44 46 21 10 15 35 79 82 58 39 78 57 6 42 82 91 4 42 59 20 9 24 31 68 37 57 97 45 71 57 52 91 8 100 71 83 23 16 9 85 15 63 80 47 39 0 40 43 90 25 29 49 49 33 71 25 54 52 15 8 85 4 36 39 50 70 1 100 12 56 60 68 43 88 40 77 26 53 4 34 17 32 91 13 73 76
75 52 21 61 4 29 65 2 45 44 29 91 72 3 86 96 14 80 42 18 73 48 54 97 46 61 75 74 51 12 27 44 100 6 87 73 27 87 11 8 44 6 68 74 41 53 57 95 95 77 10 22 21 28 95 75 83 34 35 59 0 30 5 85 97 38 16 18 83 85 52 55 48 3 89 77 36 49 24 93 19 69 33 90 63 56 85 66 82 5 22 2 48 53 47 68 74 20 96 14
47 28 67 79 13 88 33 23 87 17 7 82 83 81 59 30 92 49 91 24 45 51 64 17 57 1 80 48 80 48 16 31 49 19 8 68 96 1 44 50 60 53 85 31 100 99 93 38 32 64 39 14 65 77 17 28 23 100 25 57 60 0 92 98 32 43 23 12 93 64 73 93 49 34 96 83 47 15 3 50 8 22 90 41 41 95 86 44 76 80 61 34 80 43 82 83 95 17 6 24
95 83 24 48 68 32 94 31 74 41 43 22 31 16 31 83 96 82 65 20 19 42 57 51 76 12 79 64 78 5 88 98 83 13 92 13 33 44 63 16 35 32 98 25 56 47 59 34 99 41 76 89 47 54 60 27 76 37 67 99 78 12 0 85 52 43 78 89 36 87 74 76 78 9 31 69 89 13 73 87 31 38 39 79 65 62 97 55 36 88 1 3 88 78 80 86 3 24 38 86
50 84 66 31 64 62 44 13 5 70 36 72 22 41 11 67 48 2 16 96 7 42 44 57 83 76 8 77 99 35 6 4 58 31 74 89 99 12 68 23 52 36 6 58 61 31 73 17 100 25 32 19 90 13 40 11 47 15 89 54 28 91 100 0 1 70 32 21 91 24 46 10 68 25 8 79 95 38 18 14 87 31 16 97 95 48 57 15 6 17 5 28 14 27 62 14 62 42 69 30
67 85 14 87 96 16 97 100 75 64 68 78 88 41 28 16 84 80 18 71 86 34 90 18 91 60 2 39 53 44 85 11 27 49 78 18 56 47 31 8 3 85 14 90 17 75 31 87 16 36 67 55 94 90 76 76 19 73 98 9 84 95 76 88 0 61 34 40 47 86 94 7 1 32 95 38 92 17 89 77 84 28 11 32 72 31 41 59 71 75 43 64 31 23 3 62 90 57 31 56
41 87 39 61 27 85 50 24 37 100 16 69 91 18 77 100 26 51 23 19 68 72 63 74 73 33 85 75 86 26 28 60 86 54 12 66 47 12 35 30 99 86 79 74 33 49 30 71 50 24 32 98 7 96 39 18 95 19 10 97 24 61 8 41 60 0 81 92 31 9 38 18 59 35 26 44 24 17 41 39 85 49 21 22 10 47 45 5 99 20 27 59 28 60 69 71 62 56 16 60
89 22 68 68 86 18 89 56 17 81 65 74 3 22 3 14 77 64 36 63 85 38 88 27 100 7 64 71 20 12 43 83 12 68 3 40 55 62 61 54 74 77 98 97 56 90 17 82 72 79 58 86 38 23 32 97 73 29 14 4 45 34 9 14 31 54 0 25 12 15 85 76 75 10 35 45 49 64 91 38 86 50 98 67 13 18 97 40 78 50 83 41 67 33 38 21 77 13 16 96
85 54 10 69 87 47 74 63 36 45 93 26 35 24 47 61 81 87 6 31 49 84 69 18 66 45 32 84 72 87 73 59 98 8 62 66 31 26 33 81 48 56 9 58 100 21 81 6 96 34 52 61 31 26 80 82 69 80 76 49 71 58 74 43 18 74 83 0 53 4 76 10 93 56 10 79 50 4 89 86 92 76 29 88 23 18 20 76 82 7 50 34 28 25 44 96 81 64 88 62
75 97 54 10 57 45 50 97 65 40 46 29 4 40 8 25 36 15 44 96 26 9 69 36 81 2 60 86 94 57 9 50 28 31 28 22 47 24 57 46 11 81 30 11 46 6 39 85 4 81 67 74 35 56 9 87 57 100 92 90 88 23 70 23 81 43 70 56 0 29 34 58 37 64 73 47 91 9 8 88 22 1 38 40 59 65 63 81 93 8 29 86 51 26 60 78 63 100 6 24
92 75 53 20 55 47 74 94 56 43 32 84 100 57 98 34 34 7 90 85 34 69 81 2 77 73 6 91 63 49 85 71 11 39 34 19 41 51 69 38 15 8 94 47 39 68 69 25 89 94 46 29 78 41 21 24 4 59 7 18 50 49 77 81 93 24 40 29 28 0 48 74 63 54 88 79 3 75 74 57 82 56 11 75 21 98 94 81 61 69 9 78 35 47 90 96 77 95 100 20
91 35 63 56 10 86 9 14 33 95 17 34 74 63 74 71 68 78 31 50 53 16 7 8 54 2 51 31 87 12 76 15 10 77 7 45 17 62 26 31 26 51 90 44 52 28 87 6 20 87 7 30 83 98 94 24 62 25 37 35 47 99 38 56 51 44 58 17 32 47 0 80 83 17 1 37 82 32 74 46 6 75 2 3 9 100 64 27 26 26 76 96 36 26 55 65 20 4 92 3
89 95 86 11 28 73 46 64 91 95 33 22 34 47 17 69 39 33 25 83 85 14 26 33 41 14 81 46 45 69 53 97 4 53 35 67 76 11 43 99 64 77 69 90 49 98 2 85 94 51 74 14 58 24 88 50 82 40 54 16 100 47 52 4 47 68 3 79 45 24 37 0 95 12 96 28 11 51 6 12 39 29 93 65 96 76 68 3 88 18 58 54 4 39 73 94 4 82 43 75
8 74 95 55 13 12 75 97 80 4 12 22 43 99 12 64 60 81 2 63 59 34 10 75 88 91 93 26 34 100 37 98 14 12 19 65 11 2 74 38 45 53 89 36 46 7 8 89 26 22 94 10 74 89 20 76 36 20 35 38 25 23 7 93 33 79 37 40 85 83 97 15 0 67 47 13 20 46 6 55 63 38 21 34 78 75 55 82 97 31 74 99 26 87 87 81 16 84 9 86
95 22 54 3 58 94 58 2 44 37 30 23 43 38 19 55 68 54 91 88 75 86 89 81 83 20 34 87 19 44 45 87 39 82 9 20 28 29 83 79 95 93 97 87 47 28 34 62 29 56 21 54 66 63 59 7 9 11 8 58 67 3 80 64 74 17 67 60 73 97 6 100 75 0 57 3 73 18 61 71 8 54 40 42 44 53 6 85 65 12 63 77 63 60 32 42 34 100 99 1
15 4 6 7 64 36 10 81 50 31 92 17 55 12 33 34 85 92 62 21 51 78 43 6 40 9 83 34 31 49 29 94 51 42 27 73 34 46 47 42 49 1 8 42 55 12 60 94 10 5 26 88 80 24 91 79 32 33 73 99 70 38 16 8 30 83 6 27 11 69 77 95 50 18 0 48 50 94 95 15 78 85 48 73 96 32 49 28 61 19 14 22 19 17 40 71 19 79 28 1
24 33 56 60 40 51 85 92 71 67 96 21 98 35 57 60 34 82 45 88 3 86 44 30 22 25 16 73 89 27 72 31 100 3 26 85 41 7 28 81 83 97 43 97 35 11 78 93 85 27 4 38 20 95 3 71 13 50 68 3 23 42 44 32 65 84 9 9 45 9 82 2 63 65 66 0 41 12 1 69 34 53 70 3 45 4 79 20 37 79 22 29 19 7 4 37 90 76 26 96
68 74 31 68 81 27 100 38 54 38 57 56 4 24 22 64 48 53 19 33 77 31 14 80 72 97 36 83 44 38 74 100 75 21 89 53 20 96 32 91 39 23 81 7 22 85 23 34 33 8 33 87 12 19 59 21 71 50 3 22 10 59 8 100 58 61 38 20 78 15 24 51 35 1 18 42 0 97 77 7 24 60 30 76 9 10 6 44 12 71 1 34 58 26 100 4 8 12 32 43
62 86 44 38 63 38 72 97 68 91 62 11 60 47 87 93 53 53 67 55 29 64 30 45 76 46 14 92 88 69 11 68 73 30 47 29 51 39 39 35 66 100 13 30 17 30 4 2 1 24 59 81 44 19 63 90 41 21 5 48 65 94 7 75 35 69 23 7 20 83 97 64 36 60 9 95 24 0 24 67 53 74 22 47 14 95 73 53 25 25 80 59 64 88 13 44 65 9 98 6
78 2 77 97 85 18 52 37 94 85 60 72 24 79 5 44 97 88 92 55 12 34 36 20 78 10 50 13 59 99 21 26 2 69 10 46 21 37 87 43 85 83 70 44 70 46 47 44 35 88 81 88 28 3 13 7 82 61 11 79 14 14 44 21 6 45 56 27 71 9 51 95 7 60 29 69 87 15 0 51 97 88 77 15 96 73 66 91 60 21 26 65 39 69 12 40 55 27 53 68
12 98 75 69 53 22 69 40 94 66 28 20 31 15 23 82 49 20 28 89 9 73 10 28 24 97 82 59 74 78 9 10 81 65 59 55 75 39 43 8 67 55 8 29 70 23 87 75 90 99 50 97 77 53 33 2 83 19 65 9 23 65 23 17 98 86 71 50 15 45 58 34 21 57 82 38 80 89 7 0 20 40 22 88 30 46 82 72 92 40 25 96 29 99 99 14 2 24 46 13
73 78 7 57 66 48 91 96 71 27 58 50 35 46 80 10 1 7 17 81 90 36 36 19 45 75 65 41 40 54 70 10 60 75 61 3 100 4 89 46 70 78 11 65 29 57 90 98 36 28 68 9 94 16 36 85 19 8 7 29 27 1 19 74 98 28 58 63 36 27 67 57 75 57 88 68 43 5 38 69 0 27 88 67 63 65 30 85 25 21 48 70 12 34 40 98 99 59 41 69
40 82 97 65 20 41 97 13 29 50 51 15 19 43 56 72 68 71 94 54 12 33 59 100 1 24 6 18 5 20 25 63 87 28 87 24 46 19 14 54 10 72 62 17 69 14 94 79 89 12 47 81 80 4 33 39 11 21 94 75 37 43 35 11 33 67 44 3 24 33 59 61 87 62 8 61 39 12 89 60 15 0 57 91 48 45 27 52 20 4 64 43 33 86 92 4 27 9 76 65
19 30 95 32 71 81 85 28 56 26 4 18 1 55 62 41 50 99 58 29 23 78 15 49 91 67 82 86 18 68 47 53 88 13 33 94 20 62 33 24 35 69 49 28 55 66 88 38 8 5 26 97 65 17 50 40 69 48 35 50 99 3 10 2 92 43 33 9 76 93 4 24 56 39 39 47 49 71 76 92 20 12 0 90 67 9 62 58 15 71 4 35 84 50 56 64 31 15 69 95
65 22 73 81 24 78 5 75 79 34 10 53 39 40 54 41 38 96 85 33 28 32 82 56 61 64 63 50 22 44 75 12 35 56 45 27 10 10 80 52 59 89 78 17 100 42 71 52 50 98 79 63 11 25 62 51 43 60 45 60 17 34 75 87 78 12 3 21 95 72 39 40 58 93 16 85 21 48 38 95 2 82 14 0 89 24 13 1 90 85 99 20 1 23 4 61 88 64 37 22
47 60 19 4 17 59 19 5 36 26 44 74 88 50 88 88 96 58 20 86 58 63 35 31 2 2 68 50 31 85 13 62 3 80 28 47 81 40 33 14 25 87 40 46 12 87 58 59 42 95 91 62 73 21 90 6 80 24 41 87 45 48 54 93 13 92 15 79 81 100 53 93 5 42 88 82 40 56 74 3 65 82 70 93 0 64 34 79 77 63 6 14 63 52 40 81 16 11 95 35
60 96 9 6 13 85 12 32 100 16 65 56 60 70 88 33 73 75 48 5 95 33 31 28 100 57 80 46 75 95 1 56 70 47 12 94 25 42 82 97 42 90 6 25 70 55 51 34 73 26 40 11 93 6 39 44 14 78 99 39 28 86 76 48 91 32 97 5 57 75 94 26 93 100 37 68 16 30 80 17 40 3 97 47 43 0 44 52 46 73 58 52 3 69 87 65 39 60 21 73
85 18 76 84 66 35 22 46 69 33 2 94 4 59 94 2 12 68 28 59 36 91 68 43 61 100 93 8 39 56 67 52 88 78 54 94 50 46 23 12 31 73 27 91 4 64 31 39 26 88 81 72 17 20 67 51 45 62 95 42 90 43 36 22 86 50 41 78 41 37 62 63 90 48 15 75 41 28 1 15 70 29 25 8 5 58 0 59 18 36 97 80 56 56 87 49 71 24 14 36
28 35 19 41 70 92 52 63 36 91 46 92 59 76 40 36 26 81 30 58 93 70 11 10 83 40 64 32 78 88 40 40 58 17 11 6 35 52 48 17 98 10 52 39 73 17 33 72 32 40 84 98 96 19 11 53 61 48 99 98 29 15 25 33 30 33 39 67 2 65 20 87 47 19 54 44 21 54 22 93 94 87 38 92 53 99 68 0 32 80 88 19 99 59 49 73 70 57 97 49
39 35 5 66 65 40 65 97 67 40 71 3 13 70 27 3 46 53 69 21 56 8 35 9 86 82 32 21 3 78 56 87 21 93 99 68 58 46 24 77 16 53 19 77 69 44 37 27 47 87 98 40 78 87 34 13 23 74 87 19 98 56 86 11 23 98 68 34 19 56 7 65 81 48 7 23 98 79 45 94 70 65 9 1 50 47 71 64 0 30 3 63 37 28 71 62 62 44 27 35
48 3 1 7 24 40 22 6 28 64 73 3 91 94 76 78 86 33 81 9 44 46 56 77 24 13 71 12 10 57 4 10 61 43 88 95 40 95 11 23 73 10 20 98 26 89 18 24 39 41 50 69 33 2 9 75 2 78 33 2 67 1 73 19 64 45 17 30 51 51 79 51 84 10 71 72 73 40 15 10 36 11 16 53 2 64 90 38 90 0 85 16 6 22 25 69 97 70 41 57
88 18 65 2 32 88 77 56 11 47 74 44 85 30 17 97 79 30 26 45 17 95 34 46 17 16 52 26 55 35 69 9 94 92 85 81 77 73 76 10 82 17 75 35 100 1 1 75 51 10 9 2 28 48 20 64 27 90 95 33 28 3 44 95 92 81 83 15 74 100 18 56 24 47 55 75 29 95 45 49 63 86 87 20 43 58 73 61 60 96 0 27 16 42 54 94 80 69 27 43
60 23 14 56 91 2 38 60 12 8 56 88 45 97 20 61 25 79 22 63 82 45 46 44 78 68 69 76 40 58 14 8 42 96 45 18 19 68 6 36 36 16 42 33 77 63 68 52 40 26 98 47 47 94 29 64 74 93 90 65 10 64 35 2 52 27 59 17 53 67 58 1 77 14 3 18 65 72 63 83 99 56 74 86 19 90 5 82 57 6 13 0 34 97 91 61 3 88 78 53
23 55 3 16 75 91 45 21 32 70 61 43 41 30 9 83 85 42 94 13 80 50 74 96 5 92 50 57 96 74 54 47 44 60 9 32 76 57 9 22 56 46 20 67 62 97 94 95 38 94 53 85 99 96 96 79 28 40 4 55 28 60 16 31 93 36 46 64 24 15 53 29 97 53 40 35 53 94 3 49 80 4 8 58 15 88 18 63 55 58 38 3 0 35 70 69 68 79 94 54
15 59 5 34 24 76 13 72 54 25 100 50 71 42 39 25 91 9 28 82 31 7 28 24 54 55 96 67 48 30 50 42 28 32 43 68 72 11 67 38 5 99 54 97 57 76 93 93 47 92 38 29 99 89 77 83 82 96 64 43 73 44 70 24 4 12 27 69 28 33 72 66 77 56 2 18 97 18 16 60 4 69 55 22 45 9 71 66 28 25 77 30 66 0 63 78 49 6 45 37
81 38 44 67 18 71 73 100 30 29 90 75 86 1 80 29 69 28 23 64 44 14 35 9 57 52 52 91 79 25 64 35 90 9 77 39 67 31 48 18 50 20 4 99 42 64 21 54 66 35 93 75 48 83 59 98 64 84 28 69 3 31 13 81 35 70 68 99 38 94 13 36 57 66 33 16 94 99 83 47 84 26 93 40 94 7 80 91 82 59 84 65 10 69 0 13 17 63 20 52
20 74 48 73 91 54 20 58 26 7 50 79 30 32 62 38 32 31 69 39 49 93 48 94 88 61 79 60 79 10 5 49 46 5 69 46 21 88 29 10 7 56 41 76 15 22 82 4 42 58 87 61 86 52 60 46 49 9 6 9 35 26 28 8 93 17 38 70 44 65 7 87 42 45 91 38 85 22 86 38 82 27 79 76 14 19 27 43 23 58 26 67 45 67 70 0 70 31 35 91
12 55 42 24 72 79 26 34 43 22 76 4 77 58 26 28 35 76 39 75 39 79 79 13 21 2 35 92 35 49 58 21 93 36 65 74 74 44 95 41 76 46 84 46 9 17 46 90 21 59 76 13 44 52 56 6 21 41 64 78 1 54 58 12 81 14 25 63 72 9 81 44 17 46 100 18 47 55 56 53 14 82 45 20 67 13 22 96 60 73 59 33 28 91 24 40 0 80 9 45
4 55 93 61 95 80 100 43 2 36 47 29 80 12 49 21 36 54 30 95 44 4 98 40 9 58 98 100 77 42 70 32 82 69 40 23 54 31 60 62 28 27 87 64 17 83 38 8 90 56 68 71 32 56 92 60 98 32 74 24 100 26 10 83 39 2 58 13 18 62 71 39 42 48 12 27 37 11 73 60 87 58 36 19 53 38 80 39 35 81 37 95 78 89 8 17 70 0 29 27
7 14 23 93 84 72 21 17 99 10 68 13 67 60 96 57 5 8 57 40 88 61 98 30 1 88 58 13 79 27 18 34 31 92 27 6 22 32 9 85 58 4 75 38 56 84 34 71 90 100 81 38 69 68 48 39 38 36 29 46 72 46 49 41 88 61 62 50 48 39 4 21 57 72 11 95 60 53 21 27 69 92 22 25 33 24 29 45 91 20 6 42 22 38 69 73 45 49 0 8
20 41 55 18 26 94 66 46 97 88 83 37 96 44 17 82 28 53 51 43 82 17 54 9 60 68 16 87 15 59 63 17 15 80 50 33 2 65 50 56 18 45 42 66 84 6 92 72 37 46 18 100 9 65 97 40 43 4 97 15 97 88 34 95 52 45 58 84 68 92 81 69 24 79 9 69 87 13 8 97 37 49 51 33 42 17 35 78 27 16 38 59 17 22 71 69 51 29 61 0