100
39 42 77 34 73 505
21 36 54 73 13 412
69 10 66 33 54 437
56 10 43 69 55 437
78 67 35 22 46 494
50 74 48 15 14 411
80 25 38 57 71 461
54 53 80 82 65 630
39 72 42 10 33 418
16 37 14 81 62 467
63 65 69 35 84 538
66 31 37 41 44 511
60 78 76 70 31 587
32 76 75 88 26 515
18 20 59 13 71 407
75 23 69 50 31 513
36 83 68 66 74 607
31 47 43 74 61 449
54 45 43 44 67 551
29 38 12 50 52 397
43 65 53 56 12 489
64 31 17 27 31 466
72 70 88 65 59 594
25 70 55 10 39 415
53 18 62 12 63 423
87 29 33 85 88 528
50 60 34 66 13 485
38 13 67 48 82 504
46 50 23 78 73 493
72 43 59 28 57 480
13 20 55 38 78 397
54 20 66 26 53 415
72 53 31 44 52 449
36 20 72 52 66 534
59 36 41 25 16 475
86 19 68 43 80 593
83 84 27 83 50 612
12 79 25 14 60 392
41 39 59 55 47 540
65 60 59 83 87 547
87 71 18 77 77 599
71 66 67 63 47 519
35 24 77 24 53 480
67 55 24 50 90 510
12 16 13 88 77 432
17 75 42 45 44 486
46 67 14 28 75 512
14 58 36 44 76 514
60 73 74 38 12 459
37 75 72 25 81 537
13 38 29 31 54 351
42 23 31 76 47 510
59 55 89 34 89 522
89 45 74 24 78 577
61 89 48 19 28 482
89 77 57 55 73 556
11 35 69 35 59 478
83 52 44 54 28 497
63 70 89 48 15 484
39 22 50 29 28 441
37 41 77 10 29 466
26 59 26 44 66 416
78 56 46 22 16 509
89 43 77 46 39 489
29 53 79 42 62 542
26 32 19 17 56 436
69 34 18 16 60 412
49 20 41 62 36 439
11 49 89 30 61 470
51 53 20 38 68 513
89 88 52 10 43 564
54 34 42 30 28 463
68 51 74 80 86 659
10 85 78 26 61 505
24 49 57 85 74 574
75 30 16 55 12 433
70 67 77 65 15 475
82 32 56 50 61 462
20 60 18 40 41 453
79 62 65 22 37 450
72 85 37 77 76 604
45 43 75 27 78 472
40 70 13 26 23 434
43 51 60 65 52 495
88 16 79 60 31 565
33 90 20 89 76 543
69 67 36 56 85 598
31 89 53 15 17 395
43 72 47 70 73 510
85 85 38 77 29 544
26 55 14 16 27 420
19 31 34 45 80 491
60 72 88 47 27 548
78 21 17 24 63 455
78 81 42 19 80 563
20 82 85 73 45 547
68 15 13 48 17 431
77 31 67 77 82 617
83 45 84 64 88 634
71 10 34 29 49 420
0 5 50 35 10 8 28 13 14 5 15 8 19 24 33 26 30 18 44 36 9 13 27 42 34 19 49 32 41 21 26 29 5 5 29 23 19 35 13 27 21 18 8 18 20 31 36 36 9 6 48 14 27 45 8 8 25 12 23 47 25 24 35 37 37 13 44 37 23 30 14 20 28 15 41 17 49 26 30 31 7 5 40 41 50 29 48 26 49 7 32 18 33 17 41 47 13 18 24 5
17 0 24 32 50 32 6 39 9 6 43 31 45 16 49 13 37 47 41 18 15 8 41 8 45 49 41 18 11 34 16 46 23 42 48 35 50 5 12 36 39 14 17 20 7 13 25 24 8 15 28 45 19 45 13 43 6 21 35 47 23 17 11 28 38 27 20 32 50 8 20 49 10 31 18 46 14 23 16 43 46 13 6 39 9 29 14 16 7 23 37 21 20 28 19 48 36 17 15 39
40 49 0 42 49 10 5 45 10 46 32 5 47 35 28 12 47 21 9 34 23 19 31 34 27 49 43 49 46 35 42 32 18 28 6 26 46 16 44 48 22 6 17 45 35 40 41 31 8 36 39 40 33 6 42 11 15 40 9 30 46 18 42 30 43 22 29 36 29 21 28 42 34 6 26 45 17 10 41 16 5 26 43 35 42 42 29 34 26 16 39 48 36 15 13 9 43 48 24 40
19 47 18 0 25 47 16 25 50 14 17 33 28 44 18 24 5 23 26 35 44 43 43 45 31 35 41 50 25 36 31 36 47 42 43 28 15 42 25 41 42 21 31 21 8 7 42 45 41 30 19 5 42 12 24 23 33 25 23 5 14 31 25 47 33 25 12 13 21 43 28 44 18 26 25 22 17 35 12 34 45 19 24 30 49 44 50 47 16 49 15 23 46 12 26 14 29 25 35 22
17 19 25 40 0 41 16 22 49 9 47 45 48 16 23 12 15 37 47 37 43 11 17 33 9 28 19 20 25 33 34 27 25 9 29 44 43 48 31 36 46 31 8 49 12 8 10 21 8 46 12 42 39 12 41 31 9 50 38 45 29 35 28 47 8 12 36 26 15 28 43 27 41 27 44 14 37 9 37 45 39 36 17 37 50 45 7 13 15 40 30 43 8 13 9 27 31 27 23 30
25 50 23 40 30 0 41 6 10 36 7 46 6 49 37 39 9 8 34 17 30 13 11 49 41 12 11 43 16 38 20 37 37 17 44 21 21 9 10 22 27 40 43 9 18 47 39 23 50 23 18 10 15 29 44 25 40 34 21 15 5 14 20 21 19 37 11 32 15 13 15 9 37 49 41 31 42 18 26 23 40 11 35 38 46 28 7 10 18 49 29 49 20 45 5 45 12 42 14 36
29 7 14 26 30 24 0 46 10 46 11 43 18 22 50 15 50 29 47 41 47 44 7 34 49 10 10 18 41 48 38 11 30 11 8 10 37 36 42 44 17 40 45 39 40 39 16 28 50 44 48 31 47 9 35 18 26 40 41 35 13 46 23 29 45 12 28 15 13 29 40 42 9 49 20 22 5 7 21 35 50 23 23 9 38 32 13 25 50 50 6 45 26 33 14 31 32 28 26 11
14 14 42 12 12 23 32 0 21 13 13 16 44 49 43 34 13 36 34 7 48 19 22 32 43 13 9 49 46 37 42 13 26 48 49 42 36 32 18 42 21 9 28 11 23 23 5 32 36 24 14 18 41 29 32 28 26 24 24 10 34 45 36 35 31 27 26 43 19 13 14 34 30 42 33 47 43 42 28 37 24 7 6 17 28 32 50 26 8 46 19 40 28 42 47 33 18 35 45 24
16 37 45 11 18 23 35 25 0 44 7 41 23 35 47 33 30 6 26 23 22 23 43 14 37 38 29 38 31 36 7 15 24 48 6 32 17 26 45 35 49 9 12 8 40 12 8 42 11 18 36 48 26 48 28 32 36 23 25 11 14 25 20 45 33 31 19 13 10 7 18 11 44 16 7 13 17 10 14 44 44 40 27 28 11 47 24 10 49 30 46 49 14 6 35 28 6 31 24 5
14 22 44 24 7 47 50 36 15 0 35 19 26 34 14 29 9 26 7 47 50 7 46 5 48 39 44 10 14 30 40 41 29 41 39 21 17 45 40 17 7 10 50 29 19 45 17 15 16 37 49 20 15 9 31 39 7 50 10 34 48 12 6 17 41 12 29 8 46 17 6 21 48 6 43 16 25 41 44 15 19 9 21 25 43 33 20 6 30 33 5 6 28 34 36 28 10 45 20 30
34 43 11 49 40 9 29 11 39 16 0 13 41 28 27 27 40 45 43 47 47 45 49 8 44 45 7 42 16 25 47 49 34 41 15 18 43 24 16 46 33 49 48 41 17 17 39 9 43 17 21 39 38 8 48 35 32 46 23 9 18 34 44 15 36 15 6 23 38 13 11 22 7 7 23 50 7 41 13 46 23 23 25 48 35 26 39 44 47 12 5 17 24 43 26 27 36 42 47 16
22 26 30 37 16 31 46 45 37 12 29 0 40 27 9 38 13 40 46 41 48 34 36 25 20 22 39 36 29 26 21 46 21 10 29 7 23 36 20 11 15 23 40 11 49 30 40 8 35 30 20 5 36 17 16 44 45 31 21 10 47 18 23 43 27 24 23 20 13 29 5 24 48 24 5 28 37 36 44 47 14 6 46 35 44 44 7 25 12 6 47 12 15 29 30 49 40 42 43 12
41 13 15 22 19 23 32 6 17 47 27 7 0 22 13 18 24 24 10 16 35 12 20 15 35 19 32 18 42 29 46 17 28 8 6 42 36 42 7 26 11 18 47 47 17 42 44 21 6 8 28 13 48 9 13 44 9 26 42 6 38 39 34 15 21 22 29 9 44 7 26 28 43 9 39 23 25 13 13 23 34 28 12 50 33 32 9 34 17 47 30 8 14 33 33 40 16 17 42 14
48 42 28 27 11 47 22 27 35 26 24 38 36 0 9 7 43 28 13 19 26 38 46 21 6 23 24 27 13 20 5 41 24 9 7 19 19 35 50 37 44 28 21 16 32 46 6 45 46 18 16 22 25 31 50 46 18 18 42 16 48 26 23 28 30 34 30 25 41 26 29 20 33 45 15 35 21 27 47 35 28 38 17 8 26 47 48 40 31 6 41 49 30 38 16 10 31 42 30 39
40 11 32 21 31 27 6 39 42 37 40 49 45 22 0 24 30 47 18 16 22 9 11 10 36 15 50 9 19 26 31 31 39 31 34 42 23 39 42 39 11 23 28 19 46 36 36 42 25 45 26 5 46 30 36 15 11 12 41 26 20 11 29 27 25 13 49 5 5 14 13 23 11 41 8 39 7 34 12 13 10 28 39 41 24 11 15 12 24 25 50 20 48 8 5 42 12 22 38 14
23 36 29 18 23 9 27 47 43 6 25 26 14 45 49 0 47 41 22 41 20 13 24 13 14 43 21 13 47 12 43 37 36 22 36 7 28 34 26 44 49 11 23 27 25 8 6 41 14 13 36 13 14 44 9 34 26 45 38 32 20 14 35 10 15 46 47 8 10 19 15 27 31 22 34 16 10 29 20 28 45 47 22 9 16 33 26 44 33 14 26 15 40 17 48 11 31 10 14 40
23 32 48 34 32 47 8 40 16 33 9 46 17 6 6 32 0 37 35 31 5 21 6 26 11 35 18 49 31 25 30 27 50 20 17 24 25 14 38 21 34 29 18 12 38 16 28 20 15 23 46 22 23 33 20 8 31 47 16 49 30 37 16 32 25 8 18 28 22 11 29 8 29 24 14 10 50 17 17 20 9 35 16 14 9 50 20 21 47 25 10 36 36 40 24 26 44 39 18 15
39 32 29 11 16 34 21 7 49 7 28 5 40 28 39 17 21 0 5 43 31 42 49 29 35 24 27 24 31 24 31 40 10 21 20 11 37 38 29 50 14 10 7 40 36 41 16 28 40 42 47 27 9 5 19 20 34 6 28 6 17 17 25 30 41 26 41 7 21 48 41 48 45 14 43 17 26 32 26 47 9 6 28 11 50 13 15 9 28 9 35 42 45 9 7 8 7 29 24 18
9 31 9 23 8 25 35 47 39 50 12 22 46 29 39 25 16 11 0 23 6 39 29 40 41 34 15 8 46 12 41 14 43 15 6 45 50 39 28 31 38 37 46 23 48 39 15 10 17 27 20 14 5 15 36 19 8 33 35 16 36 34 28 21 47 15 36 40 22 27 22 6 9 21 26 13 48 27 46 31 34 13 26 14 46 17 12 33 50 32 36 38 6 13 33 45 44 26 17 32
39 21 28 30 13 42 40 12 35 32 16 20 22 12 5 23 20 50 40 0 25 33 17 22 27 7 46 32 25 41 47 14 10 17 7 35 14 24 22 34 47 11 20 26 34 35 22 16 42 14 14 49 49 32 44 13 16 22 20 27 46 34 11 28 14 16 25 43 19 41 47 43 14 9 41 49 21 11 11 17 42 24 50 17 11 45 15 50 28 27 26 45 36 31 21 23 49 43 7 9
50 39 28 23 9 24 44 49 40 43 19 22 8 15 18 38 49 40 38 45 0 41 11 33 26 14 49 50 10 29 15 36 50 24 17 49 47 50 5 22 7 14 24 34 39 43 27 21 37 25 24 35 31 9 14 28 38 29 15 34 29 18 37 25 17 33 33 43 33 43 34 40 46 26 12 43 21 13 38 5 45 30 7 49 18 22 41 49 48 29 37 11 50 37 36 46 36 37 36 46
32 33 9 23 27 38 14 5 5 35 26 10 16 44 36 15 35 13 13 36 7 0 13 38 24 45 37 16 15 14 39 23 5 25 47 26 13 50 41 12 7 13 8 44 21 41 48 35 14 13 41 20 48 27 43 42 30 26 44 8 44 43 18 28 8 22 42 40 6 47 45 17 20 40 33 9 12 41 38 40 38 18 12 5 26 15 32 41 44 41 44 15 6 49 11 47 8 15 9 5
27 25 9 10 40 26 11 28 32 11 13 32 15 30 36 45 28 16 16 29 17 43 0 16 7 16 43 43 45 48 41 14 22 16 18 26 10 45 25 5 29 6 24 29 20 46 6 48 29 18 28 16 46 35 27 32 15 33 33 39 45 32 42 7 41 44 22 48 47 40 39 43 31 50 15 21 27 21 8 38 30 29 7 24 17 50 39 32 13 21 49 20 46 13 47 46 5 7 41 26
29 6 21 47 49 33 17 12 30 13 35 39 34 11 50 47 32 37 40 17 28 34 46 0 47 50 14 49 32 27 18 23 15 11 38 49 34 45 49 50 23 32 48 29 38 39 13 30 40 6 50 6 37 15 6 30 24 23 33 42 46 9 21 17 12 23 38 30 31 22 41 14 31 28 26 28 38 23 14 38 34 29 41 34 20 39 49 49 8 43 16 12 9 41 13 30 15 43 29 19
7 31 12 49 46 48 47 23 37 13 47 6 27 32 19 20 33 31 19 13 38 13 11 9 0 42 42 49 17 47 36 23 6 46 27 45 10 46 50 8 42 5 6 26 17 47 41 48 27 14 27 13 13 37 15 17 39 29 35 30 14 41 9 7 8 38 26 30 5 15 17 45 44 24 45 17 15 8 13 18 27 44 42 41 35 42 26 13 37 47 10 35 26 11 50 15 16 9 25 46
29 15 18 34 7 19 20 10 41 10 46 36 14 11 42 24 36 47 32 26 26 30 35 26 5 0 40 39 17 6 10 5 11 31 17 43 24 10 24 21 7 8 11 7 17 40 13 50 23 48 19 36 38 48 33 7 16 47 44 15 21 46 30 15 23 24 33 18 36 49 23 20 26 15 42 27 12 24 9 44 11 47 38 34 44 20 17 44 36 30 20 45 25 14 27 37 38 27 14 8
24 6 6 13 24 40 37 41 46 48 42 12 17 25 19 30 14 6 44 24 46 45 39 40 5 28 0 43 30 7 19 13 28 38 26 33 18 50 12 36 27 46 17 43 32 10 25 26 43 20 48 12 30 12 43 27 9 44 35 28 48 40 27 19 35 12 42 32 9 44 39 5 28 6 44 46 49 35 8 20 41 21 37 19 15 27 37 8 29 7 9 21 33 40 46 15 8 24 6 15
40 47 15 16 22 45 23 9 18 15 50 11 20 48 14 45 15 30 34 12 18 32 45 32 31 16 47 0 5 14 38 7 36 26 21 31 27 26 33 29 6 20 42 35 18 10 50 50 17 11 48 19 22 50 28 15 27 23 49 47 12 44 31 43 8 11 34 13 33 15 19 32 31 32 39 18 50 23 6 34 13 17 19 50 39 29 26 29 39 31 41 42 14 15 7 23 23 47 46 6
5 43 5 13 7 20 34 30 50 31 45 6 39 24 46 43 17 34 6 50 27 46 43 35 29 44 10 38 0 25 38 24 45 37 9 32 27 22 35 21 37 39 9 5 23 30 38 11 8 14 17 34 43 23 10 36 29 21 8 23 11 14 43 39 28 22 37 18 23 35 36 21 33 11 33 33 15 43 37 15 30 47 12 20 7 26 12 16 17 34 36 24 33 28 50 10 13 24 18 47
16 48 34 44 28 45 33 35 29 42 40 17 34 31 46 39 30 12 7 29 12 13 18 16 26 41 44 10 20 0 40 23 20 50 28 43 39 32 27 35 16 9 46 8 40 41 45 25 16 26 5 22 19 31 35 24 12 42 9 11 23 31 27 34 22 7 11 33 43 29 7 40 26 40 16 22 44 21 10 33 16 25 16 35 40 21 6 38 13 12 28 10 18 21 36 27 26 22 49 50
33 7 20 43 50 16 39 21 43 21 18 47 13 16 13 34 7 46 25 41 48 50 31 39 22 50 6 15 37 47 0 26 25 31 12 10 9 46 20 33 35 6 46 23 48 45 29 12 17 11 33 32 43 19 21 22 29 15 30 9 30 26 34 23 28 26 16 28 12 9 48 44 44 29 6 50 13 9 6 9 11 20 46 7 33 15 42 38 16 48 5 25 22 11 37 8 36 10 26 9
19 32 8 44 21 42 31 17 20 9 33 49 29 40 15 17 49 40 24 41 38 10 34 20 48 46 23 8 25 38 8 0 38 44 21 26 43 27 34 27 36 39 30 5 16 29 10 16 8 11 34 15 26 34 12 31 39 28 9 37 48 16 46 32 48 45 36 21 44 18 15 37 20 33 11 20 28 46 9 34 7 11 41 43 43 12 27 8 20 28 8 31 16 29 37 34 22 35 33 49
39 33 35 24 21 45 7 6 19 34 20 35 29 15 38 31 41 50 7 38 32 11 5 50 20 15 32 39 26 25 45 33 0 22 34 50 28 50 17 20 42 34 6 36 46 44 43 25 9 37 9 9 42 14 18 19 44 33 28 20 38 31 40 25 14 26 14 47 39 11 45 38 45 50 43 7 9 32 13 24 17 24 15 42 41 8 40 22 13 10 25 14 32 12 12 18 6 34 24 9
42 38 48 7 38 41 19 38 29 12 39 30 48 7 29 14 47 28 28 42 22 8 15 10 39 30 17 10 17 8 27 37 48 0 7 46 29 13 42 18 43 40 45 25 10 46 43 24 19 24 25 40 18 22 50 5 42 22 5 11 22 23 39 23 40 42 35 22 45 49 18 16 39 27 21 45 41 35 27 15 31 45 31 42 25 39 22 24 48 42 40 27 14 45 34 24 50 36 14 16
24 22 26 32 16 47 22 29 33 17 33 24 40 34 28 10 28 11 40 34 12 24 46 32 49 26 28 42 47 50 49 16 15 20 0 45 36 31 31 10 45 36 10 20 16 41 48 36 31 39 28 49 47 17 49 33 42 34 27 35 10 15 12 18 31 35 25 35 23 21 40 9 15 39 45 20 31 11 15 10 15 26 36 45 50 30 27 26 50 48 11 24 19 20 36 45 8 33 28 5
20 37 38 16 44 22 13 50 42 27 48 32 6 33 13 33 14 34 14 17 9 19 17 50 34 20 16 37 10 44 40 38 33 15 7 0 46 29 44 43 48 25 28 37 39 43 41 18 14 12 41 47 23 14 30 12 22 20 44 11 35 18 23 35 6 9 40 25 41 40 48 12 6 37 16 48 7 18 12 5 21 26 36 45 17 33 13 38 7 10 14 20 35 18 12 35 10 48 42 44
22 24 25 38 49 49 36 20 20 37 45 40 16 15 37 42 25 29 46 40 38 47 15 15 7 33 43 24 11 8 14 48 18 40 9 27 0 31 31 22 31 22 16 12 37 31 43 8 10 33 19 21 7 42 37 19 24 6 22 39 17 15 29 22 50 27 40 39 31 32 7 50 5 8 37 11 16 34 7 24 8 44 28 8 29 11 47 14 45 40 34 14 38 44 34 19 13 39 15 35
48 12 39 25 29 25 39 29 28 36 13 33 36 16 13 15 33 16 17 18 30 48 28 7 26 18 10 31 17 42 13 38 24 24 21 14 26 0 38 18 46 37 39 16 50 44 24 24 5 7 15 35 16 26 6 13 41 19 29 50 17 42 16 44 48 50 5 47 48 15 20 49 42 21 22 39 26 7 9 11 38 29 25 39 19 16 36 10 37 17 24 26 28 45 37 22 10 17 30 12
46 38 34 42 5 32 19 49 6 12 6 20 38 13 22 20 6 11 24 45 19 20 16 35 7 31 15 17 27 14 17 31 40 25 23 29 38 20 0 14 46 14 11 8 26 28 18 44 46 5 25 42 32 16 20 11 36 32 22 11 8 17 8 26 31 19 21 9 41 26 28 17 14 50 12 23 14 10 14 46 17 34 20 26 46 29 33 42 45 35 27 37 48 17 26 16 36 45 39 39
29 40 25 29 10 26 28 6 8 42 22 42 21 10 38 25 8 36 12 24 30 47 45 41 30 45 40 46 13 10 25 6 39 23 21 48 47 43 17 0 18 44 8 50 15 8 17 35 22 44 15 22 36 24 8 26 33 18 34 38 5 41 42 16 48 28 21 34 28 26 43 47 48 46 7 18 27 26 17 35 34 19 6 7 6 21 37 50 22 37 28 19 45 46 11 31 35 36 12 8
24 11 42 43 11 35 22 19 46 46 23 28 22 15 47 43 37 6 13 36 39 9 25 32 28 8 25 47 16 6 32 10 38 27 30 19 37 50 33 21 0 36 42 26 29 29 19 17 27 27 13 50 13 23 10 5 41 27 25 44 34 41 8 34 20 41 34 38 33 22 45 45 6 43 31 36 39 47 27 8 16 16 14 34 18 43 49 5 50 25 5 31 48 48 45 40 17 49 34 12
47 38 15 27 27 28 11 47 42 16 8 16 37 5 25 47 9 16 27 46 24 16 16 32 16 9 41 7 41 9 31 30 16 18 21 8 41 34 47 42 40 0 14 43 22 36 49 30 34 39 35 21 35 40 18 44 18 37 11 7 21 34 32 50 46 13 26 20 7 42 6 33 48 17 6 29 48 18 42 36 27 5 9 46 12 32 25 16 16 32 48 9 40 5 48 37 38 14 6 23
27 39 36 42 16 10 42 18 12 45 6 13 39 29 24 44 41 11 20 31 48 11 34 20 16 16 10 43 18 29 40 18 26 40 47 33 10 29 37 17 35 9 0 27 45 13 10 27 33 26 38 16 9 40 39 6 21 15 14 26 8 22 14 18 6 37 34 18 35 17 47 25 40 39 34 46 47 36 11 26 23 37 25 22 6 25 47 46 40 6 13 16 48 38 15 10 25 19 23 39
21 38 24 19 26 47 9 10 23 10 50 49 17 30 11 30 24 14 31 5 5 16 37 6 36 38 17 14 12 28 22 7 9 38 43 28 8 48 5 41 32 20 23 0 45 8 46 8 8 30 25 19 44 40 28 8 18 42 24 37 19 11 40 13 41 45 16 14 13 15 37 50 27 42 35 19 48 12 47 30 30 24 31 23 32 7 30 29 11 38 43 25 34 36 50 48 10 21 20 16
17 24 38 22 42 49 50 21 49 38 15 15 5 9 35 16 5 25 23 24 14 42 19 6 41 20 49 44 14 11 31 15 7 12 41 44 40 34 35 11 34 46 43 13 0 44 24 50 36 15 17 13 7 11 38 39 43 13 34 15 24 33 7 31 49 21 9 29 37 16 29 22 30 17 31 37 5 23 20 46 25 36 33 34 50 36 12 41 6 32 45 49 44 12 35 25 24 7 36 46
26 11 41 12 22 27 28 29 23 18 22 32 33 6 28 40 34 42 40 17 21 41 24 12 27 44 19 10 10 15 43 40 41 33 7 21 35 49 41 44 10 8 28 37 45 0 35 45 9 12 7 33 18 48 33 8 44 31 6 29 18 18 14 12 5 38 15 36 46 17 27 18 50 26 13 9 20 29 5 31 17 35 45 20 27 16 34 24 6 45 8 7 33 35 36 35 19 24 38 22
46 44 34 38 34 22 32 17 47 38 17 13 28 46 44 17 6 28 9 38 8 11 16 7 35 9 20 49 20 24 46 28 25 34 38 15 50 37 32 39 50 23 11 33 39 22 0 26 10 15 13 46 30 18 15 26 37 42 36 36 38 35 39 36 16 18 49 7 46 31 22 10 22 47 22 17 11 49 49 21 21 46 29 47 27 48 13 21 45 34 19 45 29 29 11 18 36 8 24 26
43 50 10 44 29 13 5 47 17 44 5 39 26 6 36 41 38 44 17 19 10 27 8 46 6 16 34 25 12 46 37 23 24 6 8 19 24 8 45 29 21 27 24 25 45 20 34 0 24 17 20 44 40 29 40 23 39 18 14 18 29 35 18 5 26 46 40 36 11 10 41 13 39 44 17 8 11 50 8 11 27 29 19 26 9 37 15 16 42 29 24 24 27 29 22 46 43 7 5 5
40 31 49 27 49 37 27 27 45 15 10 32 43 50 27 39 33 15 45 45 26 19 12 13 48 38 8 28 28 9 45 30 15 25 45 28 10 38 44 18 34 35 33 13 37 50 50 25 0 43 28 49 36 32 29 9 7 41 41 40 49 19 38 29 38 18 13 21 22 35 23 33 40 33 50 36 47 22 18 7 41 11 13 6 25 6 50 8 13 45 24 29 50 34 37 36 28 38 21 49
27 26 26 40 23 38 15 44 12 28 9 6 11 24 48 5 21 37 21 10 6 12 35 37 13 42 16 14 10 47 33 47 10 23 5 10 50 30 41 38 16 20 41 29 28 50 26 37 34 0 30 9 13 42 31 12 44 15 27 40 33 9 10 45 21 27 49 48 24 9 19 7 34 28 7 20 42 35 35 19 49 38 9 19 42 12 15 17 7 5 34 16 36 16 33 12 39 10 46 5
16 32 39 22 13 12 29 31 33 5 40 25 15 21 7 38 19 23 35 21 37 23 34 14 44 9 18 43 33 35 9 20 49 40 31 31 9 24 26 18 33 25 17 45 42 46 49 11 22 14 0 20 47 28 7 46 37 15 44 19 38 11 20 28 22 46 17 14 31 37 17 36 44 13 38 28 49 45 46 39 49 18 10 33 35 46 17 37 29 49 8 29 30 39 15 39 17 29 47 43
36 6 13 43 38 19 7 34 29 48 30 50 11 20 45 22 6 45 49 49 26 43 7 23 28 48 17 40 39 45 43 27 37 18 21 44 41 35 34 12 10 15 39 35 20 29 32 21 41 31 12 0 47 30 30 13 23 13 12 15 37 26 27 28 24 12 50 44 47 33 42 28 37 47 31 28 38 16 38 19 9 29 20 45 20 20 5 6 41 39 30 41 9 10 48 36 19 9 22 50
40 6 22 41 23 24 24 33 45 13 50 22 26 34 40 22 25 33 45 34 6 31 40 17 45 15 30 22 30 13 40 43 46 7 35 14 43 43 22 46 42 11 20 34 28 26 14 30 26 38 40 46 0 46 46 25 29 32 18 45 15 26 27 28 10 25 35 25 30 6 16 5 45 23 26 12 9 18 27 7 15 41 13 41 43 10 23 16 20 39 5 16 9 44 37 22 18 44 20 39
26 36 14 49 12 44 18 39 29 44 7 20 12 29 9 49 43 11 20 10 18 41 28 38 16 14 33 5 18 11 42 14 38 41 39 5 33 46 35 25 5 28 40 37 30 39 19 24 46 7 9 27 43 0 22 36 29 21 32 48 18 40 40 46 19 28 8 31 46 11 21 27 45 13 40 20 19 23 14 41 19 8 32 34 46 7 50 29 27 25 24 8 40 17 26 25 20 15 47 14
28 42 40 5 19 40 12 32 44 9 42 9 22 25 48 35 19 10 33 38 36 29 19 29 24 10 7 11 39 50 40 5 29 31 20 14 9 48 5 34 21 16 26 23 50 47 18 17 49 38 19 20 49 19 0 48 50 14 18 20 50 41 49 48 15 42 31 24 11 37 33 27 29 23 11 28 10 10 28 21 50 16 37 32 33 33 43 30 36 17 26 15 41 15 16 32 20 30 14 16
24 13 50 39 19 19 21 18 19 27 11 45 36 39 43 17 47 16 41 48 43 48 27 18 29 9 8 25 30 7 47 43 7 28 47 46 13 16 36 5 49 7 23 26 29 5 22 9 44 6 17 7 28 39 18 0 14 46 38 38 42 37 8 26 14 21 20 38 32 5 39 45 8 20 29 38 37 23 49 39 19 13 44 18 24 18 34 36 46 38 8 26 44 24 10 7 46 44 13 24
10 6 18 24 46 36 23 7 48 30 36 28 36 27 21 28 40 30 7 49 50 46 50 39 47 47 32 49 24 8 37 18 40 7 40 6 6 34 13 33 23 16 25 6 15 41 17 33 8 25 32 10 44 26 8 26 0 26 23 31 35 38 33 7 42 31 22 47 14 24 30 42 26 25 14 34 8 41 29 12 17 46 46 30 37 19 35 32 45 12 17 8 37 20 9 33 16 21 50 26
33 6 15 10 40 50 31 13 33 41 44 48 31 42 29 31 24 25 19 6 31 16 27 19 11 41 42 9 18 15 29 41 35 48 19 8 11 7 45 30 6 8 35 24 16 16 41 32 42 33 32 39 48 50 23 26 48 0 18 24 19 49 36 14 12 7 45 25 33 19 24 41 28 38 9 30 23 17 23 48 43 25 7 17 34 9 23 42 15 11 44 20 5 47 35 44 32 19 25 14
7 25 28 42 38 19 27 44 47 15 31 47 40 49 7 42 18 18 20 24 23 34 5 35 32 44 32 30 33 18 31 43 11 24 11 35 38 10 14 26 48 11 37 40 43 12 17 16 22 17 19 49 16 39 39 44 27 5 0 13 9 12 46 6 11 43 26 42 9 18 42 13 20 21 7 43 9 13 16 47 29 34 11 40 43 13 29 49 27 10 16 38 15 43 25 29 8 49 30 24
12 11 49 32 49 23 43 6 41 25 38 36 29 10 47 12 12 11 50 41 37 32 26 32 49 14 14 44 35 10 18 35 30 10 31 24 40 14 23 22 42 14 14 28 36 37 28 9 36 13 14 35 9 45 50 38 35 35 45 0 12 12 49 23 42 45 23 43 41 40 14 38 44 20 28 39 10 31 13 21 28 49 17 17 15 28 10 11 27 12 23 31 23 24 36 29 26 50 42 28
20 37 15 18 34 42 37 17 33 20 25 30 9 14 48 11 26 9 34 50 43 43 42 25 38 7 24 39 50 20 39 37 10 38 24 29 14 50 6 20 8 26 38 37 21 47 49 25 38 12 22 22 14 13 9 35 7 50 6 15 0 15 40 14 45 47 32 20 22 32 49 33 32 22 23 37 10 32 13 32 17 43 32 44 25 35 29 23 18 39 31 30 45 45 31 38 26 45 16 32
24 10 34 17 22 44 18 26 47 47 48 11 48 9 48 39 41 50 16 49 15 13 30 9 30 28 44 21 47 11 36 43 47 6 43 46 19 25 13 6 10 40 15 27 20 16 37 32 39 36 48 26 35 49 37 18 42 29 19 29 23 0 11 28 45 48 46 18 11 16 32 20 7 42 14 9 36 9 17 45 15 40 37 41 35 49 48 28 46 45 27 16 26 6 36 9 23 45 16 39
19 19 29 26 29 32 48 12 17 14 10 46 30 31 39 44 40 6 48 20 42 46 48 30 14 13 22 42 41 34 17 19 32 22 36 27 12 26 7 34 47 43 23 14 43 19 7 19 13 24 16 48 23 39 12 44 50 11 35 44 22 13 0 44 5 22 50 24 12 47 15 31 11 50 16 20 14 48 49 35 43 19 14 20 20 8 21 30 31 48 36 19 9 6 5 11 44 41 42 38
6 23 40 14 47 7 26 22 38 31 15 49 11 8 5 9 25 5 21 25 18 43 32 12 27 39 6 12 22 39 14 27 35 16 38 33 36 10 32 16 42 15 7 30 38 15 32 41 17 31 25 44 33 22 10 27 13 7 14 42 43 43 30 0 44 10 18 30 19 13 5 25 36 47 47 41 33 49 49 15 35 30 39 25 21 25 19 33 8 24 38 11 24 22 45 43 39 18 34 26
37 10 10 21 26 20 21 33 43 42 5 45 9 29 21 26 33 24 19 44 8 20 37 44 12 22 16 38 14 34 25 5 14 37 9 20 14 31 11 49 44 23 45 29 23 45 28 28 7 28 46 12 40 17 32 14 38 26 22 6 33 21 32 13 0 7 26 27 25 27 22 16 25 11 48 20 28 32 49 36 47 36 24 29 5 9 31 21 50 32 34 19 48 41 25 40 17 32 15 45
31 43 40 12 46 7 40 15 44 47 29 28 37 10 48 39 27 49 21 18 45 46 50 50 38 18 6 10 50 41 21 39 7 12 8 11 7 28 21 10 29 5 39 47 26 11 44 14 27 6 40 23 31 47 37 27 40 38 46 42 22 30 7 34 26 0 49 44 8 12 23 12 48 33 47 11 28 47 11 28 9 48 27 50 31 40 11 45 13 32 26 36 24 15 45 10 38 11 8 46
8 48 26 45 49 13 23 22 48 40 41 14 24 15 22 18 34 34 26 31 31 47 5 29 24 9 13 45 22 49 42 48 18 17 45 25 8 30 36 48 29 23 37 10 26 20 46 16 41 18 35 46 5 24 39 7 12 15 48 31 14 50 47 5 31 47 0 20 32 46 6 47 47 50 42 28 25 38 41 41 48 31 18 11 30 20 39 32 9 25 12 15 8 29 11 32 30 27 45 44
5 37 8 11 42 40 30 50 25 41 47 23 13 8 46 20 22 27 47 22 5 10 32 36 47 31 13 47 22 27 5 36 25 49 18 35 8 20 9 36 12 20 13 30 38 21 10 28 45 18 12 48 16 40 41 28 29 23 41 28 22 6 46 44 10 40 44 0 26 14 14 41 44 14 19 5 7 9 27 18 13 12 19 32 13 38 47 34 31 24 29 22 49 13 5 19 32 37 26 13
39 21 43 6 42 30 29 13 39 49 36 31 5 35 19 21 39 9 29 31 12 27 43 9 23 7 29 43 17 37 47 17 21 22 47 25 22 42 20 40 11 15 34 17 38 13 38 5 31 16 44 7 20 12 44 25 10 47 6 27 49 44 31 26 10 6 45 48 0 5 30 33 35 8 9 46 50 12 26 43 45 5 9 50 36 49 9 9 44 34 42 17 17 24 38 33 14 26 42 33
28 47 6 36 28 50 12 37 7 22 49 14 10 25 29 15 43 28 42 29 47 41 23 44 15 27 21 21 11 39 36 12 14 17 37 49 44 39 24 38 29 43 33 42 29 32 6 37 37 40 19 16 10 36 6 9 38 27 43 22 26 44 20 40 36 44 26 8 24 0 11 50 29 27 29 41 42 6 5 25 42 33 33 41 34 26 45 34 16 48 44 31 45 50 12 23 37 21 29 14
34 20 17 9 37 5 30 40 28 22 16 21 48 25 10 27 14 29 9 38 6 6 16 6 12 47 41 19 27 32 39 43 33 39 43 43 22 12 36 15 39 28 24 15 37 8 10 16 40 35 46 22 35 42 27 28 36 8 5 5 25 41 19 12 48 37 35 42 14 18 0 14 9 38 24 39 13 33 48 44 21 7 41 44 49 22 28 21 45 21 9 9 12 31 12 8 16 50 28 34
19 22 36 36 23 27 14 8 31 12 26 39 11 29 12 24 16 12 36 15 40 5 12 23 31 28 15 35 14 5 45 24 19 24 39 26 30 5 5 27 46 41 30 8 23 47 19 16 14 36 41 27 43 40 40 8 27 26 48 10 31 43 12 26 38 40 11 27 44 36 44 0 43 33 48 18 6 45 10 45 35 46 19 33 33 31 27 35 36 10 38 13 44 8 6 21 7 17 48 37
7 45 25 9 45 33 22 5 6 47 29 8 33 36 31 47 40 12 37 33 33 6 39 15 10 35 33 31 22 49 16 27 9 44 20 13 16 13 5 41 40 14 42 38 12 47 28 27 46 41 30 30 32 37 25 41 44 42 31 21 32 40 45 34 13 20 18 20 42 31 41 18 0 21 27 13 29 7 39 29 19 37 11 29 35 48 8 27 48 25 37 35 46 37 48 6 25 5 23 40
5 23 28 11 14 32 25 26 36 22 41 11 28 40 34 30 20 12 24 41 47 22 35 26 47 18 15 20 16 12 27 16 42 38 9 15 32 27 31 20 35 47 30 34 42 10 23 17 16 6 8 10 33 41 23 48 15 18 33 28 33 35 14 11 15 50 31 49 31 8 8 25 21 0 18 23 7 27 48 17 28 28 25 13 5 25 42 46 45 33 28 43 41 22 15 28 34 28 30 17
18 42 48 19 25 42 18 42 12 26 24 31 21 12 23 38 20 12 18 5 36 31 28 41 6 16 9 9 34 39 34 13 40 47 37 23 23 31 43 34 16 8 12 8 31 16 38 47 36 12 19 18 21 43 47 18 45 37 48 9 22 50 39 47 10 29 25 7 44 17 26 40 19 17 0 19 27 26 49 37 15 49 25 34 50 45 30 38 13 29 26 34 14 14 22 20 28 27 42 21
38 17 10 5 33 41 23 45 27 38 30 19 42 9 18 31 21 14 50 37 49 50 18 7 43 37 44 36 9 35 43 31 40 45 6 48 26 38 11 16 38 44 47 28 40 14 39 12 11 18 47 6 34 47 41 8 7 26 36 43 49 32 5 19 39 38 21 31 24 40 7 39 20 42 31 0 5 29 30 36 19 12 25 15 24 34 36 30 30 40 20 6 35 22 35 25 42 6 40 33
46 19 5 21 36 38 7 42 38 11 36 42 15 6 12 39 41 27 19 39 44 29 34 17 42 42 13 22 20 17 20 33 6 30 44 33 27 30 29 37 34 18 9 38 16 12 7 10 26 41 39 10 30 16 5 33 37 27 39 6 24 14 12 40 40 9 49 49 26 41 45 14 14 50 15 37 0 5 40 27 36 27 21 35 5 40 46 5 48 34 43 6 6 41 36 50 48 34 20 19
49 41 12 34 47 37 9 37 18 19 47 22 43 22 26 26 6 17 22 32 43 50 10 12 19 25 30 47 9 9 6 31 35 14 41 31 42 19 25 38 25 29 22 14 33 9 30 8 30 45 33 24 31 50 34 12 24 23 33 28 46 49 49 48 27 45 30 46 18 7 12 47 14 12 42 13 5 0 29 42 44 32 15 23 46 18 13 50 28 16 33 40 8 9 38 22 25 24 47 30
46 28 23 30 17 5 32 17 48 32 35 10 48 14 7 18 46 24 44 9 49 38 33 37 44 39 21 9 47 49 35 8 19 10 38 11 12 50 6 17 34 6 11 34 31 21 8 20 18 28 22 49 44 39 44 7 44 25 37 33 17 48 49 25 34 39 11 39 31 33 17 21 5 48 39 23 12 47 0 43 31 13 41 16 20 44 36 48 25 30 11 6 49 20 16 41 11 23 38 33
47 24 33 39 49 48 32 12 31 34 14 30 16 41 41 21 13 27 42 47 42 43 40 30 21 46 25 24 36 25 25 23 25 9 44 26 17 10 23 38 28 16 31 8 10 20 5 26 8 31 20 30 26 15 17 16 48 23 35 41 18 38 15 38 36 44 8 32 21 20 43 18 14 44 33 12 20 36 30 0 41 28 33 43 15 36 8 31 46 26 5 18 10 15 30 20 24 18 20 46
23 12 19 49 31 28 38 23 11 6 32 7 8 19 22 6 45 26 12 36 43 50 11 15 47 41 7 37 8 43 25 6 23 50 30 50 37 22 31 14 21 35 37 33 9 42 22 19 43 23 10 17 14 15 27 47 29 12 50 40 11 11 24 27 32 33 23 11 46 44 20 41 10 18 5 29 25 6 17 35 0 43 22 35 24 47 30 49 37 30 35 5 25 26 26 21 41 13 28 12
27 21 16 42 19 16 6 5 19 28 7 42 35 5 15 45 21 10 11 49 13 44 10 25 34 16 7 9 16 6 38 13 12 40 18 10 10 35 13 46 28 50 25 49 48 38 48 29 49 6 37 17 37 25 50 33 14 36 12 10 36 28 19 37 29 47 5 50 27 31 39 50 37 42 12 8 37 5 40 43 25 0 12 24 49 22 8 49 20 29 15 18 18 14 20 12 28 40 14 38
46 15 28 35 37 46 16 9 34 49 24 25 40 35 17 33 42 27 44 14 32 19 47 7 28 25 38 26 35 15 46 9 7 25 25 24 39 35 30 35 20 36 50 43 40 39 49 25 40 19 8 45 16 38 49 18 28 38 35 24 45 45 13 34 17 22 20 13 16 25 9 23 14 44 30 35 50 32 23 29 13 32 0 5 17 8 41 18 49 20 20 37 28 23 13 14 44 6 10 38
50 36 9 34 18 11 36 40 7 8 37 31 16 5 19 40 37 29 22 13 15 40 42 20 10 24 31 6 8 46 39 16 49 30 45 45 34 40 17 26 31 23 17 9 24 7 12 18 13 26 31 36 18 49 43 8 9 18 26 26 16 50 40 15 13 18 19 21 23 46 12 24 16 46 28 44 15 46 48 12 39 38 48 0 28 17 27 36 19 13 35 31 11 43 22 17 16 36 36 8
19 6 28 29 19 29 33 42 31 34 15 37 16 49 22 39 35 26 32 43 27 13 48 13 25 28 11 29 45 9 6 30 12 46 27 28 44 32 8 50 13 28 13 44 8 39 42 29 18 7 28 31 30 25 47 13 19 11 6 31 18 40 33 36 50 33 49 38 33 36 25 8 28 5 13 19 48 19 13 21 34 35 43 16 0 8 39 18 47 26 23 44 42 16 42 9 39 39 13 38
48 46 49 9 31 44 21 11 22 25 24 16 8 38 43 16 19 22 46 19 25 41 40 9 35 40 50 34 29 29 17 7 43 12 31 28 13 16 31 9 27 40 28 32 24 24 10 40 36 40 10 46 17 17 24 20 44 28 23 28 36 34 37 35 49 49 23 40 11 11 22 12 35 10 10 20 19 11 26 16 43 16 40 39 48 0 8 18 30 45 32 41 9 38 30 41 44 30 6 31
17 34 12 28 24 24 50 39 41 45 36 39 7 32 7 38 25 45 12 32 44 22 8 26 14 22 25 29 48 30 32 23 25 10 40 44 22 45 30 30 48 31 6 33 17 28 26 20 43 33 49 42 15 23 9 35 36 28 22 35 8 9 22 7 38 44 49 39 38 35 11 22 30 26 21 5 29 50 24 14 40 22 12 15 21 11 0 42 39 48 31 21 10 49 9 37 42 20 29 37
40 7 38 28 46 50 41 38 35 49 40 28 19 48 21 22 25 47 46 18 14 38 8 28 27 44 7 40 14 28 36 8 46 34 48 12 45 10 21 23 43 30 30 26 45 47 10 45 29 24 46 42 21 22 39 13 38 43 15 19 20 10 35 45 23 47 28 24 14 43 31 30 23 8 12 34 7 37 38 41 28 18 47 12 35 17 16 0 33 22 45 18 14 35 42 13 8 11 31 10
16 49 20 10 22 5 5 48 48 21 44 45 29 47 15 20 22 39 15 6 8 41 32 40 12 45 37 6 32 47 43 5 43 29 35 32 13 48 43 25 21 6 48 7 5 15 5 24 12 22 15 27 46 21 8 31 40 47 16 38 24 42 13 15 49 45 15 42 36 15 48 18 47 42 12 24 40 38 23 48 48 19 36 10 22 16 48 44 0 31 49 23 12 31 12 23 14 18 33 25
49 30 39 34 10 46 12 32 47 37 7 16 40 10 31 48 49 20 50 44 9 41 32 42 32 13 34 21 50 46 31 42 29 38 14 13 7 12 29 30 33 14 50 33 32 8 40 23 21 12 39 46 40 50 30 49 45 47 30 50 11 17 34 34 36 37 20 32 23 27 28 30 50 28 27 23 11 6 41 10 23 39 45 39 31 14 48 45 44 0 10 50 26 29 9 16 38 44 33 26
34 40 43 33 43 49 30 31 45 42 37 40 47 31 11 31 48 40 41 33 26 10 12 31 30 27 16 22 19 48 20 11 38 42 6 22 12 25 38 45 35 32 43 44 42 11 8 36 28 26 40 23 10 34 8 26 21 29 18 44 24 15 18 45 11 39 33 49 9 43 41 30 36 45 40 34 18 9 24 10 41 20 17 11 44 22 22 36 9 49 0 22 20 17 35 5 21 14 47 36
49 9 16 47 35 41 21 31 32 38 12 10 41 46 38 46 18 16 15 45 42 17 22 16 18 15 40 33 27 14 5 50 25 7 21 23 19 43 41 10 15 45 22 5 38 26 22 29 22 42 36 34 48 39 15 23 40 15 37 46 24 13 25 10 18 27 40 17 27 40 37 38 48 45 45 47 45 20 46 21 28 15 42 48 46 35 36 13 27 31 38 0 29 25 35 9 35 36 40 22
46 48 33 40 15 23 28 20 24 15 45 19 11 27 25 8 48 14 19 39 9 24 47 15 36 37 16 26 28 9 8 35 26 19 28 10 16 49 29 21 15 18 39 10 38 23 34 22 18 30 11 49 27 43 41 6 30 9 27 16 21 13 39 29 9 49 44 22 42 13 32 8 18 20 17 33 12 39 45 14 5 28 30 18 28 12 41 32 17 39 39 19 0 14 24 39 26 11 46 12
23 43 11 17 33 25 30 34 14 13 35 41 26 48 7 32 40 24 33 26 9 43 31 13 45 22 22 5 29 16 45 15 45 46 24 27 43 13 8 15 10 44 10 27 14 31 26 32 22 28 7 32 37 9 24 9 45 26 8 45 10 21 40 18 27 31 20 26 6 19 22 19 47 22 41 41 11 17 33 36 18 23 49 22 27 29 42 23 28 31 12 31 37 0 50 44 30 19 10 8
15 10 23 26 11 45 37 30 27 34 36 29 33 12 33 26 10 30 42 26 5 47 11 32 26 48 31 37 28 39 13 41 31 27 11 25 30 23 29 33 32 43 12 5 47 40 12 9 23 33 47 16 5 29 44 27 7 28 9 22 28 49 16 34 16 11 49 26 12 33 41 5 46 32 18 45 5 24 17 33 37 44 10 36 30 31 17 20 31 16 12 42 7 6 0 50 31 33 12 27
42 6 26 39 5 20 6 39 39 24 29 34 46 32 43 35 18 16 28 28 50 15 13 10 36 35 39 10 12 29 6 6 9 27 23 35 34 33 38 39 30 26 17 41 47 12 9 13 29 25 39 32 8 43 31 15 6 30 40 5 11 49 40 23 15 29 30 34 22 33 44 13 41 29 34 18 46 26 50 37 22 15 17 10 13 8 22 7 10 24 43 49 35 36 25 0 14 32 46 46
10 28 48 42 42 24 50 29 38 39 30 39 18 22 35 41 32 21 43 50 28 14 26 25 20 5 44 15 32 13 25 17 47 26 7 30 49 14 29 25 44 37 36 29 5 17 9 39 23 29 21 38 17 5 47 47 13 50 31 46 33 41 5 11 50 16 37 16 5 47 14 10 36 8 15 6 48 38 13 19 45 30 45 34 46 16 22 44 29 30 6 37 32 10 7 43 0 37 44 40
10 38 6 34 11 40 42 35 30 32 9 36 27 41 46 48 41 5 28 7 34 48 8 41 26 47 27 42 16 22 48 5 26 33 25 23 40 6 9 14 42 16 49 40 46 20 25 10 37 6 13 12 37 44 33 38 44 27 11 24 7 14 18 43 12 32 40 12 32 15 18 9 28 33 42 38 45 49 40 35 42 15 16 12 50 35 34 45 15 48 12 47 49 26 43 44 47 0 16 11
15 19 34 10 36 41 39 40 44 17 48 15 19 37 36 49 18 48 22 27 40 50 40 15 11 6 40 5 34 11 45 25 34 11 40 5 31 19 22 27 22 17 30 34 31 29 19 50 26 36 6 18 37 45 45 45 8 39 44 42 33 5 8 24 31 44 28 15 24 37 24 24 13 27 41 23 40 25 24 42 19 30 8 36 25 26 48 37 26 22 32 41 10 17 36 15 8 16 0 33
18 45 42 37 26 18 47 6 34 27 15 18 8 44 15 42 10 44 13 47 25 23 29 21 33 35 12 33 10 15 19 6 26 50 30 24 31 7 49 28 37 29 10 46 26 7 45 27 40 49 44 30 44 36 38 21 41 25 38 9 13 25 49 42 46 39 26 34 38 23 34 5 32 21 48 22 10 14 19 43 29 34 35 20 36 13 27 24 35 26 44 19 41 25 6 32 39 45 33 0
