150
9 15 8 6 8 858
16 13 14 6 10 1293
14 8 11 12 20 1473
5 9 18 12 9 856
12 10 10 5 8 778
8 11 18 13 5 1239
7 15 10 13 12 1087
6 18 20 5 10 1362
19 17 15 16 13 1410
6 15 9 8 18 1155
17 13 18 12 10 1374
7 11 12 17 20 1183
7 14 5 20 11 776
8 18 7 16 18 1042
19 8 8 17 7 1202
6 7 19 11 11 919
9 8 18 5 20 1027
14 16 13 14 7 1203
7 20 18 5 16 1479
7 19 14 14 11 1442
16 14 9 11 19 1482
9 8 12 17 5 1130
19 9 9 11 9 1395
16 9 5 16 5 878
8 13 18 10 14 1366
7 9 8 6 19 1306
20 12 12 16 6 1165
12 7 13 7 18 1151
18 15 20 20 6 1109
19 20 6 8 5 915
18 5 11 16 10 1083
10 5 20 5 13 712
19 9 8 13 15 1188
7 6 7 18 5 787
9 10 6 17 14 828
9 6 17 15 13 1548
6 17 5 14 15 1410
19 11 10 10 11 1259
10 8 10 9 15 926
12 16 5 5 9 668
10 20 20 8 17 1695
17 19 19 12 15 1247
8 20 8 14 13 1564
5 19 18 5 14 849
11 15 15 18 11 1612
5 15 5 12 19 1063
13 8 10 9 6 770
9 17 16 14 15 1660
12 17 19 12 12 1346
19 19 7 13 19 1446
9 7 7 7 20 1207
11 7 16 20 17 1734
15 10 7 6 12 732
5 9 8 10 17 650
5 8 13 18 8 825
18 11 10 13 5 1308
20 20 14 10 18 1625
6 12 9 16 7 958
17 18 16 11 9 1489
10 15 18 14 12 1001
9 10 20 17 7 1290
20 6 18 12 15 1646
16 11 8 5 20 1398
15 12 13 20 8 1230
15 7 18 12 13 1455
11 15 12 16 6 1346
17 18 14 17 7 1811
10 11 14 6 6 842
11 11 15 13 6 875
15 20 18 18 19 1541
9 14 20 15 18 1428
9 5 8 8 8 548
16 20 8 20 8 1510
17 20 18 7 12 1472
6 15 20 12 17 1166
12 18 17 15 13 1641
16 17 13 17 18 1547
8 9 5 20 8 811
16 5 17 14 15 1395
5 19 15 12 19 1165
13 18 17 11 7 1120
11 15 18 9 16 1146
10 8 18 5 11 853
20 11 13 10 18 1306
18 14 10 9 20 1381
11 11 14 14 11 1349
7 16 16 7 18 1243
17 19 19 7 17 1394
18 9 20 11 16 1231
5 9 13 9 11 1166
19 7 9 8 5 1134
13 14 14 17 18 1302
17 6 15 5 7 916
7 12 17 19 13 1237
15 13 15 13 14 1548
19 11 17 10 6 1102
16 9 9 17 9 1116
6 11 17 19 16 924
9 5 15 19 19 958
9 16 5 7 18 997
15 20 7 12 19 1488
13 12 11 9 18 1313
19 18 7 19 10 1052
16 17 18 10 5 1323
12 12 5 14 15 1038
20 13 15 19 8 1812
10 20 11 18 14 1152
10 11 19 15 8 1358
16 19 7 15 16 1442
14 12 8 9 12 769
18 8 16 13 16 912
19 19 12 17 20 2061
17 6 14 11 12 1200
9 10 13 16 14 1159
8 6 11 14 20 1008
10 15 11 8 10 1267
13 20 10 17 14 1568
6 19 10 7 15 1144
15 12 14 18 6 1108
7 12 6 15 11 1087
18 7 13 5 17 822
12 15 11 11 12 1052
8 19 8 12 6 887
11 8 7 9 8 968
7 8 13 13 5 1124
7 13 7 19 14 1311
6 17 18 7 17 1458
8 16 6 12 5 828
8 19 6 9 14 1091
20 5 10 6 12 1078
16 9 11 5 6 1215
15 8 13 9 11 1109
18 15 5 7 7 776
16 14 12 10 15 1793
20 11 5 11 16 1050
15 10 17 11 11 1332
15 13 9 7 16 1407
13 9 20 14 16 1123
8 17 8 11 11 925
13 8 5 5 16 860
10 17 17 18 9 1086
8 16 18 8 20 1199
11 7 17 20 7 1246
8 16 9 8 8 790
15 12 9 20 18 1436
12 12 8 17 5 1293
20 15 14 20 20 1732
13 12 17 8 6 1130
10 5 5 16 8 621
17 5 17 20 6 1438
0 4 4 4 8 5 4 10 6 2 10 2 10 10 5 6 10 3 3 5 10 6 6 9 10 3 8 5 9 9 10 4 5 3 7 4 7 2 7 7 5 4 6 10 9 5 2 9 10 9 3 9 8 7 4 9 8 8 2 8 10 5 8 3 2 9 8 9 10 6 7 5 9 7 7 5 4 9 7 4 3 8 3 5 8 3 9 6 8 10 7 3 8 6 7 7 5 7 9 7 2 3 7 9 7 8 6 4 7 3 8 4 4 3 3 6 5 5 2 3 2 10 8 6 9 2 5 10 6 3 2 4 4 9 5 8 3 6 4 10 10 6 5 10 6 4 2 10 3 7
8 0 8 10 5 6 5 8 5 8 3 8 6 5 8 3 5 7 2 8 3 6 10 2 10 8 4 8 2 7 2 9 8 7 10 7 5 8 8 5 9 8 3 3 6 6 4 3 4 7 10 2 3 9 7 7 2 8 3 4 6 8 8 2 5 2 4 6 4 8 6 4 10 8 6 2 7 10 9 8 9 5 8 2 8 4 6 7 8 10 10 2 3 9 6 5 3 5 9 4 8 6 9 4 9 5 3 6 6 2 6 6 10 4 7 4 3 3 10 7 9 10 6 6 7 7 8 3 5 4 2 2 5 8 3 4 4 9 3 6 7 7 6 2 3 9 2 3 2 5
8 2 0 6 7 9 4 5 9 2 6 2 4 2 7 2 5 8 5 7 5 6 3 8 9 10 2 8 2 3 7 8 3 3 5 3 7 6 4 3 5 2 7 2 2 5 7 10 8 6 6 3 5 2 3 7 7 9 7 2 5 5 5 8 7 2 9 8 5 9 5 6 10 8 8 6 2 7 7 7 2 4 6 7 7 3 2 8 2 5 9 8 5 7 9 5 4 10 7 10 3 4 2 9 7 5 10 6 6 7 10 2 2 3 5 7 7 7 9 4 3 8 3 3 9 7 2 7 3 9 6 10 9 10 4 4 6 8 9 9 3 6 10 6 9 2 7 5 6 7
4 6 10 0 3 6 10 5 9 5 3 10 3 7 2 4 7 2 7 7 10 6 4 8 8 6 7 5 4 5 10 10 2 2 10 2 4 10 4 5 3 3 5 4 3 5 5 3 2 4 3 7 8 10 5 4 10 5 3 10 4 9 2 2 7 6 8 10 10 7 3 10 5 8 10 8 6 10 9 8 5 9 4 7 5 4 6 3 3 10 3 7 9 7 8 2 10 9 8 7 6 4 9 8 2 7 2 2 9 4 8 4 6 8 8 9 10 3 7 5 5 7 10 3 8 7 8 6 2 2 7 2 2 3 3 8 5 2 3 4 5 4 10 6 10 6 5 9 4 2
10 10 8 10 0 4 3 8 8 10 6 4 7 7 7 10 9 7 10 9 4 9 7 2 4 6 4 10 5 6 4 9 9 8 9 2 6 9 8 2 7 10 7 9 7 2 2 3 6 3 10 4 3 6 6 7 4 6 5 6 4 10 10 4 9 10 10 4 2 7 4 3 3 8 3 7 5 6 3 10 5 2 8 10 2 10 5 2 4 7 5 4 8 7 2 6 8 6 2 9 2 8 5 4 7 9 7 7 6 4 10 8 7 7 2 10 6 2 2 8 9 4 10 3 10 2 8 10 7 2 3 2 5 8 2 7 6 2 4 9 4 8 8 3 9 5 3 4 4 3
3 9 2 7 4 0 3 4 7 4 4 7 2 10 9 4 5 7 3 9 4 2 6 3 5 2 6 10 4 7 2 7 4 3 10 10 6 4 7 6 8 10 3 6 10 8 10 6 8 5 3 10 8 2 8 2 5 9 8 3 5 7 6 6 2 8 10 4 5 8 9 10 3 5 5 7 4 5 6 8 5 6 6 3 6 2 8 7 5 2 7 10 5 6 2 5 6 4 8 3 4 4 4 2 4 9 2 7 7 2 8 9 7 10 4 8 3 5 5 6 7 2 9 6 3 3 6 6 3 9 9 6 8 6 8 8 9 7 3 7 2 4 8 6 3 3 3 9 5 9
3 9 8 6 10 8 0 9 10 6 4 4 9 5 8 2 10 6 4 5 5 2 7 3 6 7 10 4 3 3 6 9 2 3 4 8 4 10 4 6 6 5 2 2 6 7 7 5 6 10 4 10 9 8 2 5 2 4 4 9 4 9 4 6 6 8 6 8 3 4 4 4 3 10 5 2 6 5 3 5 10 7 9 5 7 9 4 3 5 3 5 6 10 2 4 2 8 2 10 2 4 4 9 2 10 7 5 6 5 7 3 2 4 4 10 8 5 8 7 10 10 10 6 6 6 9 5 2 3 8 6 4 9 3 2 10 3 4 3 5 4 5 4 6 3 10 7 6 4 7
6 5 4 9 9 4 5 0 8 7 5 10 3 5 7 2 9 6 2 9 7 8 8 9 2 3 10 9 10 2 3 5 2 4 9 7 3 6 3 2 3 7 5 8 2 7 10 7 4 2 5 4 2 7 3 6 6 10 8 3 3 9 2 5 10 7 4 6 5 2 5 8 3 5 5 6 2 8 7 6 10 6 4 10 5 5 7 4 5 6 6 5 10 10 2 9 2 4 8 9 9 6 3 2 10 3 3 2 4 6 10 3 8 4 2 10 6 2 2 10 10 3 5 10 7 2 9 2 2 2 2 2 9 4 5 7 8 6 8 2 10 8 2 9 7 9 7 2 3 8
2 9 9 5 7 2 5 3 0 6 10 4 10 9 5 4 8 4 6 3 5 8 2 7 8 4 9 6 3 8 6 6 4 2 3 5 4 10 6 8 10 2 5 8 9 5 8 3 2 5 10 6 2 2 6 8 5 2 2 5 7 5 7 6 10 9 2 9 6 6 3 8 4 10 6 5 2 7 8 8 10 3 8 3 10 5 6 6 9 2 7 5 8 2 6 3 8 6 8 5 7 9 9 7 7 2 10 8 6 3 7 6 5 10 4 10 10 9 10 10 3 2 5 3 9 6 9 7 8 5 10 4 10 10 9 3 2 8 5 5 8 10 2 4 5 3 8 2 6 9
9 2 4 8 3 10 4 9 4 0 10 8 7 5 7 5 5 2 3 2 5 3 3 9 2 7 5 5 2 9 10 10 5 9 10 2 4 7 4 4 5 2 7 4 3 3 5 9 10 3 6 6 4 5 9 6 6 7 5 8 3 10 4 8 9 2 9 9 3 10 9 8 5 4 9 6 4 3 8 5 8 7 4 8 8 2 2 7 6 2 10 6 5 3 2 8 6 5 7 9 8 2 2 8 8 9 8 9 4 10 2 10 10 9 5 4 5 4 10 2 10 9 5 3 6 6 7 10 8 7 7 3 8 6 9 2 4 10 6 7 9 3 3 7 7 3 8 6 4 10
9 3 10 10 6 2 10 6 4 2 0 8 6 10 8 3 7 3 4 10 6 9 8 9 4 2 4 4 6 7 10 2 4 6 3 8 7 3 3 8 5 2 2 2 4 2 4 9 4 8 2 7 2 6 5 7 9 6 3 6 9 2 8 10 4 9 10 7 4 4 4 8 9 8 7 3 5 6 8 2 10 2 8 10 9 2 6 9 10 10 10 4 10 8 8 2 2 7 3 5 2 9 7 2 10 10 5 4 3 3 2 5 5 2 10 3 4 4 3 2 5 7 8 7 5 6 4 5 3 8 6 3 5 8 10 6 8 10 6 5 6 10 9 9 10 4 5 8 2 8
3 8 7 3 6 7 7 9 4 6 9 0 5 3 9 3 8 6 3 7 4 2 4 9 5 4 10 5 7 6 9 6 8 10 5 5 9 7 7 2 2 7 5 5 6 4 2 9 4 8 4 6 8 3 2 7 2 4 7 6 10 9 4 8 9 7 5 5 6 2 9 5 9 8 4 7 3 2 5 2 4 5 8 4 4 6 7 5 7 8 5 3 2 3 9 5 7 9 5 5 7 6 6 6 10 6 7 10 4 2 10 4 10 5 10 10 3 5 9 9 8 2 8 10 5 4 5 4 6 8 6 10 9 10 4 2 5 10 9 6 10 5 8 2 10 9 6 5 3 7
3 7 3 6 7 2 2 5 8 7 7 9 0 3 7 9 6 9 3 7 6 9 6 7 3 8 6 2 4 6 2 10 10 6 4 6 10 4 8 9 4 5 4 9 7 3 6 6 7 8 10 6 2 2 7 3 7 6 4 7 8 10 6 7 9 2 5 5 6 4 8 10 7 8 2 10 2 9 6 4 3 3 2 5 3 3 6 2 5 3 2 6 5 10 2 3 6 6 5 6 7 8 5 7 6 9 7 7 8 3 5 8 8 10 9 8 6 10 7 4 7 9 5 9 4 3 3 3 5 8 3 7 8 7 4 9 2 6 9 9 3 4 8 7 5 6 10 9 2 4
5 5 5 9 6 9 7 4 9 8 7 7 3 0 8 8 2 8 5 10 2 10 9 5 8 8 8 6 6 2 3 9 3 8 3 10 4 4 7 5 9 8 2 2 6 9 3 10 10 2 5 9 8 7 5 8 7 5 10 4 8 8 8 6 3 2 9 6 10 3 6 5 7 10 7 10 9 5 7 3 5 4 7 10 3 7 4 10 4 7 2 4 9 10 3 4 7 10 4 9 10 6 9 10 3 2 2 4 8 8 2 3 5 5 4 9 9 3 10 5 2 9 8 9 9 4 7 8 6 8 10 9 8 5 2 8 2 7 5 7 6 5 4 6 5 2 8 6 9 3
10 7 5 8 5 5 5 5 4 8 6 10 5 3 0 7 7 8 5 10 3 5 10 3 8 7 8 10 3 9 10 7 5 9 6 8 10 2 7 8 4 10 5 6 9 2 2 7 7 6 7 4 9 10 7 4 4 4 3 7 10 7 9 6 7 9 6 2 7 6 4 10 10 9 7 6 9 3 4 7 7 9 8 10 6 6 10 3 10 10 5 2 3 9 5 3 8 9 9 10 10 7 2 9 5 10 3 9 3 9 9 3 10 6 8 9 8 4 8 10 8 9 10 5 10 5 7 3 9 7 7 2 8 9 4 3 4 7 5 7 7 7 8 7 2 5 8 7 8 8
3 5 10 4 3 9 9 2 2 7 2 5 8 9 10 0 6 5 10 2 8 9 5 6 3 2 8 9 10 7 10 4 9 8 6 10 6 8 7 7 4 4 7 6 6 8 5 4 8 2 3 8 4 6 10 5 2 9 3 2 10 3 4 2 5 7 6 9 5 7 6 6 6 9 6 3 10 9 2 5 2 2 7 7 9 6 3 5 6 6 6 9 10 5 8 8 5 5 2 3 5 4 8 3 10 2 6 7 2 4 9 6 8 4 8 2 7 6 10 9 4 7 10 8 4 3 4 9 9 4 10 2 10 4 7 2 6 3 4 10 8 5 3 7 2 4 10 10 9 2
3 9 8 3 2 9 2 7 3 2 2 8 6 7 10 2 0 10 8 2 9 10 8 6 4 4 10 3 4 6 10 9 4 9 3 4 2 2 6 4 8 4 7 5 9 5 10 7 10 8 9 7 2 6 10 8 3 5 4 4 8 5 8 3 5 4 4 2 3 7 8 2 8 3 6 2 4 6 3 2 2 5 9 3 3 3 4 10 2 2 10 9 10 8 7 6 10 5 8 6 6 7 8 8 4 3 6 10 7 9 10 5 3 8 6 2 10 6 8 9 6 5 9 8 9 8 4 4 6 6 5 10 8 2 8 3 10 7 4 8 3 4 8 7 10 3 8 10 9 9
3 8 8 2 9 7 5 9 8 9 4 5 5 9 2 10 6 0 2 10 8 3 6 4 7 2 5 2 3 2 7 10 3 9 10 7 8 6 4 8 9 2 7 9 3 8 2 9 7 9 6 4 3 10 5 4 3 9 3 5 9 4 10 2 10 5 2 10 8 2 7 9 4 4 9 7 8 4 9 3 9 8 2 10 5 4 9 6 10 2 3 9 9 10 9 3 9 3 6 3 5 3 6 10 7 10 2 2 7 8 2 5 10 2 10 4 3 10 7 5 3 4 8 8 7 7 8 10 4 8 5 6 2 6 5 10 7 8 6 7 9 2 9 2 8 4 3 9 8 5
6 6 4 10 3 10 8 10 8 8 10 7 9 7 7 9 5 8 0 10 9 6 4 9 4 9 10 9 6 2 7 4 10 3 9 2 5 2 4 8 10 3 6 8 7 9 8 10 4 5 9 7 10 6 2 9 4 9 3 7 5 8 5 10 7 8 6 7 5 10 4 6 3 2 4 7 9 10 9 8 7 5 4 3 2 5 7 7 8 8 6 3 3 6 6 2 4 10 2 9 7 4 8 7 6 9 7 8 10 7 9 2 10 9 2 2 5 6 9 8 6 10 9 10 7 6 8 8 10 4 3 3 4 7 5 5 2 8 7 10 9 5 5 6 8 9 3 10 3 9
4 2 2 6 4 6 8 3 6 4 3 3 6 9 2 8 10 5 8 0 6 3 7 10 5 2 5 5 6 7 5 5 5 7 8 5 7 5 2 9 4 10 10 10 8 10 10 10 7 6 9 7 6 5 9 8 8 3 4 10 9 3 8 5 6 5 6 10 7 8 6 6 9 9 7 10 10 5 5 2 9 8 9 6 6 3 7 9 4 5 7 7 10 3 5 4 7 7 4 2 6 7 2 10 2 2 4 9 2 5 3 10 8 10 4 5 3 10 7 4 4 8 9 4 2 3 4 7 8 8 6 9 8 6 7 4 6 7 4 10 3 2 4 6 2 7 2 6 6 10
2 2 7 8 2 10 3 5 3 2 7 3 9 5 4 7 8 7 6 9 0 5 4 8 4 9 3 8 5 2 10 4 10 4 4 6 2 8 5 6 4 4 3 3 8 8 3 2 10 5 7 5 2 10 8 6 3 4 7 7 3 6 8 9 3 9 3 4 5 2 2 10 4 8 3 3 6 9 3 4 5 6 4 9 4 4 7 4 5 10 8 9 3 10 10 5 4 2 6 7 5 4 5 8 7 7 4 6 7 6 3 9 7 7 7 4 2 2 4 3 8 5 9 3 4 5 5 3 9 6 8 9 9 9 2 3 8 10 7 6 5 2 3 5 10 5 6 9 8 4
4 10 10 4 3 9 10 5 9 8 9 2 2 10 7 2 2 6 2 8 5 0 7 3 8 3 8 8 6 5 7 5 8 7 6 8 9 6 8 9 10 9 7 3 7 7 5 3 7 3 7 7 6 3 8 7 8 8 3 4 5 7 3 4 3 7 9 9 10 10 9 5 3 9 6 2 9 9 4 7 6 7 5 8 8 7 10 8 3 9 5 10 4 8 9 5 7 6 4 5 2 6 5 8 8 6 4 4 9 10 2 7 7 4 3 8 6 7 8 4 4 6 2 2 10 4 9 3 10 10 8 10 5 7 10 4 3 2 6 7 6 10 6 2 7 5 6 4 5 3
5 5 9 8 8 3 10 9 5 3 4 7 9 9 9 8 5 10 3 5 5 7 0 5 7 6 4 6 10 2 5 7 5 6 4 4 3 9 8 6 3 4 10 9 3 2 2 3 7 2 10 9 10 8 7 3 10 5 10 10 3 5 10 3 6 7 6 3 8 8 5 2 9 2 7 2 9 9 2 9 7 8 2 2 9 10 10 8 8 5 6 4 4 5 2 5 2 4 6 10 2 10 6 9 2 8 10 4 2 6 5 3 3 6 10 6 3 7 3 3 3 7 9 4 7 3 5 8 3 7 6 9 5 2 9 4 10 9 3 9 10 4 8 2 6 4 3 10 8 5
6 2 7 3 5 9 2 10 2 10 5 10 8 3 6 7 6 4 9 7 8 6 10 0 3 3 7 8 8 10 5 10 8 5 10 6 3 6 10 5 3 3 6 8 8 5 4 10 10 4 10 8 4 5 9 4 2 8 5 9 10 3 8 3 7 5 8 3 7 2 7 6 6 7 2 3 4 3 9 10 6 5 3 6 2 2 4 5 10 10 2 7 7 4 2 4 10 10 3 3 6 7 2 4 6 9 10 8 10 7 4 10 10 9 10 6 8 4 8 6 4 8 3 9 2 5 6 5 5 7 10 6 4 2 9 4 6 9 9 9 7 5 2 6 5 2 10 10 7 6
2 10 10 3 2 3 2 3 6 9 5 3 5 2 3 8 6 3 9 7 10 10 6 5 0 6 8 9 9 2 8 2 8 10 10 10 10 2 9 6 10 6 5 6 3 3 6 6 2 3 2 2 7 2 6 5 6 3 7 6 10 7 9 10 7 5 3 4 7 10 7 10 6 10 10 10 7 4 7 9 5 6 10 8 3 10 10 2 8 4 5 5 10 8 9 8 6 6 7 7 6 9 7 3 7 6 8 6 8 7 8 5 5 7 2 3 4 9 4 8 5 7 10 8 4 10 6 4 2 8 3 7 2 9 5 7 3 4 2 5 5 7 3 5 9 3 7 2 7 9
9 8 10 2 10 8 8 7 4 10 4 5 5 5 9 2 2 3 2 2 8 5 4 6 6 0 9 9 8 4 9 10 3 4 9 2 2 4 4 4 10 2 7 4 6 3 5 8 7 8 7 6 5 4 4 2 8 2 2 8 7 3 5 7 5 10 10 2 9 6 10 3 5 2 9 6 9 7 9 3 3 10 6 8 5 6 3 3 6 7 3 8 3 10 8 8 4 2 2 2 5 8 9 8 9 4 10 4 5 8 6 5 7 8 8 2 8 6 6 4 10 4 10 6 6 4 7 4 8 7 8 3 2 10 8 10 3 2 9 8 9 10 7 2 4 10 8 4 6 2
4 8 6 10 3 3 7 8 5 7 10 3 3 4 6 7 6 4 10 4 9 10 7 3 3 7 0 5 7 5 7 3 8 5 2 6 6 3 4 5 2 6 5 2 5 10 6 10 4 9 4 7 9 5 7 4 4 6 9 10 5 8 4 8 9 4 10 8 10 5 8 9 8 9 4 2 9 7 4 7 2 3 10 8 3 8 8 6 2 7 9 4 2 5 2 2 6 4 9 4 8 8 6 7 9 8 8 10 7 10 2 4 4 4 8 8 9 8 4 3 10 8 8 5 6 8 4 3 2 7 9 5 5 10 10 7 8 4 8 5 6 3 3 4 5 4 2 4 3 2
8 7 3 2 7 4 10 8 8 8 6 4 3 5 6 3 6 10 2 7 9 4 7 8 10 2 3 0 4 5 10 4 9 3 5 10 3 7 3 3 4 7 2 4 6 8 5 3 5 5 9 2 7 5 10 9 10 4 6 7 8 4 2 5 7 3 8 7 7 4 3 2 6 8 9 2 2 8 10 5 5 3 9 6 4 6 8 4 8 3 7 4 10 9 2 5 3 2 4 9 10 8 10 8 3 2 4 4 8 3 4 5 3 7 2 9 3 3 5 3 9 3 8 9 9 10 2 5 9 5 10 3 8 4 2 7 10 9 7 2 3 2 3 10 3 9 7 6 7 7
10 5 2 8 8 7 10 2 8 6 8 6 9 8 7 7 10 3 6 3 6 5 9 5 7 8 8 9 0 6 9 8 5 3 10 5 8 10 4 3 3 9 8 9 3 9 9 7 9 5 4 8 5 6 3 3 9 7 4 4 4 7 3 7 2 3 2 8 8 8 5 3 10 7 9 4 10 3 9 7 3 4 3 4 7 6 4 5 4 7 5 8 2 4 9 6 8 7 8 10 5 3 9 4 7 7 10 4 5 9 6 10 8 7 8 2 9 4 10 8 5 10 7 3 4 5 3 5 4 9 9 10 2 6 3 6 4 3 3 3 3 6 7 3 2 5 7 8 2 10
5 7 8 2 7 9 10 2 9 2 4 2 9 9 9 7 6 3 4 5 7 7 9 8 9 6 8 6 5 0 8 9 5 10 9 9 8 6 3 3 5 7 7 3 6 8 4 5 4 10 4 10 10 10 4 10 8 7 4 3 10 10 8 6 8 5 3 3 4 3 10 5 5 7 6 9 8 9 7 4 6 3 9 4 2 8 3 5 8 4 5 9 9 10 8 6 8 2 9 3 5 2 8 10 9 3 4 3 5 2 10 7 5 8 5 8 7 6 8 7 4 4 6 8 7 3 7 10 9 9 7 2 10 7 3 9 6 6 7 2 10 5 3 8 7 10 7 2 10 2
8 6 4 3 2 6 6 6 6 8 9 2 10 10 4 9 8 2 9 10 9 5 8 3 5 9 7 8 7 4 0 10 3 5 7 7 3 2 7 4 6 4 10 9 4 3 4 5 9 9 8 2 9 2 3 9 8 5 2 5 8 5 2 10 5 3 7 2 9 2 10 8 3 5 5 3 3 6 6 4 5 7 2 4 10 5 7 2 7 3 6 3 6 8 8 4 9 9 6 8 5 8 8 6 2 7 5 8 6 6 10 3 6 3 10 3 4 4 3 9 10 9 4 9 5 8 4 10 3 5 3 4 10 4 8 3 6 5 7 9 7 2 2 7 7 9 2 3 7 9
5 10 9 10 7 7 7 9 2 7 5 5 10 2 4 5 5 7 7 10 7 6 6 9 7 10 10 8 10 4 4 0 7 2 4 9 9 4 3 9 8 10 6 8 7 4 4 5 4 10 6 9 9 5 3 8 7 6 2 10 5 8 7 8 2 7 10 10 4 8 7 7 5 7 10 4 8 4 6 2 8 6 6 4 7 9 9 6 9 10 4 10 5 7 6 6 10 3 10 4 7 9 7 8 5 4 10 4 3 6 10 10 8 2 6 6 3 2 5 9 9 2 4 5 3 10 8 4 5 8 10 4 3 3 4 7 8 9 4 4 7 9 3 9 10 3 5 8 7 7
9 7 6 6 5 4 2 7 2 4 4 10 7 8 6 2 8 8 5 4 6 6 6 2 3 8 8 9 8 6 10 4 0 6 5 7 8 5 6 8 9 8 3 9 4 5 5 3 2 7 2 10 2 3 6 9 3 7 4 2 7 7 8 5 3 7 7 6 10 3 3 10 3 6 4 5 10 9 4 8 8 3 8 10 7 6 5 10 3 4 2 6 9 4 2 10 9 7 8 4 3 8 10 10 6 8 9 9 8 6 9 6 6 4 4 5 8 4 10 4 4 8 6 2 9 9 2 7 6 2 6 2 7 8 2 9 3 4 6 3 2 4 9 10 8 4 3 5 5 10
9 5 6 3 8 4 3 3 6 3 3 3 7 5 9 9 5 3 8 9 8 10 9 10 10 7 8 6 4 9 8 3 5 0 7 3 6 7 6 10 2 3 8 2 2 8 5 5 5 9 9 9 4 10 3 10 4 10 9 10 5 8 5 2 3 5 9 4 3 8 6 9 2 3 3 2 10 9 7 10 3 5 3 4 8 7 6 5 9 7 4 6 10 5 3 4 5 3 7 5 3 4 9 6 5 3 9 3 3 5 7 3 4 8 6 2 3 7 7 7 10 5 5 4 4 7 4 9 8 5 5 9 4 5 10 9 5 8 10 10 2 7 2 9 3 9 2 6 7 10
9 2 3 9 3 8 5 6 10 3 3 5 7 5 4 6 7 10 2 4 7 3 6 6 8 2 8 9 7 5 7 2 3 8 0 2 4 7 3 5 3 10 4 4 3 4 8 2 2 8 6 9 3 10 9 2 3 4 6 2 2 9 10 5 3 9 5 5 3 7 4 2 4 6 6 10 7 4 9 4 8 4 4 4 7 9 7 5 2 10 2 7 10 7 8 9 6 3 5 6 9 6 3 2 4 3 5 8 2 6 4 9 4 8 6 7 6 8 4 8 4 4 2 6 7 3 10 6 3 7 2 9 3 7 3 8 9 10 7 2 6 2 10 7 9 5 5 4 9 6
5 4 10 10 9 6 2 8 4 8 3 9 2 4 6 6 4 5 4 10 4 6 3 3 7 8 2 7 4 6 3 6 3 8 5 0 5 10 8 9 6 7 2 2 4 4 8 10 6 2 5 7 4 5 3 6 2 2 8 10 10 6 9 9 8 6 4 9 10 10 5 6 6 6 6 9 8 6 10 4 9 2 9 5 9 2 4 7 7 5 3 10 3 3 7 3 10 4 2 8 4 7 5 4 2 8 5 9 4 8 3 3 10 4 5 4 4 6 8 10 2 3 5 6 5 2 7 3 8 7 8 3 3 3 9 7 4 7 3 2 8 9 3 4 7 5 2 6 8 5
6 7 3 7 2 8 8 10 4 5 4 5 9 3 10 5 5 3 5 5 8 4 3 6 5 4 9 6 2 5 9 6 3 5 9 10 0 5 4 6 7 9 9 9 4 3 3 6 7 5 9 9 7 8 8 9 10 2 4 2 9 8 10 5 5 5 10 6 4 9 8 3 10 9 3 3 3 2 5 6 4 8 8 2 10 3 4 4 4 10 2 9 6 3 2 7 8 10 10 7 2 10 2 10 6 4 6 2 5 6 8 6 5 5 9 8 8 4 6 6 7 9 2 8 10 4 3 4 4 10 10 3 2 7 6 8 7 2 8 7 3 10 2 10 8 6 8 10 8 6
7 3 10 9 3 2 8 8 7 5 5 10 10 5 6 3 5 4 5 10 9 5 8 8 2 7 4 8 6 9 7 7 5 2 9 8 9 0 3 6 10 3 7 6 4 5 2 9 10 5 4 5 4 4 8 7 4 2 8 5 3 8 10 9 8 2 3 10 2 9 10 7 5 3 6 5 3 2 9 6 7 7 6 9 4 6 10 2 8 4 3 10 4 8 9 4 7 6 9 8 7 7 4 8 3 7 10 5 7 3 3 2 9 7 4 8 10 4 10 6 9 4 4 4 7 4 4 3 8 3 4 5 9 7 7 4 3 2 6 8 2 6 5 5 2 3 6 4 4 5
4 7 6 4 3 9 5 5 7 5 7 3 8 3 6 9 2 2 10 4 2 3 2 6 8 7 9 2 9 6 6 4 6 4 7 7 2 2 0 8 6 8 3 10 5 9 6 7 6 8 4 8 2 9 10 7 6 6 6 5 3 3 7 2 9 9 3 3 10 4 2 9 2 3 3 4 10 9 8 4 9 10 5 5 4 9 10 4 2 4 10 4 8 5 8 2 9 8 10 2 10 9 5 8 4 4 2 2 7 4 10 9 3 2 6 10 8 10 10 3 3 5 9 8 5 9 9 7 9 3 3 4 9 6 10 7 10 8 10 6 6 4 10 2 2 6 3 4 2 3
2 7 2 2 10 3 5 2 6 5 4 8 10 2 2 4 10 9 4 8 8 4 5 6 2 2 10 6 4 6 5 5 5 2 5 4 7 5 10 0 6 7 10 10 4 7 9 9 8 9 4 4 6 10 5 5 4 10 8 5 7 7 4 4 10 5 9 5 4 4 2 10 6 7 6 4 8 4 5 7 7 2 5 6 6 9 10 6 7 2 4 10 3 8 6 7 6 4 2 7 4 4 10 8 4 10 9 5 3 7 2 10 10 2 8 10 10 9 6 9 5 10 8 6 5 2 3 6 6 10 7 4 3 9 4 5 5 6 7 8 4 9 7 7 9 8 5 3 6 6
3 3 5 10 6 5 7 9 10 3 6 9 7 6 6 6 4 3 6 8 10 2 8 2 8 2 3 7 7 6 8 5 8 4 6 7 6 2 8 6 0 7 4 2 4 4 6 2 2 9 2 5 9 10 2 9 8 2 7 3 4 9 5 5 5 4 2 9 7 8 9 6 4 10 4 8 6 6 2 2 6 9 7 2 5 9 9 8 7 3 4 10 4 6 2 6 10 5 9 5 7 9 9 9 2 10 8 2 5 10 8 8 3 3 2 5 8 3 4 6 2 3 2 4 3 5 2 2 5 6 2 9 4 4 3 10 9 4 6 2 3 3 8 5 5 3 7 10 10 4
4 6 2 5 7 3 8 7 2 3 10 6 5 8 7 10 8 3 10 6 9 8 8 8 9 8 3 10 10 7 10 10 6 8 3 10 3 7 2 4 2 0 6 2 2 4 9 5 5 9 10 2 6 2 5 2 4 10 10 3 8 6 6 3 6 8 3 8 9 8 10 4 4 8 4 9 5 6 3 6 3 6 6 8 3 5 5 10 4 3 3 4 10 6 6 5 7 2 6 10 10 8 2 10 8 10 8 7 9 5 8 2 5 9 5 9 5 7 2 6 10 10 6 3 7 9 4 7 3 2 3 10 5 3 9 8 4 9 5 6 4 10 10 7 2 7 7 5 5 2
6 10 2 2 3 8 9 2 4 4 4 5 4 2 10 8 6 2 3 4 5 7 7 3 8 7 10 8 8 3 6 7 9 7 5 5 8 9 5 2 8 2 0 2 10 4 5 6 5 5 2 4 10 4 3 2 2 4 10 10 6 9 5 9 6 5 2 6 3 9 4 3 8 5 2 9 4 7 10 2 8 2 4 10 4 9 7 10 8 6 8 5 2 7 5 8 10 10 4 6 2 3 4 10 8 8 4 4 7 7 10 7 4 4 9 8 2 5 10 5 10 4 5 3 10 10 7 6 2 3 9 6 9 10 9 7 8 6 10 5 3 5 7 8 5 3 8 8 7 4
2 7 3 3 6 4 2 8 10 2 3 8 5 4 4 8 2 7 3 9 10 6 9 4 7 6 5 5 6 5 3 10 6 2 4 5 8 4 8 3 8 10 2 0 10 2 5 7 7 7 4 4 3 10 3 4 10 9 7 5 10 5 9 5 2 2 10 6 5 2 2 2 6 5 8 5 10 3 6 3 7 8 10 6 6 8 3 3 5 3 2 10 9 3 6 5 6 4 8 9 8 9 10 2 6 2 10 6 3 10 6 10 3 7 5 3 3 8 5 7 7 9 8 4 7 9 4 6 6 10 2 2 9 9 5 6 9 4 6 7 2 9 4 5 4 4 5 9 3 4
9 6 9 8 9 2 6 3 6 5 6 8 6 2 9 6 7 3 3 6 7 3 4 3 7 4 5 5 10 4 9 8 2 2 9 2 2 4 5 9 5 4 9 10 0 7 4 9 5 9 10 9 7 8 6 4 5 8 4 9 8 2 5 3 8 7 6 5 8 7 4 10 2 3 8 10 9 2 3 2 5 9 7 2 5 8 6 10 8 9 7 3 9 4 2 4 7 7 6 2 3 4 6 10 3 3 6 8 3 9 7 9 4 8 4 3 3 4 7 7 3 7 2 8 2 7 5 8 5 3 8 6 7 2 5 3 3 10 9 7 2 3 9 4 7 2 5 9 4 9
2 8 10 8 3 10 3 2 7 8 5 10 8 3 6 6 9 9 5 10 8 4 2 5 4 6 9 9 9 9 8 5 6 2 4 10 8 2 2 8 4 2 9 5 9 0 2 6 7 9 3 7 2 4 9 9 7 4 4 3 5 8 7 10 10 7 4 8 10 8 9 9 4 3 2 6 8 6 7 4 3 6 3 4 7 8 4 9 5 8 7 3 2 10 2 8 9 5 6 5 3 3 5 9 9 9 5 8 4 4 6 2 6 2 8 9 2 4 8 8 7 5 4 2 5 2 6 4 5 4 9 10 6 9 7 3 2 3 2 9 5 4 2 8 5 2 3 7 3 7
6 8 2 2 5 4 4 5 3 3 7 10 8 3 10 8 8 8 10 9 10 7 7 5 10 10 2 10 7 10 3 8 5 4 8 8 2 6 4 3 7 8 2 5 5 10 0 3 5 8 10 7 9 2 10 10 3 4 2 3 3 10 2 8 7 5 4 4 5 2 2 6 2 9 5 10 5 3 4 5 8 8 10 2 10 3 4 6 8 9 6 9 5 4 8 5 4 4 6 3 4 10 3 2 10 4 2 8 5 8 9 9 5 9 8 7 9 9 4 3 10 5 4 4 7 9 5 3 9 6 7 7 8 3 8 4 4 7 8 6 5 10 2 6 8 9 5 9 5 9
7 10 8 9 8 4 8 3 6 2 6 10 2 8 2 10 3 2 10 4 6 7 10 4 3 9 9 10 2 8 6 5 4 9 6 10 6 6 4 8 8 9 7 6 9 8 2 0 3 3 4 7 9 2 9 6 2 9 2 4 4 10 9 3 2 2 6 7 8 5 8 2 5 7 2 8 4 10 2 6 7 2 9 5 7 6 10 10 5 8 7 4 5 8 4 3 4 9 2 6 6 7 6 4 3 9 6 5 3 9 9 7 8 10 9 7 4 3 4 4 4 2 7 7 9 6 6 6 5 4 4 5 3 9 7 4 3 2 7 4 6 4 4 10 5 8 10 5 4 9
3 10 2 7 3 8 10 5 6 2 10 3 8 9 10 8 7 6 10 10 9 4 3 3 8 8 2 8 3 4 10 6 10 8 6 6 6 9 9 5 4 9 5 3 6 3 3 10 0 2 3 6 3 9 3 6 8 3 8 8 3 4 5 5 5 5 8 8 3 4 9 7 5 10 7 9 6 7 2 8 9 3 5 10 9 9 4 2 8 4 6 3 3 7 3 2 2 4 10 5 8 2 6 6 8 9 6 3 5 10 9 2 6 2 5 4 7 4 10 6 7 9 6 2 6 6 5 3 10 7 3 2 6 5 9 8 4 5 7 5 5 9 8 6 2 2 10 4 6 10
2 7 2 3 6 8 4 3 9 2 3 9 10 2 7 2 10 2 3 7 6 3 6 3 9 2 6 2 10 7 3 8 2 3 4 9 5 6 3 8 7 8 7 8 9 10 3 4 4 0 6 2 9 2 9 7 5 9 3 4 4 10 9 9 6 9 9 3 8 9 6 2 7 6 6 4 9 8 9 5 9 10 4 2 7 6 4 10 10 10 2 7 2 2 3 6 7 8 7 2 3 2 10 10 2 2 8 3 9 8 7 9 9 5 2 10 2 4 6 10 7 9 2 10 4 6 8 3 3 5 5 6 4 7 6 3 4 6 3 10 4 4 5 3 4 10 10 8 3 8
2 6 9 10 7 5 8 4 7 8 8 3 4 10 6 9 6 10 9 9 5 10 6 5 4 4 6 9 3 6 9 7 10 9 4 9 6 4 6 7 6 7 2 3 6 6 3 8 9 7 0 4 4 5 6 2 10 5 2 3 4 5 2 4 9 2 2 4 10 7 4 4 7 4 6 2 10 4 4 8 5 2 7 9 8 10 2 6 3 10 2 5 3 2 7 10 4 8 3 10 10 3 3 4 2 3 5 3 2 9 5 10 6 4 5 8 2 6 2 2 6 5 6 4 10 9 3 10 7 8 4 10 5 5 9 10 5 3 7 8 2 6 2 7 3 10 4 8 2 6
8 7 2 8 8 2 5 4 9 4 5 2 8 4 7 10 7 3 6 9 4 8 4 9 5 2 10 3 9 5 3 8 2 6 2 2 10 6 6 9 2 10 7 10 4 3 10 9 9 10 6 0 9 10 10 4 3 6 5 3 5 4 5 7 8 9 6 9 5 2 8 5 9 4 9 9 8 7 7 2 4 5 2 10 7 10 6 6 2 5 8 6 3 8 7 5 2 2 5 7 2 5 4 5 10 5 3 9 2 6 8 6 9 8 3 8 6 5 4 9 7 10 2 2 6 9 8 3 3 5 4 6 10 10 2 2 4 3 2 3 2 3 9 10 9 2 3 10 5 8
7 5 7 3 7 6 6 4 6 10 7 2 3 9 4 7 10 2 6 5 7 6 6 6 7 5 10 9 5 4 6 2 4 4 4 2 2 4 5 7 5 6 3 9 7 3 4 3 7 2 9 5 0 10 3 9 2 10 2 8 3 7 7 2 8 4 7 9 10 9 10 10 7 9 3 7 10 10 8 4 6 7 4 3 8 4 10 4 5 9 9 5 3 3 4 7 3 6 6 3 4 7 2 9 7 6 4 4 5 9 10 3 3 6 9 3 10 6 9 5 7 5 4 3 8 3 3 5 10 5 6 5 2 8 3 6 8 7 4 6 7 4 2 3 4 7 5 5 9 6
7 8 9 7 10 4 4 2 3 7 6 10 5 4 4 6 5 6 9 4 3 3 3 8 5 8 7 6 5 2 3 10 3 9 8 4 7 9 3 5 10 7 3 7 3 10 6 2 6 2 10 8 5 0 5 3 8 2 2 7 5 2 7 5 5 9 5 3 5 6 6 9 5 4 5 8 8 5 10 3 7 5 8 4 3 6 7 4 8 7 3 2 3 6 4 4 2 5 7 8 4 2 3 4 10 5 8 10 7 7 2 3 4 10 8 9 8 9 6 6 5 4 5 4 9 6 9 10 9 4 3 3 5 7 2 4 2 10 6 10 9 3 3 2 2 6 8 8 10 6
4 4 9 7 3 10 6 8 5 7 3 10 9 2 8 2 3 4 2 3 8 6 3 2 8 9 3 8 4 7 6 6 7 2 6 5 7 8 3 9 3 10 6 3 3 5 2 10 5 6 4 8 7 2 0 2 8 4 5 9 4 10 9 6 6 7 7 8 6 3 8 2 4 6 10 7 5 3 2 9 8 7 6 7 3 5 5 6 4 7 9 4 8 4 8 3 9 8 4 3 5 4 9 9 2 5 9 2 9 4 4 5 10 9 4 2 5 9 9 7 9 7 3 4 9 10 4 9 3 2 2 3 8 8 2 10 10 2 5 10 8 5 9 9 7 10 9 7 3 10
6 9 4 4 3 8 6 10 2 7 7 10 3 7 7 9 3 8 8 2 5 9 4 7 4 5 2 5 3 6 10 10 6 6 9 8 6 8 6 8 2 6 9 8 5 9 4 8 5 3 9 3 7 7 10 0 2 4 4 8 4 9 7 10 7 6 9 3 5 8 2 4 3 4 6 10 6 8 7 10 7 8 4 10 7 8 10 10 8 4 8 5 8 9 6 2 2 5 9 6 6 9 10 2 8 6 3 10 10 8 6 4 5 8 3 4 8 2 9 3 4 6 9 9 5 4 3 4 7 4 4 10 10 5 4 6 8 2 4 9 8 2 3 7 5 4 3 7 9 7
9 7 5 9 2 5 4 2 8 6 10 2 2 3 7 6 6 8 2 5 3 6 7 2 9 2 10 5 5 8 8 6 9 7 6 10 9 10 3 10 4 8 5 10 5 3 10 5 9 8 2 9 3 3 4 7 0 2 4 8 5 4 4 5 10 6 9 3 4 4 7 4 3 9 6 2 3 8 6 2 8 10 4 9 3 6 10 6 9 7 8 6 9 9 2 3 2 3 3 8 5 3 6 9 4 5 2 6 3 6 5 7 2 8 10 8 6 9 8 2 7 3 5 6 2 10 8 3 2 9 6 7 9 6 3 10 8 7 6 10 3 3 9 3 7 6 2 7 9 9
5 9 4 10 5 8 5 5 9 9 5 5 5 4 2 9 7 8 2 4 4 7 2 5 3 8 2 5 10 5 10 10 8 10 3 9 5 9 9 7 10 4 5 5 10 4 2 3 6 5 8 10 7 2 7 3 2 0 2 4 5 5 2 10 3 9 10 3 2 9 10 5 6 2 6 4 8 6 8 7 10 8 3 4 10 10 8 5 9 7 10 6 3 8 4 6 8 10 3 3 7 2 5 7 9 2 4 10 4 4 9 9 10 7 5 7 9 8 8 10 10 8 9 6 8 9 7 8 10 2 6 9 10 4 10 6 7 6 5 3 2 10 6 6 2 8 9 2 5 9
2 3 4 6 4 2 10 7 7 10 4 3 10 6 6 6 2 8 7 9 7 9 8 6 5 3 3 7 10 2 5 7 8 3 10 5 10 3 4 4 3 9 5 4 3 9 3 10 6 10 7 7 5 4 8 7 3 9 0 2 8 6 6 2 5 5 8 8 2 6 10 7 8 6 7 7 10 5 3 2 8 6 2 6 7 4 3 5 6 10 7 10 4 6 7 5 10 7 6 4 6 9 5 4 6 5 2 5 2 5 5 2 2 10 9 5 6 8 8 5 10 8 4 6 9 6 10 4 6 10 6 8 9 8 10 10 8 4 9 6 6 9 9 9 7 9 6 5 4 7
7 8 3 4 10 7 8 3 2 2 2 9 5 2 10 3 9 5 7 2 8 7 8 5 2 2 6 9 6 7 6 7 9 5 6 5 10 8 5 9 2 5 6 7 9 5 4 5 10 9 10 2 8 10 8 2 9 9 3 0 3 7 6 5 10 3 9 2 7 4 2 10 9 3 9 8 8 10 10 5 7 10 7 2 4 4 7 2 4 7 5 10 10 4 7 7 5 9 4 2 8 8 9 4 10 10 6 3 3 4 2 7 2 9 9 5 6 5 10 3 5 7 5 8 5 2 6 9 4 6 10 5 4 10 10 4 9 7 3 9 4 8 8 2 6 9 7 2 3 2
10 7 3 6 4 8 8 4 2 7 2 4 2 9 5 3 4 4 2 8 10 10 10 9 9 7 3 3 10 7 8 8 6 7 2 4 6 7 6 10 8 5 3 8 10 5 7 7 8 8 7 10 10 4 7 7 4 7 9 3 0 8 6 6 7 10 4 5 2 5 6 9 3 5 10 9 6 2 5 9 10 5 2 8 2 8 5 4 3 7 4 2 2 2 4 6 4 4 9 4 4 7 5 10 2 7 3 4 10 4 8 7 10 5 4 4 2 8 4 6 2 6 4 9 6 10 9 6 2 3 3 10 5 10 8 7 2 5 3 9 10 6 10 8 6 5 5 3 9 5
5 6 3 2 8 9 6 4 3 7 8 9 5 5 2 7 5 5 4 7 10 9 7 10 7 3 3 3 8 4 10 10 5 3 7 2 6 6 10 6 5 10 7 6 4 8 5 4 7 2 6 2 8 8 9 6 6 6 9 3 4 0 3 7 6 5 4 8 7 9 3 3 4 3 9 4 10 3 5 6 8 10 6 5 10 8 2 7 10 6 7 8 9 9 3 2 5 3 10 7 7 5 10 2 6 10 3 6 6 8 6 9 9 10 10 4 2 4 6 6 9 10 5 8 10 8 3 6 8 9 10 6 2 4 2 5 4 3 10 4 4 10 3 8 3 4 6 6 3 6
10 6 3 2 3 6 9 9 10 7 9 8 6 4 5 7 10 7 8 3 2 10 6 9 5 2 8 4 3 7 10 7 2 10 9 4 6 2 3 9 6 6 10 10 8 7 2 6 3 5 7 4 9 4 7 7 5 8 8 10 3 10 0 4 9 9 5 2 6 10 2 5 3 10 3 5 7 9 7 6 10 8 10 6 2 10 9 5 6 5 6 10 7 8 7 8 7 5 2 3 4 8 10 8 5 8 6 5 9 9 8 5 8 10 9 4 10 4 9 6 6 8 5 7 5 8 2 8 6 2 6 8 8 2 10 6 10 5 7 7 10 5 6 7 6 5 10 6 5 4
4 10 6 9 5 8 2 7 4 7 8 6 2 9 10 8 7 7 5 3 8 10 10 3 10 4 3 3 5 7 5 8 6 4 6 7 10 3 4 7 3 8 4 3 5 6 4 5 6 6 3 4 4 3 6 4 2 7 4 6 8 10 10 0 7 4 9 4 6 3 8 8 4 3 3 9 3 3 2 7 5 7 6 4 9 6 5 10 4 10 6 8 5 10 10 6 2 5 9 8 6 9 2 5 9 10 6 9 5 2 3 9 9 7 10 2 5 5 9 5 7 3 7 6 5 10 8 4 4 4 6 5 2 10 3 5 8 8 3 3 2 8 2 2 10 8 9 2 7 10
6 7 2 2 8 2 7 7 9 7 9 5 7 4 5 9 6 7 7 10 3 3 7 4 2 10 2 7 10 7 5 6 3 8 5 6 4 5 7 7 8 6 5 9 6 2 7 6 9 4 2 3 10 6 8 2 5 7 6 10 7 9 8 3 0 3 8 4 6 10 2 3 3 7 6 6 7 5 5 9 7 4 9 7 5 3 5 2 3 6 7 8 10 2 2 2 8 4 4 6 2 6 2 8 4 6 8 3 6 6 4 5 3 7 9 4 8 5 9 8 7 10 4 8 5 8 6 7 2 5 4 3 3 10 8 10 6 6 2 9 4 5 3 9 3 10 6 8 2 5
8 2 2 3 6 2 10 9 2 6 7 4 5 9 7 6 7 9 3 7 6 4 8 8 7 8 8 6 4 9 4 7 10 5 9 5 10 10 6 4 4 8 3 5 8 7 6 7 5 5 7 2 5 4 3 10 8 2 4 6 4 10 2 6 10 0 10 9 6 6 2 4 3 10 5 6 9 6 9 2 6 6 9 9 8 3 6 7 8 4 2 5 2 2 6 3 6 7 3 10 9 9 5 6 5 5 8 6 10 2 10 10 2 4 4 7 9 4 3 6 6 8 8 4 7 2 6 9 4 9 6 10 2 10 3 2 3 6 6 4 8 9 3 6 6 5 8 2 6 10
3 10 7 6 7 2 10 2 5 5 5 2 6 3 5 8 8 8 6 4 2 6 3 10 5 6 8 6 10 8 2 5 10 7 4 7 3 10 5 7 4 8 7 3 2 4 9 7 8 6 4 10 9 10 4 5 8 3 9 8 2 9 2 8 5 9 0 9 9 4 6 8 2 3 2 5 3 6 5 2 8 4 4 3 3 6 5 9 6 7 5 3 7 6 7 9 5 2 4 9 5 4 3 3 2 6 9 10 2 8 7 9 8 9 5 2 2 5 10 4 4 3 7 2 8 7 10 10 8 8 2 4 4 2 7 2 3 2 5 5 5 3 8 6 10 10 3 9 8 3
8 3 10 10 8 3 3 8 10 3 3 5 5 4 2 8 6 5 5 3 6 10 8 6 4 9 7 3 10 6 9 4 3 5 4 2 9 7 9 3 4 2 8 5 2 9 2 3 3 4 3 7 7 5 8 6 8 10 7 9 5 8 8 3 9 4 5 0 8 6 2 3 10 7 9 4 10 4 6 6 5 2 7 5 10 6 10 6 9 10 7 3 8 8 2 9 3 6 4 8 5 3 4 6 2 2 4 2 9 3 3 4 6 2 3 7 6 9 9 9 3 2 10 3 8 10 5 4 9 3 7 5 9 2 3 9 6 7 4 2 3 4 8 5 9 4 2 6 2 8
4 7 2 5 9 3 2 5 8 5 7 3 3 10 2 6 9 4 3 8 7 4 6 6 9 7 5 4 2 8 3 9 2 5 10 2 5 5 9 9 2 10 9 7 4 3 4 4 7 8 7 2 3 5 8 4 9 4 9 5 4 6 2 10 8 3 5 9 0 9 7 6 6 3 10 4 3 4 3 5 10 9 3 7 5 7 7 4 10 10 4 10 8 5 9 6 2 2 5 4 3 8 5 4 7 6 3 9 4 2 10 6 7 3 9 2 7 7 3 6 7 5 6 2 7 9 4 10 6 5 2 4 10 5 8 9 6 8 3 10 2 6 7 6 4 4 7 7 8 2
7 3 8 8 8 4 6 7 3 10 8 2 4 2 4 5 8 4 2 7 2 4 5 9 8 3 5 3 6 8 8 4 8 9 9 7 7 9 10 4 8 9 6 8 3 4 2 6 8 3 4 6 2 10 6 8 9 5 5 7 6 2 2 8 2 10 7 8 9 0 5 8 10 4 4 4 2 9 2 4 4 2 10 3 3 2 5 10 2 9 9 4 5 4 7 5 3 8 8 9 7 7 4 8 10 9 6 6 4 6 8 3 5 9 10 6 6 3 3 4 5 10 6 3 5 3 10 9 3 4 10 6 3 10 3 7 8 10 6 4 6 3 9 5 10 8 8 9 3 4
9 10 10 6 5 9 9 2 8 7 9 6 4 5 6 3 5 7 5 6 8 8 5 5 4 5 4 3 9 5 10 3 9 8 3 4 5 3 7 4 9 7 9 4 6 10 3 7 8 10 3 3 3 4 4 10 9 9 3 9 3 6 2 8 2 3 6 9 10 10 0 5 6 2 8 8 4 8 3 3 4 7 8 3 9 2 4 5 9 6 7 7 3 7 6 5 3 8 10 2 3 10 7 10 8 2 9 6 7 6 5 4 3 3 9 2 9 6 9 6 6 9 8 8 2 4 2 9 5 2 10 9 5 10 7 7 7 3 3 2 2 7 3 4 10 2 4 9 8 9
8 6 2 9 7 3 6 6 2 9 3 4 9 5 2 5 10 4 4 2 6 7 9 7 2 10 4 5 2 5 8 8 2 2 6 3 7 5 3 9 2 3 8 9 5 10 3 9 6 9 8 9 10 9 7 3 3 8 5 3 6 3 8 9 10 7 10 7 5 5 2 0 10 8 3 9 3 2 4 7 4 10 5 10 10 9 4 9 4 10 10 2 10 4 8 8 5 2 4 5 5 9 10 2 4 4 2 2 8 9 2 7 10 2 9 4 8 10 9 8 3 3 5 10 10 6 8 6 4 9 4 5 6 6 10 2 3 6 7 10 2 7 9 4 3 4 4 10 3 3
5 2 10 3 4 4 5 2 5 5 10 2 4 3 10 8 10 10 4 3 4 10 8 9 3 7 5 9 4 2 4 10 10 3 8 4 5 9 8 2 9 3 2 6 2 4 7 3 8 8 5 2 6 5 10 3 10 9 7 4 5 2 8 4 10 9 7 9 5 5 9 10 0 8 10 2 6 8 4 8 2 9 7 6 8 8 8 3 9 3 10 9 3 2 10 10 8 5 6 10 8 2 10 6 4 9 5 4 2 2 9 10 4 4 4 8 3 7 5 9 5 8 6 2 9 7 7 9 3 7 5 2 10 5 7 2 8 6 8 3 10 7 7 8 10 9 2 10 4 5
2 5 7 10 8 7 7 4 5 4 7 6 8 5 9 10 4 6 5 5 7 4 6 5 9 9 2 9 7 2 5 8 10 6 2 3 2 4 6 9 7 8 10 8 9 7 4 8 8 6 8 4 8 8 6 5 4 8 10 5 7 8 8 8 5 3 8 10 2 9 10 9 5 0 8 9 4 10 10 3 2 6 7 6 9 8 6 8 8 7 5 10 8 7 3 7 4 7 7 4 7 2 10 9 5 10 7 4 6 2 5 10 5 4 10 6 6 4 6 2 3 7 6 4 9 8 3 2 8 10 6 6 7 4 3 9 3 4 9 7 9 5 2 5 4 2 2 5 3 6
7 3 10 9 4 8 4 9 3 4 9 2 7 8 8 9 2 7 8 2 9 2 5 3 7 5 8 2 7 5 2 2 6 5 10 6 6 8 9 2 9 6 3 3 6 2 10 10 2 8 5 3 10 10 9 10 5 2 10 5 10 9 9 10 2 10 4 8 8 5 3 3 4 9 0 10 10 4 4 5 9 2 7 5 3 7 4 9 2 6 4 2 6 5 2 10 9 6 9 6 9 4 9 8 10 10 6 4 9 3 6 3 9 3 4 5 5 9 10 8 7 6 5 5 6 2 8 9 5 7 4 2 10 8 7 6 7 2 2 6 3 8 3 6 4 3 10 7 6 8
10 2 5 5 9 9 6 9 4 6 9 9 5 10 10 7 5 8 8 7 2 2 2 5 8 9 9 2 10 8 4 8 9 9 10 8 6 4 5 8 9 5 10 4 3 7 8 3 2 5 4 5 10 8 6 7 6 5 2 8 4 2 9 4 7 4 2 7 5 4 6 3 10 3 8 0 10 2 10 4 9 5 7 2 3 2 3 2 6 7 5 4 7 4 6 4 4 5 3 5 2 5 5 6 5 3 5 4 9 2 6 4 8 6 9 8 10 7 2 3 5 8 3 2 3 7 8 9 9 8 4 5 8 5 6 2 3 10 4 2 9 5 5 5 3 9 2 10 6 10
9 3 6 8 2 10 10 10 6 6 8 3 6 7 7 7 7 3 10 5 3 7 8 7 3 9 3 7 3 8 5 8 2 6 9 8 6 2 7 4 8 3 6 9 4 9 5 6 3 8 5 5 9 9 7 3 3 7 4 3 7 5 9 6 4 5 8 10 10 5 2 8 4 8 8 6 0 3 2 9 2 4 2 3 8 5 10 7 8 4 3 6 8 9 2 4 7 2 10 5 3 7 5 3 5 9 3 7 7 10 6 9 2 6 8 3 7 4 9 7 2 5 8 5 10 8 10 6 6 6 9 9 2 3 9 7 2 2 2 6 6 5 9 3 3 6 4 6 3 4
7 5 5 5 4 3 5 10 8 5 3 2 7 8 7 5 2 3 5 10 3 5 9 2 10 2 2 6 3 4 4 10 3 5 5 7 8 2 6 7 7 3 4 7 10 7 8 8 9 10 3 4 3 7 4 6 9 7 2 2 5 6 9 10 9 9 7 10 3 2 2 6 4 5 2 7 5 0 9 9 6 10 5 10 4 6 3 8 6 3 8 6 5 2 9 5 6 7 9 4 4 3 8 5 9 9 10 7 10 9 4 6 2 5 10 6 7 6 8 9 3 7 2 10 7 6 5 4 4 7 9 8 5 9 6 5 8 6 8 8 7 6 4 3 5 10 3 7 2 8
7 8 8 5 5 6 9 3 2 6 5 10 5 7 7 6 9 10 10 4 2 7 7 6 8 9 6 3 7 10 8 7 6 10 8 8 8 7 9 8 7 9 8 8 3 3 10 8 3 7 5 10 4 8 4 4 2 7 7 3 7 5 10 10 10 5 7 5 4 10 6 7 7 4 8 5 10 7 0 10 8 5 7 3 7 3 8 3 10 10 6 7 7 5 3 7 8 2 10 6 3 6 2 9 8 3 10 9 8 6 3 4 2 8 3 6 8 2 8 6 9 3 9 6 4 9 6 4 6 8 4 8 6 8 10 5 6 4 8 8 8 7 9 9 6 6 3 2 7 3
4 6 10 9 4 10 7 6 10 9 3 4 4 7 9 10 6 8 4 2 9 5 3 5 8 8 8 4 3 8 9 2 10 10 8 4 5 10 7 5 6 5 7 8 9 3 5 8 9 8 2 9 2 4 4 9 5 4 2 9 5 8 8 8 10 3 9 9 5 5 10 10 9 7 5 6 4 3 9 0 6 9 8 8 2 9 3 4 7 7 7 10 2 5 9 7 3 7 4 8 8 7 5 4 9 3 5 6 2 9 7 4 2 9 9 8 6 9 6 3 5 10 8 6 9 7 4 10 3 3 10 2 3 8 10 9 2 4 8 9 2 3 9 8 4 9 10 5 5 5
6 4 2 4 8 8 5 6 2 2 6 7 7 4 10 10 2 3 7 6 8 8 4 7 8 4 8 10 5 2 9 10 8 8 8 10 4 6 2 2 8 3 6 2 7 5 6 8 4 2 4 8 6 10 5 3 10 10 9 2 10 6 6 9 2 6 3 2 3 8 7 5 2 8 9 4 8 9 5 10 0 6 8 3 5 8 2 4 2 5 2 6 7 3 2 4 7 9 10 6 8 8 7 2 6 7 2 3 6 3 4 5 8 2 2 2 10 7 2 8 8 8 6 10 6 4 6 3 10 4 3 9 4 9 7 4 5 8 8 5 8 8 9 9 10 7 2 5 8 2
5 10 3 3 2 8 5 8 10 2 3 2 8 3 3 7 9 6 2 2 3 3 2 8 3 2 9 2 8 7 3 7 8 7 7 2 3 3 9 9 9 7 5 8 10 8 2 9 9 4 9 6 4 8 3 8 9 2 6 9 6 9 4 2 8 9 5 6 7 8 10 9 2 4 10 8 4 8 7 7 2 0 7 8 5 3 4 2 7 6 7 9 6 2 10 8 5 9 8 6 3 6 4 5 2 3 4 9 4 7 7 9 3 7 7 9 4 6 6 8 6 3 5 4 4 4 8 2 10 4 10 3 6 9 9 10 6 6 2 2 3 6 10 3 7 5 5 7 3 3
2 7 5 7 2 9 2 10 5 8 9 10 3 5 10 10 5 5 5 7 5 10 3 2 9 6 6 4 7 9 6 6 10 3 9 8 5 7 4 7 8 2 3 5 5 4 9 7 8 8 3 8 5 7 8 7 4 6 8 10 2 2 8 5 10 7 4 9 8 5 7 4 3 3 10 10 2 5 5 8 8 7 0 3 4 4 3 6 2 9 3 8 6 4 2 6 4 5 3 7 8 8 3 10 9 9 5 4 7 8 2 7 8 5 2 7 6 4 8 9 9 5 5 5 7 6 8 6 2 8 6 5 3 3 5 10 9 5 5 9 2 2 8 4 4 8 4 5 6 4
7 7 2 3 6 4 9 6 7 8 10 7 4 4 4 3 4 6 9 6 9 3 6 2 9 6 6 9 8 2 5 4 7 8 3 5 6 6 7 6 5 4 2 2 7 6 4 10 7 7 2 7 10 10 9 7 2 7 7 10 2 9 3 4 9 7 5 5 7 5 7 8 9 7 10 5 8 2 8 5 10 2 8 0 3 8 6 7 4 7 10 5 4 2 4 8 10 5 2 3 4 5 2 8 10 7 3 8 3 3 7 5 7 3 4 3 10 9 7 4 5 6 3 5 4 4 10 5 5 8 9 6 3 5 8 2 3 3 10 9 9 4 10 3 6 3 5 6 4 4
2 3 7 10 9 4 10 6 5 4 9 4 7 9 2 4 2 8 10 3 3 9 10 5 2 6 8 2 3 8 3 2 2 6 4 10 7 4 6 7 2 9 5 2 2 3 6 5 3 2 5 8 2 3 3 10 10 9 4 10 7 6 5 9 8 3 7 9 10 5 8 6 2 10 2 9 2 8 5 6 3 8 7 4 0 6 5 8 2 2 10 7 9 6 2 10 9 3 8 8 3 4 3 8 5 3 6 2 10 4 2 8 8 8 10 3 3 9 5 7 8 2 4 9 9 4 4 5 2 6 5 8 6 3 7 10 4 6 8 9 10 8 4 7 9 6 8 7 10 5
4 10 3 3 9 2 3 3 7 6 6 7 8 9 7 9 3 6 5 2 3 8 3 5 4 7 2 2 5 7 4 8 3 5 3 4 9 5 4 2 3 4 3 2 9 10 5 6 3 5 10 3 10 6 10 3 2 2 10 2 10 4 4 2 8 3 9 3 2 3 8 7 3 5 4 2 5 2 9 6 7 4 7 8 6 0 8 2 8 8 5 9 3 8 3 3 2 6 2 10 8 5 4 9 5 10 6 2 10 2 8 9 2 2 8 2 4 9 5 8 8 8 3 5 5 4 10 5 2 7 6 7 5 2 3 6 5 8 4 4 7 6 5 3 9 6 10 3 6 9
5 3 4 6 2 5 2 5 10 7 10 3 3 4 4 2 4 7 2 9 4 9 8 5 8 3 3 5 8 2 3 5 6 3 6 8 9 2 9 5 6 5 3 8 8 9 9 2 3 10 10 3 6 6 2 5 9 8 2 8 10 7 5 7 5 3 8 10 2 3 3 2 8 7 3 3 7 8 5 2 7 3 7 7 8 4 0 8 2 6 6 3 10 7 3 4 9 7 6 7 4 7 10 9 8 3 3 9 10 10 8 5 10 7 10 10 7 9 9 3 9 7 5 10 5 10 3 3 4 4 2 3 7 7 2 2 6 3 4 3 10 7 2 5 6 2 9 10 10 10
8 9 3 10 8 8 5 3 2 5 9 7 10 6 5 2 9 9 3 9 8 4 5 9 7 6 9 7 8 2 3 4 2 2 10 7 5 10 2 5 9 3 8 6 9 9 4 9 5 5 9 9 6 3 9 5 4 3 5 6 9 2 5 2 5 10 8 8 10 6 2 5 7 6 4 2 8 8 8 6 7 4 6 8 9 5 8 0 10 8 4 6 4 3 4 8 7 6 6 7 3 10 9 3 3 2 5 2 3 8 9 10 6 2 7 3 8 3 8 7 4 4 2 2 8 8 4 7 3 6 5 4 7 7 10 5 6 9 7 2 8 4 7 8 6 4 4 5 9 9
2 9 10 10 3 4 8 8 10 6 10 10 7 8 7 2 4 8 4 10 3 8 6 2 5 10 5 4 7 7 8 4 4 2 4 5 9 5 7 6 4 6 3 2 4 7 9 10 8 7 10 6 4 3 10 2 2 10 9 3 5 8 9 10 7 9 4 3 10 7 9 8 8 5 7 5 8 10 7 10 9 3 8 3 2 2 6 8 0 7 2 7 9 5 4 10 3 6 5 4 3 2 6 10 5 8 10 5 10 8 7 7 9 3 3 10 10 4 9 3 7 9 8 8 2 8 8 10 10 9 9 5 3 4 4 5 9 5 5 10 8 6 10 4 9 4 9 7 10 8
3 3 8 7 3 6 6 5 4 5 2 7 2 3 3 8 7 9 7 7 6 8 8 4 3 7 3 6 4 8 2 7 7 6 5 6 5 9 7 6 9 7 3 8 8 5 4 9 7 9 6 4 2 4 9 3 7 10 2 9 4 6 2 2 4 2 8 3 7 9 9 5 3 9 2 2 9 10 9 9 7 5 7 7 2 8 5 6 8 0 4 5 5 8 7 7 10 10 10 10 8 9 6 6 9 2 4 9 6 8 9 9 5 5 9 5 4 7 4 5 2 6 9 5 10 4 3 8 8 3 3 4 9 5 3 5 4 2 10 9 10 6 8 3 3 2 6 8 2 10
8 2 8 7 3 8 7 10 10 4 3 7 3 10 8 2 7 7 8 5 6 6 8 6 5 4 4 7 6 8 7 3 2 6 5 7 10 8 8 4 8 8 7 9 2 5 10 10 3 7 3 6 2 5 7 5 10 5 9 3 9 6 2 6 7 10 10 7 5 3 10 6 4 8 9 3 10 4 7 7 3 9 8 4 2 5 10 4 4 5 0 10 9 4 5 8 8 10 2 6 8 7 8 3 9 4 8 2 9 3 2 2 3 4 7 10 9 8 3 8 9 4 9 6 5 9 9 4 3 6 5 9 5 10 4 2 10 2 8 2 8 7 10 9 4 8 3 4 2 7
10 10 8 3 8 8 7 9 10 9 10 4 4 3 10 6 5 2 6 4 8 2 2 10 8 7 8 7 3 7 6 4 8 5 9 10 5 5 7 9 2 2 9 5 6 10 3 2 6 5 3 4 5 4 4 2 10 8 7 7 2 8 10 10 5 2 10 7 8 8 9 3 7 10 10 2 5 8 8 3 10 6 2 8 5 9 8 4 8 10 4 0 7 10 10 3 5 9 7 9 6 5 5 3 2 6 3 7 10 6 5 3 2 3 4 7 8 3 4 6 6 7 6 4 3 10 9 2 5 10 9 2 8 10 3 4 4 7 9 4 2 3 7 6 8 2 8 4 2 3
5 3 6 4 2 3 7 5 10 7 3 8 7 8 10 8 10 5 6 10 10 7 6 4 9 8 6 10 5 7 7 8 7 2 7 5 9 5 8 8 6 5 6 2 10 2 3 7 10 5 2 10 3 9 6 10 2 9 7 2 2 7 2 10 9 5 2 2 8 6 3 8 10 8 3 2 7 5 10 3 2 7 7 10 6 2 2 9 2 8 6 4 0 4 4 7 9 6 6 5 10 6 6 8 4 4 7 5 5 4 9 5 7 6 7 7 10 9 5 10 9 4 5 10 3 10 10 2 10 4 8 2 4 2 8 3 3 8 4 9 9 3 4 7 9 8 2 8 9 8
3 7 6 9 7 7 6 3 10 10 6 2 5 10 9 8 3 10 9 5 6 7 5 9 2 7 6 3 5 6 10 9 4 7 10 10 4 9 4 6 8 10 2 3 2 4 4 3 10 7 8 2 8 6 3 7 7 2 10 6 9 7 3 5 9 8 2 9 7 6 4 9 2 6 8 3 7 2 4 6 7 8 9 9 5 3 8 3 2 4 8 7 8 0 3 4 9 3 5 7 8 5 5 9 10 4 9 4 9 5 10 10 4 3 4 3 2 2 5 4 9 7 6 2 7 6 5 4 9 5 7 4 5 3 8 2 7 10 10 5 10 9 2 8 8 10 4 10 2 5
3 8 10 5 9 10 7 7 4 3 10 5 9 7 4 9 3 3 10 8 6 2 8 7 4 6 5 10 8 5 6 8 6 5 3 10 8 10 10 9 6 7 2 7 4 4 9 7 6 8 5 3 10 6 2 6 10 7 9 5 5 6 9 3 3 2 7 5 4 3 2 4 5 10 4 3 8 6 7 5 6 8 9 8 9 7 7 6 9 5 8 9 7 7 0 9 7 5 10 9 7 10 10 6 3 6 6 6 9 7 8 4 5 8 6 7 4 8 2 6 6 10 5 4 10 5 10 10 8 7 2 4 4 8 8 7 8 10 6 3 7 7 4 6 10 7 7 10 3 5
3 10 9 3 10 2 8 8 3 2 10 3 5 6 10 5 10 7 9 2 8 6 3 7 8 8 3 3 9 8 5 8 8 9 8 9 5 7 8 5 10 10 5 3 5 10 8 6 10 7 4 9 9 10 6 8 8 4 4 8 2 7 7 2 5 8 2 3 7 10 6 8 3 10 7 5 5 2 3 10 2 6 8 3 8 10 8 6 6 10 9 8 3 4 6 0 8 4 6 2 10 7 7 6 3 10 9 2 4 5 5 6 10 6 9 8 5 3 5 2 6 8 3 4 6 7 8 2 6 5 9 4 7 6 4 2 9 8 3 2 5 9 2 8 6 6 8 9 5 3
5 6 8 2 2 9 5 3 4 10 6 10 6 7 7 2 9 2 3 7 7 4 2 9 6 3 7 6 7 3 5 4 8 5 7 5 7 3 10 3 5 3 2 8 8 6 6 10 7 10 4 9 4 3 10 10 8 3 5 9 9 4 10 2 6 2 2 4 10 2 4 6 2 2 3 9 3 10 10 4 5 7 9 3 5 9 2 8 7 4 6 10 4 4 2 3 0 2 8 4 6 4 6 2 9 8 6 9 3 3 3 8 6 3 10 10 7 2 10 7 6 8 7 3 7 8 9 9 4 10 5 6 2 9 6 5 7 3 9 10 10 10 2 5 4 7 3 9 4 4
6 2 8 5 7 7 4 2 7 5 8 2 4 8 3 6 4 10 6 9 4 9 7 10 2 5 8 2 10 6 6 8 3 6 8 3 9 4 3 9 9 9 7 4 3 9 4 8 10 2 7 5 10 9 9 7 2 10 2 10 8 2 6 2 3 8 4 9 9 5 8 7 3 7 6 5 2 7 4 4 5 9 6 10 9 2 5 9 4 4 10 6 2 2 9 9 3 0 7 5 8 3 3 5 8 6 2 3 5 9 2 5 5 2 10 2 5 4 3 8 3 3 6 2 10 9 5 2 10 6 7 8 10 3 6 5 5 7 2 5 5 8 3 4 7 2 9 4 6 9
7 2 3 9 8 3 8 5 4 7 3 5 3 7 8 3 4 2 4 6 2 9 3 5 3 6 8 4 5 4 6 10 8 5 4 7 5 10 7 8 2 2 9 3 9 8 7 7 2 7 7 9 5 2 3 10 4 5 6 4 7 3 8 10 9 4 4 7 9 9 6 5 5 7 6 8 2 4 4 10 2 2 6 10 2 3 2 8 2 3 8 5 6 9 9 9 6 5 0 2 5 8 9 10 3 8 3 2 5 7 6 9 10 3 2 7 6 10 3 3 8 7 2 7 8 9 9 9 5 8 10 10 8 5 5 3 9 7 9 6 8 3 9 8 8 9 5 6 7 5
7 7 7 4 5 7 6 3 3 10 3 6 3 5 9 5 5 2 8 10 10 4 4 9 5 9 5 5 4 2 5 6 2 4 5 9 2 7 5 2 2 6 9 6 5 3 2 4 3 2 2 8 9 6 9 8 10 4 5 10 2 9 10 9 8 4 2 3 4 10 3 7 5 9 5 5 8 10 6 7 5 3 9 5 5 3 3 8 8 9 2 4 7 5 7 6 10 8 4 0 8 4 3 10 9 4 3 2 7 3 5 7 4 8 4 7 4 9 4 6 4 4 9 2 2 9 2 5 6 9 7 5 3 3 6 10 8 4 8 3 2 4 2 7 10 8 10 10 10 10
5 10 9 8 3 10 10 3 2 3 9 5 2 4 2 10 5 4 4 3 3 3 4 8 6 2 8 10 2 7 5 9 7 4 10 4 9 7 8 2 10 5 10 6 10 8 3 7 3 7 6 6 3 7 2 4 8 6 3 4 4 2 3 3 7 6 5 4 6 5 5 10 4 10 5 10 7 4 5 7 4 9 2 9 2 5 4 2 9 5 9 8 2 9 6 7 8 10 7 6 0 4 6 6 5 6 5 6 4 8 2 10 6 8 7 4 4 4 6 2 3 4 8 9 9 3 4 7 2 3 7 7 6 5 10 8 9 4 10 3 5 2 8 6 2 3 3 4 8 4
3 9 3 9 8 2 3 8 4 3 3 4 9 3 9 10 10 6 9 10 8 7 9 7 4 4 9 8 9 8 3 3 8 6 8 7 2 3 7 8 2 8 4 10 5 3 9 9 7 4 4 6 8 4 3 4 3 2 9 10 3 5 5 7 8 10 9 7 7 3 9 5 4 7 9 2 9 8 4 9 9 4 5 5 4 5 6 6 8 7 3 9 8 7 3 5 5 5 3 4 7 0 8 3 4 4 5 2 10 9 4 2 2 6 4 8 6 6 7 8 8 2 3 2 4 6 6 8 10 7 9 4 9 3 2 8 9 3 5 7 7 8 9 7 7 10 7 10 6 4
6 2 3 10 2 3 10 10 2 10 4 9 5 8 6 6 7 4 10 8 7 10 2 10 2 2 8 3 7 2 9 6 8 8 10 8 5 5 10 10 3 5 4 9 4 2 2 8 2 10 4 10 3 10 7 7 5 7 7 3 6 2 2 2 10 4 7 7 3 3 7 5 4 9 3 5 2 2 7 7 4 2 6 3 6 7 5 6 4 2 8 8 9 10 2 6 2 8 9 7 7 7 0 7 10 3 3 7 6 5 3 9 4 4 2 10 8 7 9 3 5 7 3 6 10 3 3 5 2 5 2 4 2 8 4 4 10 6 6 2 8 4 6 10 9 10 2 7 9 3
10 2 2 10 4 7 5 3 3 5 6 5 2 10 9 9 2 2 3 10 2 4 7 8 3 4 2 6 4 8 9 9 3 2 8 6 8 7 3 6 3 5 5 5 2 7 7 3 6 8 10 7 9 6 8 9 6 9 10 6 9 2 5 7 6 3 2 7 4 9 8 9 9 8 8 9 9 5 7 6 5 6 3 9 3 8 7 6 8 8 5 7 8 8 2 10 8 2 6 2 5 5 2 0 6 5 7 4 4 8 4 8 4 6 10 8 10 8 10 7 2 6 3 3 4 5 3 6 7 3 8 4 6 5 8 9 5 8 2 4 4 3 4 3 10 5 3 6 3 10
2 6 3 9 9 4 9 7 9 7 9 10 9 5 2 6 5 8 3 6 7 5 6 6 2 3 4 3 3 2 6 5 2 6 5 3 6 9 8 9 6 2 2 2 4 10 5 6 2 4 4 5 5 10 3 8 8 3 5 8 2 9 8 3 5 5 10 6 5 5 8 9 7 9 2 7 2 6 10 2 7 9 3 5 9 4 5 9 8 8 8 8 6 3 7 4 2 3 8 5 4 8 6 6 0 9 2 2 10 6 2 3 9 7 3 4 6 10 7 2 9 9 10 3 10 7 4 3 7 4 7 6 8 7 4 8 8 2 4 10 10 6 10 4 7 5 2 7 6 3
10 4 9 3 7 2 9 9 9 5 7 7 6 8 2 7 7 8 8 7 6 3 8 7 10 3 2 8 8 4 2 6 7 5 2 4 6 2 4 7 5 4 4 4 5 9 6 5 5 2 4 7 6 4 9 7 8 2 9 3 3 7 8 3 4 4 8 2 6 2 5 2 3 5 3 7 2 4 8 5 9 7 10 2 10 9 7 3 3 6 7 8 8 4 8 10 7 8 10 2 7 10 8 7 8 0 10 7 2 5 2 9 3 8 2 2 7 2 5 9 2 10 9 3 6 10 8 7 9 3 3 8 8 8 4 4 2 7 9 6 5 2 7 7 4 2 6 4 2 5
7 6 6 7 5 6 2 2 3 8 8 7 7 9 8 8 5 5 6 8 2 9 8 6 5 5 3 10 5 2 2 9 5 10 6 7 4 5 4 4 2 5 7 2 2 3 9 8 5 10 7 9 7 9 5 6 7 9 5 7 8 9 8 9 5 10 10 2 3 2 9 5 7 7 6 2 2 8 9 7 6 7 4 2 5 6 2 4 6 7 3 2 9 8 10 2 4 8 9 7 4 5 8 9 9 8 0 8 2 7 9 3 10 7 6 5 8 10 6 5 6 4 6 9 6 10 3 3 10 3 5 9 8 4 10 3 4 5 6 2 7 2 3 5 6 9 8 9 4 2
7 6 2 8 9 8 3 8 9 9 4 2 3 4 8 6 3 9 10 8 10 3 5 8 6 4 6 9 6 5 3 4 4 8 4 9 10 6 7 2 4 5 8 5 5 6 6 9 10 4 8 6 4 9 3 4 4 9 8 8 3 5 5 5 2 5 10 3 2 10 6 9 9 7 5 3 7 6 9 6 10 8 5 6 3 2 9 10 4 6 3 6 4 6 6 3 4 6 2 9 9 3 4 4 8 5 8 0 2 6 8 6 10 4 7 7 10 8 3 5 7 5 4 6 7 9 2 3 2 2 9 3 7 3 5 10 4 4 4 2 3 10 8 4 2 5 4 3 4 2
4 2 2 5 6 10 4 5 5 8 9 6 8 10 9 10 2 10 7 8 7 7 9 2 10 6 5 4 2 2 8 6 2 3 6 8 7 5 10 6 5 10 7 2 4 5 8 9 9 5 10 4 4 4 4 6 6 2 5 3 10 4 2 3 3 9 3 9 7 6 4 10 7 10 4 3 2 4 9 7 3 6 2 5 6 6 7 2 7 3 4 3 9 8 5 8 3 2 9 6 3 8 8 10 10 8 9 2 0 8 10 5 5 10 6 5 3 2 10 8 6 5 3 8 5 6 9 2 10 8 3 4 8 5 10 9 7 9 9 8 2 4 3 9 10 5 6 2 8 9
7 6 8 4 9 8 4 3 2 6 7 7 7 8 5 10 3 5 2 4 7 2 7 2 4 2 3 2 10 5 9 7 9 3 5 5 4 5 2 9 5 4 5 4 3 10 8 4 4 4 10 5 8 9 2 2 10 7 10 6 8 5 7 4 3 6 9 10 9 9 10 9 5 8 6 4 4 8 6 8 8 8 5 3 2 8 7 8 6 7 7 10 7 3 10 9 2 4 9 2 8 8 8 2 4 3 6 2 3 0 9 4 2 2 5 3 7 4 9 9 8 7 2 2 10 10 4 9 5 2 3 6 10 8 10 4 9 9 2 8 2 5 2 2 9 6 5 4 5 7
10 8 8 8 3 3 8 2 8 5 9 2 9 8 6 2 9 6 6 9 5 3 8 3 8 7 3 3 6 6 3 6 9 3 6 5 7 5 5 2 8 4 6 2 8 10 6 2 9 9 7 9 6 10 5 10 9 5 3 2 6 7 10 10 4 5 5 9 2 2 2 2 7 6 9 6 2 2 6 8 2 9 10 5 7 4 8 2 7 2 10 4 8 9 10 4 9 6 9 6 2 4 9 4 2 10 5 3 9 7 0 2 4 8 3 5 10 7 7 7 6 9 8 9 6 3 5 5 7 9 7 3 5 9 10 2 6 4 5 10 6 7 7 3 8 9 2 3 6 4
4 5 4 2 7 6 7 5 5 10 8 10 3 6 3 8 6 8 4 5 10 2 4 3 2 3 6 8 4 5 6 2 4 2 8 7 6 9 6 8 10 10 5 10 4 8 5 4 7 10 3 7 10 9 10 3 8 5 5 2 2 6 8 4 7 6 4 9 4 7 2 3 9 7 8 5 8 6 7 5 9 7 4 7 10 6 6 4 9 4 9 10 2 3 6 4 9 6 9 9 5 8 10 5 2 3 8 5 4 5 10 0 4 8 3 4 3 5 9 6 4 5 2 7 3 3 10 3 2 2 10 7 3 7 3 8 6 3 4 9 4 2 4 6 4 10 5 4 10 5
7 7 10 8 8 2 5 6 6 7 6 8 9 6 2 8 4 6 7 2 9 8 4 9 5 8 3 4 5 8 7 10 2 7 5 10 9 8 5 7 4 7 9 10 2 5 9 8 3 4 6 8 3 7 5 8 6 5 3 7 4 6 5 8 5 9 8 7 3 5 2 9 3 9 9 4 8 10 10 5 3 7 8 10 8 6 10 7 8 10 5 10 10 6 5 5 10 8 9 8 5 2 6 3 7 10 7 6 5 3 6 4 0 9 2 8 2 3 10 9 5 5 10 3 7 4 8 6 3 9 7 7 5 6 4 4 8 2 8 6 9 4 2 6 5 7 9 2 5 10
10 8 8 10 6 2 10 8 9 4 9 4 4 10 5 4 10 3 6 5 10 10 3 8 9 3 10 9 7 4 2 2 4 3 9 4 10 9 3 2 2 6 2 7 9 10 2 8 5 3 5 3 4 2 5 8 3 3 4 10 5 8 5 6 10 8 7 4 4 8 3 7 3 9 8 5 2 5 8 4 10 2 4 9 8 6 2 3 7 3 3 4 2 6 7 3 10 10 10 3 2 10 2 2 8 5 4 3 9 3 9 8 9 0 2 4 7 7 2 2 2 2 8 7 7 3 6 3 4 7 2 7 7 5 8 3 3 10 9 3 10 5 10 2 10 4 3 3 7 10
8 9 2 4 10 6 7 3 4 7 6 7 4 2 2 4 2 2 5 9 3 4 4 9 5 2 4 6 6 2 5 9 7 7 10 5 9 2 5 5 6 4 8 5 10 8 6 9 4 7 5 10 7 6 8 3 10 5 8 3 10 6 4 7 3 6 6 2 6 7 4 6 9 5 7 9 6 8 3 3 10 5 9 4 5 3 8 8 6 6 10 5 6 4 10 6 10 2 8 9 2 3 8 3 7 8 5 10 7 9 10 8 2 6 0 4 5 8 8 6 8 7 6 9 2 2 6 5 5 9 2 7 4 5 4 6 10 4 6 5 4 3 4 2 4 9 6 7 7 6
8 8 8 5 5 8 6 3 9 3 2 2 3 6 2 10 6 10 3 4 5 7 9 6 6 3 5 8 9 10 6 4 2 10 4 4 5 6 6 10 3 8 6 9 3 7 10 6 10 7 2 6 5 8 2 6 3 3 8 5 4 4 6 7 6 4 8 9 7 8 7 4 8 7 9 5 7 3 5 9 5 2 5 4 5 6 3 10 9 8 8 9 10 3 3 9 5 10 4 2 7 4 5 7 9 5 4 8 4 2 2 8 9 7 8 0 6 4 7 6 5 5 4 4 5 3 2 10 9 8 4 3 7 3 7 3 8 4 6 9 2 10 5 4 6 3 5 10 6 7
2 4 5 2 6 7 9 3 4 8 6 3 9 3 8 5 4 10 2 3 2 7 3 3 5 10 8 10 8 4 9 9 2 3 4 7 5 4 8 8 4 5 7 2 6 6 3 5 3 8 3 2 6 8 8 10 4 2 3 6 3 7 10 8 5 2 5 3 5 2 6 9 3 4 6 7 9 3 5 3 4 3 10 2 9 5 8 2 3 2 7 6 4 5 7 3 10 6 4 4 4 5 9 7 6 6 7 10 6 4 9 4 4 3 5 9 0 4 7 10 9 3 2 2 4 3 3 8 10 2 3 7 10 6 7 6 2 4 3 5 2 10 2 4 8 2 5 6 7 9
4 5 4 7 3 3 7 5 6 7 9 7 8 4 6 2 5 2 10 9 6 3 9 6 8 7 3 8 8 2 9 7 8 7 8 4 6 7 2 3 3 2 9 4 7 6 3 7 7 2 8 6 9 5 6 3 5 9 4 3 9 2 8 2 3 4 4 6 6 6 9 6 8 3 10 9 9 9 5 5 5 8 7 2 8 10 2 8 4 8 3 3 4 10 4 7 8 10 2 10 3 10 2 5 4 6 4 5 9 2 6 2 3 7 10 7 7 0 8 5 6 5 4 10 6 10 2 3 10 4 4 8 2 6 8 9 7 6 3 8 9 4 6 9 2 10 10 2 8 9
10 7 5 6 2 7 7 6 3 3 3 10 6 2 7 10 2 4 3 9 6 3 10 5 10 8 8 7 8 4 9 3 3 8 5 2 5 3 9 3 2 9 6 5 9 4 4 6 9 7 4 3 5 7 10 3 10 7 4 6 10 4 7 10 6 8 5 4 2 6 6 5 10 10 3 5 2 5 9 9 2 4 8 7 3 8 6 4 2 3 7 3 4 2 6 4 2 4 6 3 7 6 2 5 3 2 8 9 5 9 10 7 3 10 3 7 4 3 0 3 7 3 3 6 2 3 8 4 10 2 5 2 10 5 5 2 10 8 9 4 5 2 3 5 2 9 7 3 8 7
9 6 10 5 7 6 3 2 10 2 4 10 7 4 10 3 8 9 8 4 7 7 7 6 8 7 9 10 8 8 2 5 2 4 9 6 2 7 9 6 9 10 9 6 9 9 10 9 8 8 7 10 7 2 2 9 10 2 5 4 3 7 7 5 8 4 3 3 10 3 9 8 7 7 10 10 4 9 3 9 9 7 3 8 6 4 7 3 5 3 10 10 8 6 6 7 8 6 8 10 8 9 2 7 3 5 3 3 8 6 10 4 4 10 8 4 8 9 5 0 2 7 4 8 10 6 6 2 3 7 2 8 9 10 4 9 5 6 4 8 3 5 3 7 7 4 8 3 4 8
10 2 3 8 9 10 3 7 6 5 4 8 2 2 3 2 9 5 8 5 9 10 2 4 3 5 5 7 7 5 4 9 6 2 5 7 7 3 10 8 9 2 2 5 4 9 3 4 9 4 10 3 6 2 8 10 4 2 3 9 2 2 9 9 4 4 7 9 2 7 10 4 3 6 7 10 3 5 6 6 2 10 3 6 8 8 6 2 7 9 5 5 2 8 9 10 2 3 9 10 7 8 9 8 10 4 10 5 2 9 4 6 9 3 6 6 10 9 9 7 0 7 2 7 4 3 4 8 10 3 6 10 6 2 7 2 7 7 4 9 4 3 9 3 5 4 8 3 10 4
10 3 3 7 5 2 6 7 2 5 9 10 3 4 5 10 3 6 8 7 6 7 7 3 5 3 9 6 10 2 9 4 6 4 4 10 8 8 4 2 8 4 2 10 10 8 3 3 7 9 3 2 4 8 9 6 3 6 4 9 3 10 10 10 8 7 8 10 5 6 7 5 7 2 10 2 8 4 8 6 2 5 9 10 5 3 8 6 2 8 5 6 3 6 8 9 9 8 7 10 4 10 10 10 5 4 8 4 6 10 9 4 10 10 10 3 6 5 10 3 5 0 10 3 7 3 8 3 4 3 3 5 4 2 10 4 4 5 4 8 7 8 3 8 3 4 10 7 10 10
7 8 9 3 9 7 6 3 8 6 10 7 2 10 2 8 6 4 10 2 6 9 3 10 3 7 8 6 9 10 6 8 7 8 3 2 7 6 5 9 9 4 7 9 8 8 2 7 8 4 4 9 5 3 10 6 6 4 3 4 7 7 6 6 2 3 4 10 3 5 10 7 6 6 8 9 2 8 2 10 4 6 7 10 8 4 3 8 6 7 8 5 8 10 2 7 7 10 6 9 3 7 4 6 3 4 6 2 9 3 2 3 6 7 7 8 3 10 4 8 7 7 0 4 8 3 8 4 5 2 10 4 9 4 5 9 8 6 2 8 2 10 5 6 5 4 2 9 10 7
7 8 10 9 8 9 6 7 9 7 2 3 9 3 5 3 8 2 7 7 2 6 3 4 4 2 10 7 10 4 3 4 5 6 5 10 3 5 6 7 6 8 2 3 9 4 4 5 2 7 10 10 6 9 5 4 3 6 9 6 7 5 4 5 5 5 4 7 7 2 6 10 10 5 10 2 6 2 5 2 9 9 7 3 5 7 3 7 6 4 3 9 4 10 4 3 5 7 7 9 6 4 9 5 10 4 2 9 3 6 8 7 3 2 3 3 6 4 9 2 7 4 2 0 9 3 6 6 6 5 7 5 6 6 6 9 8 4 4 2 3 4 6 6 10 7 2 10 4 6
5 5 10 6 9 7 8 7 8 2 5 10 2 6 5 7 8 4 9 7 6 9 6 8 5 10 5 5 2 9 5 2 10 5 5 9 5 2 5 10 4 9 4 4 5 4 3 10 2 5 5 9 3 8 7 6 3 3 8 10 2 5 10 5 8 3 5 8 7 6 6 8 7 6 2 3 7 9 3 6 9 2 5 10 6 5 3 3 8 3 4 3 2 3 8 5 7 2 10 4 2 4 3 5 4 6 8 2 5 8 9 6 4 8 10 2 6 6 10 5 2 9 5 5 0 9 9 4 5 9 4 6 8 7 3 7 7 5 2 7 10 3 3 8 2 10 3 6 4 6
3 10 7 3 3 6 9 4 3 3 8 4 6 10 10 3 4 9 9 2 6 10 7 6 9 5 8 2 9 2 5 6 6 7 3 3 4 2 7 5 7 10 9 4 2 2 9 7 8 10 4 8 7 7 7 7 4 7 7 10 6 4 7 10 4 10 6 4 2 3 6 10 2 6 6 9 9 9 7 9 5 8 10 6 10 6 4 6 10 8 3 3 9 5 2 4 9 9 9 3 2 6 5 9 6 3 9 5 2 3 10 3 6 6 10 2 8 4 9 5 9 9 4 5 6 0 7 4 10 10 4 3 5 4 8 2 7 10 8 4 9 9 3 6 9 8 9 10 9 7
8 3 2 6 2 10 7 5 6 7 2 8 3 10 10 3 6 6 10 3 3 4 5 6 8 9 6 3 5 8 3 7 8 7 8 7 7 5 5 7 10 9 7 7 8 10 3 2 10 6 9 6 3 2 2 6 7 4 7 3 10 5 10 10 6 9 3 4 10 5 7 2 3 7 9 5 8 8 10 7 9 3 9 5 8 7 6 7 9 9 7 4 5 7 7 10 5 3 10 3 6 10 3 6 7 8 5 9 3 2 4 5 7 2 6 3 3 10 6 8 7 4 3 8 3 9 0 9 2 6 8 6 3 2 2 5 7 4 7 3 4 7 6 9 3 4 2 9 4 5
7 6 4 6 7 6 4 8 4 7 10 2 8 3 6 5 3 5 7 5 3 3 7 10 9 7 7 8 4 9 7 5 9 7 3 3 10 7 3 5 8 6 7 5 3 7 2 4 9 5 5 10 10 2 8 3 4 7 7 7 8 10 4 3 9 9 5 9 9 6 2 7 7 6 7 3 7 9 7 3 10 4 3 3 8 7 8 5 2 6 4 3 8 10 2 9 8 10 2 7 7 5 3 2 2 9 8 2 8 7 8 7 10 8 9 7 5 7 8 4 2 5 3 6 5 5 6 0 5 3 4 10 9 8 3 5 7 3 8 6 9 6 7 2 9 6 2 8 9 10
7 6 5 7 5 6 10 4 8 6 6 9 4 7 4 9 3 8 5 8 8 9 8 3 10 3 8 6 7 4 10 4 8 6 10 2 6 10 4 5 7 2 9 2 6 10 8 4 2 10 10 9 9 10 10 7 3 6 6 2 6 7 7 7 7 10 8 7 2 4 9 4 3 10 9 8 5 9 4 2 7 8 6 3 10 2 4 6 8 6 3 6 6 6 9 8 8 6 7 5 3 9 6 6 7 4 10 4 4 3 3 6 4 2 6 2 5 4 10 8 2 5 6 8 10 9 7 2 0 3 3 2 6 5 3 3 8 4 8 10 2 2 4 6 7 2 9 8 6 7
9 2 10 2 4 6 3 10 4 4 7 3 2 8 4 10 8 8 4 3 4 10 6 6 4 8 9 8 5 3 10 8 2 10 10 5 4 7 2 9 10 8 6 6 8 5 6 10 10 2 8 9 2 7 10 6 2 3 8 2 10 9 6 8 7 3 2 4 4 4 5 6 4 10 6 4 3 7 7 2 4 4 7 8 10 6 7 4 7 7 8 10 6 3 10 4 5 5 9 6 7 2 7 9 3 9 2 2 6 7 7 8 4 6 10 6 6 6 6 3 2 8 8 7 3 2 2 4 3 0 9 6 5 8 7 6 5 5 2 9 10 2 9 2 9 9 4 9 7 9
2 3 10 3 8 2 3 9 6 10 4 9 5 8 5 4 10 10 10 7 5 3 4 9 4 5 7 10 10 6 2 7 3 4 2 2 3 9 5 3 5 7 10 2 5 7 4 10 6 10 6 5 10 2 9 4 6 9 9 3 5 3 9 4 9 10 8 5 3 7 8 8 10 7 9 6 6 7 9 3 9 9 9 2 3 2 2 5 8 2 2 8 3 2 4 10 6 7 5 4 4 9 2 9 10 2 9 4 7 2 6 7 2 2 4 3 7 6 2 4 4 5 7 4 5 5 4 5 7 8 0 9 6 7 3 6 4 4 9 4 4 8 9 6 10 3 7 8 3 10
9 5 4 6 8 8 3 2 4 6 10 9 6 9 3 6 10 5 5 6 10 10 10 3 7 5 5 5 2 8 5 2 9 2 8 2 4 4 7 3 5 4 5 5 10 4 5 8 7 7 5 6 7 9 3 5 3 7 10 5 5 2 2 10 6 2 4 5 8 3 5 10 10 2 7 4 7 10 8 5 5 6 10 3 10 10 7 4 2 9 10 9 7 5 5 7 7 9 8 5 8 5 4 9 2 3 3 5 10 5 8 9 2 3 3 7 2 2 4 8 8 2 5 10 3 7 9 6 10 6 5 0 8 5 9 8 9 2 2 9 10 9 8 8 8 3 8 2 7 3
2 7 3 6 9 5 5 4 3 5 6 10 9 4 2 8 3 2 2 9 5 8 5 8 9 4 6 10 4 3 5 6 3 5 3 4 8 9 4 7 4 10 5 4 2 6 10 2 5 2 5 9 9 8 4 3 6 10 9 3 4 8 8 2 8 6 7 3 9 3 2 3 5 5 10 10 2 4 7 3 9 2 4 3 4 5 7 8 10 3 3 7 2 6 10 3 4 4 9 7 6 10 6 2 4 2 3 6 6 7 7 9 2 8 10 2 5 5 5 6 4 8 5 4 5 10 3 6 8 7 5 5 0 10 4 3 6 10 9 2 2 8 7 6 5 2 8 4 10 10
2 8 5 10 7 6 3 9 5 6 7 5 5 4 8 3 4 5 4 9 9 2 2 6 10 6 7 7 2 3 2 8 9 2 7 10 7 10 5 6 9 3 7 10 2 5 8 2 3 8 5 4 10 3 4 10 8 2 10 10 7 5 2 8 8 8 4 7 3 7 2 10 9 2 3 10 8 6 10 10 7 6 9 10 7 8 3 3 7 2 4 2 5 6 9 8 2 10 5 6 5 4 10 3 9 7 7 3 6 9 10 8 10 10 2 9 7 3 8 4 4 4 8 5 5 2 6 4 10 9 7 9 7 0 3 6 6 6 8 6 9 9 5 6 7 6 5 4 10 6
7 6 10 6 2 5 10 8 8 4 5 3 5 4 3 3 2 7 9 7 5 9 2 8 7 10 3 4 7 9 8 2 2 10 4 8 10 2 6 4 5 10 9 8 10 10 9 7 10 5 8 7 2 4 4 3 10 3 10 4 8 10 9 3 9 10 4 4 6 10 8 6 4 7 2 7 2 8 9 8 8 2 2 7 7 5 3 7 10 5 4 9 3 10 5 3 9 4 3 7 2 8 8 3 7 4 7 2 2 9 3 7 5 3 8 5 7 5 4 8 3 9 9 3 4 10 2 8 6 4 5 2 10 6 0 3 4 2 10 10 5 7 4 7 10 6 6 5 5 10
6 8 10 9 9 4 2 7 3 2 10 4 10 6 3 4 2 7 9 7 8 9 2 3 6 7 4 3 7 6 8 5 6 10 6 5 4 2 8 8 8 4 10 4 8 3 10 6 8 6 6 9 2 5 2 5 5 7 9 8 9 5 3 2 7 8 3 2 9 4 8 5 9 2 6 7 5 8 4 4 4 10 9 2 2 3 10 10 8 9 7 7 10 5 4 4 4 7 9 5 9 8 7 9 3 10 6 10 7 9 8 3 8 4 9 4 6 6 6 9 6 6 6 2 7 10 8 9 6 9 8 5 5 10 9 0 3 5 7 8 5 7 2 6 7 8 5 5 5 9
6 2 5 5 5 3 3 5 2 9 3 10 8 5 9 6 5 4 3 10 10 2 2 3 6 9 7 2 3 6 5 5 9 5 8 8 7 5 2 10 9 7 6 6 3 9 5 6 7 7 3 10 9 4 4 9 2 7 7 9 8 8 6 9 6 4 8 9 6 8 2 9 6 6 3 7 7 5 10 10 4 2 4 10 2 2 7 10 6 3 4 7 7 10 7 3 9 10 7 3 6 3 4 10 3 6 3 6 2 10 2 5 3 4 3 9 6 9 2 7 3 6 10 10 4 2 8 5 8 5 9 8 9 9 4 3 0 8 2 10 6 6 5 10 9 10 5 9 2 2
7 9 8 4 4 4 8 2 5 5 10 4 10 6 6 7 10 4 9 8 3 9 9 5 8 4 10 7 10 10 10 3 4 9 3 6 2 9 7 6 8 5 10 6 8 8 2 10 10 2 2 8 3 10 6 4 6 7 10 2 8 10 10 6 6 2 3 5 3 4 5 5 6 4 4 4 3 2 6 4 9 8 5 3 7 6 5 3 9 7 5 2 3 7 4 3 10 9 6 9 6 2 4 8 5 7 3 8 7 6 9 9 4 9 3 7 10 5 10 2 6 5 8 9 8 2 6 6 10 6 8 9 10 7 9 7 8 0 10 9 10 6 4 8 4 4 7 4 6 7
8 4 4 2 9 9 7 9 5 10 8 2 2 9 10 7 3 5 10 6 7 6 10 10 10 4 8 7 10 2 9 4 7 10 9 10 3 4 7 7 5 9 10 3 10 7 2 3 5 5 4 4 8 7 10 9 7 7 6 5 2 2 9 9 4 7 6 9 10 2 5 8 10 4 4 5 2 4 8 10 9 3 3 8 9 4 10 6 4 10 4 4 10 9 3 10 9 6 4 2 7 2 5 9 2 10 6 9 6 6 5 7 3 5 9 9 2 4 8 9 7 3 4 5 4 9 3 9 8 8 9 4 7 3 7 3 9 2 0 5 8 7 2 9 8 10 6 7 9 3
9 10 9 3 6 9 3 2 5 7 7 6 4 8 10 9 10 8 6 6 5 5 6 5 9 2 3 2 9 7 3 3 10 2 7 5 9 5 10 10 6 10 10 9 4 6 8 8 10 7 4 8 8 9 7 10 9 6 6 3 8 2 9 7 3 5 9 3 3 4 8 5 5 2 2 5 4 2 10 2 5 2 3 4 10 7 8 5 7 5 7 8 8 10 2 2 2 4 10 4 8 4 8 3 5 2 10 10 3 10 6 5 10 3 8 9 4 8 7 9 2 4 7 7 5 10 2 7 10 5 4 2 9 6 5 8 5 2 9 0 8 4 6 7 9 5 2 6 4 5
7 6 3 3 3 9 3 3 5 10 4 10 6 7 7 2 9 6 8 8 10 7 2 10 9 5 9 4 10 4 10 2 5 8 8 10 7 7 10 4 2 9 8 3 9 7 3 2 6 5 3 7 8 9 6 4 5 9 10 8 3 8 4 7 9 5 9 10 8 2 2 4 6 4 2 9 8 5 8 4 8 5 9 7 3 9 4 4 6 5 10 6 3 6 9 2 6 6 7 3 6 2 5 7 10 10 6 5 3 7 2 10 10 6 6 6 3 5 6 9 3 8 5 10 4 6 6 3 3 7 10 7 10 8 3 2 5 6 2 5 0 4 8 10 10 10 4 5 5 10
5 10 6 4 9 7 5 3 4 3 9 3 8 6 2 5 2 6 3 5 9 4 5 5 10 5 7 8 7 10 6 6 2 5 3 5 8 10 8 6 7 7 2 2 8 8 8 9 9 7 6 6 5 2 2 7 5 10 2 2 10 6 10 7 8 7 9 8 7 7 5 3 9 4 5 10 8 9 7 9 5 2 9 4 6 3 7 8 6 6 8 7 4 10 7 3 8 6 7 10 2 8 5 6 8 7 2 7 5 9 9 9 9 3 4 4 3 8 9 6 3 3 6 6 7 3 2 8 10 5 2 3 2 9 6 4 8 9 6 4 9 0 3 8 8 6 6 6 2 3
7 3 9 6 7 5 4 2 9 10 10 4 8 7 3 9 8 5 2 9 3 9 4 2 4 7 9 6 2 6 3 3 7 5 8 9 3 4 10 2 6 6 3 6 3 9 7 3 8 4 2 9 3 9 10 7 6 5 7 4 6 2 2 10 6 2 9 7 10 10 7 10 4 9 5 10 8 2 7 3 7 4 4 4 7 9 4 2 10 7 3 9 5 5 5 6 4 6 10 3 7 10 2 10 5 9 2 3 5 3 4 7 7 5 4 5 4 8 5 3 2 5 7 10 5 10 3 9 8 3 5 2 2 2 10 4 8 6 6 7 9 3 0 8 5 9 3 6 10 2
7 7 3 10 6 4 9 2 3 3 2 2 4 2 8 6 10 8 9 2 9 5 7 2 9 7 10 8 7 10 7 10 10 4 3 8 8 6 2 8 7 3 6 2 5 2 6 8 9 10 2 9 10 5 6 2 4 5 10 7 9 4 9 3 2 8 3 7 4 10 3 6 10 2 2 2 6 4 5 4 3 10 10 3 4 7 7 2 8 6 3 2 10 7 7 3 5 3 9 10 4 4 7 8 7 9 7 10 7 4 9 9 6 6 4 7 9 9 5 2 3 6 6 9 7 2 4 6 8 5 7 6 7 3 9 7 4 6 10 6 5 4 4 0 6 9 4 9 5 2
2 7 2 4 3 7 8 10 10 10 9 6 2 5 9 5 3 6 2 2 6 3 5 4 7 8 3 2 2 5 5 3 7 8 3 3 4 5 6 8 6 2 7 6 5 4 9 7 4 2 9 5 10 6 9 8 8 2 7 3 3 8 6 7 9 8 5 6 8 10 10 5 4 10 5 2 4 3 4 7 4 5 2 4 8 2 7 6 8 10 5 3 4 9 5 9 7 5 4 7 6 6 4 4 4 6 8 10 6 3 4 4 4 2 5 8 6 8 8 4 6 9 7 3 7 3 7 3 6 5 6 8 9 10 4 7 2 2 2 10 8 6 3 6 0 5 4 6 3 9
10 10 2 6 8 4 7 6 10 7 7 5 6 8 5 4 6 4 6 9 5 3 4 5 5 8 10 6 9 5 5 7 5 10 10 6 2 7 8 9 2 5 2 8 9 8 10 7 4 2 7 2 3 9 2 7 9 5 5 4 2 9 6 6 2 5 5 5 2 10 7 3 10 3 4 6 7 6 4 4 7 4 4 9 7 7 7 3 2 4 9 8 10 2 5 9 9 4 7 6 8 2 5 5 8 8 6 3 7 6 4 9 6 6 8 8 6 8 2 9 10 3 4 6 5 10 6 4 4 6 2 6 10 5 7 6 3 6 2 6 3 10 10 5 9 0 7 8 5 9
7 3 7 10 7 4 4 7 7 8 4 10 3 3 6 9 2 3 8 2 4 6 4 4 9 7 5 2 2 8 10 3 2 9 4 5 7 3 2 9 10 2 8 5 8 5 7 7 2 6 8 5 2 8 3 5 3 5 8 9 3 10 2 10 4 2 9 9 8 8 2 10 3 5 8 9 3 4 5 7 10 7 10 6 9 3 5 4 8 6 3 2 8 3 9 2 4 7 9 4 7 10 9 10 9 9 3 9 8 2 5 9 10 5 2 3 4 6 5 3 3 7 3 10 5 8 7 5 4 5 3 7 10 9 8 9 3 10 3 5 7 5 7 2 6 10 0 10 4 9
2 8 5 5 4 3 4 7 7 2 3 8 7 9 6 2 2 5 5 6 9 4 3 9 7 8 9 3 6 7 10 5 8 2 5 9 8 2 5 8 10 10 9 10 2 7 2 7 6 5 7 10 10 10 3 7 4 6 7 8 3 7 3 7 8 4 7 4 5 10 7 4 2 6 7 2 10 4 10 4 3 6 6 3 5 6 7 7 8 6 6 3 4 2 10 7 7 9 3 2 6 2 2 4 7 3 10 5 4 5 2 4 3 2 6 8 2 7 9 9 8 4 5 10 4 9 6 5 3 10 6 10 6 7 3 7 5 2 9 7 8 7 9 10 4 8 7 0 4 8
2 4 8 2 4 7 3 10 9 9 5 10 5 10 4 8 4 4 5 5 9 7 5 2 10 6 9 4 9 9 9 8 5 4 5 2 7 5 9 7 4 9 3 4 3 9 4 3 3 6 8 3 7 4 9 10 4 10 10 7 2 5 5 10 2 4 8 2 8 6 2 5 4 3 9 7 10 10 4 3 4 3 8 10 4 8 7 3 8 2 4 8 9 5 4 8 4 10 8 6 10 2 3 7 2 9 9 4 3 3 10 5 5 7 4 5 2 5 3 6 5 2 10 9 6 10 7 6 3 6 8 3 3 7 8 9 4 3 6 2 8 8 10 7 5 5 10 9 0 3
9 9 9 9 6 5 7 3 4 10 8 10 3 6 7 6 4 6 8 6 7 8 7 6 7 6 7 6 9 8 5 8 10 2 6 7 9 10 6 5 3 10 3 8 2 4 6 3 9 10 10 3 6 6 7 6 6 5 3 5 2 10 9 3 3 4 5 2 7 2 5 3 5 8 5 4 10 5 2 7 7 10 8 3 5 9 5 7 10 5 9 7 3 3 7 10 8 2 2 9 5 5 4 5 7 5 10 10 2 10 6 6 10 2 5 4 8 5 2 3 9 4 8 6 10 5 4 6 2 3 10 10 4 10 2 2 10 9 10 9 3 3 2 6 10 5 3 4 4 0
