100
60 133 87 91 100 6905
34 128 123 68 157 7472
58 136 103 158 108 6522
124 39 130 76 83 6178
71 103 167 135 160 6884
114 90 171 121 98 6801
115 80 106 142 111 6728
124 51 67 73 77 4687
105 94 150 96 75 7194
74 93 69 41 134 5957
107 94 74 77 145 6639
84 71 100 75 71 5578
13 72 94 118 127 5097
52 85 106 127 84 6193
102 60 52 50 67 5143
58 51 24 150 61 4789
55 95 102 80 44 4687
36 86 118 87 178 6168
147 73 118 37 94 6175
44 70 92 68 68 7338
82 84 149 24 109 5860
137 119 165 134 100 765
119 134 123 114 127 829
76 74 101 83 139 5443
198 184 129 152 121 7812
74 63 100 115 143 6825
119 160 122 110 124 7194
117 51 38 96 180 595
41 41 136 142 120 530
128 30 102 128 80 5705
78 98 110 125 80 6190
56 131 94 154 65 7812
142 132 108 69 176 7789
59 150 119 142 75 606
75 116 117 79 73 4687
128 102 50 93 47 5903
89 54 122 129 112 6909
83 76 102 77 146 7430
115 108 72 96 63 7745
47 139 113 85 132 7608
101 53 138 96 122 6619
82 40 111 138 1 6800
82 74 103 114 103 526
94 98 132 127 159 6403
81 140 101 63 121 5881
92 89 106 105 68 631
115 159 44 115 154 7266
46 98 97 109 150 660
168 103 88 99 109 5330
126 117 57 31 121 6497
105 88 52 126 105 531
40 80 75 76 134 6187
90 133 119 80 176 665
118 49 78 40 87 4687
78 129 179 88 15 7116
88 65 70 89 161 5524
55 86 67 27 35 5059
102 147 127 77 75 5770
111 69 107 65 125 5601
118 55 102 45 81 7002
49 49 51 55 88 332
120 67 146 113 63 593
118 112 123 50 155 708
154 57 78 152 134 7539
88 95 86 77 132 7411
87 113 58 114 103 7533
115 85 56 135 89 6210
138 178 187 91 151 6549
143 71 75 82 49 7132
92 74 94 81 109 6695
129 68 127 72 88 6343
106 103 135 118 131 7468
132 77 142 149 120 705
123 136 146 116 117 7812
71 138 92 51 76 569
110 158 161 91 23 6725
100 121 40 72 168 6034
132 78 89 87 143 698
126 200 162 77 135 7812
54 89 42 91 172 5187
163 85 95 97 133 7311
55 24 85 100 85 4892
115 124 83 61 77 6499
93 137 105 117 154 7226
95 56 125 105 70 4687
106 107 69 68 137 6137
117 79 89 37 48 5396
85 69 65 146 96 583
105 14 55 132 84 486
101 91 122 125 85 5762
94 79 106 89 80 615
57 145 63 101 151 6958
124 106 88 90 135 7812
128 114 36 80 112 566
192 126 124 60 148 6812
169 167 119 103 64 6860
37 81 123 84 47 6543
33 73 95 69 61 4844
70 123 76 61 157 7650
61 57 68 98 105 5175
0 29 38 39 38 37 30 36 43 51 23 31 51 28 26 47 29 34 41 25 34 39 32 26 39 55 27 58 52 33 32 36 22 23 38 42 47 32 37 34 34 37 42 35 29 30 57 37 62 35 78 35 46 43 30 32 46 41 23 35 32 30 36 34 30 24 32 29 29 30 61 41 32 35 20 27 40 38 39 37 48 23 67 27 35 33 32 38 34 25 29 38 29 17 28 34 23 35 30 28
51 0 28 36 44 30 24 23 30 43 54 38 35 35 40 48 37 38 22 37 40 38 37 33 28 62 31 44 55 21 33 19 34 27 25 59 35 37 24 22 32 29 24 50 24 50 28 36 68 31 29 38 45 34 26 39 39 32 35 53 48 14 21 30 70 27 33 35 26 29 31 35 39 51 28 24 30 43 26 45 43 32 40 39 50 56 29 38 37 23 41 24 44 28 34 65 25 47 29 37
54 37 0 28 47 36 24 29 30 28 51 31 32 39 36 24 42 29 35 56 47 30 73 37 24 30 72 34 34 39 49 47 32 17 29 51 37 25 31 48 44 31 41 27 28 46 36 39 37 39 39 48 40 36 32 28 31 28 32 30 36 42 13 24 33 41 29 14 46 56 39 35 53 34 27 76 39 35 36 34 30 39 31 78 56 27 40 33 32 36 33 29 43 48 36 27 37 63 41 27
28 52 35 0 32 55 28 25 28 45 27 31 25 51 43 40 52 47 31 35 69 62 37 28 27 46 28 50 32 29 74 45 39 27 36 43 32 41 20 29 65 52 39 34 48 51 25 38 40 25 37 28 46 36 48 47 21 37 26 63 37 74 48 38 53 33 19 35 31 29 46 66 32 42 47 29 25 47 39 30 33 35 35 48 32 48 71 75 34 72 35 41 45 43 28 29 30 45 47 39
32 30 40 35 0 32 36 33 38 48 38 37 37 32 31 29 25 30 27 37 37 18 58 29 34 33 21 56 74 26 23 31 26 76 36 27 34 24 45 34 43 52 26 25 29 74 28 47 28 21 41 51 28 76 37 29 26 46 35 41 50 39 27 72 33 29 38 30 30 44 38 42 23 41 35 36 32 51 26 31 27 38 62 22 28 76 56 27 33 21 23 25 35 38 31 31 56 31 39 30
32 33 33 30 33 0 27 30 37 41 78 35 40 27 33 30 34 52 61 38 29 38 41 34 40 30 70 54 29 32 23 28 51 65 37 40 31 29 37 33 21 32 32 45 61 43 21 38 22 74 35 70 37 77 31 39 32 23 37 45 26 24 27 28 66 39 34 37 28 35 37 27 37 53 30 36 34 43 47 50 35 35 31 23 42 46 38 47 46 40 39 28 31 36 50 37 35 28 37 19
55 50 65 38 37 31 0 29 31 31 37 30 24 56 54 29 35 36 27 55 63 32 30 53 78 41 58 40 37 71 38 26 42 25 21 27 28 51 39 33 35 28 37 50 30 27 36 29 34 26 28 37 52 34 18 32 39 26 52 29 36 75 29 17 49 35 45 14 43 23 30 34 35 33 42 32 44 39 39 33 73 31 35 44 43 19 21 28 33 63 27 30 28 39 35 31 41 34 50 30
33 23 28 50 27 37 71 0 30 21 23 57 25 44 42 22 26 33 57 41 30 30 53 35 46 32 30 28 28 27 31 39 42 33 33 39 42 38 29 65 41 38 32 38 67 48 29 36 61 26 36 57 27 47 20 36 67 37 29 26 19 38 55 31 34 37 36 54 38 45 27 18 32 39 37 25 31 37 43 65 34 34 39 67 30 39 24 37 35 21 51 30 47 27 46 31 29 34 27 56
31 37 32 41 26 32 27 61 0 34 45 55 33 44 35 37 68 26 54 26 40 30 32 36 41 32 22 29 49 24 50 45 37 37 44 53 36 50 35 30 31 37 37 57 44 29 34 44 44 32 35 19 39 32 40 28 53 35 32 62 35 50 38 28 66 41 26 38 34 32 40 39 29 31 43 22 32 27 33 26 36 52 47 31 29 52 37 38 25 55 22 29 25 25 34 35 37 37 30 34
32 52 49 37 47 65 31 68 34 0 27 39 18 49 24 63 43 35 36 34 38 23 36 46 42 55 26 72 27 35 43 38 37 37 29 22 53 31 30 31 74 35 26 54 28 39 41 32 29 50 31 38 45 33 32 37 34 49 39 73 36 38 38 43 49 37 24 35 37 28 41 40 42 39 27 20 33 29 56 27 66 26 64 25 37 25 49 37 25 29 32 34 21 30 27 37 25 23 28 40
28 33 40 32 38 37 55 27 28 39 0 49 28 36 34 33 39 65 39 17 43 39 26 36 27 42 47 26 39 27 58 28 29 36 65 71 28 31 22 35 27 37 44 25 30 29 29 33 23 41 38 36 34 30 24 28 26 32 39 38 27 31 28 31 37 30 48 33 28 39 60 51 32 23 27 39 22 26 39 27 24 38 40 27 34 30 33 44 32 77 36 46 32 42 38 28 50 39 59 54
44 33 30 47 34 25 49 28 39 35 69 0 38 29 41 42 33 73 50 46 42 24 36 32 21 39 31 23 36 24 34 39 24 32 67 74 38 37 65 32 27 52 45 44 29 32 36 43 47 66 37 28 30 28 33 30 38 60 19 31 41 39 48 28 33 32 45 50 35 49 69 36 41 37 51 39 26 45 27 48 42 54 31 26 50 30 40 32 34 40 45 36 37 29 36 32 23 17 49 42
34 27 44 50 25 56 49 39 33 20 35 31 0 40 37 37 45 44 60 43 33 27 65 33 34 29 36 18 35 22 38 39 27 69 36 19 32 34 33 38 34 27 30 44 57 32 53 32 49 27 34 40 27 32 35 28 41 33 39 57 60 36 28 25 43 34 31 36 23 25 38 47 39 35 20 32 55 28 47 20 52 56 30 62 31 40 51 45 42 30 34 32 60 37 44 39 52 31 32 33
51 46 32 33 23 15 32 71 27 36 33 58 27 0 28 33 28 24 29 35 20 49 22 38 38 34 30 38 29 34 20 36 36 46 38 43 35 30 35 36 39 33 35 34 35 39 18 28 31 23 37 22 19 47 69 30 41 36 26 35 44 48 35 29 38 34 27 50 38 38 30 32 39 32 48 35 31 38 39 26 37 34 25 17 40 38 32 45 34 63 35 33 22 28 39 30 37 41 67 25
39 57 49 26 28 34 46 35 48 26 45 34 51 30 0 43 31 34 33 42 48 29 28 31 42 43 29 22 34 33 39 48 40 28 24 52 44 42 73 26 27 25 35 24 45 45 41 36 33 32 53 33 22 35 63 49 60 50 52 52 32 44 67 44 27 37 53 43 36 36 42 70 37 51 27 38 34 38 38 34 69 28 46 27 38 51 47 33 45 20 40 33 33 30 40 69 27 38 25 45
36 30 37 24 41 37 30 32 37 33 32 32 20 33 56 0 28 35 30 53 27 35 35 39 23 41 35 30 25 55 27 38 34 30 26 31 49 48 53 41 25 58 61 30 37 46 49 33 41 34 33 22 36 24 31 44 34 63 25 41 38 30 56 35 20 30 22 34 36 47 48 36 28 30 24 37 49 35 49 32 27 30 34 33 38 31 39 29 44 27 69 39 49 23 33 38 56 27 36 41
28 38 43 26 33 33 30 73 28 34 36 56 38 62 48 39 0 30 37 34 29 30 29 43 35 23 33 33 46 40 22 44 30 46 30 28 38 30 36 32 50 33 33 36 64 51 28 49 30 39 38 53 25 53 44 28 35 25 37 27 27 36 48 73 40 47 39 41 65 40 51 63 34 28 35 35 36 42 41 31 19 52 36 30 45 48 25 31 32 38 33 20 23 37 21 60 28 35 48 59
49 49 23 31 27 29 34 32 34 35 65 35 44 31 46 41 38 0 34 15 38 31 28 29 32 33 31 43 37 37 41 69 26 35 43 35 31 28 70 29 25 34 36 32 43 25 72 31 32 36 66 23 36 23 29 21 23 48 20 25 28 27 37 33 67 48 45 28 38 37 50 31 28 33 47 41 29 22 40 31 32 39 68 38 43 51 41 33 34 29 37 26 24 36 37 40 31 31 30 36
32 26 33 37 75 49 37 29 26 38 35 32 32 29 33 29 42 38 0 54 53 39 30 22 32 47 27 32 35 49 30 57 40 48 13 32 39 37 24 41 33 34 34 72 52 25 39 28 28 32 22 35 36 28 74 28 34 41 65 71 29 26 31 30 21 54 21 40 36 38 28 36 45 25 27 62 33 29 27 34 35 24 19 24 38 55 33 36 29 39 37 39 28 33 39 28 67 61 28 24
39 36 31 38 33 78 33 41 24 35 25 33 31 36 28 28 32 17 40 0 70 64 52 39 39 38 38 48 43 23 36 45 74 40 33 29 34 28 24 26 24 70 27 29 29 45 30 41 60 52 24 28 37 31 38 28 33 48 74 39 31 35 37 39 45 37 40 58 35 34 72 34 39 37 47 30 27 67 47 49 22 35 31 36 37 30 53 46 54 42 37 77 78 40 58 32 59 46 31 33
31 36 26 23 39 33 23 24 35 29 38 39 34 25 36 38 35 33 26 30 0 32 32 41 27 36 25 33 29 50 37 22 74 34 32 38 37 53 24 34 35 28 34 33 28 68 67 41 25 31 35 44 36 29 32 51 41 34 71 30 59 34 39 31 73 67 31 44 33 28 39 49 37 28 21 35 44 38 36 49 54 71 30 33 57 39 41 30 31 28 31 38 24 27 78 31 44 34 27 48
27 38 41 37 24 28 27 35 31 33 58 38 78 33 29 30 69 30 42 32 41 0 38 25 20 38 46 38 41 42 32 38 30 41 37 33 29 41 26 28 29 58 35 24 42 34 30 26 70 34 35 33 35 37 28 29 34 31 49 22 35 40 42 47 39 27 28 33 23 28 53 46 53 29 27 39 26 36 27 36 43 36 37 28 34 38 72 29 29 46 62 28 52 27 33 33 48 36 48 25
23 25 19 54 15 38 35 43 58 25 27 25 31 27 35 57 36 38 22 28 33 38 0 35 45 36 21 38 49 34 44 31 20 37 67 33 33 31 47 37 27 44 55 36 30 24 38 30 24 21 37 27 29 29 34 39 21 32 30 43 29 38 27 29 26 41 39 49 35 47 42 57 25 65 51 28 31 29 40 28 31 43 26 36 74 57 33 45 48 33 68 31 39 42 52 41 38 31 47 45
67 58 49 36 49 29 41 37 26 32 42 33 47 26 36 31 45 28 31 39 53 34 31 0 24 38 29 30 62 61 38 57 37 32 34 47 34 26 44 29 23 33 43 23 69 25 35 32 32 35 22 40 36 36 44 16 26 24 30 25 39 34 42 35 36 22 37 35 50 32 49 37 36 39 63 35 24 49 23 26 56 43 31 62 27 31 32 37 31 28 27 38 25 19 27 46 44 42 38 32
33 37 24 50 51 38 36 29 37 49 34 39 28 38 21 34 72 32 25 76 27 32 34 25 0 39 33 32 26 37 74 29 52 38 49 23 23 27 73 39 33 44 37 54 30 20 53 21 32 29 35 44 27 33 35 27 34 37 37 31 27 56 24 32 29 39 38 70 23 51 22 36 26 17 72 19 30 45 23 40 32 64 45 45 28 28 27 32 39 38 38 35 38 69 19 23 32 39 37 22
45 34 27 37 37 36 26 40 37 68 28 43 30 39 29 28 33 46 34 27 64 29 35 27 46 0 38 37 37 38 24 32 27 78 33 30 70 16 32 73 29 41 41 31 29 34 27 51 38 31 33 36 35 33 25 34 37 60 29 31 17 31 35 39 43 43 20 56 30 26 21 47 27 31 36 38 39 39 29 39 48 45 30 38 31 39 46 39 29 34 27 32 51 48 25 31 72 66 14 27
41 47 30 28 24 27 33 40 49 38 42 24 37 35 43 33 33 38 32 50 48 66 19 28 36 23 0 67 44 32 33 38 18 63 42 28 45 49 24 31 61 33 27 35 20 37 36 27 35 29 33 31 44 72 23 36 31 27 66 52 29 47 34 33 30 29 70 42 33 32 26 49 24 35 41 33 31 73 55 43 39 45 63 66 27 34 27 43 31 50 42 29 38 32 30 23 38 35 35 42
28 39 24 44 24 36 75 31 56 37 35 52 23 58 77 33 37 43 29 29 29 35 33 20 24 31 49 0 42 52 29 38 37 34 57 77 41 43 27 34 30 61 42 32 42 70 32 36 40 57 33 39 34 34 25 48 46 29 34 67 38 28 24 38 38 32 32 37 78 45 31 54 55 37 20 23 31 40 35 23 35 29 40 37 26 56 35 22 33 30 28 58 39 34 38 38 35 29 30 38
30 33 34 66 70 23 34 27 34 26 32 30 39 23 27 48 32 35 40 35 51 28 30 39 24 41 30 49 0 36 33 35 38 38 36 34 59 21 36 37 32 43 31 36 34 29 24 37 66 31 35 29 17 24 34 46 31 23 47 40 40 66 37 33 26 25 43 48 29 74 42 29 31 52 47 37 36 38 53 28 45 43 31 33 27 62 33 39 30 27 63 34 29 22 39 36 37 22 27 23
27 27 50 41 30 33 37 39 51 22 30 53 27 44 28 50 54 20 28 32 65 51 38 32 33 32 27 37 53 0 40 19 39 34 35 38 37 29 35 16 31 31 37 20 37 64 35 34 67 21 25 36 33 25 50 35 27 64 28 25 20 22 27 22 43 53 37 34 34 28 51 48 36 30 24 38 31 27 26 25 34 20 35 39 43 32 42 39 32 52 28 18 55 22 49 39 29 62 33 34
36 37 39 38 30 28 28 47 52 66 30 33 63 38 28 36 53 27 28 28 37 40 27 34 34 36 34 33 39 63 0 33 39 38 64 24 22 18 33 39 28 43 32 28 33 34 28 30 29 38 72 45 62 41 31 72 22 28 34 28 19 34 34 37 31 39 33 35 27 35 20 24 37 36 42 20 53 36 38 30 26 28 34 52 55 26 56 39 21 32 43 36 35 46 36 27 31 35 69 40
30 26 38 41 50 34 28 33 24 28 30 34 49 43 38 40 27 45 52 32 38 28 42 29 51 35 29 29 71 18 38 0 41 29 27 34 78 49 35 17 20 41 33 35 23 46 32 34 38 38 70 30 39 28 30 31 31 39 22 41 27 28 44 34 29 54 34 33 23 30 68 36 32 24 35 36 29 33 29 40 21 46 30 53 37 33 43 42 33 31 34 31 33 30 33 27 27 75 40 43
27 37 32 29 25 64 34 28 23 36 33 24 39 38 31 56 36 32 28 31 46 35 18 44 36 40 35 28 33 30 35 28 0 31 38 45 49 23 36 27 39 42 47 45 31 41 39 54 58 33 28 34 31 44 28 37 51 47 34 41 33 33 27 33 54 30 36 28 54 43 57 37 20 70 42 22 23 38 35 29 35 25 54 66 36 52 38 38 30 28 34 35 31 51 38 36 51 42 27 43
27 50 26 54 39 20 19 31 48 51 32 34 38 40 43 39 38 54 23 31 67 49 55 47 27 33 34 70 37 34 27 32 21 0 38 28 33 37 26 42 30 16 35 26 48 46 31 36 36 25 36 34 42 52 59 32 29 19 69 35 51 23 20 24 37 33 78 23 36 61 50 35 43 38 40 51 46 32 36 35 48 35 40 48 68 27 33 45 33 38 22 45 38 39 39 32 22 42 38 27
32 29 33 33 35 40 39 46 28 34 33 47 29 47 57 36 29 37 28 37 37 33 27 30 32 29 41 24 37 63 43 32 68 53 0 47 37 38 24 39 26 49 44 30 32 24 37 25 32 34 32 71 27 36 42 31 29 36 28 36 46 42 38 31 28 34 70 31 38 45 35 55 42 48 27 30 39 49 37 34 52 34 21 45 46 38 36 65 30 32 74 36 37 27 45 29 45 33 45 25
41 34 30 28 35 74 76 39 25 27 32 25 31 41 23 39 36 29 40 25 34 36 37 33 66 27 23 22 40 40 36 61 39 32 45 0 49 49 42 25 41 37 24 42 47 30 76 26 35 26 38 39 31 22 44 36 46 48 27 32 30 43 30 33 29 28 33 34 20 24 33 34 44 35 26 26 34 51 25 14 23 19 37 43 36 35 53 38 34 38 41 31 34 26 37 33 38 40 39 30
64 29 24 43 42 49 33 32 36 38 21 34 23 27 34 39 40 19 23 23 40 42 28 28 38 44 44 57 39 32 44 46 40 41 45 23 0 39 30 37 28 28 29 51 43 40 53 26 41 19 76 46 61 49 35 39 33 60 24 26 28 35 31 49 19 38 57 39 32 43 39 26 28 34 38 56 24 75 24 52 32 26 35 27 36 46 58 38 44 39 36 40 45 51 36 19 48 31 27 49
43 34 35 47 36 27 38 63 32 60 27 27 23 41 29 29 65 39 42 45 49 30 27 44 41 27 35 38 30 41 50 36 27 32 34 34 36 0 51 37 30 49 66 67 33 37 34 39 35 25 46 29 24 24 33 76 38 30 42 30 18 39 33 38 31 34 35 39 76 33 23 30 28 28 24 40 30 28 29 67 78 24 50 40 36 18 26 36 23 48 31 54 36 26 35 31 38 41 66 33
39 53 38 27 29 35 24 28 47 41 37 36 38 38 45 39 32 30 35 33 17 39 25 40 39 22 35 36 43 38 37 39 41 38 39 25 43 35 0 33 33 22 34 23 26 34 31 31 29 27 35 49 28 36 32 31 28 40 36 42 72 67 54 40 47 57 63 30 69 46 25 24 60 31 35 31 40 40 34 48 26 76 50 38 31 38 27 32 55 39 36 26 57 32 53 30 48 24 52 38
77 25 23 25 51 33 32 33 35 42 41 31 49 29 24 42 35 51 31 40 38 43 20 46 27 45 36 64 33 24 37 18 50 58 35 39 35 56 51 0 30 26 24 35 32 46 47 50 34 40 45 44 26 30 20 38 33 39 42 21 58 49 32 29 30 39 48 38 33 34 31 35 25 27 38 29 35 33 42 21 27 70 37 48 28 37 33 39 38 33 24 27 22 39 39 43 25 30 26 53
37 19 38 30 47 22 31 61 36 35 36 77 40 34 60 30 42 67 20 44 32 30 33 31 39 52 33 31 28 23 34 25 43 40 39 39 25 27 40 18 0 43 48 31 24 49 30 28 33 27 36 44 36 30 35 40 78 47 38 35 34 25 35 51 34 55 62 39 32 27 31 21 44 39 27 30 46 37 34 44 27 28 36 43 50 34 38 45 41 58 49 19 39 54 66 45 41 48 37 37
30 36 74 27 68 49 27 29 44 30 39 66 44 41 32 52 32 31 19 38 23 36 27 47 39 31 37 43 28 33 33 74 39 30 58 28 24 28 33 29 72 0 26 27 22 27 28 37 30 35 41 33 57 33 16 45 25 45 24 76 35 23 25 27 36 28 33 36 48 29 34 53 52 28 45 33 21 54 31 23 39 47 57 34 57 38 33 49 35 24 42 60 52 36 34 58 25 48 25 28
59 40 26 44 36 30 38 29 28 46 49 34 48 39 37 25 32 26 52 31 27 31 78 47 32 34 48 76 41 59 37 27 45 39 51 38 32 50 24 25 46 37 0 78 51 39 60 25 27 77 40 33 37 40 36 39 32 31 20 44 33 33 22 35 17 37 43 35 43 27 32 37 51 48 27 32 46 27 31 34 35 45 38 54 33 33 45 21 69 67 50 39 34 54 47 39 31 31 38 36
37 38 75 28 53 27 55 44 31 33 74 29 51 36 59 30 30 27 24 22 30 29 25 54 41 28 28 28 32 34 47 72 30 39 30 39 28 35 47 35 28 26 40 0 31 32 30 44 36 31 31 49 27 27 33 50 32 38 41 34 69 42 37 44 33 39 27 37 32 31 34 36 31 42 47 49 23 30 36 45 30 32 37 19 38 30 28 39 23 42 43 37 37 38 58 30 32 52 47 15
28 22 47 21 24 34 68 30 60 29 40 27 38 27 35 27 39 34 23 38 43 39 71 50 32 35 30 76 77 34 40 27 20 43 28 36 30 78 33 52 24 43 64 24 0 31 34 36 44 41 32 32 39 64 38 72 36 41 37 31 35 19 52 36 23 36 39 33 30 23 27 54 39 47 55 31 35 23 32 33 51 42 49 40 28 42 38 27 39 25 47 67 32 41 27 28 22 31 25 30
49 34 36 31 36 39 32 47 43 25 27 22 27 47 38 30 32 37 22 46 77 76 37 39 40 36 47 32 44 39 27 48 25 38 24 40 39 27 24 20 24 27 28 39 35 0 26 36 66 32 33 40 48 34 39 23 24 60 31 28 37 39 23 33 31 33 39 37 42 28 23 30 42 27 32 36 41 31 26 30 48 40 19 76 41 42 58 31 46 28 43 51 36 21 25 26 59 34 35 33
19 62 33 41 27 28 28 26 32 54 40 30 31 16 25 33 44 23 31 50 23 23 29 27 26 41 31 35 31 32 58 34 62 22 60 37 38 32 74 50 36 32 63 38 26 31 0 33 25 34 29 35 30 52 27 44 27 35 30 29 19 27 28 71 44 29 36 65 34 34 30 34 77 39 31 70 41 38 78 20 37 28 29 38 30 41 52 39 29 33 27 34 25 50 78 47 53 36 38 20
34 36 44 25 24 42 30 60 41 51 38 31 33 31 39 34 41 59 33 46 33 32 32 37 24 29 34 38 38 53 32 51 28 32 38 24 32 35 59 22 55 28 34 52 31 28 26 0 36 50 43 28 26 74 35 30 30 26 69 35 65 30 46 43 39 43 39 49 33 39 32 27 42 18 27 27 33 35 24 28 20 52 52 28 26 19 33 41 63 34 29 42 33 45 18 34 26 78 23 36
42 38 38 38 45 57 28 30 32 28 33 39 40 29 42 53 25 38 24 52 23 34 28 30 37 27 35 49 28 35 30 29 50 30 36 36 35 37 34 38 46 33 78 37 52 35 17 46 0 51 32 45 24 36 29 26 27 28 31 23 29 65 36 38 30 36 44 25 32 31 36 21 38 49 38 30 31 37 38 20 19 37 49 18 27 37 35 30 29 42 23 32 37 27 21 36 58 40 47 51
43 43 39 25 50 24 40 31 43 33 48 39 46 39 27 26 68 23 52 45 26 38 56 37 38 27 42 43 28 33 52 28 34 34 44 55 28 32 23 33 40 39 28 35 33 41 20 36 42 0 51 39 23 30 27 28 41 46 24 57 63 39 27 44 26 25 25 38 51 40 27 30 29 31 27 27 39 36 27 38 41 26 39 30 39 41 31 42 38 44 39 36 28 29 39 31 28 27 46 41
33 56 33 22 38 48 36 26 31 32 36 68 30 31 31 33 32 45 37 28 45 31 34 22 26 36 30 34 63 57 38 32 34 25 29 58 39 27 47 47 55 35 31 33 34 78 30 60 37 47 0 34 29 29 38 69 62 28 30 29 39 37 39 38 31 21 27 35 27 28 41 39 38 51 27 45 38 42 41 36 31 67 38 33 27 24 35 36 45 38 25 35 21 17 34 33 37 43 59 45
25 36 26 52 29 24 25 28 38 28 50 17 35 44 37 29 37 51 60 31 32 33 33 29 53 26 34 37 39 65 30 39 37 26 68 26 29 46 33 28 36 50 24 34 57 29 32 36 26 29 50 0 24 29 36 43 50 24 37 24 38 27 36 65 39 27 27 31 36 25 32 22 31 51 34 35 31 41 41 33 30 48 44 31 30 48 24 37 38 39 40 26 31 32 39 36 52 30 22 27
72 24 35 39 27 29 34 29 27 35 35 25 42 35 38 23 53 41 30 25 27 27 27 77 31 30 30 39 26 38 37 29 29 30 33 24 61 31 49 36 32 56 31 30 40 39 26 38 28 33 43 37 0 31 34 37 41 35 47 36 53 32 41 43 39 38 29 26 38 36 35 39 27 29 48 51 31 35 37 33 69 22 29 23 44 39 49 22 32 37 39 29 34 21 67 35 29 40 33 34
75 49 30 33 31 29 32 28 38 32 24 23 25 45 45 50 57 27 44 66 43 32 35 25 52 65 49 35 54 39 70 45 22 31 58 39 41 32 34 39 43 50 38 24 43 29 33 41 41 35 53 37 34 0 37 40 27 29 42 34 57 38 28 43 39 22 34 35 62 34 40 29 70 27 49 40 33 55 36 37 26 38 21 37 45 26 26 27 34 45 43 31 25 35 27 32 24 43 50 26
76 30 53 30 37 27 56 77 38 53 32 31 40 32 38 77 39 45 29 51 29 40 38 19 39 39 39 33 36 23 27 37 30 60 34 28 30 39 46 36 36 28 29 41 27 40 44 30 38 29 38 37 59 59 0 18 30 51 52 36 40 50 14 25 33 27 29 15 24 22 24 35 32 27 73 45 20 37 67 42 32 36 45 75 29 40 33 42 30 20 25 21 27 30 39 37 29 32 33 39
17 43 28 29 45 52 31 34 40 35 39 31 30 35 41 34 22 40 26 37 29 41 71 34 38 40 34 38 41 30 27 39 46 35 27 45 40 59 30 36 26 33 45 37 49 33 46 29 28 36 19 24 27 70 54 0 24 48 25 50 38 23 58 20 35 22 21 38 28 33 31 31 34 39 35 32 43 21 67 31 29 47 46 30 33 76 27 40 28 56 17 29 43 25 32 28 59 34 21 32
28 31 39 34 35 53 29 44 36 23 47 29 33 35 23 49 47 24 22 78 28 28 27 46 22 73 77 39 23 24 38 40 42 33 40 29 46 48 29 39 45 23 34 38 38 42 25 41 43 46 34 51 37 29 35 57 0 33 32 37 39 39 34 23 53 55 28 39 26 24 30 37 41 43 34 56 70 31 22 28 25 25 35 46 21 55 51 44 28 24 44 29 33 31 27 77 53 43 36 54
25 37 39 34 41 46 30 60 68 73 51 62 56 24 54 52 32 69 29 25 31 25 35 34 23 77 22 33 41 26 34 39 24 40 40 49 27 29 29 39 32 26 34 31 31 42 28 35 39 35 19 42 46 28 27 38 22 0 39 38 69 27 45 52 21 33 19 31 34 29 24 28 36 48 20 18 43 25 37 27 43 39 69 73 72 42 45 36 27 24 39 32 60 37 37 69 39 31 41 56
28 32 26 34 73 36 35 38 38 28 52 31 29 34 57 29 40 40 45 29 28 26 37 45 38 24 37 45 30 36 53 36 33 39 32 39 27 36 38 28 34 33 23 38 27 34 28 41 38 32 20 30 28 29 36 54 39 25 0 27 33 40 45 29 76 56 36 53 36 38 38 32 35 35 36 43 39 28 27 41 38 52 23 38 72 40 30 18 33 47 32 48 52 43 25 76 28 40 65 39
38 30 29 34 37 30 40 14 27 35 28 31 21 31 28 43 46 66 24 33 20 32 27 33 39 43 22 32 35 66 29 23 24 37 29 31 33 38 31 38 30 27 31 48 64 58 29 37 46 36 47 28 32 39 38 50 32 38 28 0 36 44 31 31 46 24 35 28 23 57 38 20 31 38 37 44 30 31 23 56 38 55 39 42 35 36 38 29 32 67 42 30 37 38 39 26 30 21 30 21
30 52 31 36 37 32 29 23 38 43 37 26 29 41 36 38 36 34 33 46 33 41 31 38 43 24 36 53 52 23 29 43 36 30 55 46 39 21 51 48 22 35 40 41 25 38 32 33 33 36 30 37 24 34 53 27 30 34 27 76 0 39 29 22 25 63 32 52 24 33 68 33 31 33 37 35 41 30 54 32 31 48 25 32 28 22 39 34 33 27 30 53 37 36 28 30 19 31 24 36
28 24 29 47 36 38 37 30 38 38 42 45 44 37 34 55 31 46 21 32 29 34 37 39 29 64 40 46 27 18 30 29 34 26 38 31 53 31 33 30 17 60 25 32 70 29 53 28 46 31 60 49 30 28 41 38 38 73 39 31 41 0 32 77 39 31 33 40 66 20 26 46 37 39 37 38 29 69 32 52 28 29 57 46 29 72 36 28 60 45 39 19 30 35 47 30 35 35 47 29
37 27 19 44 37 56 19 32 54 31 36 36 47 30 65 28 32 48 41 31 50 26 31 32 42 28 31 30 53 26 30 27 38 25 36 51 30 32 43 35 32 29 31 36 28 22 32 42 40 42 24 20 38 22 12 36 35 39 45 40 38 38 0 24 27 37 42 34 33 17 74 34 76 34 34 24 44 38 49 29 49 46 35 34 24 35 32 45 26 35 41 42 25 23 21 29 36 59 39 37
30 39 15 36 40 44 23 30 40 34 30 40 34 25 35 47 22 40 50 28 27 30 27 31 21 36 26 38 36 35 53 26 27 18 67 32 38 28 27 40 33 18 26 47 34 45 38 29 31 45 37 41 27 34 17 26 33 35 35 44 54 40 21 0 30 32 22 25 25 16 48 35 73 30 35 57 44 42 24 39 56 35 34 40 49 45 52 29 29 26 38 53 25 27 62 44 28 25 21 20
78 42 38 40 28 33 31 41 40 28 28 38 35 29 71 20 39 43 25 28 37 33 38 27 38 28 28 47 37 49 32 38 30 20 26 35 39 27 32 56 55 42 17 70 38 22 35 33 43 28 31 21 49 34 71 48 47 28 23 72 49 36 57 37 0 71 42 34 46 24 28 35 34 36 44 32 30 53 34 47 22 27 37 39 22 51 39 22 34 31 32 48 29 37 27 76 34 27 38 30
29 36 60 30 46 29 38 25 35 37 52 42 27 30 28 37 47 40 37 37 40 33 29 27 29 33 30 77 50 43 32 24 32 26 37 30 41 34 39 37 38 33 33 37 47 24 40 25 45 32 33 52 38 41 25 25 31 22 37 32 50 66 54 43 54 0 48 22 23 43 38 38 38 29 35 35 28 39 31 32 38 41 47 39 53 40 45 33 19 54 27 25 23 17 36 73 69 77 26 32
21 38 41 22 35 35 35 33 28 21 35 27 30 53 29 28 78 22 27 36 29 32 30 32 44 32 31 38 35 52 43 35 38 66 28 35 28 33 14 46 31 21 54 50 47 27 76 54 32 26 38 32 33 34 49 25 38 39 32 36 47 31 64 36 29 37 0 24 26 47 30 29 42 33 25 41 50 30 31 49 48 38 49 73 27 49 52 39 31 33 34 46 40 33 30 35 49 25 39 46
29 32 16 33 35 56 22 30 43 31 28 44 37 28 54 19 33 35 37 40 62 38 28 41 57 32 27 39 59 23 35 30 46 27 36 41 33 32 55 37 39 26 32 46 60 42 40 38 45 50 36 60 32 28 24 43 76 30 32 26 35 29 24 19 48 43 42 0 36 20 30 25 77 55 54 77 26 47 36 37 41 50 39 30 30 35 41 23 34 64 51 36 29 27 64 51 39 67 47 72
24 29 41 36 32 41 71 39 34 26 28 36 19 20 32 31 34 51 25 32 61 34 45 34 78 26 61 19 41 53 37 26 68 78 26 22 46 42 45 30 35 38 28 41 38 29 33 32 36 44 26 36 55 28 40 28 29 48 36 37 28 50 23 29 37 36 30 66 0 33 33 33 28 39 26 68 31 37 21 24 36 29 30 31 66 39 41 35 38 31 27 29 37 21 35 36 30 71 34 24
35 35 24 38 26 45 23 71 42 46 31 71 32 33 51 36 27 23 40 30 31 76 25 39 37 48 40 31 32 33 52 40 38 34 33 34 33 33 28 40 37 30 35 29 31 32 41 51 65 27 44 29 28 43 13 52 39 39 19 32 46 27 15 33 29 25 33 19 28 0 37 78 45 34 63 35 26 52 52 25 38 70 38 62 35 34 29 35 31 66 28 75 29 32 27 38 42 43 30 42
43 40 38 34 71 23 32 32 27 23 26 37 31 39 41 33 56 38 29 28 27 34 44 33 28 25 39 61 38 29 15 41 31 76 37 26 34 26 42 28 24 36 58 25 46 35 32 19 77 34 27 50 48 55 37 39 27 23 45 73 27 35 32 30 42 30 53 31 34 55 0 27 27 50 29 28 39 35 20 22 43 33 37 36 33 24 29 22 25 37 32 38 31 31 49 31 22 50 24 34
61 35 27 30 54 63 39 14 41 33 43 33 30 37 30 64 38 37 28 22 53 34 51 49 26 38 33 38 33 37 30 40 65 46 28 54 44 34 38 38 43 38 33 42 48 35 37 41 33 25 43 25 41 43 52 42 53 35 39 21 27 58 49 38 32 53 48 52 31 29 27 0 40 35 20 51 45 24 34 36 28 68 25 61 40 20 22 27 49 34 40 33 28 28 51 33 52 65 21 32
61 38 30 54 25 31 36 36 43 25 57 37 35 34 28 37 38 25 27 31 40 37 34 33 60 32 22 32 28 28 25 67 26 28 27 34 49 22 40 42 51 29 78 25 42 39 28 36 71 25 37 35 30 43 31 69 37 33 23 33 36 51 41 24 24 39 34 39 41 31 39 38 0 46 37 36 37 29 48 34 51 32 36 25 28 34 48 25 38 48 56 38 33 49 70 32 41 30 27 29
27 40 29 35 73 70 29 36 26 50 23 29 27 36 28 37 35 33 21 44 24 25 75 30 17 45 45 34 30 36 33 46 20 37 42 22 28 30 23 35 35 27 74 51 52 46 46 19 21 28 26 36 26 40 27 37 39 39 42 27 29 70 52 25 44 28 54 53 44 56 42 43 77 0 26 35 38 24 30 62 48 41 33 38 36 23 39 26 34 53 35 30 34 38 19 43 60 26 54 28
31 33 31 55 50 33 70 33 27 15 35 40 31 28 66 34 39 27 34 34 32 34 29 49 27 29 37 26 41 70 39 78 22 35 49 18 37 28 66 34 38 57 72 35 38 30 54 32 50 28 38 29 44 49 45 38 36 39 37 51 43 30 65 22 54 29 63 21 24 40 28 33 32 39 0 28 38 30 41 24 32 32 30 35 45 32 50 31 24 30 31 31 39 48 38 51 51 47 34 36
41 34 26 28 39 37 42 49 68 29 24 35 34 33 36 35 30 30 38 30 24 35 35 56 28 49 65 32 35 64 40 29 77 38 39 36 41 49 31 31 41 39 27 43 32 30 60 27 33 32 29 36 34 39 29 36 52 21 51 25 32 44 42 30 49 34 31 41 57 40 35 38 42 37 36 0 63 27 36 28 30 23 23 35 57 19 33 39 43 21 39 27 22 26 36 73 34 33 37 35
19 36 50 29 50 50 55 41 36 35 37 41 46 33 41 30 35 18 27 27 37 57 31 33 24 38 32 61 30 40 47 41 36 27 36 39 21 27 22 31 43 74 41 33 30 75 28 73 46 37 47 57 31 27 38 25 36 27 55 65 47 32 76 21 35 41 25 40 32 29 37 42 30 65 27 32 0 36 54 36 45 39 26 40 37 49 37 39 69 30 24 34 48 29 39 26 49 30 45 28
22 34 30 33 28 48 28 33 24 46 27 59 54 28 34 52 24 50 49 30 41 41 26 32 46 28 71 36 55 27 27 33 39 32 32 59 37 34 30 55 68 37 41 32 53 28 22 48 42 53 45 22 33 27 60 73 32 23 36 75 37 28 29 36 32 30 40 36 21 28 40 41 67 52 34 18 28 0 44 39 40 34 35 36 38 30 29 51 35 18 28 77 26 52 34 29 40 34 52 32
43 32 32 55 50 32 29 38 24 40 29 49 32 27 32 36 21 30 39 20 36 33 35 43 64 40 35 28 48 24 21 37 40 35 31 45 35 38 24 33 41 35 50 72 40 54 67 19 30 37 29 40 51 34 29 38 35 31 36 33 30 51 32 55 30 32 61 63 33 37 27 42 65 77 41 33 40 37 0 35 39 34 33 42 38 36 41 28 40 33 31 34 32 37 12 35 34 39 38 37
50 37 34 25 32 36 63 38 23 25 40 28 27 32 30 75 30 30 45 61 42 33 28 27 49 66 55 29 37 29 36 75 25 28 31 15 34 77 25 37 60 35 31 31 27 36 39 37 31 30 39 27 21 73 58 45 36 39 74 44 25 27 74 32 25 27 31 74 24 36 64 45 43 32 62 62 34 33 28 0 30 62 30 33 40 32 34 49 19 78 43 34 33 30 61 38 27 29 34 32
37 37 27 45 51 29 40 38 34 40 30 48 33 45 51 72 12 38 34 36 44 59 47 33 32 56 27 35 38 38 31 37 45 22 36 36 29 63 25 33 27 25 75 20 29 28 77 46 26 36 29 26 34 22 57 31 29 34 56 28 39 46 41 41 31 31 56 41 46 38 32 39 32 39 49 42 69 65 27 38 0 29 40 53 51 68 22 33 35 32 34 47 33 39 52 36 19 32 35 26
32 31 27 26 46 22 25 52 27 27 66 39 30 26 26 43 54 23 31 27 39 42 35 39 32 54 39 28 52 54 37 27 30 31 38 43 39 41 30 36 45 25 45 29 33 31 38 36 34 33 29 27 38 37 36 68 23 48 50 68 45 44 39 28 29 40 26 34 28 29 40 34 28 26 56 61 34 26 32 34 55 0 30 43 26 46 26 38 38 27 34 28 26 33 35 22 42 38 39 38
43 33 59 36 39 51 75 20 21 40 41 37 42 31 34 47 28 38 24 29 51 39 34 34 28 40 30 27 37 25 39 49 39 32 26 27 28 49 39 24 33 36 35 31 30 27 37 27 52 28 34 39 29 35 34 39 36 44 73 43 28 44 46 45 47 54 31 28 20 21 50 30 29 49 39 38 27 78 30 37 29 32 0 29 44 34 36 65 36 27 76 56 28 29 37 33 35 22 33 37
33 66 26 24 26 31 34 37 36 32 23 33 33 31 46 36 45 31 24 25 71 48 38 29 31 49 72 37 29 33 27 29 50 39 46 37 36 32 34 54 51 27 36 47 68 42 21 39 19 36 33 32 24 34 31 71 38 37 45 33 59 35 23 49 41 28 33 44 43 29 32 47 34 37 49 30 75 39 27 28 36 36 38 0 52 44 33 31 29 33 31 50 37 38 39 45 57 32 35 55
24 61 29 34 78 38 28 31 27 64 22 41 38 23 18 32 63 32 35 28 55 48 24 30 36 24 31 43 31 33 28 36 43 51 52 48 46 26 33 35 54 40 48 37 39 33 39 29 32 27 40 26 28 41 37 27 21 48 25 39 29 40 31 38 44 26 56 44 27 27 39 44 27 39 42 34 27 28 32 23 37 21 51 43 0 43 42 35 44 50 29 37 56 33 27 25 31 44 34 51
41 55 27 38 35 28 23 34 36 30 26 69 40 40 50 39 29 39 50 30 19 28 38 34 32 25 44 31 33 54 25 33 30 53 48 36 37 19 36 30 27 37 40 51 37 26 37 63 29 39 46 26 24 30 42 34 34 52 36 36 25 53 20 27 29 33 34 27 42 24 24 75 44 37 36 35 33 46 31 51 26 39 28 29 30 0 48 36 24 27 52 24 28 34 22 25 28 38 20 36
36 49 23 35 30 71 47 37 55 33 38 38 27 32 33 30 21 31 77 66 49 31 36 34 78 75 60 38 51 52 31 41 50 65 27 21 64 28 37 31 36 38 41 30 78 36 41 37 24 25 37 31 49 21 39 36 27 34 35 63 38 37 51 33 48 33 29 40 32 36 54 26 33 32 30 36 34 30 43 30 27 34 32 52 51 29 0 29 31 40 36 39 28 36 58 49 25 44 37 24
21 32 35 24 35 30 54 54 39 32 34 29 28 32 27 23 36 57 77 28 20 33 31 29 35 36 43 33 50 33 27 44 24 33 52 27 39 38 61 23 22 39 35 51 52 36 49 38 59 31 39 49 24 38 45 75 44 33 25 36 35 31 20 30 22 40 46 31 34 32 20 50 28 35 48 34 40 34 44 38 29 41 38 26 29 37 27 0 26 77 24 37 27 65 27 43 34 31 29 32
27 57 39 28 56 51 77 23 33 75 75 21 32 23 35 56 47 37 27 31 42 38 33 28 24 23 31 33 52 30 30 33 49 31 44 35 39 18 44 35 38 20 29 47 37 34 33 27 47 50 38 32 38 36 47 48 38 36 36 39 68 41 28 23 31 32 60 59 44 39 21 39 74 47 48 34 43 39 49 34 31 73 35 42 34 19 25 55 0 49 39 64 34 30 59 28 34 37 22 31
36 31 33 47 33 42 72 58 23 31 30 35 32 33 21 35 34 45 28 27 27 33 34 34 34 31 38 31 28 36 75 35 28 39 31 34 32 25 72 64 44 33 35 32 35 35 27 30 35 33 38 30 46 40 36 29 36 18 77 37 43 51 36 49 32 34 29 35 34 34 29 38 64 32 23 34 37 19 53 34 41 66 38 38 42 52 48 28 33 0 25 47 25 36 37 26 32 39 48 50
23 24 29 45 33 25 25 23 39 33 32 31 50 27 28 34 26 30 23 20 22 39 27 20 33 40 33 34 32 51 29 26 45 33 52 28 29 57 36 34 23 20 38 30 40 25 52 44 30 32 24 23 25 74 68 20 19 27 30 23 39 29 32 31 48 20 34 36 39 33 34 35 28 45 26 30 40 38 36 55 35 22 51 36 43 34 35 35 41 50 0 66 41 25 69 27 43 34 35 25
64 27 36 30 69 39 42 29 37 28 44 42 19 66 29 30 49 49 77 36 38 48 31 31 38 39 26 30 21 24 50 67 65 35 28 38 30 32 33 21 20 77 41 31 16 45 38 37 41 26 49 53 54 34 53 34 37 33 51 29 36 19 38 28 30 33 37 40 36 27 26 39 49 53 44 33 35 27 26 31 29 33 20 30 65 35 30 30 22 26 35 0 26 36 29 31 36 38 30 19
28 39 35 38 26 35 63 32 72 49 30 28 34 37 27 65 35 42 34 30 28 34 30 29 28 33 37 27 27 27 35 27 20 27 29 31 38 65 28 28 38 28 50 30 31 40 29 47 31 37 40 28 35 35 39 36 39 23 54 43 32 41 34 66 37 20 30 34 51 29 33 40 30 34 78 17 42 17 44 49 35 28 32 33 38 27 34 39 58 27 33 31 0 32 22 46 37 24 34 33
16 29 25 56 32 29 47 30 29 62 31 33 21 50 27 33 68 40 37 36 23 50 33 24 33 40 35 31 27 37 67 32 27 36 25 27 27 33 37 25 65 30 33 57 50 38 32 38 47 41 24 29 30 47 37 32 24 39 29 44 50 54 38 39 43 16 51 45 27 40 33 24 36 36 52 37 21 34 27 37 41 32 36 31 39 43 47 53 49 29 50 35 41 0 39 30 39 24 32 45
23 29 44 22 32 44 76 32 49 28 38 43 40 34 50 76 34 60 76 37 49 23 34 23 33 38 22 55 61 22 41 31 35 38 74 44 35 28 35 52 51 33 38 31 55 24 35 28 28 78 32 43 22 43 43 33 35 36 37 23 35 44 40 44 33 38 75 49 36 25 66 45 34 19 29 36 49 32 22 35 27 32 62 21 30 49 44 43 35 34 31 31 53 31 0 50 33 28 46 45
24 38 43 28 35 32 37 36 26 29 67 32 38 30 25 56 33 77 73 38 32 34 41 28 37 35 28 49 25 32 27 50 73 55 37 29 32 64 40 61 58 40 31 28 50 35 29 36 38 27 52 28 32 29 21 44 24 38 28 31 37 36 44 51 40 34 28 31 31 53 33 29 39 33 31 23 35 27 72 32 41 20 37 33 13 33 50 37 28 51 34 33 36 38 59 0 45 38 33 32
49 33 35 35 30 37 60 71 30 33 47 39 42 32 31 72 18 39 30 28 29 29 53 33 29 30 34 37 40 34 40 33 27 28 27 44 40 27 40 74 33 44 29 53 67 38 31 33 47 46 28 31 34 18 22 27 35 28 69 38 37 30 46 45 28 29 32 77 53 27 32 27 51 41 31 63 31 29 38 36 20 26 36 36 38 39 22 35 32 43 34 37 35 40 23 32 0 31 24 19
32 38 41 46 37 34 33 23 30 42 40 22 29 27 51 72 45 28 30 34 32 28 66 70 39 39 35 29 28 36 37 77 46 69 28 25 25 41 29 30 28 45 33 25 31 38 76 20 30 33 34 20 24 52 33 26 24 39 24 22 33 40 73 36 44 70 68 35 39 32 45 24 40 39 70 21 28 32 40 34 35 27 31 35 57 36 25 33 59 38 21 37 37 42 36 40 46 0 43 49
25 28 37 32 30 44 45 31 27 50 42 32 33 54 37 33 32 24 59 41 28 30 31 31 27 66 28 35 27 28 30 41 36 46 63 31 22 18 29 27 29 45 30 30 74 41 35 37 36 36 20 50 35 52 25 36 53 35 37 30 21 23 42 43 33 48 37 33 45 49 21 39 21 24 64 37 28 35 33 26 25 26 39 33 28 30 35 33 33 78 33 64 33 72 53 22 39 32 0 39
22 35 49 34 26 26 38 22 44 51 26 36 31 30 41 76 20 27 39 59 30 36 29 43 27 44 31 31 33 31 34 49 26 34 22 24 35 29 37 24 43 20 28 56 34 55 38 31 33 21 29 38 28 34 32 23 56 32 23 25 44 33 74 26 38 26 28 28 39 41 52 46 40 26 53 35 50 47 46 35 23 75 36 36 32 36 17 21 45 44 29 72 25 24 30 50 15 38 63 0
