200
8 12 13 3 18 2358
14 9 2 16 7 2601
7 13 1 14 17 2868
14 10 16 8 4 3390
1 3 1 20 2 2779
19 15 17 20 10 2891
11 9 9 8 18 2613
11 4 17 11 5 1774
10 13 4 10 18 3792
20 2 19 11 5 1975
12 10 11 2 16 2357
18 6 2 5 8 2363
13 3 6 6 20 3215
9 18 20 5 4 3223
2 8 15 2 6 2940
13 3 8 11 20 2915
9 12 19 5 11 3487
20 3 12 1 15 3114
18 3 5 19 2 3340
12 13 7 14 3 3093
20 5 8 5 5 2826
16 19 8 19 9 3367
7 16 8 13 12 3173
17 4 20 4 20 2072
13 20 5 19 12 3280
5 18 19 17 2 2743
16 17 12 7 13 2606
9 3 17 1 15 1830
15 7 5 4 2 2478
5 7 17 17 13 1918
17 5 18 8 17 3079
2 8 14 12 13 2630
20 12 18 9 17 3374
4 15 7 3 16 2642
15 20 14 12 20 2828
6 12 7 8 8 1747
5 4 19 6 14 3080
8 6 12 9 11 1969
7 14 20 14 8 2993
12 1 10 10 15 2463
12 20 15 15 7 2988
12 17 7 4 6 2908
3 16 2 20 7 2153
3 9 11 2 11 2194
16 15 10 17 2 2068
5 5 16 7 6 3052
10 20 11 11 18 2097
2 12 12 20 12 2900
2 20 18 6 9 3551
16 9 7 13 4 3327
17 7 6 14 10 3092
13 10 12 3 19 2727
14 9 18 12 3 1712
14 8 1 16 5 3185
6 20 1 16 13 3458
15 19 12 14 17 2334
13 3 2 20 10 2162
17 16 6 9 9 2031
12 9 5 20 13 2754
13 1 20 19 11 1887
3 8 17 6 5 2318
16 14 17 2 17 1991
5 20 16 13 6 3034
12 9 2 10 12 3301
7 9 4 6 12 2532
15 20 6 1 8 3084
11 9 6 19 14 1760
15 19 2 13 3 2098
9 6 15 3 12 2886
6 20 10 20 13 3389
5 11 9 11 12 2880
14 19 8 9 6 1684
16 17 8 19 6 3368
1 11 17 14 10 1931
5 17 2 12 16 1726
14 18 3 8 11 2795
15 19 1 19 3 2341
17 5 4 13 15 1843
7 11 17 5 19 3781
14 7 6 12 15 2192
10 19 17 9 17 1697
14 9 18 15 16 2271
12 3 10 15 16 2615
9 11 20 12 19 2239
9 5 8 4 3 2023
2 13 17 2 6 1779
11 3 5 20 17 2141
4 2 1 6 11 2764
12 2 9 5 10 1769
3 3 3 9 16 1758
7 8 3 12 16 3804
18 2 1 13 1 3046
8 13 14 6 10 3148
5 7 5 3 3 3297
20 19 7 1 9 2035
13 15 10 6 11 3684
12 16 2 19 13 1937
18 6 20 13 3 3368
12 5 14 15 13 3445
7 16 19 16 3 2705
19 17 10 6 17 3733
12 1 9 6 1 2218
5 14 17 2 13 3789
1 9 9 5 12 1884
8 15 1 15 19 3090
6 15 15 7 14 3433
20 16 14 20 5 2423
9 10 16 13 2 3166
16 12 10 6 6 2713
10 18 19 11 15 3173
13 7 5 5 4 1760
15 13 3 1 1 1670
7 20 13 2 15 2868
8 20 4 17 15 3398
15 20 7 1 16 2005
18 16 18 6 2 3540
15 16 5 20 11 3206
1 10 19 10 19 2506
20 16 4 6 20 2958
1 4 19 12 15 3462
3 3 3 18 19 2154
1 6 19 8 20 3243
1 9 15 14 7 3815
19 2 16 2 17 3662
10 20 20 12 13 3758
5 15 14 4 13 3160
17 3 19 19 7 3292
14 5 17 17 3 3304
8 6 14 9 1 1863
13 18 19 16 16 3349
12 4 3 17 4 3660
18 20 5 14 8 1737
13 11 4 5 8 1618
14 1 13 12 18 2565
15 2 8 5 20 1795
3 5 2 18 13 3585
15 15 17 10 15 2059
16 9 20 11 20 2613
3 7 10 14 4 3293
18 16 3 9 3 1735
17 1 20 7 17 3707
1 4 13 3 15 1767
14 17 12 5 8 2218
15 10 18 18 8 3002
15 7 8 18 1 2011
20 13 17 16 12 2048
11 8 12 14 3 2039
19 11 12 19 16 3022
3 17 11 17 3 1707
5 16 2 16 9 3236
18 9 9 7 18 3324
16 6 4 1 8 2012
9 1 19 17 8 1940
20 6 9 2 9 2243
14 8 15 7 6 2730
12 9 3 7 5 2699
6 10 3 17 1 2179
8 11 9 7 11 2402
6 12 3 1 1 2180
4 16 12 9 7 1936
12 10 20 16 10 1597
7 15 9 13 4 2942
11 18 9 10 9 2595
10 7 1 9 1 1626
16 15 11 14 9 3581
11 10 3 18 9 3639
15 1 5 4 12 3352
5 14 12 20 20 3364
13 1 8 1 6 2837
16 18 20 13 9 2265
8 8 5 17 1 3378
4 6 6 1 9 3568
13 11 10 12 3 2619
20 6 5 16 17 2598
8 3 18 16 7 2339
16 15 2 4 13 1789
6 4 2 12 11 3083
20 5 9 3 20 1893
6 9 19 1 10 3119
9 8 19 14 8 3488
1 17 1 1 1 2728
4 15 3 5 7 2270
13 11 3 14 16 2016
7 1 13 15 13 2452
1 4 12 5 16 1739
9 11 3 5 2 2391
1 1 16 20 1 2957
19 3 13 15 7 3798
7 7 5 20 7 3727
3 9 10 10 17 2561
17 18 6 10 19 2985
1 3 18 10 3 3311
11 13 13 18 1 2728
11 16 8 14 19 3150
1 11 1 18 19 3303
13 3 11 7 18 3629
3 17 1 5 1 3149
16 4 19 10 17 3643
12 11 2 14 19 1883
2 10 8 4 3 3289
0 4 5 1 7 9 1 9 8 1 2 1 10 3 1 6 2 4 6 10 10 8 8 1 3 6 5 1 10 6 7 5 1 8 10 9 4 7 9 10 10 6 2 9 4 2 5 3 6 3 6 2 10 10 5 3 5 2 2 2 2 3 7 4 1 3 9 7 10 5 7 8 7 8 3 7 1 5 9 10 9 3 3 2 9 1 2 6 9 6 2 7 7 1 3 1 6 9 8 4 6 3 4 8 4 8 5 4 5 10 1 3 7 10 2 7 10 3 2 4 5 2 4 8 9 6 7 6 4 2 10 6 10 6 8 2 8 6 10 8 6 10 7 7 9 9 9 4 7 7 8 1 4 9 10 3 4 3 7 1 2 10 5 10 3 5 6 7 6 7 7 6 10 3 2 8 9 1 10 8 7 1 6 5 8 6 9 10 3 8 10 2 4 9 9 4 8 4 1 6
8 0 9 4 6 9 6 8 5 1 8 10 7 8 1 3 7 5 10 4 1 6 3 3 2 9 6 6 7 6 5 2 6 4 9 3 5 1 8 6 10 4 4 7 3 1 3 8 8 10 4 9 4 9 4 7 8 5 7 8 10 6 6 2 7 4 4 1 2 2 10 7 2 1 8 10 6 1 8 2 10 2 7 5 6 6 3 9 3 8 2 5 10 8 8 10 10 7 2 9 1 8 4 8 1 2 3 8 3 3 9 4 2 1 6 4 1 2 2 1 8 9 2 9 7 10 9 6 8 5 6 2 5 2 2 1 3 2 10 4 4 4 3 3 10 2 2 5 4 7 2 1 6 10 2 10 10 1 3 7 2 5 4 7 6 2 4 4 5 7 8 8 2 2 7 5 6 3 1 8 9 1 3 6 4 8 10 8 8 9 2 10 7 1 4 3 3 9 4 4
1 3 0 7 2 6 7 8 2 6 7 4 6 10 3 6 7 9 5 3 9 7 5 10 1 1 8 2 7 5 7 7 5 4 8 5 7 3 5 4 4 7 10 2 6 2 6 10 10 10 5 10 1 7 5 3 8 6 2 6 4 8 5 8 9 5 7 3 6 3 5 4 7 10 10 5 1 10 6 5 9 5 7 3 3 10 7 6 2 3 9 4 3 6 7 8 1 4 6 5 4 1 6 7 10 8 5 2 7 5 4 6 3 5 6 7 9 4 1 2 10 5 1 3 9 2 4 5 4 9 4 5 2 9 7 7 7 3 5 6 7 2 1 4 6 8 4 10 10 1 4 2 1 1 5 7 4 8 1 10 4 7 5 4 6 5 1 8 7 1 4 2 7 10 6 4 5 3 8 8 9 9 7 5 2 2 9 1 10 6 6 1 3 10 2 3 3 5 3 8
10 6 3 0 7 3 8 8 6 1 1 7 1 8 5 8 2 3 7 5 4 9 9 10 6 1 7 7 8 4 1 7 4 5 4 3 10 9 4 1 6 3 1 1 5 8 6 5 8 6 7 1 6 1 10 10 1 2 3 1 9 5 8 6 1 5 6 7 4 2 4 2 8 2 9 9 3 2 7 1 6 3 10 1 4 9 5 9 6 5 7 7 1 5 1 6 8 3 3 3 9 2 6 4 1 5 2 7 5 6 6 2 2 10 8 5 10 5 3 2 6 8 6 2 5 2 7 10 10 7 1 7 5 7 7 5 9 9 9 3 4 8 3 6 10 7 6 6 9 6 6 6 10 7 2 1 8 2 4 7 5 7 7 9 7 7 10 3 5 1 3 3 4 1 9 3 6 8 1 8 9 2 8 8 2 3 1 2 6 4 10 4 9 10 4 5 8 5 2 3
4 10 1 7 0 5 7 7 6 5 1 4 5 4 10 3 7 2 3 8 6 5 8 9 4 9 8 10 6 7 4 2 6 8 9 9 10 10 2 8 6 7 6 10 10 4 2 10 8 5 4 6 10 5 5 9 8 5 8 3 10 2 10 10 7 1 10 2 7 9 4 9 10 2 5 4 3 3 3 8 3 3 3 5 2 7 5 2 4 4 10 9 7 9 10 1 10 4 3 7 8 2 4 6 3 6 2 4 5 3 9 4 6 5 4 3 1 4 7 7 5 4 1 10 2 8 5 8 2 1 10 8 7 1 10 2 2 7 8 2 8 6 9 8 7 2 3 2 5 9 5 4 4 5 8 10 1 1 9 2 5 7 7 1 3 10 9 2 4 6 8 9 3 8 6 4 6 1 7 10 7 10 5 9 8 8 8 3 6 6 10 6 5 5 8 9 7 6 6 7
4 7 2 7 1 0 8 7 7 9 3 9 5 9 2 5 2 8 5 1 5 8 8 7 8 3 5 10 4 9 2 2 9 8 8 4 10 2 5 7 5 10 7 6 9 8 10 9 9 7 9 5 9 5 10 7 8 8 3 8 9 5 10 10 2 6 1 3 6 3 5 4 3 4 7 4 3 10 8 6 3 2 1 8 5 2 5 1 2 9 10 3 7 6 8 9 10 10 2 10 4 1 1 1 8 4 7 2 7 1 8 9 2 2 5 3 8 6 6 5 6 2 3 4 5 6 8 7 5 8 9 1 9 1 8 10 10 2 6 8 7 2 4 1 10 3 10 4 9 5 5 3 5 1 5 3 9 2 3 1 9 7 9 6 9 2 2 9 9 10 8 2 2 10 6 3 6 5 5 8 2 6 4 10 5 6 3 10 4 3 7 4 10 5 10 7 10 6 8 2
5 10 8 1 8 4 0 2 10 9 2 3 6 1 8 7 7 2 8 1 7 1 6 6 4 9 8 7 10 9 3 3 4 5 8 5 5 6 9 7 5 10 8 10 5 6 3 9 2 1 1 1 7 1 1 8 2 8 5 2 1 6 4 5 1 2 10 1 2 7 10 7 1 3 1 3 3 7 5 9 8 9 5 5 1 1 1 1 5 10 5 3 9 1 5 10 1 6 7 8 6 4 2 5 5 8 9 2 2 7 10 8 7 4 5 4 4 2 2 3 9 1 3 4 2 8 1 2 4 7 5 1 5 10 8 4 7 4 8 7 10 9 7 10 3 4 10 9 7 10 1 4 3 9 5 7 10 7 2 9 6 4 9 4 10 3 1 5 10 8 2 6 3 3 7 4 6 4 9 4 8 2 8 1 4 2 5 3 9 9 1 1 5 9 3 6 8 1 4 8
9 3 4 2 5 1 3 0 7 7 10 10 9 9 8 2 9 1 1 5 5 8 5 3 3 9 1 7 2 7 4 7 9 9 5 1 9 7 5 2 9 2 7 8 3 9 6 2 7 9 3 6 7 5 10 9 3 3 4 1 10 2 7 8 6 1 5 2 8 3 9 10 10 8 9 8 9 3 8 10 6 7 7 3 2 6 7 8 1 4 5 10 7 9 6 6 6 1 4 1 5 2 5 3 4 7 6 3 8 7 10 1 10 3 2 1 1 3 7 3 2 5 8 6 10 5 3 10 6 9 7 3 3 7 5 2 3 3 9 8 7 8 1 9 8 6 6 10 4 10 2 4 10 8 6 4 4 5 2 8 9 7 7 10 3 2 9 1 5 5 8 4 2 8 4 9 9 1 2 9 1 2 3 4 5 10 7 5 7 2 10 4 4 2 9 8 3 8 6 10
1 10 10 3 1 8 10 2 0 5 2 6 5 6 9 2 9 3 10 2 8 3 7 1 7 7 3 9 6 3 1 10 6 5 4 1 4 3 2 9 2 8 7 2 1 7 2 5 5 1 10 5 9 8 4 5 9 7 2 5 9 9 10 9 6 6 5 6 8 3 5 5 8 10 2 10 7 10 7 6 9 4 8 8 2 6 9 1 1 4 4 5 1 6 7 1 6 2 7 8 10 10 2 10 4 5 9 2 1 6 2 10 1 5 2 10 1 10 4 3 3 5 4 9 9 4 5 8 6 5 10 9 6 10 9 7 10 1 2 7 7 1 5 9 2 3 10 6 7 9 1 4 10 1 8 8 3 7 9 1 10 10 1 9 1 4 8 6 3 6 9 10 10 3 8 8 8 9 2 8 3 3 6 4 3 4 8 5 2 3 7 6 2 3 1 9 6 5 4 1
8 2 4 9 8 6 7 10 10 0 3 2 2 8 6 4 8 10 10 9 10 5 2 4 6 7 7 10 2 5 7 6 7 2 6 2 2 9 9 3 7 3 6 10 5 1 8 5 2 1 1 9 3 5 4 2 7 5 8 5 3 7 1 4 1 5 2 9 6 3 10 6 10 4 2 6 3 7 6 7 4 7 6 5 5 8 4 2 10 3 3 10 2 1 8 1 8 6 2 1 5 3 2 1 2 6 3 3 3 8 4 3 5 3 6 8 4 5 3 6 9 1 9 4 2 9 8 10 8 10 10 4 5 8 5 3 2 9 5 5 7 10 4 7 1 5 5 6 6 9 6 3 7 10 5 4 9 5 4 6 4 3 10 5 9 2 7 8 10 10 5 4 6 8 10 7 5 9 7 6 2 5 10 7 2 6 6 4 5 6 6 9 2 10 6 5 6 6 5 5
9 3 7 9 4 6 8 10 8 3 0 6 8 1 7 3 5 10 2 1 1 10 8 1 7 2 8 9 10 7 3 4 3 8 1 9 2 9 9 6 10 8 5 2 10 10 8 9 6 6 1 2 8 3 3 8 3 9 10 6 6 5 2 3 1 8 7 5 7 7 10 2 7 6 9 10 3 9 9 9 4 10 10 4 8 9 4 1 4 2 10 3 1 8 8 4 2 5 2 4 3 6 2 4 2 5 6 2 3 5 7 5 8 5 4 3 6 9 8 6 5 3 2 8 4 6 9 5 9 2 7 6 10 4 7 7 6 10 9 8 8 8 6 7 3 8 3 8 9 5 2 8 8 7 2 10 8 7 5 6 5 9 1 10 1 9 10 4 8 3 6 1 9 1 1 7 7 10 2 3 6 1 9 7 4 10 2 3 6 9 3 8 3 9 10 10 2 8 7 8
9 9 3 3 3 3 10 2 8 1 5 0 10 7 9 2 4 5 10 9 10 7 3 10 7 9 3 9 8 2 7 9 10 5 7 4 4 4 5 1 2 5 5 2 10 6 2 7 9 4 8 8 5 4 1 9 10 7 9 3 2 3 9 8 10 8 5 2 8 10 6 7 2 2 1 10 5 10 3 7 5 8 5 3 2 4 1 1 6 4 3 3 1 1 5 6 2 10 8 6 7 5 3 10 1 8 3 3 9 8 7 5 6 6 7 7 2 9 9 4 9 1 6 7 2 5 7 5 7 10 9 10 1 10 2 4 9 4 5 5 4 8 7 4 5 9 9 6 4 10 6 9 2 8 8 6 9 10 4 3 4 7 4 9 9 7 8 4 9 7 2 9 9 5 10 9 4 6 7 10 1 7 5 6 9 8 1 7 9 10 1 1 1 1 4 7 6 8 1 10
5 4 5 7 10 8 5 6 8 8 7 1 0 4 3 9 2 2 1 9 3 4 4 9 9 9 7 6 4 6 5 8 6 2 2 2 1 6 5 5 7 8 2 2 10 6 2 4 9 10 7 1 7 5 10 9 2 8 9 7 2 4 3 8 5 5 9 9 5 10 1 10 7 4 10 10 2 1 7 5 9 6 10 4 3 7 2 4 2 10 5 6 4 2 3 6 7 6 4 5 6 8 1 6 4 6 8 5 10 7 9 2 6 7 5 9 7 10 1 8 5 8 6 4 9 5 10 7 8 5 6 9 10 4 10 1 9 8 4 4 7 3 9 10 6 9 2 6 5 6 7 1 8 2 4 1 2 3 2 8 9 10 5 3 4 9 9 5 10 2 4 5 8 7 2 2 4 9 1 6 8 5 10 3 3 2 6 4 9 9 9 2 7 6 1 6 9 1 4 2
5 7 2 4 8 4 2 2 9 9 1 8 3 0 8 5 8 2 4 4 6 5 5 8 2 9 4 5 4 1 2 5 1 10 7 10 10 9 4 1 3 4 4 9 8 6 1 4 1 7 7 9 9 5 9 7 6 7 3 5 2 1 9 10 4 3 5 8 8 10 2 8 5 1 1 9 5 2 1 8 10 8 7 9 8 6 8 3 5 6 10 5 5 10 3 8 5 10 4 6 1 9 7 3 4 3 1 7 10 4 10 8 6 10 2 1 9 7 9 7 8 7 7 1 2 5 6 9 1 10 4 2 2 6 4 10 7 9 7 3 9 7 9 7 5 9 6 4 3 7 10 10 4 2 5 2 2 5 3 2 6 10 6 6 7 4 9 5 6 9 8 5 7 4 9 10 6 10 2 2 4 9 9 3 5 4 6 9 3 7 10 9 7 10 6 1 10 6 10 5
1 10 1 1 8 4 9 10 1 3 7 8 6 7 0 10 3 9 8 7 4 6 3 9 4 2 1 3 1 8 6 1 5 9 5 3 1 5 10 2 5 7 4 2 1 5 9 8 1 8 7 1 2 7 6 1 4 10 9 2 7 7 7 8 10 5 8 3 1 7 8 8 8 1 2 9 8 6 2 9 8 5 3 10 5 5 8 8 10 9 3 6 5 2 9 4 2 8 10 9 8 8 2 2 2 4 5 7 2 7 10 5 6 9 8 10 8 9 4 8 9 7 3 5 6 5 10 1 1 9 7 8 9 8 2 6 4 5 2 9 5 7 6 9 7 8 9 5 5 7 1 2 8 9 1 6 5 6 7 9 8 2 9 5 10 10 5 3 1 7 10 2 9 4 5 6 7 4 10 8 6 7 5 8 10 7 4 2 2 6 1 8 6 3 10 4 5 9 4 7
6 7 8 9 9 7 9 8 7 2 4 6 7 6 1 0 6 7 10 9 8 8 6 9 5 6 3 8 1 1 6 3 2 9 3 5 1 10 5 6 10 2 3 8 8 8 1 10 5 5 8 4 6 8 2 7 9 9 4 10 5 7 2 2 9 1 6 4 4 8 1 5 6 6 1 1 5 10 7 6 10 6 1 5 7 8 1 8 2 7 6 2 10 1 10 6 9 1 8 4 10 1 3 8 3 5 3 10 6 6 2 7 7 1 2 1 5 4 4 1 1 3 2 8 4 7 1 6 2 5 1 8 5 3 6 3 10 10 10 3 8 6 1 5 6 9 2 7 4 6 6 4 2 7 8 3 10 8 2 8 4 1 10 4 6 2 9 7 4 4 9 6 7 3 1 5 6 2 5 5 5 5 9 1 10 4 1 6 4 2 5 7 6 7 5 2 9 8 1 2
6 6 10 7 8 2 5 1 3 10 2 3 7 4 9 10 0 10 9 5 5 4 4 2 4 2 2 5 5 4 8 6 2 1 7 4 3 1 4 6 6 9 9 8 5 5 7 8 7 3 9 7 4 8 4 6 1 8 4 2 7 7 10 7 9 5 9 8 9 6 1 6 7 9 1 8 7 7 2 2 8 1 9 5 3 4 2 2 2 4 2 3 6 9 9 1 6 1 7 3 5 3 7 3 10 8 10 2 7 4 6 8 9 1 6 10 6 9 6 1 4 6 4 4 1 10 2 9 10 6 3 10 2 1 10 3 3 4 3 1 6 4 10 1 6 2 9 1 8 5 2 6 7 8 5 10 8 5 2 6 7 6 7 7 4 6 6 1 9 10 6 3 2 3 8 7 5 6 7 10 7 8 8 10 3 4 6 3 8 6 1 4 10 6 4 7 1 8 6 9
3 3 3 7 3 6 2 3 8 3 5 2 3 3 5 3 10 0 5 10 3 3 10 4 1 8 1 4 3 5 1 6 3 3 9 2 8 10 8 1 7 8 2 1 4 1 8 4 3 2 3 8 7 4 4 10 10 5 3 10 10 5 5 2 7 9 2 3 9 8 10 1 1 8 4 5 2 2 1 3 2 8 6 9 1 8 6 3 7 6 3 2 10 9 6 3 5 3 7 10 6 9 4 6 6 3 5 7 8 1 2 7 5 8 10 3 8 3 5 9 6 2 8 7 8 6 2 2 2 4 6 2 6 9 10 9 10 5 3 1 9 1 3 8 9 8 3 7 2 5 7 10 9 3 1 4 6 10 2 5 5 1 9 5 6 5 7 9 8 8 2 8 5 7 4 3 6 8 7 2 3 1 7 3 2 5 5 3 1 9 8 8 2 2 1 2 8 3 10 5
10 5 10 6 6 4 3 1 9 4 6 8 9 7 2 10 3 8 0 5 2 8 10 8 4 3 2 10 4 7 6 9 10 5 1 8 9 3 5 5 10 2 7 10 5 8 6 4 9 6 1 1 10 6 10 6 9 3 2 7 1 5 10 5 3 2 6 4 1 3 8 3 4 10 8 5 7 3 6 2 2 5 4 9 5 5 10 5 4 2 1 6 3 5 2 9 8 6 10 1 10 3 2 8 7 2 2 9 9 6 1 7 1 3 1 2 10 5 4 9 6 5 1 4 6 4 2 6 8 10 10 3 1 1 4 3 7 8 4 6 3 4 6 7 7 1 9 6 3 8 7 5 2 9 3 9 5 8 2 5 1 7 6 4 9 6 4 2 7 9 3 5 10 4 3 3 10 2 5 7 7 4 1 1 6 2 3 4 3 9 7 2 7 10 1 9 8 10 1 9
2 9 1 5 2 7 8 7 3 3 8 7 3 2 10 8 6 6 2 0 9 6 7 1 9 4 2 3 8 2 1 2 2 4 2 1 8 4 1 7 4 5 10 5 6 2 6 9 7 1 5 8 5 3 3 3 3 7 6 2 1 10 6 4 8 9 3 8 1 2 10 2 5 8 1 9 2 5 8 4 9 2 5 1 9 9 5 5 7 7 5 3 5 10 2 3 3 8 1 5 1 2 2 8 8 5 2 7 10 10 2 5 5 6 8 5 1 6 2 6 2 3 7 1 1 4 3 1 3 8 4 10 6 6 7 2 4 1 9 2 7 4 8 7 9 6 5 4 6 8 6 1 7 2 3 7 4 10 8 5 10 5 7 8 6 4 3 9 10 7 5 10 6 6 8 2 5 1 2 4 4 3 5 2 7 5 4 2 5 9 3 6 6 1 8 6 8 10 5 1
6 2 8 9 7 9 3 5 10 2 9 5 4 5 2 8 6 1 5 10 0 1 5 1 10 6 1 3 3 4 10 10 10 9 8 10 6 4 9 3 6 10 1 8 2 3 7 1 10 5 7 6 3 5 1 8 2 5 1 3 2 5 7 7 10 1 1 4 3 5 8 4 6 6 2 2 2 5 6 5 3 1 8 7 1 2 8 7 2 10 6 3 8 7 5 10 3 2 1 10 9 10 2 8 9 4 1 7 1 8 2 5 1 7 6 2 1 9 6 10 3 7 2 9 4 2 8 10 9 4 4 4 7 6 7 2 2 6 7 7 3 4 5 6 6 1 3 8 2 6 4 4 9 5 2 6 2 6 5 10 10 1 6 4 4 10 9 9 10 10 7 9 9 9 4 9 1 4 5 9 3 3 10 3 7 2 7 2 6 5 10 6 1 2 9 9 2 5 10 1
6 1 9 2 6 4 2 1 3 7 9 1 2 7 8 9 3 8 4 7 1 0 7 10 6 9 3 5 4 7 8 7 4 5 4 3 7 7 8 9 4 9 7 8 6 3 6 5 8 10 7 10 9 6 4 3 8 9 4 5 3 4 3 3 8 6 10 3 3 3 10 6 10 7 5 3 10 7 7 7 1 8 8 4 4 6 5 5 3 10 2 6 3 4 2 1 5 5 7 7 6 1 5 6 10 6 8 1 8 2 3 4 9 3 1 1 8 1 1 7 7 10 6 6 2 9 5 6 9 4 9 7 9 2 2 6 3 4 1 4 2 3 5 3 9 7 2 2 10 8 4 3 9 1 4 2 5 8 4 3 6 8 8 3 2 6 4 3 6 2 1 2 3 5 6 3 5 9 10 5 3 7 10 2 10 6 3 3 7 4 7 5 7 3 2 2 6 6 5 5
2 8 8 2 4 7 10 6 2 7 1 2 10 6 8 8 10 5 6 2 10 2 0 4 5 6 2 4 6 3 1 5 6 5 9 6 2 3 9 9 4 7 4 4 4 3 4 7 9 8 2 4 10 10 7 7 4 6 10 5 9 5 1 4 8 8 4 5 6 6 3 9 7 1 9 9 5 6 6 10 4 4 9 5 9 9 2 10 3 4 7 9 8 2 10 3 8 2 9 10 7 8 2 8 3 1 7 5 2 2 2 9 5 9 4 2 7 10 2 4 10 6 2 2 8 5 3 8 3 6 7 8 6 2 6 1 10 1 2 4 10 7 3 9 9 4 10 7 2 4 2 4 9 6 6 1 3 9 5 8 6 8 5 10 5 5 4 3 10 6 8 2 8 2 8 8 1 10 9 6 2 7 6 8 4 5 1 9 9 2 3 2 1 2 1 8 10 4 6 1
8 3 10 4 3 1 9 6 8 9 8 7 10 7 5 6 7 10 6 9 3 2 10 0 1 10 3 7 2 9 4 1 6 1 8 3 4 8 9 5 6 2 3 8 9 3 6 3 3 4 6 2 7 4 8 4 4 1 6 10 4 9 7 7 8 10 7 8 3 8 1 3 6 5 6 4 7 1 8 5 10 4 4 9 1 7 2 6 9 9 9 10 9 8 8 4 8 1 9 6 5 8 6 4 1 8 5 10 5 9 3 10 4 9 2 4 1 2 3 5 7 8 6 3 5 8 6 8 3 3 8 6 4 3 5 1 4 7 9 6 8 10 7 6 1 6 8 2 5 5 4 7 10 1 6 6 6 6 4 9 2 7 8 7 4 8 2 1 8 1 10 8 9 8 1 10 2 8 10 10 2 8 6 4 5 7 1 1 8 1 6 10 6 10 3 4 8 5 4 5
3 9 4 5 7 1 7 8 9 1 8 3 8 10 10 4 7 2 10 7 7 8 4 5 0 8 8 1 10 2 8 4 6 1 6 7 7 7 1 2 3 10 8 10 4 9 7 2 5 6 3 9 5 4 7 1 7 7 1 2 3 9 10 1 2 7 5 2 7 6 5 7 4 6 4 6 2 6 9 9 9 10 3 2 1 5 7 10 3 7 8 4 6 5 1 9 7 10 5 10 1 7 1 8 9 2 3 8 1 5 9 9 3 1 2 2 3 3 2 9 10 8 2 2 8 3 3 10 4 8 5 5 8 6 5 2 10 9 3 3 7 9 9 7 5 4 1 9 7 1 6 8 4 4 9 10 5 7 5 7 10 10 2 4 4 10 7 10 4 10 8 9 3 8 4 2 4 5 6 2 3 2 1 3 9 4 3 8 4 1 1 3 3 1 8 1 7 4 9 3
9 1 3 9 5 3 7 2 8 2 7 10 2 1 10 1 2 1 5 2 5 4 1 8 9 0 9 5 6 6 9 1 6 7 3 1 4 8 8 5 6 6 3 1 10 9 7 10 6 6 6 9 8 6 2 7 2 4 4 1 9 2 2 3 10 1 9 10 1 9 1 8 4 10 4 4 3 5 4 4 5 2 1 3 1 1 5 6 1 9 3 4 10 1 9 2 3 2 4 3 1 7 9 4 8 3 7 10 6 6 9 3 7 9 4 3 8 2 9 8 6 7 1 6 5 6 7 1 1 9 4 5 5 8 2 8 4 3 3 3 10 6 7 1 3 1 3 10 9 4 9 7 5 2 9 1 7 1 10 1 10 9 10 8 4 6 7 8 9 3 8 7 4 9 5 5 8 8 6 3 9 5 9 6 5 8 8 6 7 9 2 3 8 8 2 3 10 7 8 10
7 7 6 8 7 6 1 5 8 8 9 4 5 7 10 8 5 10 2 8 5 6 2 3 4 2 0 8 3 10 5 10 8 4 5 3 5 4 2 1 2 4 4 7 7 4 7 3 8 9 8 7 7 7 7 5 7 2 6 6 3 9 1 9 5 4 6 8 10 9 10 10 3 5 10 9 5 9 5 3 6 8 6 2 4 6 3 10 6 10 2 8 4 7 2 8 5 3 2 9 3 10 6 7 5 4 4 8 6 10 8 3 4 10 10 2 6 3 8 2 10 5 1 6 1 9 8 10 5 9 1 8 6 3 1 1 8 5 3 8 8 3 9 6 5 8 2 9 7 3 8 6 6 10 3 9 4 2 1 2 9 6 6 10 1 1 8 1 10 3 8 9 1 4 10 10 1 7 7 2 4 1 5 9 10 7 5 2 4 10 1 6 10 1 2 1 7 4 3 6
9 3 9 8 3 6 2 2 9 3 1 1 3 3 7 5 8 9 10 1 8 3 3 2 7 3 7 0 8 8 8 8 8 6 10 3 4 2 4 8 6 1 9 6 4 1 7 6 7 3 3 10 5 2 9 8 6 4 6 2 2 9 3 3 10 9 6 9 8 5 10 3 1 3 10 1 7 4 5 1 8 8 3 4 1 8 7 1 6 1 8 3 9 1 2 2 2 8 8 9 6 10 2 2 3 1 10 8 5 2 5 1 2 8 2 3 9 4 5 1 5 1 3 8 1 10 8 1 7 1 3 5 3 4 1 3 8 5 1 6 4 5 8 8 9 6 5 5 1 5 2 1 1 5 3 2 9 2 10 7 7 5 9 4 8 8 8 4 4 3 3 9 5 1 10 3 8 7 4 5 4 8 8 7 9 1 8 8 10 10 10 4 7 7 1 4 8 5 2 4
1 4 7 1 5 9 7 7 4 4 2 5 1 9 3 1 8 1 6 7 2 5 5 3 10 4 10 7 0 5 2 10 6 4 2 4 10 3 8 1 10 8 2 5 7 1 1 5 1 5 2 2 10 5 9 6 10 8 6 3 10 10 10 9 6 7 3 9 8 2 2 2 9 6 4 4 6 7 1 4 9 8 6 6 3 8 4 7 6 9 3 7 3 7 3 4 1 1 10 1 8 9 9 4 10 6 8 3 3 10 3 8 1 3 8 4 10 2 8 3 10 4 8 9 9 4 1 4 5 9 7 5 2 9 1 8 7 7 5 7 2 1 9 6 7 2 4 7 1 9 6 9 1 7 6 9 1 9 9 6 1 4 4 7 5 4 5 4 1 10 10 8 1 4 3 8 5 3 2 2 9 7 10 4 3 10 1 10 5 4 1 4 6 4 4 4 3 8 6 2
10 7 7 1 9 1 9 1 5 1 4 2 9 4 4 3 9 1 9 8 3 8 6 2 8 2 5 8 6 0 5 1 3 8 1 5 10 6 9 7 9 4 9 5 2 7 2 6 4 2 10 5 9 10 4 10 1 2 8 8 8 10 7 9 9 5 2 6 10 8 8 4 3 7 3 10 2 1 10 4 3 7 10 7 5 1 8 3 9 9 1 3 8 6 7 5 6 8 9 2 6 7 1 8 4 5 5 2 7 10 6 8 6 9 10 4 10 9 7 10 3 2 5 3 6 5 1 7 1 9 3 8 6 8 5 4 6 10 1 6 9 5 6 10 9 9 10 1 6 2 7 8 9 10 5 5 8 8 4 3 9 6 3 2 1 9 5 9 10 7 8 7 6 1 3 6 5 7 2 4 3 7 4 8 1 8 10 8 1 6 10 3 1 7 2 1 10 7 1 2
3 1 1 1 7 9 9 10 2 4 8 6 6 4 10 1 2 7 8 1 7 8 5 6 4 1 3 6 8 2 0 7 10 5 9 8 6 9 2 7 4 8 4 4 1 9 5 5 1 10 4 7 5 3 10 7 9 1 6 4 6 7 1 6 4 5 2 10 4 10 7 7 10 7 3 8 1 6 4 3 4 8 10 8 8 4 5 3 2 2 1 7 1 8 10 1 6 4 3 10 8 7 6 5 9 9 1 9 7 4 1 10 4 3 2 10 7 9 5 3 8 1 1 6 2 1 8 5 4 3 1 10 4 5 5 7 5 10 4 2 3 10 1 4 8 9 6 7 8 10 7 6 8 10 7 9 3 5 3 2 8 5 8 3 3 5 8 1 8 1 6 1 8 8 6 6 10 1 1 3 1 1 5 7 4 4 9 9 4 6 6 10 6 6 7 8 1 1 10 9
7 2 6 3 9 6 5 4 4 9 5 5 9 3 3 1 3 3 10 9 10 6 8 1 1 9 8 4 7 1 9 0 1 10 1 2 5 6 3 1 9 5 10 7 2 3 10 7 1 4 7 8 8 9 4 9 8 2 5 10 5 6 5 4 2 6 3 10 1 9 4 1 5 7 2 8 2 4 6 7 4 8 4 7 2 7 4 1 3 9 4 6 9 8 6 1 7 4 9 6 6 9 1 6 3 3 5 4 6 7 8 7 5 8 8 5 4 1 4 1 4 1 5 3 6 9 4 4 3 3 6 8 6 4 6 4 5 3 10 3 9 9 6 5 9 9 4 8 1 8 4 2 1 6 10 8 8 3 8 5 1 4 1 3 5 1 9 2 10 1 9 3 3 6 8 3 7 3 3 10 2 1 1 3 6 6 1 7 6 4 4 2 9 4 6 4 6 3 4 3
7 10 10 4 9 3 10 7 1 8 6 3 3 5 9 8 10 10 7 6 2 1 4 2 8 2 1 3 9 3 10 6 0 4 5 2 1 3 10 6 5 4 7 6 10 8 4 10 9 6 10 5 8 3 5 9 4 7 4 3 9 4 1 6 2 10 3 5 4 3 7 9 2 7 6 8 3 10 6 1 7 4 5 10 6 7 5 6 10 10 10 5 10 10 3 6 7 8 9 10 9 1 6 2 7 9 9 1 8 2 6 7 1 7 1 5 8 3 10 4 10 3 6 2 9 2 8 6 8 3 4 4 6 1 10 5 3 8 1 8 1 1 8 3 5 4 3 8 10 4 4 3 3 3 5 2 7 1 7 1 8 6 8 8 4 7 3 5 4 8 9 2 1 8 3 6 8 5 5 1 9 4 9 7 1 8 8 5 9 9 3 5 5 10 8 8 2 3 5 1
10 4 9 7 7 8 5 9 2 9 6 3 10 1 5 7 9 1 10 7 1 3 7 9 5 9 3 6 8 10 9 9 3 0 3 9 10 3 10 8 2 10 10 9 6 6 6 3 3 5 8 4 3 1 10 10 4 8 2 4 8 6 6 7 7 2 7 7 10 8 7 7 1 2 3 4 10 8 1 6 10 5 10 9 8 7 7 2 3 4 7 9 1 5 9 1 5 8 7 2 8 7 1 9 2 1 3 4 9 3 3 5 1 6 8 4 5 3 1 9 7 1 7 2 6 9 4 9 6 5 4 5 1 3 7 6 3 9 5 5 1 6 1 1 9 4 2 4 1 2 8 9 7 5 6 10 8 7 9 7 1 2 9 10 5 1 10 1 1 3 2 9 9 10 2 7 3 4 10 9 10 4 8 10 9 7 10 2 2 4 9 9 7 1 2 9 2 8 6 8
3 2 1 9 10 8 2 7 4 8 7 5 1 9 7 4 10 7 7 2 3 1 1 9 3 2 9 8 1 10 4 9 3 1 0 6 2 2 4 10 4 5 7 7 9 1 10 2 2 4 6 10 7 5 7 5 5 3 8 2 7 5 5 6 4 5 10 6 7 2 9 2 7 2 9 1 6 6 2 8 9 8 5 9 9 8 9 6 7 6 8 8 7 6 5 4 4 4 9 1 3 3 10 6 3 5 3 4 1 5 8 8 7 8 10 10 8 9 4 10 8 8 5 8 8 4 3 9 9 4 7 8 10 9 9 1 7 4 5 9 6 8 10 3 7 3 9 7 2 5 7 4 3 1 4 3 2 7 3 10 1 2 7 1 2 8 9 10 9 7 10 7 9 5 5 10 7 4 8 1 9 4 4 4 1 4 3 10 10 10 5 8 7 7 3 6 2 7 10 8
10 5 4 1 8 10 4 5 8 4 9 4 10 5 10 1 4 4 7 10 8 6 10 2 3 6 4 6 6 6 5 2 2 2 10 0 8 9 9 7 7 2 4 1 5 8 4 8 3 8 10 9 6 5 5 8 7 2 7 8 8 9 4 9 4 1 1 5 5 2 4 9 5 7 4 10 1 3 10 7 4 3 2 6 4 4 6 3 1 6 8 2 10 9 7 5 8 6 8 5 9 2 7 3 8 10 5 4 4 5 6 5 3 2 4 1 6 9 2 7 10 9 6 8 7 10 7 8 1 2 10 2 9 6 7 9 9 1 5 6 3 7 10 8 7 5 5 6 10 5 9 4 7 2 5 2 5 6 8 1 7 2 2 3 4 9 10 5 2 4 10 10 10 2 9 7 9 10 1 4 7 5 10 2 2 1 10 8 5 7 1 5 3 9 5 5 1 5 9 6
1 7 3 5 5 9 4 7 7 10 4 5 6 3 3 2 8 4 2 3 5 8 9 1 4 5 4 10 5 8 3 5 2 10 3 6 0 9 7 9 3 1 10 8 2 6 7 1 7 9 1 3 9 8 8 8 9 3 9 6 3 1 7 8 4 1 4 10 9 8 1 6 5 1 8 8 7 6 4 2 10 5 5 6 1 8 8 1 3 2 6 7 9 9 7 5 2 10 4 9 4 1 8 10 10 3 6 7 5 5 5 1 8 2 7 6 7 5 9 9 10 2 2 4 7 4 1 1 3 2 5 1 6 1 7 7 7 3 7 3 5 4 5 2 6 9 10 8 1 7 4 6 4 2 10 2 2 8 7 10 3 6 4 6 1 1 9 5 5 7 10 3 3 1 9 5 1 1 5 2 4 7 4 4 4 10 9 3 5 9 8 10 3 10 4 2 1 4 4 5
7 4 2 10 9 8 1 7 1 5 6 1 7 1 3 9 5 6 5 10 10 2 2 7 4 2 3 2 3 8 5 1 3 4 1 2 4 0 2 2 2 2 4 6 1 7 9 3 1 7 5 9 5 1 10 2 3 5 3 7 7 3 3 3 6 5 2 8 6 9 2 10 1 1 1 6 10 4 9 10 2 5 5 7 2 8 4 6 9 7 1 7 2 6 7 10 1 4 4 8 10 10 10 3 4 8 10 3 8 1 7 4 5 4 3 7 10 6 6 4 5 2 7 9 10 3 10 4 2 9 1 6 2 10 2 7 6 9 1 8 6 7 10 5 1 8 6 2 9 8 1 3 9 2 8 3 4 6 7 3 1 7 3 3 10 1 5 6 5 7 5 9 2 4 7 5 9 9 1 10 3 4 3 1 7 9 1 8 9 9 7 5 6 9 2 3 10 6 5 9
9 9 8 8 4 10 9 7 1 8 4 2 8 8 5 4 3 2 2 1 1 4 5 7 10 8 3 7 5 6 10 9 4 3 1 4 10 7 0 3 5 6 5 9 5 4 1 2 5 10 5 4 5 10 8 8 4 5 3 10 8 7 1 1 4 5 9 7 6 7 6 5 6 6 6 1 5 9 5 8 10 2 2 9 4 2 8 1 1 6 8 8 6 9 10 1 2 10 7 6 7 5 4 1 6 8 10 8 2 4 4 2 3 10 2 8 9 6 3 9 4 2 10 6 1 10 9 10 9 4 4 5 4 10 2 6 6 7 4 4 4 6 5 7 1 9 6 10 9 3 9 4 1 7 6 4 4 6 1 6 3 10 10 7 1 1 10 9 6 2 7 10 3 7 8 1 6 1 1 4 10 9 5 6 8 5 10 7 2 10 2 3 3 9 10 1 6 2 8 6
7 5 3 4 6 6 9 7 7 9 1 4 7 4 3 6 6 10 6 6 10 7 1 9 1 3 10 4 6 1 4 2 10 6 7 10 8 8 6 0 2 8 2 5 5 4 1 10 1 1 3 9 9 4 6 2 9 10 4 6 4 6 8 4 9 10 8 2 7 5 5 6 3 5 7 5 3 8 4 1 9 7 5 3 3 9 7 9 7 6 7 9 9 9 9 7 5 4 3 4 9 2 3 7 7 10 7 10 10 8 8 10 7 6 4 7 7 9 1 9 10 8 1 4 4 3 8 9 8 9 3 3 4 2 10 4 4 3 7 3 9 8 7 2 1 3 1 4 10 10 5 6 1 9 5 3 3 10 3 8 2 4 7 2 1 10 2 1 9 2 6 1 5 8 2 9 7 8 5 4 6 7 4 3 3 7 5 1 6 4 2 3 8 6 5 1 2 5 2 6
3 6 10 6 5 1 1 9 7 10 5 3 6 3 8 10 3 4 9 5 5 4 9 7 3 9 5 1 5 6 1 5 8 9 10 4 7 5 5 9 0 1 9 9 5 4 2 3 4 1 9 4 3 8 4 7 8 10 8 10 8 1 7 1 7 5 2 9 1 7 5 3 3 9 2 5 3 9 8 9 7 10 4 3 7 5 9 8 8 1 3 10 6 2 4 8 6 4 1 4 3 5 8 4 4 9 1 1 3 10 4 7 8 5 9 1 3 2 9 4 5 2 6 3 10 8 7 6 4 6 2 5 7 1 5 7 5 5 9 5 3 9 2 8 9 3 9 3 8 6 3 6 9 4 1 10 2 5 10 5 7 5 1 8 2 5 7 8 4 4 4 10 2 1 4 1 7 8 9 2 3 1 7 7 2 8 5 8 6 3 6 7 6 3 6 9 1 9 8 7
5 3 1 5 5 10 9 2 1 5 6 10 10 1 3 10 9 10 4 3 9 9 5 1 6 2 1 7 1 6 6 1 7 6 4 8 2 10 9 7 1 0 4 5 7 6 7 4 4 1 1 1 8 5 5 2 2 8 5 1 1 8 1 5 6 5 1 5 10 6 7 6 6 9 10 4 4 8 1 5 4 10 4 2 1 4 1 5 3 3 7 2 5 7 6 1 6 2 9 4 1 8 2 10 2 5 9 4 6 9 9 10 7 6 2 10 4 5 6 1 1 4 8 4 4 8 4 10 8 3 9 2 6 4 6 6 1 6 6 5 6 1 9 5 3 5 8 2 1 1 1 6 4 3 7 2 9 1 9 4 7 9 1 10 7 7 4 6 9 10 7 3 6 1 5 7 3 2 5 6 8 9 1 4 6 2 8 2 8 2 2 9 1 5 3 5 4 3 2 9
3 1 5 3 10 2 2 10 9 3 6 6 7 6 4 8 7 6 5 3 3 10 4 2 8 1 4 7 4 5 9 2 6 3 2 4 10 10 10 2 7 7 0 7 1 4 4 8 10 10 10 5 8 6 2 10 7 1 9 6 9 10 2 4 2 8 10 9 3 5 4 7 5 7 5 1 2 5 8 7 4 3 2 3 5 3 4 6 9 2 5 7 3 9 6 4 1 9 8 9 1 2 5 5 8 5 3 10 10 4 5 8 4 7 3 10 6 10 3 5 4 5 5 8 6 4 3 6 7 6 2 3 2 7 10 7 7 1 5 7 8 8 9 6 9 8 8 3 1 8 6 2 5 1 7 4 7 8 2 7 2 8 4 1 6 9 4 3 9 3 2 8 1 4 7 2 10 9 10 3 2 7 1 1 1 9 7 8 7 9 10 8 1 7 1 2 2 8 1 9
2 6 7 5 7 6 2 2 7 9 6 10 4 5 3 8 8 10 1 6 7 5 8 5 3 7 3 4 9 5 4 4 8 9 1 2 4 3 9 7 9 7 10 0 6 5 8 1 9 9 5 4 5 2 6 4 9 3 9 4 4 8 9 9 10 6 1 5 2 7 9 3 4 5 3 10 2 6 10 10 2 7 5 3 5 10 8 3 7 2 1 6 5 7 2 1 8 10 7 2 10 7 8 9 1 1 8 8 10 4 4 10 3 6 6 3 7 3 9 10 6 10 3 4 2 4 2 5 7 6 8 7 8 10 3 5 6 3 3 1 2 3 9 8 9 3 8 5 2 10 3 5 2 5 5 10 1 10 3 5 10 8 4 7 4 2 2 2 1 7 7 4 2 7 9 4 7 3 6 8 1 3 10 10 1 4 6 9 10 7 3 4 4 1 2 4 7 9 1 9
4 3 5 3 7 5 5 9 2 2 9 9 3 1 10 1 6 7 8 1 6 3 4 10 6 10 3 4 1 4 9 1 10 6 4 10 10 8 6 6 6 10 7 7 0 10 1 8 1 4 2 9 9 5 2 1 3 10 9 6 5 4 4 2 1 6 3 9 6 10 1 3 2 3 8 8 3 2 4 10 3 3 3 2 3 8 5 8 7 2 4 5 3 1 4 2 10 7 5 3 4 5 2 8 10 9 10 4 1 2 8 7 4 2 7 8 7 2 7 8 10 4 4 4 4 4 7 8 6 5 3 1 10 3 4 9 7 3 7 7 7 8 5 4 2 4 1 5 9 6 7 5 8 6 2 5 2 1 3 10 1 1 2 2 8 4 9 4 8 9 9 3 9 10 10 10 10 10 9 10 5 6 8 5 1 10 9 10 4 10 7 5 5 9 2 4 4 9 5 3
6 6 3 8 10 1 7 9 6 7 6 7 7 10 9 6 2 9 6 6 5 8 3 3 7 4 7 6 2 1 9 3 7 7 6 10 7 8 10 6 3 4 5 2 1 0 10 9 1 5 8 7 1 1 4 6 6 8 8 3 5 3 1 6 8 9 5 3 6 8 4 1 9 6 5 2 9 6 4 10 9 7 6 7 7 7 10 9 1 9 5 4 3 3 7 3 9 9 2 3 10 7 2 1 10 8 8 8 9 4 2 1 10 6 8 4 10 5 6 3 8 3 3 6 4 3 1 9 1 1 8 8 1 10 6 1 7 10 9 1 1 3 1 6 7 1 5 1 1 1 10 8 4 3 6 7 8 9 10 1 7 5 8 5 3 9 6 6 5 6 1 8 3 1 8 1 9 6 9 4 5 3 3 5 7 10 2 3 9 6 10 2 1 2 4 1 10 9 1 10
5 7 9 3 5 9 2 2 8 9 7 1 10 5 5 3 8 2 4 3 8 6 5 7 2 6 6 5 9 3 6 2 2 7 4 2 7 9 4 8 5 10 6 4 3 1 0 4 9 7 7 9 1 7 10 4 8 8 10 9 7 7 9 7 1 6 2 4 4 3 10 5 8 10 4 7 9 6 8 2 5 3 10 8 4 3 4 10 6 3 3 6 2 9 10 5 9 4 5 1 7 4 2 4 4 6 3 5 5 10 4 1 5 8 10 4 6 4 6 6 10 10 2 7 5 7 7 6 5 7 3 5 4 7 6 1 10 7 3 1 2 10 7 1 10 10 2 9 8 4 7 3 10 7 10 8 6 6 6 6 4 4 5 8 7 7 1 3 8 3 4 7 8 2 2 8 4 3 9 2 3 5 7 6 6 6 5 9 5 8 6 3 3 9 6 9 8 4 9 9
5 4 9 6 9 1 4 6 3 8 8 1 8 4 5 10 2 9 1 1 10 3 5 4 1 10 9 1 7 3 8 10 2 9 6 7 10 5 2 6 4 5 5 6 10 4 4 0 9 3 1 3 7 3 7 8 9 1 6 7 4 4 7 7 8 4 5 10 7 4 10 3 1 9 7 4 3 6 6 3 2 10 7 9 7 4 1 5 7 8 4 5 3 8 1 7 9 10 7 5 5 9 10 5 3 7 4 8 8 1 1 1 3 5 1 6 6 3 6 3 3 3 1 3 3 3 10 4 3 3 6 2 2 2 4 2 5 6 4 5 10 6 1 5 10 4 10 10 10 3 9 8 1 6 2 10 10 7 10 10 8 1 6 3 5 10 2 6 1 6 6 6 3 8 3 3 1 2 2 10 1 4 8 2 4 3 8 10 1 3 10 6 2 3 7 5 10 10 4 5
3 9 9 7 7 2 7 10 3 2 5 9 5 3 6 1 4 6 6 3 10 6 6 10 3 10 10 10 2 4 1 5 6 4 9 6 7 3 6 6 9 6 3 6 2 8 2 3 0 2 7 6 6 5 4 5 6 5 10 10 6 8 1 7 9 6 9 7 4 6 6 7 8 4 4 2 1 1 7 9 3 5 8 6 4 8 6 9 3 9 4 8 7 1 4 10 4 6 7 6 8 10 3 9 8 10 5 8 2 10 10 2 2 9 10 6 8 4 5 2 7 10 8 3 8 2 10 7 5 4 9 6 10 6 10 5 5 10 1 1 10 4 2 8 3 1 8 8 5 8 5 5 8 3 4 5 2 10 7 8 8 3 5 7 9 6 9 1 7 1 7 7 1 10 8 10 1 2 7 5 6 6 4 6 5 9 8 5 2 5 4 1 4 9 10 5 10 5 2 10
2 4 10 9 1 7 5 10 1 5 2 2 2 3 4 8 2 4 10 3 5 10 10 3 8 3 4 5 3 8 6 2 3 1 3 2 6 6 8 4 5 4 7 4 4 2 7 8 4 0 4 1 9 5 8 6 5 10 9 3 5 7 4 1 5 5 10 1 9 3 10 5 1 9 1 10 2 5 10 8 3 2 10 6 10 9 6 5 10 4 8 5 5 4 6 9 9 3 4 5 9 1 6 7 10 7 3 5 7 9 1 3 7 7 1 6 8 4 9 10 8 6 6 3 3 9 10 3 8 9 6 9 3 4 1 5 4 10 7 9 2 6 2 8 1 8 6 9 9 7 5 1 8 2 8 4 9 1 7 1 4 2 10 8 2 5 7 3 5 7 7 6 4 7 9 6 9 1 10 6 4 6 9 9 7 3 8 10 3 8 1 1 7 1 7 10 3 10 7 2
10 3 4 9 4 3 10 4 8 6 8 9 9 8 10 10 1 5 5 3 9 8 10 10 3 3 4 3 2 10 1 1 6 6 4 9 7 4 3 8 7 10 4 8 4 4 6 8 1 2 0 4 2 4 6 3 9 3 3 8 7 10 7 1 9 2 2 2 10 5 8 6 6 1 4 9 7 3 6 1 6 9 8 5 3 5 3 3 3 2 2 4 9 10 7 2 4 4 2 8 7 2 3 2 2 4 10 10 10 7 5 5 4 1 5 7 1 6 8 3 2 7 8 4 10 7 1 1 4 5 1 7 3 1 5 6 6 5 1 3 9 10 9 4 1 1 2 5 5 5 1 8 5 10 8 7 7 6 9 10 8 2 8 3 8 6 5 5 9 5 5 5 5 7 3 2 1 2 1 7 8 2 7 7 5 2 5 10 2 7 4 9 7 2 9 6 6 8 7 9
3 3 3 3 2 4 4 1 3 3 10 7 6 4 3 3 1 5 8 5 2 8 8 5 3 7 2 5 8 9 10 2 3 7 4 4 5 6 7 3 3 4 5 5 3 8 2 10 6 3 2 0 10 9 4 4 4 6 10 8 2 1 6 4 6 6 1 3 7 8 10 8 5 5 4 6 5 7 10 9 4 10 6 5 10 1 7 7 8 2 1 3 2 8 10 1 2 9 1 5 1 6 5 3 6 6 10 2 3 6 3 2 6 3 6 1 4 9 5 7 4 2 1 3 4 5 3 3 5 7 7 8 4 5 9 4 8 2 8 4 8 8 5 6 10 9 1 7 7 10 6 9 6 1 1 6 2 2 6 5 5 10 7 3 5 7 9 6 10 6 3 8 5 3 1 1 8 3 5 5 2 7 9 2 8 6 7 5 7 7 10 2 7 3 10 1 1 4 8 8
7 2 8 6 4 9 8 3 7 4 5 9 5 6 2 1 5 2 2 10 5 8 3 5 9 9 1 4 2 10 3 1 2 2 3 6 5 1 8 1 1 1 4 1 10 9 9 5 9 10 10 4 0 1 5 5 7 10 6 5 5 2 4 9 5 2 7 3 3 9 5 5 4 8 10 7 4 7 8 3 5 3 6 5 7 3 1 4 1 5 4 10 5 10 9 4 2 8 6 8 7 9 5 2 2 3 1 4 2 6 5 1 1 8 5 5 3 3 9 5 9 2 6 2 9 8 6 10 5 4 3 5 6 8 3 9 8 1 2 3 2 10 9 5 1 4 4 3 8 2 9 4 8 8 8 2 3 4 6 10 8 6 9 2 10 2 1 4 7 8 10 7 4 9 8 1 2 6 1 3 1 1 2 7 3 2 1 5 5 5 8 1 5 9 8 5 4 6 5 9
8 4 2 1 6 4 9 8 8 1 8 5 3 7 7 10 4 7 10 5 8 1 1 6 9 5 7 7 9 10 1 1 2 3 7 5 7 7 10 10 5 6 5 10 8 3 1 9 4 4 5 3 3 0 4 9 1 9 6 3 3 8 8 3 10 8 3 10 6 10 6 2 4 9 1 9 7 3 6 1 3 3 5 8 10 2 8 8 3 10 4 3 5 6 2 5 9 7 10 3 4 9 1 9 5 3 9 9 8 4 2 7 10 7 3 7 9 5 5 8 3 3 3 5 2 5 1 5 5 5 6 9 6 5 7 3 9 3 7 8 3 4 1 1 3 4 10 5 10 2 7 2 10 10 5 4 5 6 1 9 1 9 3 5 8 9 6 3 8 8 2 6 3 8 8 1 3 10 5 9 3 7 2 4 10 3 3 9 4 5 2 8 10 7 8 8 5 5 10 5
6 6 2 1 4 10 8 10 3 8 6 7 7 9 2 9 2 7 8 8 1 10 7 1 7 8 2 9 4 3 8 2 10 4 7 1 10 8 10 2 8 2 9 5 7 9 3 6 2 8 9 5 4 3 0 2 2 9 7 4 4 6 5 6 2 2 4 4 2 8 7 2 2 7 10 2 4 2 6 6 10 2 4 4 1 5 2 5 1 5 3 7 9 3 9 6 1 9 3 3 5 4 3 7 5 3 1 7 1 1 10 5 5 6 8 10 8 9 7 3 6 2 4 7 7 1 8 10 3 1 2 4 7 3 9 1 1 7 8 3 3 6 8 3 1 8 4 8 10 7 1 6 10 9 2 10 10 7 8 10 9 2 8 10 9 1 6 3 10 2 6 5 10 3 1 10 6 2 7 3 4 8 5 1 9 3 10 8 1 7 6 8 3 10 5 6 2 5 3 1
8 10 8 10 5 5 1 5 3 4 5 7 1 6 2 4 1 2 4 8 5 4 3 9 4 4 7 4 2 5 10 10 5 6 3 5 1 7 10 5 2 4 8 5 1 4 2 3 3 9 4 4 6 7 1 0 3 9 5 5 10 7 7 1 6 4 9 1 5 2 6 9 9 1 4 6 9 1 9 7 5 8 6 1 1 5 10 3 9 5 3 3 10 1 3 8 9 7 1 5 7 10 3 10 2 10 7 9 10 6 2 9 9 3 8 4 8 10 9 8 5 6 3 10 5 2 4 3 6 8 7 9 5 4 5 9 8 2 4 6 4 6 9 8 6 10 7 7 2 5 7 1 2 8 6 5 4 5 9 7 4 9 8 3 3 5 1 9 2 3 5 6 8 3 8 3 7 5 9 1 2 4 9 4 6 3 1 3 6 1 2 2 8 4 10 1 4 2 5 8
3 1 10 10 5 2 2 10 3 10 10 1 9 3 5 2 10 9 1 9 5 2 7 5 9 8 5 5 4 10 3 1 9 1 8 5 3 4 10 2 10 3 2 6 1 3 3 3 9 8 6 8 8 4 8 8 0 7 4 9 1 3 10 1 9 4 3 4 2 7 5 7 1 5 1 5 1 6 10 8 5 10 4 4 5 9 5 10 6 2 4 1 5 4 3 7 6 2 2 6 6 5 1 4 4 3 6 2 3 1 1 10 4 1 6 10 7 3 3 2 3 2 1 2 2 7 7 9 1 8 8 8 1 8 6 6 8 1 10 7 8 5 8 3 4 7 8 2 5 9 9 6 2 3 8 10 4 2 10 6 2 8 6 2 10 4 6 7 4 5 5 3 9 4 10 3 2 10 5 5 9 9 8 7 1 1 7 4 2 10 5 3 2 10 5 8 8 4 9 4
7 1 8 1 9 8 1 4 7 4 2 1 1 5 1 10 7 8 3 4 2 2 10 3 6 2 8 6 1 10 8 8 4 2 2 5 9 7 2 8 1 6 2 4 9 3 3 4 4 3 6 1 3 3 8 9 2 0 2 5 9 1 7 8 1 9 3 2 9 1 9 5 10 5 2 9 4 8 6 3 2 10 9 1 6 9 6 9 5 8 10 5 2 2 8 9 8 4 9 3 6 10 4 4 5 10 8 5 1 6 1 5 9 7 2 2 4 6 9 3 1 7 8 1 3 6 9 9 8 9 1 9 8 10 1 7 10 3 7 10 3 8 9 2 10 10 8 1 6 4 7 10 7 8 6 1 4 2 1 8 10 3 2 3 6 2 9 4 9 2 4 6 1 5 4 9 2 9 10 9 6 4 7 1 1 6 6 9 1 9 3 3 8 2 9 1 5 8 2 6
10 5 2 10 6 9 6 4 1 8 8 1 8 6 4 9 5 4 8 7 1 10 10 7 10 9 10 1 3 7 5 3 8 3 7 6 10 7 5 5 4 3 3 2 8 7 2 7 6 5 1 10 3 9 1 4 10 2 0 4 2 9 6 4 4 9 6 8 10 7 2 5 4 4 6 2 7 5 1 2 10 7 4 2 2 5 10 6 2 7 10 7 3 4 4 6 5 6 1 10 4 2 4 1 2 8 5 6 6 10 7 1 3 8 9 3 5 3 3 9 6 5 8 10 6 9 1 4 3 3 1 2 1 8 5 6 9 7 8 5 4 6 5 8 6 6 10 1 1 3 6 7 1 4 4 9 2 8 1 3 9 4 8 3 6 5 2 2 2 9 1 8 9 9 3 3 6 2 1 4 1 5 5 1 8 6 10 3 5 10 10 10 9 3 7 1 4 9 10 10
6 10 4 5 7 4 7 4 7 6 4 8 9 9 3 8 3 3 4 8 4 7 5 10 2 5 4 3 8 1 9 1 4 10 10 9 3 1 2 10 8 2 3 7 9 7 3 3 4 4 4 8 9 2 1 9 1 6 10 0 9 1 10 10 5 6 6 3 10 4 1 7 4 4 7 3 9 2 9 1 2 1 2 2 9 10 4 10 8 4 4 9 5 6 5 2 3 10 6 2 10 9 7 5 8 5 9 1 4 9 2 1 10 3 10 2 8 10 10 4 1 1 8 1 6 2 9 5 9 8 7 2 3 2 10 8 8 2 10 4 3 2 3 6 4 9 7 4 6 1 4 6 7 4 4 8 8 5 6 10 3 9 2 10 7 1 5 4 7 4 7 2 7 10 5 9 3 6 5 9 6 3 7 8 7 6 2 2 2 7 6 5 6 10 7 8 7 9 10 7
10 10 6 4 7 8 8 3 3 4 8 5 1 4 9 9 9 10 8 2 8 7 3 10 8 5 5 1 6 1 3 1 7 2 8 6 7 1 1 4 4 4 9 5 3 1 1 5 1 4 2 10 6 9 3 6 3 5 1 5 0 2 8 10 4 10 8 3 1 9 4 7 4 4 8 1 4 6 4 4 8 10 9 4 9 8 8 3 9 7 5 7 6 6 6 6 2 5 6 2 8 3 4 10 5 9 9 8 9 10 4 1 6 3 3 2 7 2 3 3 6 10 10 10 8 2 7 4 6 10 4 7 8 3 6 7 10 7 1 7 1 8 2 3 8 2 8 9 2 5 7 5 3 5 9 7 4 7 1 9 3 3 3 1 8 1 3 7 3 2 2 7 5 8 3 2 4 10 7 7 9 9 1 6 5 9 6 1 4 10 9 2 8 5 5 7 5 7 9 8
8 5 3 6 2 6 5 4 5 7 4 9 4 2 4 10 10 9 5 8 7 2 6 6 1 10 4 2 1 9 5 6 7 4 5 3 4 7 9 7 5 1 4 4 4 8 5 3 4 6 6 5 6 6 8 7 4 10 8 6 4 0 10 8 10 7 3 2 1 8 2 5 7 7 4 7 1 9 6 5 6 4 4 8 1 5 7 2 7 6 5 10 10 7 6 10 5 9 2 2 5 5 6 2 5 3 8 8 7 10 6 5 5 4 8 10 4 8 10 9 9 5 3 7 2 8 3 2 1 1 9 9 7 9 10 4 3 4 6 3 10 3 7 7 8 8 5 6 1 4 2 2 1 7 8 8 2 5 8 4 7 10 3 7 6 4 1 9 6 4 2 8 5 2 4 1 6 10 6 7 1 9 3 3 9 10 6 5 2 1 8 2 5 4 7 9 1 6 1 3
9 6 1 2 1 5 3 10 1 1 2 2 2 4 3 9 4 5 1 6 5 9 8 7 10 7 5 1 8 4 10 10 9 6 5 5 6 8 3 1 5 7 7 6 3 1 8 2 10 7 4 5 3 3 5 3 10 9 2 9 2 7 0 3 8 8 7 10 3 9 4 6 9 4 4 2 10 4 6 10 10 2 5 2 8 3 2 2 6 7 6 9 10 5 4 8 7 7 2 7 3 7 7 4 10 10 8 3 6 2 9 10 7 8 9 1 1 10 1 10 8 1 1 7 4 10 10 4 9 8 6 2 3 8 4 3 7 7 8 5 9 8 4 6 9 8 1 7 10 2 6 7 9 9 9 1 4 6 3 5 5 10 9 7 2 6 9 4 8 10 8 5 3 8 5 10 8 4 5 10 4 2 9 3 1 7 7 7 4 5 10 7 3 1 6 2 7 6 3 8
4 9 9 5 8 4 10 5 8 9 8 10 6 9 3 8 3 10 10 9 4 7 1 8 9 5 8 2 2 7 7 5 2 1 2 9 4 10 2 3 9 1 2 10 10 5 9 9 10 10 10 2 8 6 3 2 2 4 6 5 3 1 4 0 7 8 5 4 2 10 4 3 5 4 6 9 8 4 1 4 4 9 2 8 7 9 7 4 6 8 2 1 10 6 5 1 3 5 9 10 6 5 5 4 1 1 3 10 4 5 2 8 10 2 3 8 3 5 1 1 8 10 9 10 1 5 8 2 1 2 7 1 7 6 1 3 2 9 1 4 9 2 10 8 5 3 8 4 2 3 10 10 5 4 1 3 2 8 1 7 2 6 6 6 7 6 6 5 4 5 4 1 6 7 5 6 3 6 1 10 3 5 8 5 9 1 8 9 8 2 7 10 10 8 8 10 9 3 1 4
1 5 8 1 4 1 8 4 3 4 9 6 5 2 4 5 1 2 3 10 8 10 9 4 3 4 7 7 10 9 8 1 3 2 8 7 10 7 1 6 10 7 4 9 5 7 8 6 10 7 1 10 9 6 1 7 8 9 10 4 6 6 7 1 0 7 7 2 6 7 4 4 8 2 7 4 5 5 7 6 5 6 8 6 9 8 6 7 3 7 2 10 9 5 4 4 6 7 8 6 2 1 7 6 9 2 2 6 2 5 4 9 8 2 4 3 3 8 10 3 6 1 1 7 4 4 4 4 3 6 1 3 6 9 2 7 1 1 4 10 6 2 5 8 8 6 5 8 4 6 5 2 4 6 7 1 7 7 4 4 10 8 6 2 5 5 10 2 7 2 9 6 3 5 4 7 7 4 2 3 5 7 8 9 1 5 9 7 3 6 6 6 8 6 3 7 8 7 1 5
8 2 8 9 3 5 8 10 5 10 10 7 7 6 2 4 10 10 6 2 3 1 6 5 10 10 4 3 6 6 4 1 2 9 3 7 5 3 5 7 2 9 9 6 1 1 4 6 3 5 4 4 4 4 5 4 5 1 6 6 3 6 7 6 1 0 4 2 10 9 1 5 7 9 6 6 7 3 2 1 6 8 4 7 8 6 7 2 8 5 6 3 9 4 5 6 9 8 7 1 2 7 4 4 7 8 7 10 9 3 7 1 6 10 5 8 9 5 5 7 4 2 10 8 4 8 2 8 4 10 10 4 1 2 5 2 10 6 7 6 7 6 8 8 7 8 4 3 4 7 6 10 3 8 10 6 7 3 5 1 7 9 1 9 7 6 3 2 2 4 7 8 9 5 4 3 8 1 3 2 8 4 4 10 1 3 6 7 8 9 9 2 9 1 4 3 4 10 6 8
6 6 5 9 3 5 5 9 1 7 5 10 2 7 2 3 8 3 7 2 7 2 7 4 2 2 7 8 8 2 10 4 1 2 2 4 8 7 5 6 8 3 5 1 7 4 8 10 3 1 2 3 1 7 2 2 3 6 6 5 9 8 7 5 9 3 0 1 5 5 1 1 9 6 2 7 9 6 10 4 6 3 5 1 7 5 8 3 4 7 9 7 1 9 6 10 5 6 8 10 5 2 8 9 4 2 9 4 6 2 7 3 4 4 2 9 4 9 10 9 6 5 1 1 7 9 5 4 9 7 5 5 9 10 2 6 8 9 3 8 9 9 9 2 8 7 3 6 5 2 4 7 4 3 6 4 2 9 4 4 8 10 9 5 8 7 6 4 5 5 3 8 4 2 2 2 10 4 1 8 3 7 8 4 4 10 10 5 1 5 5 9 6 6 7 7 9 8 10 5
7 1 9 4 8 10 7 4 3 7 4 4 8 7 2 5 8 8 5 9 10 5 10 9 4 2 10 10 9 8 7 5 1 6 8 5 8 1 3 3 3 10 8 6 5 2 10 1 10 3 2 4 3 8 5 1 7 6 9 9 5 6 8 3 3 4 7 0 3 3 1 7 10 1 4 3 8 1 4 6 1 4 2 1 9 1 3 7 6 2 7 9 3 2 9 9 3 5 4 1 5 9 9 4 2 5 10 8 6 9 1 6 2 2 1 7 10 9 8 2 9 6 2 7 5 3 9 7 1 8 6 9 1 4 10 9 2 10 2 2 5 4 1 6 9 8 8 8 10 5 10 2 2 6 8 6 10 10 10 9 6 3 5 3 2 6 2 7 9 6 7 4 5 10 6 5 2 3 6 6 8 1 9 1 8 4 6 9 6 10 5 4 5 1 7 7 7 4 2 3
5 6 2 7 6 7 3 8 7 9 8 3 10 4 2 5 1 5 5 6 10 2 9 10 4 7 4 10 4 10 2 2 3 9 4 2 10 9 9 6 1 9 10 6 7 10 5 2 9 4 1 6 9 6 3 9 3 8 7 9 6 1 9 3 2 3 7 10 0 3 2 7 2 9 1 3 3 3 2 5 10 3 8 9 5 2 2 3 9 7 9 6 2 9 9 3 4 6 8 1 3 6 3 4 2 3 1 8 10 3 3 6 1 3 2 5 1 5 10 8 9 1 6 4 9 5 6 3 6 7 5 5 5 3 6 7 7 5 1 2 6 6 10 2 10 8 1 3 9 6 10 9 2 9 5 1 2 2 3 6 4 2 4 4 9 7 4 2 2 3 10 9 5 10 5 10 1 6 4 9 3 1 6 1 2 10 10 3 3 1 7 5 10 1 8 8 7 9 7 2
7 8 5 10 4 6 2 7 2 10 4 5 9 4 2 2 6 10 4 7 3 5 5 9 7 7 3 7 5 6 7 3 4 8 2 3 9 8 7 5 8 2 1 6 3 10 6 4 6 7 8 5 8 10 8 6 4 6 4 8 4 7 7 1 1 6 9 3 5 0 3 1 5 1 10 7 10 7 10 4 2 10 3 4 8 8 2 9 3 5 10 7 6 4 4 6 1 9 1 2 7 10 8 1 5 5 10 1 1 5 5 1 8 4 6 2 9 5 9 5 8 7 1 3 3 5 2 8 5 2 10 8 9 3 1 7 4 10 8 9 4 3 6 9 4 7 2 4 8 5 4 3 10 2 9 7 10 10 9 6 5 5 4 9 8 5 1 6 3 5 3 9 10 4 5 5 1 7 3 1 1 1 10 8 7 3 7 3 4 3 3 10 3 9 5 6 10 9 6 7
5 7 4 8 7 2 3 1 3 6 5 8 2 6 2 9 8 5 4 7 6 1 2 9 9 5 5 5 9 3 2 3 9 4 1 5 4 6 2 8 7 4 2 5 9 3 3 7 1 1 9 7 1 6 5 5 4 2 5 4 4 8 7 3 9 9 4 1 4 6 0 8 5 10 10 2 5 3 4 8 7 4 6 4 2 10 5 10 3 7 8 5 4 2 5 8 9 8 10 5 3 3 6 5 2 6 2 1 2 4 3 9 9 4 4 9 8 2 9 1 10 2 1 6 10 3 7 2 4 10 7 9 8 7 10 2 6 8 4 7 4 7 4 8 2 8 4 6 10 6 5 7 6 3 10 3 1 5 2 10 7 1 10 9 1 7 3 3 2 5 3 4 2 8 7 4 3 5 4 1 6 6 9 2 3 3 10 10 2 2 3 6 3 2 5 2 1 8 6 10
7 9 1 9 8 1 3 2 1 1 3 9 6 1 4 5 3 1 2 5 6 9 4 5 9 7 7 7 7 8 4 6 5 5 2 10 5 2 8 5 3 8 8 1 4 10 7 8 1 5 7 2 5 9 7 7 8 7 3 5 3 4 1 2 9 6 10 3 5 2 3 0 4 4 8 3 6 2 8 9 8 8 5 2 10 3 6 2 4 8 5 2 6 7 2 8 2 1 1 9 7 10 1 3 8 2 6 7 3 10 1 8 10 10 7 9 6 6 8 4 2 7 3 6 3 3 2 4 9 2 7 1 7 3 8 1 4 4 7 8 6 10 4 10 1 2 8 7 10 3 8 10 9 8 6 9 10 9 10 5 4 8 10 1 4 5 5 9 3 6 8 6 7 6 2 10 6 6 8 9 3 5 10 10 4 6 3 2 3 4 5 3 9 2 8 6 1 9 8 8
7 2 8 2 10 5 3 6 8 5 8 1 3 2 1 10 6 2 1 4 10 6 5 5 4 4 3 7 10 2 9 9 7 4 4 3 6 7 2 7 8 4 7 1 9 1 10 3 4 9 9 2 2 5 6 1 5 1 6 9 9 10 6 8 10 6 5 7 7 3 1 1 0 8 5 9 10 9 2 9 4 3 6 10 10 10 8 8 8 3 3 2 5 2 8 5 8 6 1 9 2 10 9 7 10 4 1 6 7 4 6 9 8 2 7 3 3 2 1 6 3 8 7 3 1 9 4 3 10 7 5 6 7 7 6 5 1 1 2 7 5 6 8 4 6 9 9 10 8 8 2 6 4 9 5 3 4 6 5 2 1 6 10 4 7 3 4 5 8 3 6 5 10 8 9 3 6 8 2 8 6 6 8 5 8 6 6 8 10 1 4 2 7 5 7 10 6 4 4 1
2 7 2 1 3 8 7 5 10 7 10 10 9 6 5 3 1 9 8 6 7 5 10 2 10 1 2 3 6 7 10 7 10 2 4 10 2 7 8 8 9 5 5 7 10 10 2 8 6 2 10 3 5 4 3 2 1 3 7 5 10 5 5 3 10 8 5 1 4 8 9 8 8 0 2 3 5 10 10 1 1 4 2 9 3 2 2 6 10 8 6 8 1 2 3 1 9 4 1 6 9 1 1 4 8 9 3 9 2 6 6 10 4 2 10 8 8 9 1 7 2 3 7 3 2 5 4 1 8 4 6 5 3 1 9 10 5 7 5 6 7 1 9 7 4 5 4 5 9 8 3 3 9 9 2 1 4 6 5 3 8 9 4 4 10 5 2 5 4 5 2 3 5 7 1 5 5 2 2 4 3 8 8 1 3 4 4 5 9 10 2 5 1 5 8 2 7 3 10 6
10 8 9 9 3 9 2 9 6 5 9 4 6 6 10 10 9 5 7 5 5 5 3 5 3 10 10 2 2 7 9 2 7 9 1 8 3 6 3 9 2 4 4 10 2 10 6 8 2 7 8 6 8 10 5 2 6 2 4 1 2 4 9 6 9 3 9 6 8 4 7 10 3 7 0 3 5 6 10 2 4 8 5 6 2 3 9 4 10 4 8 10 4 1 7 10 4 4 5 1 10 1 4 5 2 5 1 5 5 1 3 9 3 6 2 1 4 7 4 5 4 9 3 4 5 2 4 8 9 5 10 8 9 4 5 3 1 3 2 7 4 9 2 9 9 2 9 3 2 3 8 6 4 8 7 4 8 1 10 10 3 1 7 10 6 9 2 4 1 8 10 2 3 9 1 10 2 7 1 2 1 5 7 7 4 5 7 5 4 4 1 1 1 5 7 8 2 1 9 3
5 10 1 7 8 4 6 5 7 9 1 1 6 2 10 3 9 4 1 6 9 3 6 10 6 8 5 4 8 4 5 1 10 8 2 3 9 6 2 8 5 4 4 9 2 6 1 4 4 2 4 8 7 10 2 9 5 8 4 4 1 2 9 2 9 3 6 7 4 9 10 9 9 10 5 0 1 6 3 8 6 1 1 10 10 8 4 8 5 7 3 9 4 3 6 7 8 4 3 6 7 5 10 3 4 8 5 7 8 5 8 6 1 2 7 5 7 9 4 8 5 4 6 4 7 5 2 2 10 3 5 5 9 9 9 5 7 10 1 3 8 10 8 9 9 7 2 2 1 1 7 4 2 3 6 8 4 7 6 6 6 10 5 10 10 6 4 7 3 10 9 3 8 10 2 9 10 2 1 5 6 2 9 2 7 7 7 1 5 8 9 10 3 7 5 10 10 1 7 1
9 2 6 1 2 8 10 2 5 2 9 8 9 5 1 6 8 4 10 8 8 9 1 5 4 2 9 3 8 10 8 4 4 3 5 4 8 4 9 10 3 2 2 1 6 9 3 5 10 5 1 10 5 5 1 1 5 6 4 2 4 7 5 3 4 6 5 5 6 8 7 7 5 5 7 10 0 10 7 3 7 10 3 1 10 9 5 4 9 3 3 1 9 4 5 10 5 1 8 6 3 6 1 3 2 1 9 6 2 9 3 1 1 3 2 6 10 2 10 5 6 1 7 7 5 3 5 1 10 10 5 8 4 9 6 9 6 10 1 8 3 10 3 9 6 7 3 7 6 10 1 1 5 10 2 2 3 1 10 8 5 8 6 3 10 10 5 4 3 3 7 2 2 7 10 4 5 5 1 10 7 10 5 8 8 10 8 8 6 9 6 4 6 1 7 9 6 2 6 3
1 8 2 8 6 9 7 9 7 5 10 4 1 9 4 8 1 1 5 5 2 1 6 6 4 2 5 1 2 8 9 8 10 4 2 8 1 7 4 7 4 10 10 10 3 5 4 5 7 3 5 10 7 7 6 4 6 1 1 9 3 1 2 6 10 3 5 5 5 2 9 10 6 10 10 7 6 0 10 10 5 6 3 6 7 10 10 1 2 10 7 4 1 7 9 7 1 1 10 3 4 1 7 7 9 4 6 10 3 8 4 2 6 4 9 1 6 4 2 1 4 8 2 2 1 4 7 7 9 4 2 9 1 3 7 7 4 2 10 10 10 1 2 10 9 9 4 5 1 10 4 6 8 9 9 8 7 1 10 4 9 10 7 3 6 6 3 2 4 4 5 5 8 9 10 10 5 4 9 6 9 6 6 8 10 10 1 7 4 8 3 3 2 8 4 9 10 2 10 5
7 2 2 10 5 3 2 2 3 8 6 6 6 9 2 6 2 4 9 3 1 10 6 10 7 1 6 9 8 9 5 3 4 10 4 4 5 10 6 9 5 8 4 7 8 4 7 8 6 1 3 5 3 7 4 9 9 5 4 3 1 9 6 6 2 1 4 6 9 10 1 2 8 1 5 10 4 8 0 8 3 5 5 2 10 6 2 3 2 9 6 8 1 5 2 8 7 6 2 1 1 10 3 2 5 9 8 6 9 4 5 9 4 7 6 10 9 4 10 1 7 9 3 7 4 3 7 10 6 9 6 6 9 7 3 9 7 3 1 4 4 9 8 5 8 8 10 4 3 3 6 1 6 10 5 1 3 7 2 1 3 9 4 7 7 2 4 4 6 8 6 3 1 1 3 8 10 7 5 4 4 8 5 6 4 6 5 3 6 7 3 10 5 10 1 3 9 7 9 5
7 5 1 3 4 5 6 9 3 6 8 3 5 9 1 10 7 2 7 1 3 6 4 1 10 4 5 2 3 8 1 5 6 3 5 1 10 4 9 9 6 7 7 7 6 4 3 10 3 7 3 1 2 2 5 9 3 9 10 8 10 4 9 6 4 8 6 3 7 10 1 9 7 1 4 9 3 7 10 0 4 5 9 9 7 4 4 2 7 2 8 9 10 9 2 4 6 10 6 7 6 8 3 7 4 5 1 6 7 9 7 7 9 3 1 2 9 3 5 4 10 5 7 3 2 10 7 7 8 10 4 7 2 4 10 7 3 6 5 2 8 3 6 7 5 1 6 8 1 10 1 6 7 2 5 10 7 4 9 6 6 1 4 4 10 6 2 7 2 6 9 9 7 10 3 5 1 3 5 5 1 5 4 7 6 3 9 7 6 2 8 8 6 6 7 6 8 8 8 8
6 6 1 8 10 10 10 9 4 9 8 2 1 4 10 6 1 10 3 1 7 1 6 9 10 4 1 9 1 3 6 4 9 8 4 7 4 6 4 1 2 4 6 1 10 1 3 4 9 2 8 4 1 5 9 3 4 6 4 6 2 2 5 8 4 10 8 9 1 1 7 4 3 8 10 9 2 2 9 10 0 8 8 4 4 2 2 6 1 2 5 3 8 10 8 8 9 4 4 10 5 9 5 10 7 2 3 1 3 2 9 7 9 1 7 9 8 5 9 8 8 5 1 9 2 5 6 1 1 8 1 10 6 8 2 6 7 8 4 7 9 4 4 8 8 6 2 6 4 8 1 2 5 7 2 10 6 9 8 4 1 3 7 1 6 10 2 3 8 2 3 6 1 5 8 3 4 1 1 5 9 6 5 7 10 8 4 3 3 2 6 8 2 5 9 6 2 10 3 8
9 2 6 3 3 10 7 3 3 9 4 3 8 1 9 6 6 10 5 4 7 7 6 6 1 6 8 7 4 2 5 7 1 8 6 2 5 3 8 5 3 9 5 6 10 2 10 8 3 9 5 9 1 8 1 9 9 8 5 6 2 10 1 6 4 7 2 3 4 10 3 8 9 8 9 7 1 4 1 3 10 0 7 7 10 9 9 4 2 5 10 9 9 10 1 7 2 10 9 1 1 6 9 3 7 10 9 8 10 9 2 9 4 10 5 4 5 1 9 5 5 9 3 2 8 8 2 6 9 7 2 7 2 3 8 8 7 6 4 9 4 3 10 9 3 2 5 6 7 10 8 4 6 8 3 8 1 10 6 8 5 3 3 8 5 3 1 2 1 3 8 9 9 3 3 6 1 10 4 1 6 9 7 10 2 7 3 2 7 7 1 1 7 6 7 8 1 6 6 2
5 9 5 3 5 5 3 5 4 9 2 4 10 5 4 5 5 7 7 2 9 5 3 1 2 9 2 5 1 6 4 9 10 1 2 6 4 6 2 6 3 7 3 10 3 10 5 1 1 9 10 8 10 7 8 9 8 4 6 10 7 2 2 4 8 8 1 9 2 6 8 5 3 6 3 5 8 1 3 1 4 9 0 2 2 7 4 10 2 7 9 6 7 9 6 5 7 4 5 1 7 5 7 3 2 4 10 9 3 4 9 9 8 4 9 5 1 3 7 1 7 1 10 10 8 4 3 5 3 1 4 4 2 4 5 10 10 9 3 3 1 3 7 2 3 6 8 6 4 6 8 6 5 10 2 2 1 1 9 8 10 9 5 2 9 9 4 8 7 3 4 8 6 7 5 2 2 4 8 7 2 9 5 5 2 10 5 10 3 9 1 4 2 10 8 6 4 9 5 6
5 3 10 8 4 5 2 7 7 8 10 3 2 5 5 5 5 1 7 9 9 2 4 4 2 2 2 5 7 8 5 4 7 1 5 1 8 9 1 9 4 5 5 3 8 9 2 2 10 9 9 10 6 7 5 8 5 3 7 4 3 1 3 5 4 10 7 6 8 3 10 5 3 8 3 1 3 7 10 1 5 2 9 0 4 7 8 6 10 6 6 9 9 7 10 2 3 2 5 7 3 9 3 1 3 4 9 8 7 4 9 9 7 1 7 2 10 9 7 4 6 2 1 1 6 3 7 9 3 8 1 1 10 9 3 5 1 2 5 7 2 3 7 9 7 10 3 8 9 9 8 1 5 3 8 6 10 7 6 8 10 9 2 10 4 2 3 7 3 2 5 8 3 8 8 9 9 1 7 6 3 7 10 5 4 9 9 9 10 10 10 5 1 6 7 8 6 2 4 3
5 3 10 7 6 10 4 2 3 8 3 1 9 9 4 8 4 2 5 6 9 9 4 1 5 6 9 9 10 8 8 7 2 1 1 9 8 9 7 10 5 3 8 3 4 9 3 9 2 1 8 9 4 3 5 3 8 5 9 2 4 6 6 6 8 6 5 5 9 7 7 1 5 5 3 4 2 5 3 3 1 4 10 1 0 6 1 10 5 9 5 2 3 3 2 5 2 7 1 9 3 4 1 3 10 10 8 7 3 5 9 2 9 4 10 10 7 10 1 9 2 6 9 4 7 8 4 3 8 5 2 8 6 4 2 7 9 6 8 2 2 7 8 2 3 9 1 10 6 8 9 3 9 1 3 2 10 5 1 4 2 9 3 9 5 8 8 7 3 9 5 1 3 9 5 7 8 2 4 5 2 7 10 7 5 2 5 1 5 1 8 2 9 6 7 3 9 1 2 8
6 1 4 7 2 7 5 1 3 8 3 4 7 6 5 4 2 8 9 6 2 8 7 4 2 9 4 3 1 6 6 7 1 6 4 5 9 2 10 9 8 10 2 2 9 9 3 6 9 5 1 4 2 7 4 2 5 7 4 3 9 5 10 4 8 2 1 8 1 2 3 8 9 10 3 8 3 1 5 7 7 3 3 1 1 0 10 8 5 9 6 7 8 2 10 10 6 6 10 7 4 8 8 6 4 9 3 5 2 8 3 8 5 1 10 3 6 4 7 10 7 9 9 7 10 9 4 6 7 4 9 5 1 8 7 4 5 3 10 9 2 5 7 9 7 5 4 1 9 2 6 5 2 6 6 1 1 6 8 2 9 3 3 10 9 1 10 7 1 9 1 1 9 5 1 2 1 2 2 3 3 7 5 6 9 6 4 7 10 8 9 8 5 6 1 7 3 1 5 9
4 6 10 6 4 3 9 10 2 5 7 3 4 2 1 5 6 10 3 3 6 1 8 10 7 7 10 3 3 3 7 4 10 8 4 4 7 3 1 9 6 9 9 4 4 5 5 1 3 2 3 1 4 3 5 6 8 6 6 3 4 2 1 9 8 9 10 8 10 4 3 4 9 6 8 1 7 6 8 2 8 6 4 5 10 1 0 9 6 2 4 8 5 8 4 10 7 8 8 10 7 7 2 3 10 10 4 10 4 2 10 8 2 6 2 9 4 10 2 10 9 10 1 7 7 6 7 8 3 8 2 7 4 9 7 6 10 9 4 8 5 8 5 1 8 3 6 1 2 1 9 10 6 4 10 7 4 3 1 10 8 1 10 2 8 2 8 4 6 4 2 10 5 3 4 1 8 7 6 4 4 1 2 8 6 2 7 7 4 7 5 5 8 1 6 4 6 7 9 10
4 10 4 2 8 4 2 6 9 3 1 3 3 2 4 6 9 6 9 9 7 7 2 6 8 8 5 10 6 1 7 1 4 7 2 5 3 8 9 7 7 1 7 6 10 4 1 2 9 2 7 7 3 3 6 4 1 7 1 4 7 6 8 5 2 3 7 10 6 5 2 9 1 4 8 5 7 7 2 7 2 6 10 9 2 8 2 0 8 7 2 8 3 8 4 2 2 8 9 5 3 4 8 5 10 6 8 4 7 7 8 5 1 2 8 2 9 8 8 9 5 8 7 5 8 8 6 6 1 5 4 4 6 7 3 5 5 6 6 3 10 6 3 9 3 4 3 2 3 4 2 4 10 1 4 2 1 4 3 8 5 10 4 10 2 6 10 1 5 2 9 5 2 8 2 1 6 1 9 4 8 6 7 9 2 10 8 6 3 4 7 3 6 7 5 9 7 8 7 1
3 8 9 7 8 3 5 4 3 3 2 5 3 8 10 5 2 10 2 2 4 8 3 4 8 3 6 5 1 5 1 4 4 5 8 3 1 2 10 5 7 9 7 10 2 4 5 5 7 1 1 1 1 5 2 3 5 7 2 2 4 3 1 10 9 7 2 1 3 4 1 7 6 3 6 9 10 1 6 9 10 1 2 9 1 2 9 5 0 3 3 7 1 5 6 1 3 5 7 10 7 4 9 3 6 2 2 5 4 10 1 4 4 10 5 9 7 7 9 3 3 1 5 6 3 6 7 9 7 1 9 7 4 6 9 7 2 2 6 6 9 8 7 9 3 3 10 1 4 9 1 8 1 9 4 3 5 5 10 6 2 4 7 9 3 9 4 4 10 10 5 8 8 10 7 4 1 4 5 8 3 2 9 1 9 4 8 3 2 5 5 2 2 3 10 1 10 8 4 6
2 9 4 8 8 2 10 9 1 5 4 4 5 10 9 1 9 6 3 10 3 3 1 3 10 7 2 8 2 9 4 4 10 1 10 9 2 10 8 7 1 6 9 8 5 8 1 7 7 7 3 5 4 5 7 9 6 5 8 9 8 1 6 3 5 9 6 2 4 3 6 5 5 3 5 1 4 4 1 2 6 1 3 9 4 9 4 3 9 0 8 1 8 4 1 1 9 4 1 3 5 1 7 2 6 6 10 9 9 10 10 2 10 6 5 7 4 9 10 7 1 5 2 1 5 6 10 5 6 9 1 9 3 5 3 1 6 6 5 4 9 3 6 6 4 5 1 6 5 9 4 3 6 3 5 5 2 8 7 5 10 5 4 4 6 5 2 9 3 2 6 9 5 1 4 3 1 5 5 7 10 6 2 2 9 4 1 10 8 6 8 4 8 3 5 7 6 3 2 6
9 1 3 1 10 10 5 7 4 7 8 8 4 5 1 3 8 1 5 6 5 7 2 5 7 8 2 3 7 2 3 8 10 9 2 10 3 7 8 2 6 4 3 2 9 7 5 8 9 7 6 7 9 9 1 8 2 6 1 1 9 6 3 8 10 6 7 8 7 3 8 5 1 4 7 8 6 4 4 10 7 5 2 8 8 7 1 3 2 8 0 8 3 4 3 4 5 2 7 5 4 4 1 1 10 3 10 3 1 2 2 2 1 7 4 7 3 7 9 7 10 2 1 4 5 2 8 7 10 8 9 3 4 1 6 6 9 10 3 1 4 3 2 5 6 2 2 6 5 1 9 5 6 7 6 1 1 10 8 7 4 7 8 9 6 1 5 4 1 4 5 10 6 10 6 7 7 2 7 2 5 3 4 1 8 7 5 3 4 4 10 1 1 8 2 2 1 5 1 8
9 10 8 2 10 2 7 6 10 4 5 6 8 3 3 1 10 5 9 7 5 4 8 3 2 8 2 3 9 9 2 5 6 2 2 5 1 4 8 9 2 4 5 8 9 7 2 8 7 10 1 6 4 3 8 4 1 9 2 7 5 6 4 8 4 7 4 9 5 7 3 4 6 2 4 5 3 9 8 9 2 3 5 6 6 6 8 9 7 7 3 0 4 2 4 7 8 8 7 7 8 6 9 9 6 2 2 8 7 5 8 10 1 8 8 4 3 6 6 6 8 2 10 8 10 5 10 5 2 6 9 1 8 6 7 3 6 5 9 5 10 5 8 3 8 7 10 7 9 9 6 1 7 6 5 10 4 10 5 4 4 3 6 7 5 1 1 10 8 2 10 10 3 4 5 8 2 7 5 5 2 7 3 2 5 8 4 3 10 10 9 6 7 7 6 1 3 1 8 10
8 7 9 10 10 1 5 5 3 8 6 8 4 5 1 10 3 1 10 4 9 4 8 7 3 9 1 4 5 6 7 9 8 1 10 9 3 9 5 2 9 2 5 2 10 2 5 8 4 9 3 4 2 3 9 10 3 8 8 9 1 5 5 3 2 5 8 10 6 5 2 4 4 7 5 8 5 7 10 1 3 9 6 1 1 9 1 8 10 8 5 3 0 4 9 6 1 8 10 9 5 9 1 8 2 1 3 1 7 7 7 3 4 4 4 9 1 6 8 3 4 5 4 4 6 6 3 9 10 10 9 8 1 7 4 9 8 3 4 7 4 5 4 4 8 5 1 5 7 5 4 5 7 8 5 10 1 1 7 10 2 7 2 5 6 8 4 6 10 5 3 5 3 8 4 1 8 6 2 5 1 1 10 1 10 2 7 8 4 5 5 8 2 7 6 3 6 5 6 6
10 2 6 3 8 9 4 3 9 3 5 7 5 2 10 8 8 4 9 6 7 6 10 5 1 10 6 2 8 8 3 6 10 10 2 2 1 2 10 5 10 2 1 2 8 9 10 9 10 9 3 3 6 7 8 6 7 9 3 9 6 5 9 2 6 1 1 10 1 7 7 10 3 7 7 4 3 6 10 5 7 7 1 6 5 3 1 8 1 6 7 2 6 0 5 1 8 6 5 3 5 5 3 3 2 5 6 9 6 10 4 3 5 7 6 2 1 3 3 1 5 1 9 4 1 8 10 2 6 10 5 2 9 1 5 9 6 7 6 7 5 4 3 6 1 2 3 4 4 8 6 6 3 7 3 6 6 9 4 3 7 9 8 2 6 7 7 8 6 3 2 10 7 7 2 1 10 7 4 9 1 9 6 9 8 8 7 3 8 5 6 1 8 5 8 1 7 9 3 9
5 9 1 9 6 6 5 5 9 1 4 10 5 5 6 8 2 4 6 2 8 6 10 8 1 8 1 1 2 9 1 2 3 9 9 10 5 3 7 6 1 1 1 6 8 1 10 4 1 8 7 3 6 9 1 8 6 7 8 2 10 5 1 10 3 6 5 6 6 6 9 8 6 7 7 7 4 1 8 2 3 2 9 5 6 8 6 4 4 8 4 10 8 10 0 6 5 8 3 7 6 9 7 5 5 7 9 9 1 2 8 8 2 7 8 1 2 3 5 5 8 5 6 8 2 2 8 2 4 8 6 5 3 10 8 10 9 5 4 1 5 7 1 7 7 6 3 4 5 4 1 2 5 10 3 5 5 3 3 1 5 4 6 9 7 9 2 5 2 4 10 8 6 1 3 5 10 7 10 6 1 5 7 7 5 7 5 6 8 5 4 7 10 5 7 4 5 3 6 9
7 1 2 3 5 5 9 4 6 3 9 8 4 2 10 1 1 5 1 5 2 1 7 8 1 10 7 2 2 2 4 10 8 10 9 4 10 4 2 5 10 8 3 5 5 3 4 10 5 4 9 10 4 7 5 3 7 5 9 1 4 1 6 2 4 5 2 5 1 2 6 2 8 8 2 10 6 9 3 5 5 1 6 9 1 1 6 5 1 4 4 5 6 4 8 0 8 9 8 10 5 3 4 7 6 10 7 3 1 8 8 1 9 4 3 7 3 7 7 4 7 2 9 5 1 8 6 5 6 5 2 8 8 6 8 4 7 7 6 6 10 2 3 5 6 1 2 5 1 10 5 4 4 1 1 8 9 3 6 8 10 3 3 9 3 6 4 4 9 10 7 4 9 1 5 6 7 6 7 1 1 6 10 3 8 10 9 9 3 10 3 1 3 9 3 9 9 8 10 7
7 8 8 4 3 2 1 5 1 4 9 1 8 9 9 5 10 4 10 9 10 5 3 2 9 7 3 5 5 5 1 8 6 2 8 2 9 2 3 4 4 5 3 4 7 6 2 2 9 7 9 7 4 6 10 3 7 8 5 4 5 9 10 10 9 1 9 1 10 5 5 10 1 9 9 6 2 4 8 3 2 7 6 10 4 6 1 3 8 3 9 8 10 2 9 5 0 7 2 3 2 6 8 4 7 3 2 7 4 7 6 1 9 9 8 7 4 6 1 8 3 9 4 1 4 3 3 6 5 2 5 1 9 8 7 2 5 8 7 7 7 1 8 8 5 8 4 1 4 6 6 1 2 3 2 8 5 10 1 5 8 5 4 1 3 5 10 10 3 9 3 4 7 6 9 6 7 7 7 1 5 3 8 3 9 8 2 9 5 4 1 5 7 2 2 7 10 8 2 7
4 2 1 9 4 1 3 6 1 3 8 10 6 4 2 4 8 9 9 5 5 8 7 3 4 8 10 9 6 4 3 4 7 7 4 9 3 6 4 2 7 5 2 5 9 3 10 9 1 4 5 4 6 6 7 4 4 8 1 8 6 2 8 9 4 10 9 10 8 1 5 1 4 5 5 3 3 9 8 10 8 10 1 10 5 1 2 5 8 10 1 10 2 8 4 1 5 0 8 3 4 9 1 9 2 8 9 2 3 10 2 3 8 2 5 8 3 3 2 5 10 5 2 10 3 9 1 8 4 4 3 9 2 8 3 6 5 3 4 9 4 6 10 10 2 2 1 4 1 6 10 3 2 7 8 2 9 3 1 2 7 1 9 2 5 8 6 6 3 1 1 8 9 5 5 9 4 6 2 4 3 3 10 5 1 2 7 6 7 7 10 8 8 5 7 8 10 5 8 7
8 8 7 1 3 3 1 7 10 2 1 1 4 4 2 3 3 2 5 8 3 9 3 1 5 6 8 6 3 10 9 9 3 5 9 5 4 3 8 7 1 1 5 9 8 4 5 4 6 4 4 6 2 4 3 8 1 6 3 2 5 7 4 4 7 10 5 6 3 10 6 2 6 5 6 1 8 10 10 3 3 5 2 1 9 3 4 9 7 7 9 4 5 1 4 7 8 7 0 10 7 7 2 3 5 10 2 9 10 6 4 9 4 8 9 8 8 5 5 1 5 10 4 2 10 10 10 9 10 9 5 4 3 9 10 3 7 3 3 1 6 5 10 1 4 9 5 10 1 5 6 3 10 6 8 9 6 8 9 10 5 3 3 4 9 7 3 1 4 3 6 1 4 1 4 9 5 8 5 4 3 4 4 5 9 7 8 2 1 4 9 4 5 3 3 9 5 8 2 10
2 4 6 6 8 3 6 6 2 6 2 3 4 5 3 1 9 9 4 8 3 10 1 2 6 5 10 6 2 3 1 5 6 7 1 8 2 9 9 6 2 3 10 8 7 8 2 5 2 9 4 3 7 4 5 5 2 6 9 6 7 3 9 10 7 8 5 5 5 7 3 5 10 6 3 2 8 6 4 7 5 4 10 4 4 5 9 1 9 7 4 3 6 6 8 5 10 7 5 0 4 8 2 10 9 6 2 9 7 4 4 5 3 5 9 2 3 9 3 8 7 1 5 2 9 2 4 2 6 8 8 3 6 9 1 8 5 4 5 2 8 1 4 6 4 8 3 6 6 3 9 10 9 9 2 9 6 5 2 7 1 8 8 2 10 3 10 10 7 2 10 2 6 5 9 3 4 6 7 8 6 3 3 7 4 7 7 8 3 9 1 2 1 4 2 1 2 8 5 6
8 5 3 4 1 1 7 4 6 4 8 4 5 9 4 7 10 1 9 3 6 4 3 8 9 10 8 6 6 8 7 9 4 9 5 2 3 6 9 5 10 8 3 2 6 7 8 6 5 7 3 3 2 5 9 6 3 3 6 6 4 2 8 2 10 5 7 8 9 8 9 2 5 10 1 10 9 4 10 8 6 6 5 8 9 6 2 7 4 3 10 9 3 9 1 2 9 9 6 6 0 7 2 9 5 9 8 8 10 4 6 8 10 6 6 10 3 1 9 8 9 1 6 8 1 1 6 10 4 4 5 3 8 8 1 4 6 1 7 9 6 7 1 6 4 7 6 6 7 4 8 7 10 6 8 1 8 8 10 10 1 6 3 8 7 10 7 10 9 6 6 2 6 8 3 8 7 3 8 10 4 4 7 5 1 3 5 10 9 1 5 3 3 1 2 1 7 5 3 7
4 4 1 4 7 6 2 3 9 6 7 8 2 8 5 2 2 8 7 3 10 2 10 4 7 2 2 10 2 6 3 3 7 8 10 8 5 8 5 7 5 7 4 6 3 5 4 10 5 4 1 6 9 9 7 6 1 9 10 4 3 9 4 1 8 8 10 2 2 9 1 4 5 2 5 2 4 4 6 2 1 7 10 1 9 3 5 1 4 2 4 6 9 9 8 1 5 1 4 8 3 0 9 9 2 3 4 4 3 6 3 1 8 2 3 7 10 3 5 10 7 3 8 10 3 8 3 9 9 6 3 6 3 8 3 4 7 6 7 10 10 10 2 9 10 5 9 6 8 10 6 9 1 4 3 7 3 7 7 4 1 8 4 3 10 10 4 10 9 2 3 5 4 4 9 9 10 6 6 9 2 4 6 8 7 1 2 8 7 5 8 3 1 7 5 10 9 2 9 4
8 7 9 3 1 4 7 2 4 5 1 1 9 7 4 10 2 9 8 7 9 1 1 8 1 1 2 2 4 2 2 10 8 3 2 7 8 1 1 8 1 5 7 1 10 7 10 5 9 2 5 7 2 5 5 1 7 9 3 3 5 1 4 7 10 8 6 1 6 4 8 2 4 9 1 6 9 8 9 10 3 3 10 7 4 6 10 7 9 6 8 8 7 1 9 8 4 9 10 2 8 8 0 1 5 1 4 5 2 4 9 3 9 5 1 3 7 3 4 7 7 9 9 4 9 7 8 6 7 10 3 7 4 4 7 7 2 6 5 10 8 8 4 2 10 2 7 5 5 8 4 6 3 3 7 9 3 10 4 5 1 2 8 5 7 10 6 9 2 3 7 6 3 4 1 1 6 1 2 9 3 7 4 8 3 1 6 2 9 6 5 1 10 8 10 4 8 9 1 8
8 10 6 3 10 2 10 1 5 6 4 9 2 6 1 6 7 2 2 1 5 1 4 3 8 2 2 7 6 3 2 6 4 4 1 8 10 4 6 8 10 5 4 3 10 8 5 6 4 3 6 9 2 4 5 10 6 4 2 10 10 8 4 9 1 1 3 6 8 3 8 9 1 8 5 4 8 2 5 7 4 2 5 3 5 7 6 7 2 5 3 5 4 8 2 9 1 7 3 4 2 1 6 0 6 3 8 10 6 7 2 6 6 8 7 1 8 10 4 4 7 9 10 1 8 1 8 1 9 3 1 1 1 9 4 6 2 4 4 3 5 5 7 4 4 9 9 4 6 5 5 5 6 9 9 4 9 6 2 6 6 4 8 3 10 10 9 4 6 6 3 10 1 1 6 2 1 8 8 9 7 4 2 7 9 10 2 2 6 2 10 6 6 6 2 2 8 3 8 3
7 4 5 7 2 1 1 5 6 2 9 10 2 5 7 7 2 7 6 8 2 5 8 3 6 4 10 4 5 4 9 10 4 6 9 9 2 4 8 3 10 10 2 7 10 7 6 9 10 5 1 3 7 6 6 6 3 6 6 9 8 5 5 10 10 3 10 6 7 9 6 8 8 9 8 2 4 5 8 5 2 10 10 2 5 1 9 3 5 3 9 3 5 2 10 9 4 6 3 9 9 3 7 6 0 3 1 2 2 6 5 7 10 1 3 2 4 7 8 2 4 2 7 10 7 8 6 9 5 7 5 6 10 5 8 1 2 3 8 10 6 7 8 10 3 8 7 5 6 2 9 7 3 1 3 5 7 1 9 7 9 10 5 5 6 4 7 10 7 9 7 4 1 6 7 9 7 2 6 9 7 4 10 7 9 1 1 5 7 6 1 3 9 7 4 7 3 7 2 3
3 6 3 6 10 2 10 9 10 4 5 3 4 5 5 8 2 10 5 1 7 5 10 7 6 9 4 1 3 4 4 4 8 7 1 6 3 2 8 8 6 3 5 7 6 3 10 6 7 2 6 5 6 2 7 10 4 9 9 10 4 6 8 1 6 3 9 1 7 4 6 5 2 1 8 2 7 3 7 8 3 3 1 10 5 10 1 6 2 10 10 5 6 5 8 2 10 4 10 5 7 9 6 1 8 0 4 1 5 6 1 4 5 1 1 1 1 7 3 9 10 6 7 2 7 4 2 4 4 5 7 9 6 2 9 9 7 8 6 9 1 10 5 2 7 5 4 8 1 5 4 10 10 4 7 7 1 9 10 8 5 5 1 6 6 10 6 2 7 1 10 7 2 10 2 8 7 3 1 3 8 4 8 9 3 2 7 2 6 2 2 3 7 4 3 8 3 10 3 8
9 7 4 5 2 7 5 4 9 6 3 2 1 7 2 8 9 5 6 7 8 9 9 1 7 2 5 6 4 4 5 3 3 7 3 9 6 4 1 8 6 5 1 10 3 8 10 5 4 4 8 4 4 5 6 9 3 10 6 7 7 7 3 6 9 2 8 1 4 6 7 3 1 5 5 3 10 4 6 10 3 4 7 9 2 1 6 5 7 3 5 8 1 5 8 8 9 2 5 2 2 9 4 8 6 5 0 5 9 6 8 7 4 6 10 4 7 6 6 1 6 10 7 10 5 7 9 3 1 4 1 1 7 5 4 5 4 5 1 6 8 1 6 7 5 5 2 4 4 1 5 10 5 8 8 5 7 4 2 9 10 10 4 10 1 10 9 10 6 7 3 6 1 3 1 5 7 10 9 9 7 4 6 10 1 2 10 4 9 3 2 1 6 10 4 10 3 6 2 5
6 4 7 6 6 9 9 6 7 3 10 5 9 10 3 2 7 9 6 9 7 1 1 1 5 8 10 4 6 9 1 7 5 6 3 7 1 6 10 2 5 6 7 6 10 1 6 10 2 6 6 9 3 3 6 10 2 2 3 9 1 6 4 3 7 4 4 10 4 3 10 2 8 10 6 9 10 1 8 1 10 2 4 3 10 2 1 4 8 1 6 10 9 9 9 7 2 7 10 10 8 9 2 10 10 8 9 0 7 2 4 9 5 9 9 3 3 2 10 2 4 9 5 1 6 1 5 7 7 10 5 1 7 9 2 7 4 1 10 7 1 7 6 6 8 6 6 1 10 2 7 5 8 7 5 6 2 2 6 2 1 3 5 1 10 2 8 6 3 3 4 5 1 1 2 1 2 1 3 5 6 2 9 5 3 8 1 2 6 3 1 8 6 3 1 1 4 5 10 6
4 8 2 3 7 7 10 3 9 10 8 9 8 6 8 6 4 7 8 6 3 10 5 7 9 8 3 9 3 5 9 9 3 1 1 2 6 6 2 4 8 3 4 10 7 4 5 9 4 8 4 10 1 5 7 10 7 2 2 8 8 10 10 2 6 1 2 7 2 3 3 4 10 8 7 3 10 2 1 7 2 8 6 9 5 6 7 2 8 9 8 5 2 6 6 7 1 5 1 8 5 3 5 9 5 5 10 4 0 8 3 5 9 3 3 6 9 6 9 1 7 5 1 8 8 2 5 3 10 7 9 8 7 8 1 3 10 8 5 5 1 4 3 5 2 3 7 8 5 7 2 5 4 8 8 5 6 4 5 9 9 5 10 2 3 7 7 7 6 1 9 6 6 9 1 1 7 6 9 8 4 9 1 1 2 7 10 7 2 9 5 1 4 7 9 8 5 8 8 5
5 1 6 2 8 7 5 5 4 8 10 3 6 3 2 6 4 7 4 6 10 7 4 9 4 10 5 2 3 4 10 2 7 3 9 5 1 6 1 9 3 3 3 5 5 4 10 1 3 8 7 5 6 7 8 9 2 2 2 5 4 5 6 3 4 1 10 5 3 10 5 3 9 4 2 2 9 2 9 3 6 2 5 1 5 8 7 1 2 5 9 10 2 4 9 4 6 6 9 6 10 1 3 9 4 4 5 4 1 0 1 3 3 7 5 9 2 5 3 9 6 8 5 1 10 2 1 9 8 3 1 6 7 4 3 4 6 6 5 7 4 4 5 6 1 4 3 3 1 3 4 3 10 10 7 1 5 9 4 1 3 5 2 6 10 6 10 4 1 6 5 10 3 8 6 1 4 8 10 10 7 9 7 4 6 2 7 5 6 3 5 6 2 4 8 9 2 4 6 1
1 10 2 10 7 1 10 8 7 3 10 6 8 8 7 6 1 8 6 1 3 1 10 1 3 5 6 6 5 1 4 2 10 8 4 9 1 9 1 8 6 3 5 4 6 7 2 1 3 7 4 1 4 3 8 8 10 2 9 4 4 1 3 3 4 1 7 8 1 2 1 1 8 6 5 6 10 4 10 9 3 3 2 8 6 10 10 4 3 3 7 10 10 1 10 10 7 9 6 1 3 2 3 7 1 1 3 3 10 3 0 1 1 4 6 7 1 10 9 7 9 1 3 9 10 6 3 2 3 2 6 2 5 8 3 7 6 5 5 3 1 10 3 8 8 3 8 3 2 6 5 5 1 6 9 8 6 7 10 1 2 4 10 6 3 10 8 1 5 10 5 2 10 4 5 5 10 7 2 4 4 3 8 1 7 5 8 6 4 1 10 9 5 9 6 5 9 8 2 3
9 7 5 2 1 5 3 2 7 1 9 1 9 3 7 8 2 1 7 3 4 1 2 4 4 4 9 6 9 5 2 8 5 6 8 8 4 9 1 9 6 4 10 8 3 4 7 5 8 3 10 8 5 5 8 1 10 2 3 8 4 3 3 10 7 8 8 9 1 7 2 8 1 6 9 7 9 1 6 3 7 7 6 8 3 10 9 3 6 3 2 5 10 10 9 3 3 2 4 4 5 2 6 10 10 8 4 3 10 5 3 0 6 7 1 5 5 2 10 4 5 1 10 3 8 9 3 6 3 8 10 7 7 6 5 2 7 6 2 8 3 2 10 10 7 3 9 6 10 8 10 7 10 9 5 2 4 2 5 9 6 10 2 5 7 3 5 7 4 10 3 5 6 3 5 1 2 4 2 10 10 5 5 7 4 7 9 6 7 8 6 7 1 5 6 2 5 7 6 7
8 1 1 7 8 6 2 1 2 10 6 10 1 3 7 4 5 10 8 8 9 6 7 8 5 10 10 10 1 6 8 1 2 7 2 3 8 6 10 6 6 9 8 5 2 4 5 2 3 7 6 7 3 3 9 5 1 6 5 6 2 5 5 6 5 6 7 1 8 5 7 1 9 7 5 8 1 6 8 8 8 9 7 4 6 8 7 7 7 1 2 8 7 4 1 9 7 6 8 9 6 10 5 8 5 5 3 1 6 4 3 10 0 6 10 8 7 2 8 6 1 3 8 7 10 2 5 5 2 9 2 10 6 4 7 7 5 5 8 8 8 9 5 6 10 9 1 3 10 4 6 1 9 6 6 2 9 8 5 7 5 9 2 6 1 1 6 1 6 2 2 4 9 7 6 9 8 5 7 4 8 9 6 10 7 3 4 1 4 10 3 10 2 7 4 3 3 6 4 9
3 8 7 9 9 2 5 7 7 8 2 4 2 9 8 2 10 6 3 7 8 9 9 8 4 6 9 4 6 2 3 4 5 8 9 4 9 4 4 6 2 10 10 2 7 8 2 7 1 8 8 7 9 3 8 3 1 10 4 1 10 3 8 4 10 9 7 5 9 10 6 5 3 9 3 6 1 3 2 1 5 4 3 5 6 2 8 5 5 6 1 2 2 8 8 10 6 5 6 9 10 2 4 2 5 3 3 2 4 5 3 4 10 0 4 3 9 7 4 4 5 10 9 4 3 1 1 10 9 3 9 7 4 10 4 6 9 3 2 4 1 7 7 10 4 1 3 10 6 9 4 2 10 1 3 5 2 4 8 10 6 8 3 8 9 10 1 7 2 10 3 8 7 7 2 4 8 7 9 5 3 9 7 1 7 8 10 7 6 9 3 2 9 7 2 1 1 5 4 3
10 5 4 2 3 5 1 9 8 1 10 9 1 9 1 3 1 2 5 5 7 1 5 2 10 2 5 5 3 9 2 5 5 7 10 1 8 3 4 1 6 8 1 7 1 10 6 7 7 4 9 5 5 5 6 5 7 3 4 10 4 3 4 9 7 3 1 9 4 6 6 2 7 6 2 9 3 9 3 6 8 1 9 3 3 5 1 2 10 6 5 8 2 9 4 3 10 1 8 10 6 8 8 2 8 5 3 7 1 4 4 10 1 10 0 6 9 2 5 9 6 1 7 8 1 10 10 9 5 3 7 2 5 3 8 10 9 6 10 10 4 9 4 8 3 3 4 9 9 3 2 2 7 8 4 7 8 4 5 4 8 8 1 4 4 2 5 4 3 7 2 10 8 1 5 1 4 4 8 2 3 9 9 3 10 3 1 7 7 6 6 6 7 2 10 6 6 7 2 1
1 3 9 10 3 4 8 6 3 3 10 7 8 5 7 1 6 1 2 2 8 3 4 4 8 7 2 6 2 8 3 8 1 9 1 6 2 6 8 7 5 5 5 3 7 4 6 5 2 3 9 8 9 1 6 1 5 8 4 2 6 5 8 6 1 2 1 10 7 2 2 1 9 2 4 4 10 2 1 3 1 2 4 10 9 10 8 2 5 5 9 9 2 3 4 3 8 7 8 7 9 10 10 7 7 1 10 8 7 5 6 10 10 3 3 0 7 8 1 9 8 4 4 5 2 2 10 8 7 8 9 1 9 2 10 9 3 9 3 10 1 6 8 6 7 7 5 1 2 3 6 1 8 9 4 1 10 6 1 1 9 8 1 5 2 2 8 4 8 5 8 2 5 7 9 9 10 3 9 4 2 1 5 3 5 4 9 1 2 9 2 7 2 4 10 4 7 2 9 8
9 8 2 1 2 3 8 3 6 7 3 6 9 6 8 5 6 3 4 3 2 8 9 3 8 6 1 7 9 3 3 4 1 1 9 4 9 5 5 2 2 6 10 10 1 3 4 5 10 9 6 6 1 3 2 6 2 3 3 8 6 6 10 7 2 1 9 7 5 10 5 8 4 4 4 8 10 3 4 9 10 10 1 2 6 7 6 3 7 8 9 10 6 6 6 6 4 1 6 2 5 8 5 1 9 3 7 5 7 1 2 9 3 6 2 9 0 7 5 3 9 9 5 2 2 8 3 1 2 6 5 1 4 4 5 5 6 5 5 3 9 1 5 9 9 8 2 7 5 3 8 5 1 5 7 5 5 6 6 4 4 7 4 10 5 1 8 1 4 8 3 5 10 7 5 9 5 6 8 10 9 9 4 9 2 8 6 3 4 10 2 5 4 8 4 2 4 8 3 4
1 9 7 2 2 7 1 4 2 3 3 5 4 3 8 1 3 4 1 2 6 6 2 10 3 5 3 2 8 4 2 4 8 6 2 3 5 5 2 6 2 9 6 4 5 2 1 5 5 7 7 10 1 8 5 8 5 6 1 9 7 1 6 1 7 7 3 3 4 1 3 1 2 1 4 10 9 10 9 9 6 4 8 4 4 2 5 4 8 2 5 7 10 7 10 10 3 10 2 7 4 7 10 3 3 8 10 9 8 10 7 9 4 8 4 1 5 0 2 7 6 6 1 7 7 4 6 9 7 3 10 2 9 1 5 8 5 2 8 9 5 1 10 1 8 1 10 1 5 10 4 9 4 4 5 5 9 3 10 6 9 4 7 6 6 6 9 4 4 9 4 6 5 5 7 1 1 5 10 10 3 10 9 5 7 9 3 3 9 8 10 5 3 3 1 4 4 6 5 8
6 7 8 6 6 9 8 7 3 2 6 4 2 2 2 7 9 7 3 4 9 5 3 3 7 6 3 7 7 8 3 10 1 1 1 7 4 6 4 5 9 8 9 7 9 9 1 2 4 7 7 7 9 1 6 3 10 2 5 5 9 10 7 1 7 4 4 4 1 7 5 7 7 10 7 1 9 2 5 8 7 1 2 5 2 6 8 3 8 9 5 5 10 10 8 2 4 9 1 1 1 1 5 8 10 5 4 3 2 8 7 6 4 1 5 4 9 6 0 5 6 5 9 2 7 10 3 2 2 8 5 9 10 1 10 10 6 3 6 6 10 7 10 4 1 5 3 2 9 9 3 6 2 6 3 2 6 8 3 6 7 7 7 8 6 1 2 8 4 5 2 5 1 1 6 9 10 6 8 9 5 6 9 9 8 9 9 3 8 9 8 3 7 6 9 3 4 8 2 5
7 7 9 9 4 6 3 3 1 9 4 6 9 1 4 10 5 10 1 9 8 1 6 9 7 9 5 9 1 5 1 6 10 2 5 8 5 8 4 3 10 6 4 2 10 8 3 4 3 7 1 2 2 8 1 5 5 1 8 9 2 10 7 7 7 4 4 7 7 10 7 6 9 7 2 10 5 3 3 1 8 1 7 7 9 6 1 3 1 8 8 3 10 9 6 3 5 10 5 9 7 10 7 8 9 9 7 2 6 4 6 6 7 9 10 8 9 7 8 0 10 9 4 10 7 4 8 9 5 7 10 3 8 3 8 3 5 6 8 4 1 5 7 10 8 6 2 3 5 6 6 1 1 8 9 7 7 3 4 1 4 2 1 2 7 6 5 10 3 9 10 6 8 8 6 2 9 2 8 10 10 2 8 10 8 6 7 4 1 9 1 1 8 4 6 8 2 3 3 5
6 1 7 7 1 1 3 8 5 8 10 1 1 6 2 3 10 6 1 2 2 3 7 8 10 1 8 9 8 5 7 7 7 10 1 7 3 6 2 1 1 7 8 8 6 8 3 2 4 8 3 6 6 4 9 1 1 6 1 8 5 9 6 2 10 3 3 1 6 3 3 4 6 10 1 6 6 1 9 3 6 9 5 5 2 9 2 5 1 1 6 6 8 8 10 8 1 1 10 6 3 1 6 10 10 4 2 3 8 10 7 5 4 10 7 4 4 5 7 3 0 8 5 2 5 5 9 8 9 2 9 2 3 10 7 4 10 2 8 7 4 6 5 1 7 3 10 8 4 9 4 5 4 3 1 1 6 10 5 10 8 5 5 3 9 8 4 4 5 5 4 6 2 3 6 8 8 9 3 6 1 9 5 4 3 10 10 3 7 9 4 1 4 6 1 4 5 2 7 8
9 3 5 5 3 7 3 4 9 9 8 7 7 9 8 3 7 9 7 10 5 6 2 2 8 6 1 8 10 5 5 8 6 5 5 10 7 6 9 4 10 4 9 2 2 10 8 10 2 4 2 9 8 9 9 2 10 9 1 5 2 8 2 7 5 3 5 6 7 9 3 2 4 1 3 2 5 6 5 2 6 1 1 1 10 5 5 5 6 8 7 3 1 1 8 3 1 2 2 5 6 7 1 3 9 4 6 8 9 8 2 3 10 4 1 2 3 3 10 7 9 0 10 9 4 2 2 3 8 1 2 5 6 2 4 7 5 9 3 2 6 10 7 7 3 7 8 1 8 9 8 10 5 6 2 2 2 10 4 10 9 5 7 10 5 3 6 4 4 8 5 5 10 8 6 8 2 10 9 7 5 8 10 2 7 4 3 4 8 10 8 1 5 4 5 9 8 1 9 6
3 9 9 8 2 2 1 2 8 9 2 7 4 8 9 4 9 7 2 2 2 2 1 3 8 9 8 4 8 8 6 3 2 8 5 8 9 1 7 2 8 6 8 1 6 4 5 9 8 2 7 8 9 4 10 8 9 9 3 10 5 7 8 6 7 4 6 1 7 4 9 8 4 3 7 2 5 7 10 10 9 7 2 2 7 6 6 9 1 4 6 5 10 1 5 6 4 4 6 1 4 1 10 4 8 4 1 1 6 7 10 4 5 6 8 10 8 7 9 10 8 6 0 1 5 10 6 4 3 6 1 5 5 10 6 6 3 7 3 3 1 1 1 10 5 5 4 4 8 8 2 8 6 8 10 7 3 7 7 9 7 4 8 5 10 10 9 7 9 1 8 4 7 3 10 3 7 4 6 3 3 5 7 5 9 4 6 9 8 5 1 4 9 5 7 8 4 10 3 5
8 9 8 2 6 1 8 10 6 9 1 8 9 7 2 8 4 10 2 5 6 9 7 3 1 3 9 5 5 8 6 6 1 9 10 7 2 2 4 4 9 10 1 2 4 2 4 8 9 10 8 9 8 3 2 5 5 9 10 1 9 6 5 6 3 5 7 2 2 7 6 4 8 9 4 7 9 8 8 1 4 9 10 8 4 4 3 10 8 5 10 1 10 6 4 7 8 2 5 9 1 10 4 6 4 5 4 6 1 1 6 6 2 6 1 4 1 9 3 5 10 5 5 0 4 1 2 1 4 6 9 4 10 10 1 3 1 4 6 3 6 1 8 4 10 3 1 2 5 6 5 6 2 5 4 7 5 6 3 10 9 4 6 9 1 5 5 9 6 1 3 7 9 8 3 3 7 7 4 7 2 7 4 6 5 9 3 3 9 7 10 1 9 5 8 2 5 3 6 7
5 5 2 4 4 5 4 5 1 8 7 6 1 3 4 5 4 5 3 6 5 2 4 5 2 10 6 2 7 8 10 2 5 7 4 7 4 8 5 3 3 9 4 6 9 3 4 10 9 3 3 4 5 9 3 3 9 7 3 4 6 2 8 1 2 5 7 1 4 6 2 7 4 4 2 3 4 9 7 8 2 1 6 5 6 9 2 4 1 6 9 3 9 4 1 7 5 7 7 5 8 1 3 9 10 8 8 7 8 5 8 7 8 4 9 2 10 8 6 6 1 8 9 9 0 5 8 6 8 3 6 2 8 9 9 1 10 8 4 8 2 3 2 8 8 10 8 5 9 8 10 7 5 9 7 8 3 5 1 6 8 9 9 6 5 1 3 5 4 2 3 5 1 9 9 1 8 3 3 8 8 7 5 7 5 3 9 1 7 8 7 2 4 5 8 1 10 7 1 3
4 1 5 7 3 7 2 6 7 4 1 4 6 10 10 6 3 5 5 7 1 4 6 5 9 1 6 3 8 3 1 5 3 3 1 10 5 7 10 2 3 8 5 5 4 7 9 3 6 10 4 6 2 3 9 10 9 9 8 7 4 8 6 10 1 4 2 5 9 7 7 7 1 3 1 5 10 3 3 5 3 9 2 2 10 1 9 4 1 5 5 5 8 3 2 8 4 1 2 3 5 1 3 6 8 1 2 9 8 3 4 1 8 8 9 1 6 1 3 6 7 7 7 8 10 0 4 8 2 2 7 4 5 8 8 5 5 4 10 9 3 7 10 5 8 4 9 7 1 5 1 2 2 2 8 1 1 1 4 3 9 1 9 4 6 8 10 8 7 4 10 5 1 6 7 6 10 6 3 4 10 6 10 1 9 4 9 8 7 9 5 6 3 3 7 9 5 9 3 2
5 8 3 7 9 1 8 1 3 3 7 6 3 5 8 8 7 3 7 10 10 7 4 7 5 10 1 2 9 4 1 2 8 10 3 3 5 5 3 6 10 3 6 7 10 9 1 2 6 7 3 2 8 7 3 9 8 2 2 4 3 9 4 2 4 4 10 8 3 5 6 6 1 9 1 2 6 7 10 2 10 1 3 7 2 5 10 9 7 3 8 10 4 8 3 2 3 7 4 5 8 6 8 3 3 5 3 3 4 1 8 7 5 3 2 8 6 9 4 10 9 9 2 7 2 4 0 2 5 3 1 10 3 1 4 8 1 2 9 9 6 8 2 5 3 2 4 4 3 6 10 10 3 2 8 1 10 2 10 1 2 6 5 6 4 5 9 2 10 8 3 6 8 6 6 8 2 3 2 1 2 9 8 1 9 8 5 3 1 9 9 8 1 7 2 6 9 1 9 10
3 10 7 3 9 6 3 1 7 8 5 8 1 2 9 3 7 6 4 2 8 5 6 3 4 4 4 10 2 1 7 2 1 2 2 8 10 1 3 5 3 9 5 7 2 7 5 2 2 3 4 6 8 1 7 5 9 2 7 6 3 6 8 6 4 3 4 5 7 1 8 8 2 6 5 4 7 2 1 7 1 1 10 9 5 8 7 2 6 3 4 7 8 4 1 9 3 3 10 4 7 4 7 8 1 4 6 2 8 10 5 3 6 8 3 4 5 9 1 3 10 5 7 2 5 7 8 0 3 10 7 8 2 6 9 2 9 6 2 4 3 10 10 10 5 8 4 2 1 8 1 5 9 8 7 6 2 5 3 9 1 7 4 1 1 6 2 1 8 6 7 9 3 7 3 6 9 8 1 5 5 2 5 8 5 1 8 1 9 1 4 6 3 7 4 4 9 3 7 3
5 6 7 2 4 3 3 4 3 8 1 1 5 4 7 10 7 6 3 8 7 10 7 2 6 7 7 2 4 2 5 3 7 1 8 4 8 10 7 7 7 9 3 7 5 2 1 7 3 7 8 7 7 6 2 9 8 5 4 2 3 2 4 10 9 9 7 6 6 6 10 1 7 4 5 3 1 8 8 8 4 2 3 1 7 2 1 10 1 5 8 6 1 2 1 3 6 3 2 2 10 6 4 9 10 1 2 6 6 9 7 4 8 9 6 3 8 3 3 8 4 7 5 5 10 7 5 1 0 3 9 8 4 6 1 6 5 1 7 10 8 10 6 4 6 4 6 6 5 8 3 8 10 9 5 4 2 8 3 2 8 9 8 5 3 8 4 10 1 4 2 10 8 2 2 1 9 6 1 5 8 5 2 6 8 1 8 5 10 7 10 3 4 7 1 1 3 2 9 6
10 10 4 3 9 9 7 10 5 10 9 9 4 7 2 3 7 9 6 7 9 3 5 2 6 7 3 4 2 8 2 7 3 6 10 8 4 6 8 1 5 4 7 2 4 4 2 10 1 9 6 1 10 2 5 9 1 4 1 6 8 5 5 7 2 2 5 10 8 6 9 6 3 8 1 8 8 4 1 5 8 6 10 9 4 1 8 2 2 7 2 3 1 4 9 4 4 6 2 2 2 3 1 8 5 2 5 9 6 6 10 8 10 7 9 1 8 5 7 4 6 9 9 5 2 8 7 6 5 0 7 8 1 10 1 8 8 4 6 3 9 10 8 10 7 7 10 3 2 6 1 8 8 5 7 10 3 2 10 4 7 1 1 4 8 10 10 8 10 7 8 6 8 4 2 1 4 1 1 4 2 1 6 8 7 7 2 2 1 2 6 4 10 4 6 6 2 2 3 4
9 8 2 1 3 6 10 3 2 2 2 6 6 2 10 2 7 4 6 8 1 1 8 1 6 8 8 4 9 4 4 2 9 10 5 8 4 2 2 9 7 8 9 3 9 4 6 2 7 4 7 1 10 10 3 7 6 6 1 4 6 10 3 7 4 5 10 8 3 9 7 2 2 5 2 7 9 10 1 5 3 4 2 9 3 7 7 3 7 2 4 4 7 8 6 10 4 9 10 7 8 9 6 8 6 2 5 4 7 7 7 10 3 7 6 3 3 2 7 9 10 4 6 2 2 8 9 8 7 8 0 7 1 1 1 1 2 7 9 1 1 1 3 8 2 6 8 10 7 1 9 7 4 10 4 10 1 2 1 1 2 9 10 1 10 10 9 8 6 5 5 7 2 4 7 7 8 9 8 1 6 5 7 2 8 5 3 8 1 2 6 10 8 3 9 9 9 4 5 7
8 8 7 10 3 10 3 8 4 1 8 7 8 7 6 2 6 10 2 1 4 2 9 7 7 3 3 2 9 9 10 2 6 7 6 1 5 1 5 9 4 8 4 2 5 5 4 7 10 3 3 1 3 4 7 2 5 4 4 10 8 10 2 1 8 4 3 9 3 2 2 5 8 3 8 2 5 5 7 3 10 8 7 1 3 10 3 2 6 2 9 10 8 7 9 10 3 7 8 6 2 4 6 9 3 3 8 8 1 6 9 4 5 8 3 1 6 4 4 6 1 6 10 1 1 9 4 1 1 5 7 0 7 3 3 6 1 8 1 4 8 5 9 9 4 4 1 10 10 2 1 7 2 6 8 2 8 2 6 3 10 6 4 9 6 4 6 9 5 10 6 3 8 7 8 3 4 9 2 6 6 8 9 7 4 10 9 2 7 5 7 7 10 2 4 6 9 6 4 5
7 5 2 7 10 5 1 4 1 5 4 1 3 1 8 3 3 3 9 3 7 9 1 6 5 7 7 4 4 5 6 7 6 4 6 9 8 9 10 6 2 9 9 10 6 10 7 1 9 3 9 3 2 5 3 10 8 4 3 3 4 1 3 5 5 1 10 10 2 4 6 6 5 4 10 9 7 2 3 4 3 1 4 2 7 9 3 4 3 5 8 10 7 5 4 1 2 10 3 9 6 3 4 5 9 7 8 2 5 10 3 7 10 2 5 4 3 4 9 5 7 2 3 10 9 1 9 7 2 9 4 6 0 7 5 10 10 6 1 6 6 9 6 3 10 10 2 6 1 7 3 6 7 2 3 2 1 2 1 9 5 2 6 10 6 7 9 4 8 8 9 4 4 10 10 5 8 9 6 2 4 2 1 4 5 2 2 7 2 4 9 8 3 5 6 7 2 6 7 5
4 7 3 1 5 1 6 5 4 7 6 6 3 9 10 1 7 2 5 6 8 5 9 8 4 2 10 3 2 2 9 1 7 2 9 9 9 1 5 5 3 4 9 4 5 1 5 2 5 10 6 2 4 3 6 6 3 7 10 7 7 5 3 10 8 8 1 3 10 7 2 10 10 7 4 4 10 10 5 5 9 8 7 8 8 7 8 2 2 9 8 9 8 3 8 10 7 10 2 1 2 2 2 10 6 5 4 10 10 8 1 6 9 7 1 5 7 5 8 3 1 3 10 5 8 7 10 7 6 8 2 6 8 0 8 10 4 5 5 5 10 9 2 3 4 3 8 10 6 2 10 1 2 1 9 10 9 4 5 5 2 1 1 3 10 10 8 6 8 3 9 2 2 8 8 9 4 9 3 3 10 3 2 2 4 5 10 6 10 5 6 2 2 1 3 3 5 4 2 7
9 7 10 10 4 10 8 2 5 2 10 3 8 4 9 1 2 6 1 1 7 4 2 9 7 6 10 6 2 9 3 5 9 6 4 5 6 1 4 2 6 2 5 4 8 10 8 9 10 3 2 2 6 1 3 8 9 4 2 3 8 5 9 8 5 1 9 6 4 7 4 10 1 1 5 4 6 1 8 8 10 7 6 2 5 9 2 1 8 9 1 8 2 1 6 1 9 3 6 8 2 6 7 6 4 9 1 10 2 6 4 2 6 9 1 10 3 10 9 5 4 9 6 8 3 3 2 6 6 10 5 2 3 3 0 4 8 10 2 9 2 2 6 3 8 6 2 8 10 1 2 7 4 4 2 5 9 1 10 3 5 10 7 2 3 3 7 8 9 3 3 9 8 5 1 7 9 3 8 6 3 3 2 5 9 10 1 4 9 1 1 5 6 7 7 3 2 5 1 7
5 2 2 4 2 10 8 5 5 1 6 2 8 10 6 4 6 4 9 2 1 2 6 5 2 3 4 6 5 1 6 1 1 9 7 4 1 6 4 8 2 5 5 7 5 7 4 6 2 8 4 5 6 6 2 3 8 4 2 3 3 7 4 10 4 4 6 10 6 2 10 2 4 3 5 6 5 6 4 9 7 8 9 5 4 3 8 4 7 1 1 7 4 3 9 2 10 1 8 3 4 7 6 1 3 8 4 2 6 7 7 4 5 2 9 9 3 2 2 5 9 4 5 8 7 2 4 7 9 9 8 3 9 10 10 0 2 1 5 3 6 1 2 1 7 9 9 7 8 1 2 6 3 5 5 5 6 3 2 7 4 10 6 6 1 3 1 5 9 7 6 5 1 8 2 10 2 3 7 2 1 9 2 1 2 6 4 7 8 3 1 4 7 10 10 7 7 3 5 9
5 1 3 1 7 5 5 2 9 4 6 10 4 10 6 8 5 6 2 7 1 2 9 7 6 3 5 4 9 1 10 4 5 1 1 9 2 3 4 5 6 2 3 10 5 8 2 7 7 1 1 4 9 1 8 6 8 1 10 5 9 2 7 4 1 3 8 9 10 2 5 10 5 4 3 4 1 8 5 2 3 5 4 9 9 5 8 5 8 7 9 9 4 5 8 2 2 1 8 6 2 8 6 3 8 3 1 5 6 9 1 3 2 3 3 3 10 5 3 9 3 6 2 9 9 6 7 1 6 4 7 5 10 3 5 1 0 1 8 4 2 2 2 1 4 10 1 9 3 2 5 9 1 10 3 8 7 4 7 4 9 8 7 2 8 9 6 9 7 6 10 6 5 3 1 2 4 4 7 6 9 3 7 10 7 10 5 1 9 10 4 6 6 4 5 8 6 10 1 10
9 6 6 3 8 3 3 10 2 9 3 2 10 10 8 6 9 4 2 10 6 6 2 7 10 6 2 2 6 3 6 2 2 9 1 6 4 5 10 1 4 10 8 9 2 7 9 3 10 10 8 5 5 10 7 2 1 10 2 5 9 3 7 4 10 5 3 10 9 7 6 1 7 8 8 10 2 6 10 2 2 6 2 9 1 5 3 5 7 5 9 8 9 9 6 4 1 9 3 2 1 7 9 9 1 7 4 5 10 3 6 2 3 3 2 1 5 9 9 6 2 4 7 8 7 4 8 2 10 9 2 9 4 8 10 10 5 0 8 4 8 2 7 3 9 6 10 4 7 1 7 8 2 6 9 5 3 7 5 6 5 6 7 9 6 9 8 1 3 6 6 7 3 4 8 9 9 5 6 4 10 8 7 9 2 4 5 4 9 6 5 10 10 10 7 2 10 2 7 9
4 6 10 2 1 4 9 8 4 6 10 4 5 9 9 1 3 2 6 7 4 2 5 5 3 6 10 6 5 6 2 8 3 4 9 2 10 7 1 6 7 8 1 7 10 7 2 5 9 1 3 3 10 7 7 3 4 10 10 9 10 9 3 8 1 2 1 10 10 1 1 4 1 3 4 1 3 5 2 7 4 8 2 10 6 4 3 7 9 3 5 2 1 6 1 6 9 6 3 8 10 1 10 4 1 2 1 2 2 9 2 6 8 7 5 4 4 8 8 7 9 1 5 10 1 3 2 9 6 2 8 1 1 10 9 2 4 2 0 3 4 4 2 4 8 9 4 9 6 9 6 4 1 7 9 3 5 7 3 5 10 5 8 3 2 10 6 8 2 2 7 7 9 5 5 7 2 6 1 7 7 8 10 7 10 1 7 10 10 10 7 9 5 9 1 10 2 7 9 2
9 2 8 2 8 6 6 9 6 5 1 9 4 6 1 4 5 1 6 2 4 4 2 4 2 3 6 6 2 8 2 2 4 8 1 4 8 9 8 8 1 4 7 3 3 3 9 9 10 1 7 1 5 4 7 7 3 6 4 8 3 9 2 5 4 10 6 9 2 1 8 9 4 2 1 6 2 10 5 5 3 8 8 4 6 6 4 10 8 1 7 9 6 10 7 10 4 6 2 3 6 7 8 4 7 5 9 4 10 10 8 5 5 4 7 10 4 9 2 10 8 6 4 2 10 9 6 4 8 5 8 9 3 4 8 6 9 9 8 0 3 4 3 2 3 9 5 6 7 10 10 4 1 8 6 1 6 9 9 5 1 6 6 3 2 1 5 4 3 5 2 5 2 9 3 10 1 6 5 8 10 4 10 7 3 8 5 10 6 5 6 2 1 10 1 8 7 10 10 3
8 7 5 2 5 10 1 8 6 9 8 9 8 2 9 10 7 2 4 6 1 10 4 10 4 3 4 6 3 2 8 10 5 1 8 2 6 9 2 6 10 7 9 4 8 10 6 7 4 8 9 3 1 9 7 7 10 6 7 4 6 9 1 1 1 8 10 8 1 3 4 7 5 4 8 4 3 4 2 3 9 2 6 3 2 10 5 6 9 7 9 4 4 10 4 3 2 5 6 3 7 5 4 10 9 7 7 5 9 6 2 8 2 5 1 8 10 6 5 10 2 7 6 8 6 2 1 1 5 1 6 1 7 6 7 7 9 4 5 10 0 5 7 7 2 3 4 1 5 1 10 9 3 2 2 3 5 7 6 7 1 3 9 4 8 6 9 2 7 8 7 8 3 6 8 8 9 10 6 10 6 1 1 6 1 7 5 6 9 3 6 5 7 4 3 1 7 3 2 3
2 8 10 6 10 10 10 9 2 1 4 10 5 4 6 9 3 9 3 9 9 4 8 1 8 1 9 8 10 2 2 1 6 1 7 8 8 10 9 9 6 3 2 3 4 3 2 7 5 8 5 4 3 1 10 3 2 8 10 1 10 3 3 3 6 1 10 10 3 8 4 4 1 8 5 4 1 2 2 5 10 4 3 9 10 4 4 10 10 1 7 3 9 7 9 2 3 8 10 10 6 5 6 7 4 3 3 8 10 4 7 6 3 1 4 4 8 5 1 2 5 6 5 10 7 3 1 8 1 1 2 4 4 5 6 6 4 1 5 8 6 0 8 8 5 1 1 6 3 6 7 1 9 2 9 9 10 2 7 6 4 10 8 5 10 8 4 7 10 4 8 3 2 3 4 10 8 10 2 9 3 8 9 5 1 8 2 1 4 10 1 8 5 4 2 6 9 6 5 5
7 1 6 8 10 8 9 6 1 6 6 6 1 10 9 5 5 4 10 6 5 7 8 7 3 6 4 2 1 6 10 5 2 3 1 9 2 6 2 3 2 10 3 7 3 2 2 4 3 2 2 5 3 10 3 8 8 7 9 3 6 4 3 2 10 8 2 10 2 9 6 1 10 9 9 4 7 10 1 7 8 10 7 7 5 5 8 3 1 4 5 3 5 10 1 4 8 2 1 9 8 8 1 1 1 5 9 4 9 9 2 3 9 10 9 1 4 8 6 5 2 6 7 6 8 10 2 6 6 4 2 9 1 1 8 2 6 7 4 7 5 6 0 1 7 2 6 10 7 8 8 9 9 5 8 3 1 4 6 10 5 10 5 1 1 10 7 7 3 4 8 3 2 10 6 1 7 4 5 6 5 8 1 10 5 10 4 9 10 10 8 9 10 2 3 3 2 5 6 8
1 8 4 3 6 10 7 1 8 1 8 3 5 8 1 8 8 1 10 3 1 9 7 8 6 9 9 7 3 2 7 9 4 7 7 2 9 8 5 7 6 1 4 10 9 2 8 7 4 6 8 3 6 8 8 6 3 9 4 1 9 8 1 5 8 1 5 10 2 10 1 8 8 3 1 5 5 10 8 4 9 1 1 1 7 8 7 1 7 3 3 10 5 5 8 6 6 9 8 6 6 1 5 2 3 3 4 9 5 9 7 1 10 4 4 10 8 4 6 10 4 1 6 6 2 1 9 9 1 10 8 5 4 5 2 9 3 7 5 4 3 6 5 0 5 6 5 9 3 1 5 6 5 10 2 9 9 1 10 5 10 8 5 4 6 8 7 5 9 6 2 4 9 1 1 6 4 5 9 5 4 9 1 9 5 7 6 4 9 2 10 3 3 6 2 6 1 1 1 2
1 1 7 9 7 6 4 4 9 9 5 3 7 8 6 10 4 7 6 1 5 7 2 1 9 2 5 9 1 5 2 6 9 9 2 5 3 2 1 6 5 6 5 10 10 10 2 3 10 7 5 1 9 3 10 10 4 10 3 10 3 6 6 5 3 5 1 10 4 1 5 4 8 10 8 9 8 1 2 5 3 6 6 4 4 10 1 3 4 1 9 4 10 1 8 3 5 9 2 8 3 5 6 6 10 8 1 8 9 8 6 5 8 7 6 3 3 1 6 5 6 10 10 8 1 1 6 9 7 10 3 5 8 9 2 7 7 1 7 2 9 6 2 5 0 6 2 7 9 8 10 5 2 2 10 2 10 9 3 4 5 10 10 5 1 8 10 6 7 4 2 1 6 3 8 7 3 8 8 6 3 2 9 7 10 3 7 10 4 9 7 9 6 7 5 3 10 1 10 3
1 1 7 8 3 2 2 8 7 9 5 8 3 5 10 7 3 4 2 7 3 1 8 1 2 5 1 4 1 1 6 6 1 5 3 6 1 2 4 6 9 1 1 3 4 2 7 9 1 10 10 1 8 9 6 5 3 9 7 9 6 5 1 5 6 7 4 4 4 9 4 10 2 3 3 6 9 4 3 4 10 4 1 10 1 5 10 8 4 1 10 3 6 10 6 10 5 3 9 5 1 4 5 6 4 2 10 10 1 4 3 8 3 4 8 7 4 7 3 6 2 4 10 5 6 8 8 3 4 3 7 7 7 5 7 7 10 10 10 5 10 1 1 8 10 0 1 6 7 1 3 9 1 3 3 8 5 6 3 4 8 1 8 5 1 10 4 6 4 1 9 10 4 10 4 7 9 6 4 1 7 1 2 2 2 3 9 4 7 5 8 1 6 1 1 9 7 2 9 5
1 8 5 2 6 8 9 4 8 2 10 4 8 9 9 10 6 1 5 10 8 9 9 9 5 3 4 1 5 3 9 4 4 9 10 3 8 4 1 4 5 9 2 7 9 4 7 8 10 5 1 9 9 10 7 6 2 7 1 10 5 3 1 1 10 2 9 2 9 2 6 1 6 3 1 4 7 4 10 9 2 5 5 7 8 2 7 4 9 2 8 5 7 4 2 1 4 9 2 2 4 7 10 9 8 9 8 4 5 10 1 3 7 9 9 4 10 7 3 4 8 10 8 6 4 3 9 6 10 6 2 9 3 5 5 5 6 7 10 4 4 2 10 4 7 10 0 4 6 6 10 3 8 8 3 10 3 5 1 1 9 5 1 2 6 7 1 1 10 2 5 1 6 9 10 1 5 5 5 10 8 1 6 5 7 8 5 7 7 5 8 5 6 4 6 8 10 10 5 2
9 3 8 4 6 8 2 6 8 3 4 2 6 6 9 6 1 10 4 1 8 8 2 10 10 4 2 7 9 9 7 3 10 7 9 10 8 10 2 3 3 8 4 10 4 8 8 5 10 10 2 6 7 10 5 7 5 2 9 8 7 5 8 6 9 5 1 8 9 1 3 2 2 10 4 7 6 7 9 1 5 10 9 9 9 5 9 5 9 5 3 3 9 9 2 6 6 7 3 2 4 8 6 10 6 2 1 9 8 5 4 8 3 2 9 9 10 6 5 4 4 1 9 4 1 3 6 9 10 10 1 4 6 3 9 8 10 10 4 1 1 2 4 5 5 4 6 0 1 9 3 8 10 4 5 8 9 9 8 6 7 9 8 5 7 3 3 2 7 1 1 8 9 7 2 5 10 9 2 1 8 5 9 3 3 2 1 1 2 1 8 3 10 1 1 8 7 2 8 9
3 5 5 10 8 2 9 5 8 6 4 4 2 8 2 1 3 3 4 6 10 5 4 9 8 8 3 2 7 4 7 1 3 3 5 3 1 7 8 10 10 5 7 3 2 3 2 8 10 10 2 6 4 3 10 2 5 5 5 2 1 2 9 10 5 4 8 10 9 7 1 10 1 6 4 2 10 9 1 8 5 6 7 4 3 9 6 6 6 2 9 3 1 10 10 3 9 3 6 8 6 7 6 8 1 9 9 3 2 3 6 1 4 3 10 10 10 3 5 9 5 2 4 5 8 3 10 9 7 4 9 5 10 1 6 7 8 2 10 8 7 10 2 5 2 10 3 5 0 6 2 2 7 6 7 4 10 4 8 6 6 5 9 9 10 4 6 8 5 8 10 4 8 2 6 10 4 4 2 4 3 1 9 6 3 7 4 9 8 7 6 2 10 1 2 3 9 8 5 1
8 10 7 1 7 2 5 1 8 3 2 10 3 5 3 9 5 4 10 1 8 4 3 6 6 2 1 3 1 5 4 4 5 10 5 6 2 7 10 5 4 1 7 6 2 3 3 10 6 5 9 8 1 5 10 7 8 4 7 9 10 7 1 9 1 4 8 1 6 4 8 6 10 3 9 2 2 3 3 9 10 1 4 2 2 5 1 2 10 7 6 7 3 3 2 3 7 10 1 10 4 4 3 10 7 2 9 2 4 7 3 5 4 1 2 2 9 4 9 8 5 6 1 3 5 4 2 9 1 2 5 10 3 5 10 7 6 10 5 2 6 5 9 10 7 3 1 5 10 0 10 10 4 4 3 7 7 10 8 1 8 3 4 9 3 4 9 10 4 8 4 2 3 6 3 1 2 8 2 7 4 8 8 5 10 10 2 7 9 6 4 5 4 1 6 6 3 9 4 3
9 7 8 6 10 2 6 6 2 9 10 7 1 4 9 5 1 3 3 2 1 1 9 5 10 4 2 3 5 10 6 7 9 1 2 5 6 4 9 8 3 7 3 9 7 1 4 6 6 10 7 3 1 8 4 4 7 6 5 8 1 10 9 6 9 2 6 9 8 6 2 8 3 10 7 2 3 8 2 10 8 1 8 4 4 7 2 2 8 9 5 4 2 6 4 9 4 6 8 6 9 3 8 1 7 6 9 7 3 10 5 7 10 5 8 7 8 2 3 10 5 4 1 1 9 3 10 6 1 5 3 3 5 9 5 1 8 1 8 6 10 10 1 3 5 5 7 2 4 1 0 1 7 3 3 6 7 7 4 1 9 6 1 7 4 3 2 6 1 6 1 3 8 2 3 6 3 7 4 6 1 1 10 8 6 1 7 6 8 3 6 10 8 5 8 10 10 5 2 10
9 1 3 8 10 10 5 9 5 1 3 5 7 5 10 6 9 6 3 4 4 1 9 3 6 1 1 4 3 10 9 10 5 10 8 3 8 8 7 1 3 2 4 9 7 3 3 9 3 1 2 3 4 1 8 5 2 2 8 7 3 10 6 1 6 7 2 8 10 10 9 9 8 5 2 3 1 10 10 2 7 1 1 9 8 6 2 7 3 6 1 2 5 10 10 1 3 2 10 7 4 6 7 3 9 4 2 4 5 4 6 5 4 6 9 6 5 8 5 1 3 9 10 1 10 5 5 5 4 2 4 8 4 7 4 8 10 7 9 8 4 7 6 9 7 9 4 4 7 10 6 0 1 2 3 4 3 2 1 10 7 10 1 1 9 4 10 7 7 9 9 5 6 5 6 2 3 1 3 2 10 8 6 3 9 9 9 8 1 1 10 5 3 10 4 4 3 5 6 4
10 6 3 2 10 4 6 8 10 4 1 10 3 8 3 10 7 10 10 6 7 10 10 2 4 2 7 3 5 2 4 3 6 2 9 4 2 7 6 4 1 4 9 5 7 7 6 2 10 9 10 10 2 7 5 10 3 10 8 2 9 2 1 1 3 8 7 5 6 2 6 5 7 1 8 7 9 10 1 10 2 5 3 4 4 2 9 2 5 5 9 4 8 9 8 3 3 4 4 5 1 9 4 7 10 7 10 4 1 4 4 6 5 9 3 4 6 4 2 6 10 3 5 4 6 7 7 4 5 9 5 7 1 1 8 1 8 2 4 2 3 7 4 2 7 4 2 10 10 9 8 6 0 4 2 4 2 9 4 6 5 5 2 1 4 9 7 2 10 10 10 5 5 10 1 4 7 10 10 8 2 8 8 5 10 10 8 3 5 7 5 7 5 7 8 9 2 6 9 3
8 8 8 3 6 9 6 8 1 9 8 3 4 4 9 10 5 4 10 8 2 8 8 2 7 10 4 5 10 8 8 5 9 2 3 9 7 10 8 7 10 10 5 7 3 9 5 2 2 5 4 9 10 2 9 4 8 3 8 10 6 10 6 4 8 6 2 7 9 7 1 6 10 7 9 3 4 7 6 10 4 8 1 4 6 7 8 5 9 9 5 6 4 5 1 8 3 2 8 7 4 10 5 7 2 9 2 3 7 8 6 7 2 10 4 5 10 7 6 7 4 9 7 5 2 8 5 6 2 9 2 7 2 3 7 1 10 1 2 5 9 2 3 8 9 6 1 4 8 1 2 1 9 0 1 5 2 6 6 3 10 7 6 7 3 8 6 5 10 3 4 6 3 10 2 9 10 10 9 7 3 6 7 6 3 4 1 3 6 7 4 6 4 9 5 5 5 2 2 6
2 8 8 7 2 9 6 8 7 7 5 7 6 7 7 6 4 1 8 2 2 3 9 10 3 4 10 2 7 3 6 1 9 9 7 8 2 8 8 5 1 6 10 4 10 9 7 7 3 5 10 4 10 8 4 5 3 3 3 3 2 9 10 1 4 1 2 5 4 10 8 1 2 3 1 5 4 2 9 4 1 2 1 4 4 8 6 3 3 5 10 2 2 4 5 2 4 3 1 6 5 9 6 9 8 3 6 8 7 10 6 3 3 1 9 6 1 10 8 1 4 7 10 10 2 4 3 6 4 8 9 7 9 9 6 5 4 3 7 6 9 9 2 5 2 3 6 3 8 8 7 10 6 5 0 6 4 1 5 1 4 5 8 10 1 2 1 6 3 10 9 4 5 1 5 7 6 9 2 3 10 1 6 3 1 2 9 9 5 7 1 7 10 2 3 2 8 6 8 3
6 5 1 5 7 8 10 2 9 6 10 4 3 2 4 4 4 5 9 6 4 2 3 5 8 4 5 6 1 1 9 6 2 6 8 9 3 4 8 3 5 6 1 4 1 5 5 3 1 1 2 9 5 1 7 7 1 7 4 8 9 8 4 4 3 3 10 6 3 8 2 9 9 4 8 8 6 10 5 1 8 9 4 9 5 6 5 4 7 3 6 9 2 4 6 8 10 1 5 5 8 3 8 2 1 3 6 3 9 4 10 2 10 9 1 9 8 6 1 10 6 2 6 6 6 1 5 8 10 10 2 7 9 3 9 6 5 7 6 1 10 5 10 2 3 6 10 2 10 7 3 2 5 5 5 0 10 10 7 10 5 3 1 1 5 10 5 5 7 3 3 1 8 8 6 2 5 4 8 7 10 4 10 8 2 1 8 8 3 7 3 6 3 5 10 9 5 8 10 2
9 7 7 10 7 3 4 1 10 9 10 3 7 7 4 8 9 7 9 9 8 2 5 1 5 8 10 5 3 8 9 2 4 5 5 6 1 10 5 3 3 9 10 6 10 5 2 4 7 7 8 1 4 1 6 1 6 2 6 10 2 4 4 7 9 9 8 4 3 8 3 5 8 4 3 2 7 5 3 1 9 6 8 9 10 9 10 5 7 7 8 3 2 10 6 5 10 9 3 1 9 1 6 4 7 5 6 8 1 10 1 4 2 10 5 4 3 1 5 10 4 2 7 1 8 5 10 5 1 9 6 1 10 5 8 5 5 3 1 3 9 8 9 4 9 3 1 7 7 4 1 10 8 5 2 9 0 2 8 8 1 2 2 9 8 2 10 7 9 5 6 8 2 5 3 8 6 10 10 2 9 6 10 9 1 9 10 1 1 7 6 3 10 8 1 6 9 3 1 6
5 3 9 4 8 6 6 6 3 2 1 5 1 5 9 10 4 3 9 10 5 9 10 6 6 8 2 9 9 2 5 5 5 7 4 2 1 4 8 10 7 6 9 1 4 2 4 2 4 8 8 8 4 5 4 4 9 8 1 2 8 7 10 4 10 3 6 1 6 9 2 8 10 4 10 2 10 7 5 8 5 3 5 6 8 7 9 2 6 3 10 6 3 1 10 2 9 4 2 2 5 5 5 3 1 4 9 9 3 2 5 10 10 8 1 8 3 4 7 3 5 4 3 3 2 6 8 9 8 1 4 5 4 4 9 6 1 3 8 10 5 3 4 8 5 4 5 2 3 8 5 8 4 5 6 2 5 0 5 5 6 6 7 3 9 6 7 1 4 4 7 9 9 9 2 4 1 2 8 1 1 4 6 5 3 4 2 2 9 4 2 5 9 10 7 4 2 6 10 1
10 1 2 1 8 5 10 6 5 8 6 7 6 2 2 3 6 7 10 6 7 3 3 4 6 8 9 6 5 2 5 4 2 5 2 9 4 1 7 8 1 7 10 7 10 7 7 10 9 2 2 6 6 1 3 7 9 6 7 8 4 8 10 3 3 5 4 8 2 3 3 6 10 7 8 6 1 3 5 8 10 9 3 2 10 7 3 8 9 7 1 2 8 7 4 8 8 7 1 8 4 10 9 8 5 6 8 8 4 1 3 6 5 6 10 4 6 6 5 6 9 1 4 9 10 10 5 4 10 3 2 5 7 5 9 1 6 1 3 8 1 6 8 3 10 10 1 8 6 7 6 4 8 10 10 9 3 2 0 8 4 5 8 7 6 10 7 8 2 1 3 1 4 7 8 9 5 5 3 8 5 4 1 4 5 2 7 7 1 2 8 9 7 3 2 5 7 3 7 2
3 1 5 4 5 7 1 3 4 6 4 7 3 10 6 10 1 4 6 10 3 7 1 2 7 2 10 2 6 5 6 1 4 3 8 2 7 4 4 10 9 3 3 3 8 3 1 5 8 10 3 2 5 5 6 10 1 4 4 8 2 6 1 9 5 4 5 8 2 4 9 10 4 3 4 1 10 4 3 9 2 2 3 3 2 6 1 3 4 2 7 6 6 7 7 7 7 6 3 6 4 8 9 6 6 2 8 10 4 6 9 4 10 7 7 1 4 4 3 6 10 9 3 1 6 2 3 10 10 6 9 1 2 1 5 5 8 10 5 8 5 7 10 10 5 9 9 6 6 7 8 6 10 4 6 10 8 9 5 0 10 4 3 3 8 1 4 10 4 4 10 3 6 6 9 3 5 10 3 7 2 8 6 6 5 5 6 9 8 7 6 6 10 9 1 2 9 9 8 8
3 7 10 2 5 9 3 10 7 7 9 3 4 8 8 9 7 4 7 6 5 3 10 3 5 8 6 5 5 1 5 4 4 5 8 1 4 2 10 5 1 1 7 7 5 2 8 4 6 9 3 10 7 8 6 1 4 3 9 7 5 10 2 3 1 1 4 4 9 4 8 6 5 8 4 7 2 5 1 7 9 6 10 4 5 9 3 1 2 3 4 7 9 7 9 4 7 10 4 7 5 2 5 7 9 1 6 4 6 5 8 9 3 5 10 8 9 1 6 7 9 4 1 2 9 6 1 10 3 10 10 4 4 4 7 6 9 4 6 10 9 10 10 9 7 4 7 6 4 8 5 5 3 10 8 3 4 4 10 6 0 9 1 3 4 10 4 6 9 10 5 2 1 1 1 10 8 8 1 8 2 2 9 6 8 1 6 10 9 3 3 3 1 10 5 5 10 6 2 1
8 9 2 2 7 5 4 5 8 9 4 5 9 4 4 2 2 8 9 9 2 7 10 7 7 10 5 10 7 9 9 6 8 4 7 10 4 9 3 9 7 2 9 2 4 5 5 10 6 9 7 2 8 2 10 1 2 9 9 5 2 6 7 3 8 8 1 7 8 3 2 4 6 8 4 2 5 10 2 4 6 2 4 8 3 3 9 3 5 2 8 2 1 5 10 4 5 3 10 2 7 6 5 8 6 9 8 5 2 10 1 6 8 5 7 4 7 7 7 9 7 7 10 7 9 3 4 1 7 6 5 2 10 9 2 7 9 4 10 1 4 10 10 8 6 10 9 6 5 5 10 1 10 1 5 8 9 2 1 7 6 0 8 10 3 3 4 9 10 5 3 4 3 3 6 9 9 9 1 1 4 7 2 5 10 5 9 8 8 8 2 4 10 10 9 3 4 2 5 2
6 10 8 5 10 6 2 10 4 8 9 1 5 10 8 2 10 8 7 3 4 10 4 4 5 4 7 9 5 9 4 9 10 9 3 7 4 10 7 3 4 5 5 10 1 5 7 9 2 6 6 4 4 1 5 7 6 6 9 5 2 10 3 2 6 6 6 5 2 6 4 2 10 8 2 2 6 10 2 6 3 3 2 7 4 10 4 4 4 7 4 1 9 5 3 1 7 9 2 5 5 9 5 5 10 1 9 2 7 10 10 8 1 10 6 1 5 3 9 7 4 8 3 5 8 6 1 6 8 3 7 9 9 5 6 5 5 4 3 7 6 8 9 10 5 8 10 2 2 5 2 9 9 7 4 7 4 8 3 3 8 9 0 10 3 6 7 3 6 6 6 8 8 8 4 9 5 4 5 6 2 6 10 7 5 4 1 5 3 10 1 3 7 9 6 9 3 6 3 6
7 4 2 5 3 9 7 6 10 3 5 4 8 7 5 1 2 9 5 10 6 10 6 9 5 6 4 1 8 5 1 2 9 1 3 5 4 8 3 8 5 4 6 5 9 5 3 10 10 6 7 8 10 10 1 7 3 2 9 3 6 4 6 1 4 1 9 5 9 4 4 10 1 3 2 2 1 6 8 3 7 2 4 1 3 2 2 10 5 6 6 6 6 8 3 9 9 5 4 2 4 10 1 3 5 10 6 6 4 7 8 3 1 5 6 3 10 8 9 1 9 2 8 5 2 6 1 2 3 6 6 1 1 4 8 4 7 5 5 3 8 1 3 4 5 3 3 10 9 10 5 3 10 4 9 5 1 4 2 5 3 7 9 0 6 8 5 6 5 8 7 5 7 3 6 1 9 5 5 1 5 1 8 2 3 1 1 9 5 1 5 1 6 1 1 2 7 1 5 5
6 8 2 2 3 1 8 10 2 4 1 7 6 8 3 5 9 4 5 2 8 4 8 6 10 1 3 7 2 5 4 8 7 2 10 6 9 7 2 4 6 5 3 1 3 3 2 5 10 2 9 4 9 8 7 6 1 6 8 1 7 6 4 7 1 9 3 3 6 9 10 3 4 5 5 4 2 4 5 5 6 5 7 1 10 3 3 4 8 10 10 7 9 9 9 9 9 8 3 4 7 5 5 2 6 2 3 8 10 9 1 9 2 2 6 6 9 4 5 4 8 1 6 7 7 2 1 10 8 4 4 10 4 8 10 4 6 5 9 3 7 7 1 8 7 1 4 5 10 5 10 9 2 8 7 7 2 8 10 6 6 7 7 10 0 5 3 2 2 1 9 8 3 7 8 10 3 4 4 2 10 9 9 1 1 2 3 5 7 3 10 7 2 2 4 4 1 10 7 2
1 2 6 9 4 3 3 5 9 4 9 3 9 10 6 7 9 9 8 4 4 3 4 7 8 6 1 6 3 8 7 5 2 3 10 8 9 2 1 10 8 4 9 8 5 5 10 3 8 2 8 10 8 1 6 1 9 9 2 6 7 10 5 1 8 2 7 5 8 7 6 5 5 5 1 9 6 6 2 10 6 7 6 5 3 3 8 5 5 7 3 1 7 1 1 7 1 10 2 6 2 2 4 2 6 4 6 2 1 9 2 3 7 1 8 3 1 4 2 7 2 10 7 10 8 6 1 10 9 2 10 2 6 9 5 9 9 1 2 2 3 1 2 10 4 8 5 9 9 1 8 7 5 7 8 2 5 8 6 6 9 3 3 2 2 0 3 3 3 10 5 5 8 9 4 10 4 5 5 10 3 10 10 2 2 9 5 8 9 2 5 5 6 3 6 1 3 7 6 7
10 5 1 8 10 1 4 2 5 3 4 4 7 3 2 10 9 6 9 6 1 5 6 10 1 8 9 6 1 9 3 7 5 5 3 9 3 1 7 8 10 7 8 1 4 1 3 6 1 5 7 7 5 8 7 4 5 8 9 5 5 2 5 1 3 2 1 5 8 7 7 8 9 6 6 10 6 4 10 8 4 3 2 4 3 3 2 8 8 1 1 10 6 8 5 2 4 7 4 5 4 3 10 3 7 10 6 3 6 7 2 9 3 2 2 5 5 2 1 8 2 4 8 10 9 2 8 1 7 6 7 10 10 2 3 8 9 7 9 2 8 2 1 3 5 1 3 4 10 10 8 10 9 6 2 4 9 8 9 3 6 1 10 9 3 6 0 3 9 9 10 8 9 5 7 9 4 5 3 5 1 7 9 9 7 8 7 6 7 6 4 5 3 8 5 7 10 9 9 5
1 7 3 4 5 9 2 6 1 1 2 9 9 4 7 3 9 10 10 5 9 4 5 4 9 4 8 1 10 8 9 1 6 9 8 9 5 6 9 6 2 10 1 5 4 2 8 8 10 7 9 8 6 8 10 7 3 8 3 10 1 9 7 6 6 7 3 3 7 3 9 5 5 6 8 8 1 2 1 7 2 4 8 5 6 7 4 9 7 7 2 9 4 3 3 5 2 4 1 8 5 7 7 4 6 5 6 2 2 1 3 10 5 5 7 7 1 3 6 5 7 10 6 6 8 1 2 8 2 7 10 1 3 10 9 4 2 9 7 7 9 10 3 4 6 5 5 4 5 1 3 6 8 9 5 6 5 2 10 6 10 1 10 10 10 7 6 0 8 2 3 4 2 2 8 1 5 8 6 7 3 1 2 4 6 8 4 4 4 7 9 6 7 10 6 6 6 4 2 1
2 10 6 7 2 6 4 9 7 7 6 1 8 5 3 2 5 2 5 1 7 1 1 8 7 8 4 9 5 3 9 3 2 10 9 5 6 7 5 9 5 10 3 7 2 5 4 6 3 8 6 9 4 2 8 4 1 4 1 5 8 8 4 6 8 3 7 5 6 5 10 5 4 3 2 9 1 10 10 3 4 4 3 10 3 8 7 3 3 4 10 9 9 6 8 3 4 1 4 7 4 2 10 1 3 5 1 5 2 10 2 6 7 5 9 7 3 1 4 2 1 6 10 2 1 2 1 1 2 6 6 5 6 2 9 10 1 6 9 8 4 3 10 7 6 10 1 7 9 7 2 6 2 3 9 5 9 1 3 9 6 7 7 3 4 8 9 7 0 7 1 7 3 8 5 3 8 1 10 4 5 5 3 1 5 5 3 3 6 2 1 10 5 9 2 4 2 4 5 8
8 4 1 2 5 6 9 6 6 6 5 2 1 7 1 10 1 7 1 1 6 6 1 9 8 5 8 6 8 4 8 1 10 10 4 10 8 1 4 6 8 7 7 8 2 6 10 7 7 1 6 1 10 8 9 6 9 9 2 2 6 8 6 9 1 5 2 8 2 7 7 10 5 6 7 4 2 5 2 6 8 3 4 10 10 5 10 10 3 3 7 2 4 5 7 8 3 6 4 6 3 4 4 6 3 4 7 1 8 4 3 7 8 6 8 9 10 9 7 8 7 4 2 5 9 10 2 10 9 9 8 5 3 1 5 5 5 5 5 7 2 9 7 1 8 5 10 8 8 5 9 7 8 3 4 4 10 3 5 1 1 4 1 2 1 2 7 6 1 0 9 4 2 3 4 7 6 2 7 8 3 7 6 9 9 10 9 10 10 8 5 9 5 2 6 7 2 8 6 2
4 9 8 4 3 7 5 4 3 7 2 5 4 4 3 7 5 8 1 2 7 4 9 1 6 10 5 6 8 8 10 6 1 10 7 2 7 6 7 7 3 9 4 4 3 3 10 8 1 7 10 10 3 5 3 10 3 2 1 1 9 8 6 10 8 7 3 2 6 4 1 1 6 5 4 7 9 4 2 3 6 4 3 7 2 1 3 10 1 5 3 10 5 4 9 9 6 6 1 8 2 6 7 9 10 8 9 7 3 10 3 2 9 8 8 9 2 1 1 7 9 3 3 6 8 4 2 7 3 3 5 2 1 5 4 3 10 5 9 9 5 9 2 3 2 4 10 4 6 3 1 8 10 3 6 10 4 4 8 5 7 5 7 1 3 5 5 5 1 6 0 2 6 5 6 4 7 2 10 4 1 2 9 10 9 4 4 5 10 10 7 2 5 7 3 5 5 4 10 1
2 5 7 3 3 7 9 1 7 2 2 4 8 6 7 10 2 3 9 4 4 9 4 10 1 1 2 10 6 2 6 2 1 3 7 2 9 1 1 10 9 4 2 2 10 9 10 3 7 8 9 10 4 5 7 9 3 2 4 10 3 1 8 5 8 7 8 5 2 7 8 6 1 8 1 10 2 9 9 8 7 2 3 9 2 4 1 5 3 10 2 6 1 3 9 4 8 9 6 2 1 9 4 3 9 7 8 10 6 7 9 3 5 9 8 2 2 7 2 4 7 1 5 6 7 1 6 3 2 4 9 4 6 9 10 2 6 2 10 9 1 8 10 2 4 8 10 1 5 8 2 10 9 9 3 2 8 3 9 2 6 6 10 10 8 3 3 8 1 8 10 0 4 5 7 6 9 4 9 6 7 5 8 5 5 5 10 2 8 10 4 3 4 7 9 5 5 5 8 5
6 4 10 4 2 7 4 1 5 7 6 1 9 8 10 4 8 6 6 10 4 4 2 4 3 5 5 10 7 10 6 3 10 3 1 8 5 2 3 7 10 2 3 9 4 1 4 8 2 8 2 6 9 2 6 5 7 10 3 10 4 6 2 4 1 1 4 10 8 3 6 8 3 2 3 5 5 9 3 1 5 1 10 7 5 3 4 3 8 5 4 4 1 9 4 5 8 10 9 10 2 8 10 4 8 1 2 8 8 4 10 7 5 8 10 5 6 7 3 2 10 6 7 7 3 9 7 6 6 4 8 5 3 1 6 8 4 5 1 5 9 7 6 9 5 4 7 5 8 4 8 2 1 3 4 8 4 5 9 8 7 9 9 7 6 9 1 10 8 4 7 3 0 9 8 3 10 4 10 8 10 3 2 6 9 1 7 4 3 7 9 5 1 3 9 4 5 5 6 3
8 1 10 7 4 6 2 10 2 5 2 5 6 6 9 5 6 4 9 5 7 6 3 3 5 10 8 9 1 9 5 4 9 6 6 4 9 4 6 9 6 7 3 4 8 10 5 8 1 9 8 4 2 9 3 5 4 3 7 1 3 10 1 6 7 2 4 6 6 6 7 9 9 8 6 10 10 10 3 1 2 7 6 1 5 10 1 4 5 9 10 7 7 5 3 3 8 1 1 10 3 3 8 9 1 2 6 9 6 4 4 1 10 3 5 8 10 9 1 2 10 1 4 9 9 3 3 8 2 4 4 7 8 1 5 5 6 8 4 8 1 4 4 4 8 2 2 9 4 4 3 2 3 5 1 3 9 4 8 3 8 3 2 5 10 6 1 1 2 2 3 10 9 0 4 6 8 7 10 2 8 5 1 10 3 10 2 5 1 2 9 8 3 8 8 2 5 8 3 2
6 9 7 1 1 6 6 3 9 1 7 8 4 7 3 2 9 7 5 6 2 4 4 8 5 2 8 7 5 6 8 5 9 5 8 8 9 5 5 1 6 7 5 4 7 8 3 5 8 2 1 9 2 9 2 10 7 2 9 1 4 8 6 8 8 10 8 5 2 1 1 3 9 5 6 3 1 7 9 10 4 10 9 9 1 10 4 7 5 4 10 3 7 7 6 1 2 5 9 9 8 3 6 3 3 10 10 10 6 8 2 2 3 5 7 3 3 2 8 9 5 5 3 3 10 2 8 3 8 5 10 2 1 3 2 1 4 3 9 1 3 9 3 5 2 3 8 7 6 1 6 1 7 2 1 5 7 7 8 10 6 5 4 4 10 4 1 9 1 5 9 2 1 3 0 3 8 5 4 2 8 5 3 6 2 5 4 8 8 7 10 3 4 3 8 7 8 4 1 5
4 9 4 1 5 10 7 8 1 7 1 8 4 1 6 4 10 2 7 7 9 8 9 8 5 2 5 9 7 1 1 8 2 7 2 7 3 7 1 10 10 2 7 8 9 6 3 9 1 2 4 2 3 5 4 2 6 3 8 1 7 7 3 3 6 6 10 1 3 9 9 1 6 8 9 7 5 1 2 8 2 5 3 5 5 1 9 9 10 10 4 8 10 4 2 9 7 5 5 8 6 6 9 10 8 1 8 1 8 5 6 7 5 9 7 3 4 7 2 3 3 2 3 1 10 2 4 3 7 6 3 1 8 7 6 2 8 2 4 5 7 1 4 4 3 4 8 2 6 5 5 9 8 7 3 1 2 4 1 9 5 2 3 9 1 3 8 3 2 9 5 6 6 8 4 0 3 7 8 7 2 7 1 3 8 6 10 5 5 2 1 6 1 6 5 10 6 1 3 3
7 7 4 10 10 8 1 4 1 6 6 3 10 6 3 4 3 1 7 5 2 9 6 7 10 10 3 8 5 6 2 1 8 3 2 9 10 9 8 7 10 4 3 1 6 8 9 6 3 1 8 6 6 8 3 8 9 4 9 7 4 1 5 5 6 6 8 4 7 7 3 4 10 3 10 6 9 8 8 3 5 9 6 9 5 6 8 9 2 9 6 6 5 1 3 7 4 4 3 9 5 3 3 2 9 7 8 10 5 6 7 2 10 10 2 7 8 2 2 2 6 1 2 9 6 3 1 9 4 5 6 5 5 10 8 8 10 9 9 10 1 6 8 6 8 7 4 9 10 6 4 2 1 10 10 8 1 2 6 5 5 6 4 4 9 4 9 2 4 5 1 9 3 7 5 7 0 8 4 4 9 7 4 8 9 10 7 9 5 5 4 9 10 10 7 3 10 5 6 10
1 7 9 5 1 7 5 3 3 7 7 5 5 7 5 6 6 6 3 9 7 7 6 5 6 10 9 6 6 10 5 2 2 3 4 4 8 9 5 1 3 3 5 9 10 8 7 9 9 8 9 5 8 8 5 6 6 7 8 9 8 2 9 4 4 4 4 9 1 2 1 1 3 10 6 8 6 3 3 9 9 9 2 10 1 3 4 9 6 4 8 6 4 8 1 9 8 8 9 8 7 7 8 4 10 9 4 1 7 5 2 1 6 8 1 3 3 4 7 3 7 1 8 1 2 1 5 8 9 8 2 3 10 3 4 4 5 7 2 8 2 5 8 6 8 2 2 9 3 7 4 3 5 7 1 2 8 2 7 3 7 3 6 7 6 3 10 4 1 5 3 5 2 1 10 1 4 0 8 6 3 10 9 3 1 9 9 10 10 3 4 5 4 7 5 4 1 3 9 5
8 8 6 5 3 7 1 4 6 8 7 4 2 9 3 5 8 5 8 2 5 10 1 6 3 8 4 1 5 3 8 5 7 2 10 4 7 1 5 9 7 4 1 4 8 9 7 3 10 1 2 7 8 2 2 7 7 2 7 1 1 10 3 8 9 1 7 8 5 9 2 9 5 8 4 2 6 9 10 2 3 3 8 5 1 3 2 3 4 2 4 8 8 1 9 2 1 2 4 1 8 7 8 10 2 4 7 7 9 2 6 3 3 2 9 10 2 7 6 10 9 4 5 3 2 3 10 9 2 3 6 9 1 7 3 4 6 4 3 3 4 1 7 3 3 5 4 10 8 9 7 5 5 4 1 4 1 3 5 8 6 3 4 9 3 7 3 7 10 1 10 8 9 2 2 7 6 4 0 5 6 5 7 1 6 2 10 2 8 2 3 9 4 10 2 5 4 10 8 2
8 3 2 5 9 2 9 10 7 5 5 6 7 4 1 9 4 3 3 8 4 7 4 1 8 10 1 4 9 1 1 2 9 1 9 10 6 9 3 2 8 4 8 6 4 6 9 7 9 9 8 6 4 7 3 8 9 6 10 10 3 8 7 3 4 1 6 9 10 5 1 9 6 2 2 9 1 8 7 7 9 5 2 4 2 2 7 8 5 4 2 3 3 5 9 9 4 3 2 9 8 1 4 2 9 4 9 4 10 1 9 2 3 10 6 2 8 6 9 10 7 8 8 2 2 1 5 2 4 6 4 7 8 9 1 7 5 9 3 2 6 7 10 7 1 9 4 7 10 3 7 6 4 1 9 5 3 8 2 4 7 10 6 4 8 2 4 5 2 9 7 3 5 10 6 6 3 6 2 0 8 5 9 7 4 3 10 3 6 8 2 6 1 1 8 6 5 1 10 9
6 9 5 1 5 5 6 8 5 7 6 9 10 8 7 9 9 10 5 2 4 6 7 5 8 5 1 10 4 1 2 4 5 3 7 6 8 8 9 7 6 6 1 1 3 10 4 9 2 6 4 4 4 4 9 7 7 5 1 7 6 1 3 6 3 10 5 10 10 5 5 5 1 10 4 4 2 2 2 3 1 2 6 10 10 2 8 10 7 5 5 5 1 7 5 4 5 2 8 9 1 5 8 10 1 3 2 2 9 5 6 8 4 9 1 8 6 5 9 9 7 1 8 4 3 7 5 3 10 4 9 2 2 9 9 3 2 2 2 3 2 4 9 3 4 7 2 8 2 6 6 6 10 4 4 5 5 4 3 4 5 2 4 4 4 1 8 2 2 4 4 10 8 4 1 8 4 5 4 8 0 7 9 6 2 6 8 7 1 10 3 2 9 6 2 1 8 1 1 9
6 9 9 3 10 4 1 9 7 4 6 6 9 6 7 5 2 7 3 5 3 5 4 7 10 7 4 10 1 10 4 10 5 2 7 8 9 1 2 10 1 5 7 2 7 2 6 3 9 6 6 1 4 2 3 2 3 1 8 1 2 7 1 10 7 1 10 4 8 9 3 4 8 5 3 7 6 7 5 5 10 7 4 5 4 4 8 2 6 5 7 5 1 1 6 3 1 5 2 9 10 1 8 3 6 6 5 2 8 4 7 4 6 3 3 2 10 9 3 7 2 6 10 5 3 5 2 1 6 8 10 7 2 10 4 6 1 1 7 4 8 3 1 3 8 6 7 9 10 4 2 9 10 10 7 3 2 7 9 4 1 8 5 10 5 8 9 3 10 2 7 10 5 6 2 2 2 1 6 10 5 0 9 10 2 10 2 6 9 9 8 8 2 6 4 2 6 1 1 5
8 5 9 10 2 3 6 1 2 5 5 10 5 6 10 9 4 8 10 5 7 7 10 6 10 4 8 5 8 6 6 5 7 7 1 5 7 3 9 10 8 6 2 6 6 7 10 4 9 7 9 3 9 7 2 2 2 2 3 1 9 5 1 10 5 10 1 7 9 10 3 6 9 7 4 6 3 5 4 8 3 5 2 9 3 2 8 9 2 10 10 6 4 8 5 1 6 4 1 5 7 1 8 8 3 1 1 5 3 9 1 10 4 5 3 7 2 4 5 6 6 2 7 1 9 7 1 7 1 3 9 5 6 5 4 3 7 5 7 3 9 6 6 9 10 7 1 9 8 7 6 3 6 3 3 3 6 6 10 7 4 8 4 2 2 2 6 2 7 3 2 2 6 4 2 7 5 6 9 7 8 9 0 4 2 2 5 5 10 10 10 8 8 3 3 2 9 5 1 2
6 9 7 5 6 3 8 4 5 6 9 9 5 3 7 1 9 10 2 3 9 6 5 10 8 5 6 5 3 4 10 2 6 1 5 10 8 6 10 8 3 6 3 7 7 5 4 5 4 2 2 3 9 2 3 7 6 5 1 2 2 6 5 1 1 9 4 4 7 6 1 5 4 7 8 6 2 5 7 6 2 4 10 7 7 3 7 7 1 2 1 1 5 1 7 9 3 2 1 5 3 2 7 4 9 5 2 4 2 9 2 10 2 7 10 6 6 1 4 6 8 7 8 9 9 1 1 2 7 5 5 3 10 10 6 1 8 3 5 4 2 2 9 8 8 6 1 4 9 10 4 10 5 9 6 8 6 2 9 3 7 7 1 6 8 3 4 1 3 10 5 4 7 7 7 10 3 9 6 9 9 7 6 0 9 7 7 6 9 10 7 3 8 5 3 2 9 2 6 4
2 9 5 4 5 5 9 3 4 2 8 2 1 9 9 3 6 6 5 5 8 9 9 10 8 6 8 3 2 3 6 6 3 3 10 5 5 8 10 6 1 1 6 7 4 8 2 4 4 4 4 4 3 6 1 2 6 3 4 5 6 9 7 1 2 5 5 10 3 8 3 9 9 4 6 7 6 7 10 4 8 4 8 6 2 1 6 8 5 9 8 1 8 7 7 8 9 7 6 8 4 7 6 6 6 1 1 6 9 10 2 3 10 6 3 10 8 10 5 5 3 6 10 3 1 3 2 6 5 9 8 2 8 9 2 7 7 9 2 2 7 1 5 4 10 4 3 5 1 2 8 6 6 1 10 7 5 3 6 8 3 5 7 4 10 5 9 9 9 10 6 5 1 4 8 1 3 1 10 5 9 2 3 1 0 2 10 2 2 3 3 1 6 6 2 9 8 7 7 3
3 1 8 1 1 7 8 7 8 4 4 7 1 10 7 1 8 1 4 9 4 6 8 10 10 9 8 10 4 6 3 4 10 1 3 10 3 9 2 8 9 6 3 10 5 3 3 2 5 5 4 9 3 2 1 1 5 9 10 10 5 2 6 7 2 4 3 2 4 8 3 6 7 7 6 8 6 3 5 4 5 8 6 7 2 3 10 10 3 9 9 6 2 3 9 4 9 4 2 6 2 7 9 9 10 8 7 10 6 10 3 2 8 8 7 6 5 4 4 6 1 2 6 8 3 3 4 4 4 9 10 6 7 5 10 5 7 2 2 9 8 2 9 10 5 4 7 10 8 6 10 10 1 9 9 4 1 2 3 4 9 10 9 1 1 5 6 6 2 8 10 7 6 10 5 1 5 6 8 1 5 1 7 6 8 0 3 5 3 1 1 7 4 4 4 2 5 9 2 6
9 7 1 2 5 9 1 4 5 8 3 6 9 3 6 3 3 9 2 6 6 10 2 2 5 4 2 10 10 7 1 9 9 3 3 6 3 9 7 3 6 9 4 7 8 5 8 2 7 6 3 3 1 5 5 2 9 2 9 5 3 7 8 1 5 3 4 8 1 2 3 10 5 3 7 6 4 6 8 7 1 9 4 3 9 2 1 4 7 6 8 9 2 10 2 9 2 9 8 6 9 8 6 6 1 6 7 4 7 6 9 2 9 8 3 4 2 3 7 2 4 2 10 4 8 5 1 7 6 9 7 3 6 3 9 9 4 8 3 3 8 10 6 9 8 7 10 8 6 10 8 9 7 10 5 2 4 3 3 4 5 8 4 9 10 1 6 2 1 9 10 4 8 5 6 4 8 6 10 4 2 3 10 6 5 7 0 4 6 5 9 2 4 2 8 7 9 10 6 7
9 4 10 5 1 4 3 7 4 6 10 1 3 6 9 3 3 6 7 2 8 8 9 10 3 5 6 6 4 5 5 4 10 3 10 7 2 1 6 1 1 5 9 4 4 4 9 2 7 1 5 2 7 10 9 5 3 3 1 4 8 10 8 9 5 10 9 10 4 9 3 2 7 4 5 10 10 7 8 4 3 4 5 4 10 6 4 7 3 4 3 9 3 10 8 6 8 1 4 4 8 8 5 7 5 7 3 1 8 4 6 4 8 4 5 7 2 4 2 7 7 6 1 5 4 5 9 2 1 6 5 10 8 5 9 6 4 3 9 3 8 6 8 8 6 4 2 9 10 5 3 6 2 2 9 7 4 1 2 4 1 5 2 4 1 9 3 7 5 9 4 3 2 8 3 7 6 7 7 7 4 1 2 5 9 5 6 0 1 6 6 4 8 9 2 8 5 6 8 5
2 8 7 10 10 9 10 7 1 10 8 1 10 2 3 4 5 3 7 8 8 10 3 3 5 4 8 8 7 8 4 6 3 10 7 7 5 9 4 1 9 5 6 10 10 2 10 5 2 9 1 4 5 10 2 10 6 10 2 6 1 7 10 5 5 4 10 10 4 7 10 10 5 5 3 5 6 1 10 8 5 2 5 4 3 6 2 10 3 8 3 4 6 2 9 7 9 10 3 10 9 2 5 4 7 7 2 7 7 3 5 3 7 10 9 3 8 8 4 6 8 1 6 5 8 8 3 6 3 10 2 4 6 2 2 1 1 1 7 10 1 4 3 5 3 8 4 4 1 4 1 6 10 2 1 8 1 1 3 10 3 8 10 9 5 10 9 10 1 2 10 6 3 1 2 3 10 9 3 10 7 4 6 9 3 3 1 2 0 3 2 7 4 5 6 8 4 3 9 5
8 8 9 1 5 6 10 2 1 4 5 2 1 3 8 9 2 7 8 10 7 2 5 1 6 1 3 2 9 8 10 3 9 5 8 3 2 6 8 10 1 8 8 3 8 7 8 10 4 5 8 4 5 5 8 9 9 2 9 2 5 1 5 6 10 8 4 4 7 8 2 3 7 8 10 10 4 5 8 1 7 3 3 6 2 1 7 9 9 6 8 5 10 5 2 9 1 6 5 5 7 6 7 8 3 10 4 8 8 2 3 9 2 4 3 5 8 2 10 2 7 5 10 3 7 1 7 1 9 3 4 4 10 8 8 7 5 10 8 4 9 2 3 9 1 10 5 5 5 5 1 10 5 7 8 8 6 6 6 2 5 3 4 5 5 5 8 3 3 3 4 1 5 4 1 2 8 2 7 10 7 2 3 2 3 3 7 9 6 0 4 1 2 8 8 3 2 7 5 4
1 9 8 2 6 2 9 7 5 1 3 1 7 5 4 5 3 10 9 6 10 8 1 3 1 7 8 3 3 6 8 1 10 10 10 7 8 5 10 6 4 5 10 3 3 10 4 5 4 10 8 2 9 3 8 6 1 10 2 7 5 9 3 4 8 7 2 5 10 1 1 6 4 2 4 2 9 6 4 2 8 10 1 8 1 3 6 9 4 3 5 8 9 2 6 8 4 8 10 4 9 8 6 8 2 2 5 9 7 6 7 6 4 4 6 2 6 6 4 2 7 9 10 9 3 1 10 7 3 1 7 10 4 1 5 3 1 4 6 1 9 6 4 8 1 7 7 5 5 2 1 4 4 1 7 7 9 9 6 3 3 3 3 6 6 1 9 5 1 10 9 6 4 6 4 1 9 10 6 9 7 5 5 10 3 7 5 5 7 7 0 1 9 5 10 2 1 8 4 5
3 8 8 1 6 9 1 3 8 4 6 9 5 6 6 5 5 9 7 4 7 6 6 2 9 9 9 1 7 5 6 7 2 9 3 9 1 9 7 7 8 2 10 7 1 10 10 9 6 2 8 5 9 1 10 7 8 10 7 2 2 1 1 10 7 5 10 7 7 4 2 8 7 1 3 9 6 8 7 4 6 5 8 2 1 5 5 2 2 2 5 5 10 6 7 4 4 10 10 10 7 4 10 1 7 4 10 1 7 3 8 6 5 8 10 8 6 2 9 6 2 4 5 8 7 4 9 3 4 4 2 7 9 5 4 9 3 2 2 7 7 10 8 4 2 10 4 5 5 4 4 3 7 10 10 4 3 4 1 5 1 3 3 9 1 8 6 9 5 2 4 8 7 4 5 9 10 9 8 5 8 3 9 7 6 10 8 5 4 6 1 0 3 3 6 8 3 5 2 8
7 5 4 5 9 1 6 7 1 4 4 4 7 3 8 2 8 7 6 7 2 6 3 2 8 4 6 1 5 2 1 3 4 2 5 2 1 10 8 1 5 10 6 8 3 3 3 10 3 3 4 3 9 7 5 8 10 3 8 3 1 5 4 9 10 4 6 6 7 4 4 8 10 3 6 4 10 5 10 10 2 9 6 10 1 5 8 4 6 10 6 2 4 2 6 7 3 8 5 1 5 4 1 8 7 6 4 7 3 10 5 4 5 10 7 3 10 2 4 6 5 3 1 10 8 5 7 6 8 1 6 8 10 7 1 8 10 8 1 10 5 3 7 7 9 8 8 5 5 7 5 2 4 8 6 6 6 5 9 7 2 2 6 2 3 1 4 8 6 10 4 5 7 4 9 1 1 6 7 6 4 4 9 2 10 8 6 1 5 10 9 7 0 5 4 10 2 1 8 4
5 4 5 1 3 5 10 7 5 5 7 9 7 5 8 4 2 6 3 6 8 4 8 7 3 3 9 1 2 3 8 5 8 10 8 4 10 1 2 9 7 8 7 8 1 8 1 5 3 2 8 4 7 6 6 1 10 5 2 2 7 5 6 2 1 4 1 6 9 8 7 7 6 3 5 4 6 6 2 2 2 6 9 3 7 8 2 5 10 6 3 10 3 6 7 1 3 7 3 9 6 10 10 3 8 5 5 6 5 2 4 7 9 10 5 10 7 8 3 9 2 5 3 4 3 5 5 6 5 10 5 6 10 2 5 10 7 7 5 9 6 1 2 8 1 4 5 10 3 3 1 1 1 8 3 3 8 3 8 8 10 4 9 7 7 7 3 4 3 9 6 4 7 3 10 9 1 9 5 2 5 1 2 7 1 2 9 1 1 6 5 10 6 0 7 8 7 2 2 2
7 7 6 2 2 1 3 2 3 5 5 3 4 1 1 3 6 8 1 7 3 6 7 6 5 1 4 8 4 2 8 1 2 1 7 7 4 7 2 6 4 9 9 2 9 1 1 10 10 10 4 8 3 5 6 2 5 6 6 6 10 3 4 10 10 6 1 7 4 9 3 5 2 6 9 7 6 10 2 4 8 1 7 3 2 2 8 7 2 3 5 4 9 2 4 5 4 6 10 4 5 4 8 5 10 5 1 4 7 2 2 6 2 1 3 1 1 8 10 8 2 8 6 5 3 8 2 8 2 3 3 9 2 9 3 10 5 2 1 5 10 6 8 6 5 5 5 6 5 2 2 6 8 6 1 3 7 1 9 2 3 5 3 4 2 7 1 5 6 2 3 2 6 1 1 8 2 9 9 6 10 4 6 10 4 10 5 10 7 7 8 5 3 2 0 6 6 10 10 8
9 6 1 5 2 3 10 8 7 2 4 9 7 4 3 5 2 4 4 10 1 10 3 10 8 10 5 7 10 7 3 6 7 6 4 9 9 2 7 1 7 5 3 4 3 3 5 1 9 3 10 10 9 9 5 10 8 9 3 10 7 9 7 2 5 6 3 3 7 9 2 2 3 1 7 6 7 8 2 2 2 8 9 7 7 3 1 2 7 3 10 7 4 10 9 6 10 6 1 2 9 4 1 3 10 1 3 6 10 5 2 4 4 8 1 7 1 2 1 8 4 5 6 6 8 4 6 1 5 5 6 8 6 10 1 3 9 7 8 7 10 6 3 6 6 1 10 9 1 7 7 10 4 6 4 8 9 9 4 8 3 3 4 5 3 2 3 1 4 3 1 9 6 9 4 2 5 2 8 1 3 6 2 2 6 4 3 6 2 1 10 10 7 1 7 0 6 7 1 10
1 2 5 9 1 8 8 8 7 9 1 5 10 10 6 4 7 3 8 7 4 10 5 7 4 9 9 3 6 7 8 10 8 3 7 9 3 5 2 1 10 1 9 6 7 6 9 10 5 10 3 8 7 3 10 5 10 10 4 3 3 10 8 7 8 2 7 3 3 7 7 9 7 10 1 6 10 8 6 1 10 10 2 9 3 5 9 9 9 8 2 9 1 8 6 9 1 7 6 4 3 7 3 3 9 1 5 5 9 3 2 7 9 6 8 6 10 9 10 2 7 1 2 1 8 9 6 2 2 1 7 3 5 6 4 8 2 8 10 2 3 9 1 8 9 9 6 3 9 2 3 3 9 7 5 3 10 9 4 1 5 5 6 10 3 2 10 5 2 10 1 8 4 6 5 2 6 2 9 8 10 7 3 6 10 2 8 1 7 4 8 5 6 2 8 5 0 3 6 6
2 3 1 6 4 3 6 8 6 1 7 1 4 9 5 2 5 4 9 10 5 2 2 3 4 7 5 7 1 2 4 4 2 7 10 9 7 4 2 9 4 8 7 10 8 7 4 5 1 5 4 10 9 3 1 2 8 3 10 9 2 3 7 2 7 8 8 7 9 4 10 5 8 9 10 10 5 4 8 10 4 10 5 10 2 6 7 3 10 9 7 4 10 4 2 9 3 2 9 1 7 10 9 10 5 2 2 2 4 4 3 9 10 2 8 2 5 10 5 5 3 6 4 1 3 4 8 8 1 8 3 2 4 10 3 8 8 2 4 9 5 8 4 1 2 6 8 4 8 4 7 10 6 7 9 4 7 1 10 7 2 10 7 3 10 8 9 7 8 4 5 5 2 1 4 6 10 3 10 9 3 8 7 4 7 1 5 5 4 8 7 1 4 10 2 1 1 0 7 3
4 1 5 2 6 3 10 2 1 7 6 2 5 5 4 6 3 5 8 3 2 5 3 3 6 5 9 3 4 9 7 8 2 7 5 3 10 9 10 2 8 9 3 9 10 8 5 6 7 4 1 4 10 1 7 7 9 1 9 2 6 4 9 1 4 9 5 8 5 5 5 10 9 3 2 3 2 9 9 5 6 1 4 7 9 6 3 2 5 1 2 2 10 9 10 6 6 6 7 5 5 5 6 5 2 10 1 4 4 9 2 4 7 9 3 2 10 9 7 5 4 1 3 9 4 1 8 10 9 9 2 9 5 6 1 6 8 3 6 4 10 2 3 8 8 2 4 9 2 5 2 7 8 1 5 3 6 10 1 9 6 6 4 1 4 2 4 9 5 4 1 8 6 9 8 3 4 8 9 10 2 3 2 3 1 4 10 8 7 5 7 8 9 1 5 7 3 10 0 1
5 8 6 5 1 9 7 3 8 7 10 7 6 8 4 7 3 2 4 4 10 1 6 7 3 8 10 4 5 6 6 3 8 3 4 6 9 9 6 2 10 3 6 10 7 2 1 5 1 6 1 3 1 1 2 7 4 4 5 10 9 8 5 7 10 8 3 9 2 10 6 6 9 5 1 8 3 5 5 10 9 3 4 7 6 4 4 7 7 5 1 1 2 6 2 3 4 5 7 4 6 10 8 10 1 7 6 10 5 10 1 2 9 7 1 7 2 7 1 1 10 1 9 2 1 5 8 5 7 1 6 5 3 3 6 2 5 1 2 8 7 3 1 9 7 6 6 6 7 5 3 2 10 6 10 7 6 9 10 9 10 5 3 8 10 6 10 2 10 2 8 9 2 4 8 9 5 7 8 10 6 4 4 3 10 3 3 9 7 5 8 10 7 1 7 3 8 3 7 0
