400
22 246 327
10 321 356
21 596 627
3 430 436
13 236 283
19 333 383
17 465 530
19 655 708
17 384 441
20 699 744
2 365 373
24 381 436
13 797 819
23 765 814
18 453 486
24 15 70
1 440 444
12 690 709
21 4 48
24 243 299
19 16 58
5 17 37
6 693 711
24 12 106
4 422 436
21 761 793
2 515 523
12 296 341
22 770 810
10 615 650
18 752 802
8 317 343
13 173 210
1 449 450
8 456 486
15 49 84
15 450 490
10 256 288
23 655 704
18 107 139
24 172 244
19 542 605
11 118 146
20 218 274
9 161 190
10 714 751
10 575 613
2 377 385
1 455 459
11 114 132
8 145 167
15 747 797
7 675 691
18 377 435
22 509 560
13 764 788
23 683 719
17 694 759
5 51 64
6 387 402
24 398 449
1 376 379
13 145 194
18 108 172
10 102 135
6 331 351
11 362 399
1 75 76
4 617 625
1 96 97
22 766 815
23 562 627
17 122 153
15 465 506
2 81 84
23 682 761
18 488 522
9 658 671
7 465 479
20 583 640
4 408 424
20 65 132
4 122 134
9 167 181
11 461 501
3 404 415
15 788 845
23 193 274
17 21 53
14 306 337
14 385 436
24 511 604
13 696 730
8 400 419
14 295 349
15 743 784
23 773 828
8 606 624
15 227 249
13 310 330
15 516 551
10 645 680
16 775 815
17 747 808
18 36 63
3 44 52
21 24 82
10 551 590
1 755 756
9 590 610
19 299 343
24 651 702
15 282 306
10 143 181
2 120 124
10 783 806
2 512 520
16 768 806
23 782 851
10 96 131
16 341 403
9 427 441
10 58 75
6 582 595
12 154 185
19 569 598
9 304 334
21 321 396
19 535 598
23 178 266
8 298 325
3 412 422
20 767 838
4 9 24
13 265 313
5 179 194
19 713 741
3 124 134
18 420 466
14 344 385
5 411 430
3 275 281
17 603 648
22 401 478
2 267 271
14 571 619
9 701 736
4 670 677
13 588 636
6 427 442
10 592 608
2 610 614
5 313 320
6 328 337
24 29 115
2 363 371
5 21 35
3 29 34
15 683 718
6 508 525
1 751 753
16 629 676
14 455 483
5 223 241
6 45 69
3 160 164
16 430 484
24 141 210
1 81 82
10 267 283
19 75 140
24 250 290
24 54 126
16 158 207
23 251 286
9 85 116
2 411 417
5 132 146
24 225 281
3 117 123
9 521 551
2 91 97
18 613 673
23 505 581
5 449 465
18 574 619
16 302 345
3 238 248
9 471 496
13 390 419
8 418 442
10 783 798
24 29 97
2 781 784
4 255 263
18 79 142
11 304 333
8 408 436
12 231 249
4 444 455
3 603 615
22 540 626
1 126 128
17 94 154
18 404 437
18 61 111
22 738 772
4 103 114
6 657 674
2 726 730
13 248 279
14 456 483
15 27 78
19 326 367
22 711 790
13 223 258
21 350 427
9 228 261
8 616 638
5 687 705
8 385 416
19 255 315
17 513 574
14 778 827
10 613 641
19 661 728
15 279 333
13 772 821
16 210 266
16 434 487
19 450 495
4 421 427
1 46 49
15 650 691
13 272 315
3 672 683
4 471 480
17 738 768
5 488 498
13 327 360
4 124 139
13 729 750
20 607 670
7 605 622
19 394 446
1 577 581
9 353 369
9 59 86
8 177 207
6 318 332
11 121 151
21 470 526
5 293 300
24 451 488
19 364 434
18 3 34
3 362 370
18 187 221
23 689 743
17 60 105
12 264 302
22 0 72
3 443 454
5 96 107
18 682 741
11 173 211
9 50 63
13 371 400
21 167 231
18 418 453
19 642 703
22 797 879
23 358 405
24 588 665
22 432 500
1 470 474
22 17 59
22 744 815
9 779 808
8 486 518
16 615 655
17 433 493
19 589 639
7 156 177
13 786 814
9 190 223
14 605 626
19 573 611
15 785 810
4 271 281
15 766 808
1 633 636
21 350 396
22 333 401
23 326 381
5 561 576
12 616 643
5 238 252
15 373 412
11 625 648
18 758 785
15 579 639
21 102 163
5 511 529
22 158 215
21 506 558
16 455 484
19 9 79
4 468 476
21 432 468
15 633 686
15 705 749
8 66 95
3 351 359
1 798 799
4 204 216
21 556 622
17 218 256
4 617 631
22 87 156
21 436 490
18 421 486
4 183 198
3 651 658
3 199 203
22 790 867
3 758 762
4 15 23
13 495 532
24 218 301
10 717 741
10 101 123
14 444 471
7 314 338
6 337 361
3 251 263
13 199 224
13 373 419
13 708 758
6 728 749
22 503 556
7 772 796
19 498 535
9 101 126
7 15 29
1 14 15
15 620 665
23 616 686
5 458 471
24 202 264
8 546 575
18 359 395
14 489 513
4 518 529
23 554 595
24 289 332
6 196 211
22 213 289
1 430 432
10 770 795
4 410 420
18 150 185
17 206 263
11 737 766
7 235 253
24 545 626
5 790 802
7 85 95
18 384 447
8 85 101
11 539 568
10 498 519
6 272 294
22 433 504
12 371 413
11 736 771
18 220 262
14 136 177
23 162 209
18 40 98
22 234 282
20 551 590
17 192 240
1 20 24
13 557 587
11 363 391
13 226 265
18 27 64
20 550 583
13 363 391
6 673 688
7 501 527
7 192 206
2 247 255
3 234 242
22 597 674
14 89 134
1 794 796
22 475 542
9 129 165
