450
23 127 205
1 242 243
19 618 653
16 221 274
6 638 657
24 585 670
17 679 729
24 270 341
4 451 466
14 126 166
22 457 494
21 477 558
23 369 423
16 550 600
3 790 801
18 811 880
6 786 796
19 657 691
17 290 353
8 408 425
9 248 282
12 203 249
19 790 856
17 369 424
6 820 838
15 447 495
6 193 204
20 724 789
23 230 278
17 738 778
4 782 793
12 61 96
18 329 372
13 497 516
1 878 880
18 239 285
19 291 329
5 3 22
19 477 511
3 656 667
24 388 448
11 19 42
14 192 236
7 165 177
1 391 393
9 346 360
2 848 851
12 528 556
17 52 80
8 802 832
10 656 681
18 134 197
20 771 812
7 605 615
4 864 873
10 574 613
14 57 86
23 3 49
6 550 563
17 510 552
17 424 465
3 833 838
4 310 324
17 823 848
6 222 238
8 529 543
6 496 519
20 379 459
1 560 563
18 894 966
15 108 159
21 192 263
20 5 81
24 530 609
8 698 714
7 293 303
11 552 590
4 400 416
8 279 301
15 510 564
19 553 606
7 248 268
12 288 317
10 131 168
7 814 825
8 688 707
2 49 52
8 621 637
8 263 284
4 592 598
20 291 329
8 828 844
23 289 356
15 433 461
12 437 475
24 408 470
15 375 420
4 887 901
9 593 613
10 701 716
16 620 649
17 384 431
16 186 236
14 153 200
4 697 707
20 858 893
15 631 661
7 379 405
14 386 423
13 373 422
4 829 837
19 826 882
6 141 155
21 391 425
20 428 505
15 849 907
9 735 758
19 488 546
7 543 571
10 436 456
20 753 792
6 738 752
14 393 441
18 488 556
15 3 44
7 460 488
17 225 290
6 470 494
2 487 491
16 744 796
18 97 153
17 80 106
22 662 724
8 250 264
8 83 97
10 825 863
13 569 588
6 667 679
3 650 656
7 338 348
10 85 115
3 323 331
11 362 392
19 642 687
2 255 263
10 745 772
3 140 150
1 128 129
23 822 867
15 419 475
20 515 562
7 195 223
18 689 755
20 569 637
5 475 483
19 40 108
4 499 511
8 499 529
4 862 875
17 373 406
3 878 887
5 734 743
15 95 146
6 828 838
4 117 131
18 15 63
11 803 842
21 497 559
16 657 708
22 45 101
4 144 160
10 258 275
5 148 168
15 15 53
24 210 254
16 355 394
7 698 725
4 384 391
22 54 95
3 15 25
1 838 840
18 459 494
16 40 90
19 383 455
5 213 224
18 605 652
3 317 324
10 406 434
15 154 185
11 590 632
9 612 634
20 892 932
8 13 39
12 80 121
2 614 621
20 776 826
20 421 454
19 572 618
22 354 431
4 52 65
24 197 289
8 710 727
3 636 642
12 347 374
13 698 720
16 473 508
12 24 51
5 532 546
2 505 513
15 464 505
3 770 774
10 139 173
24 516 610
18 448 496
17 273 300
9 3 31
3 743 755
1 163 166
6 145 161
22 350 385
24 106 186
2 469 473
11 538 571
5 349 368
23 290 345
18 513 584
20 220 283
14 361 401
6 47 71
3 893 902
19 6 76
22 671 728
23 789 839
21 536 588
1 862 866
24 635 694
24 654 723
16 686 732
12 6 35
9 891 916
20 85 153
10 32 58
13 98 132
3 449 460
22 486 537
6 420 438
3 789 794
13 781 811
2 109 116
16 702 753
3 183 190
18 156 199
1 822 825
21 633 707
1 219 222
20 224 288
1 300 302
16 379 431
2 93 101
1 401 403
22 281 366
17 125 166
22 419 491
7 572 594
22 316 362
20 25 102
13 444 481
1 130 133
2 578 584
7 398 416
10 740 778
11 442 459
20 646 677
8 233 260
18 60 96
5 293 305
7 512 537
8 269 300
20 191 245
20 660 721
10 799 832
6 219 230
6 748 771
10 98 136
18 724 755
10 582 607
20 463 499
6 496 510
19 783 825
4 881 888
13 553 574
15 819 845
21 665 737
20 29 77
24 370 418
24 705 741
20 431 500
7 219 238
8 289 317
6 71 95
9 271 295
3 767 778
23 885 924
4 278 293
8 285 316
11 662 704
7 378 397
19 738 770
22 164 243
15 741 770
9 510 529
19 169 197
13 899 924
1 688 689
11 421 460
15 368 409
18 644 689
20 826 902
4 635 649
21 696 750
11 589 607
9 869 888
17 129 178
19 104 167
6 408 427
9 281 312
9 679 710
15 356 380
12 885 921
5 220 237
8 429 446
20 65 135
2 695 700
10 622 652
15 732 759
5 196 211
24 266 339
11 536 574
12 219 242
9 549 581
18 449 488
10 843 875
12 252 299
21 547 613
16 331 389
24 427 476
16 195 237
12 818 851
22 331 383
17 56 86
6 289 313
6 620 630
4 672 684
14 333 388
9 429 464
11 198 221
23 509 574
13 117 153
6 615 627
22 47 90
16 370 395
15 738 766
5 62 70
13 628 655
11 627 669
21 406 486
6 687 706
12 214 234
3 214 225
14 257 311
4 407 418
5 794 805
12 685 706
22 482 538
6 155 173
12 687 719
24 305 374
3 818 830
15 860 911
16 72 99
23 121 195
9 591 622
12 675 700
21 817 856
23 768 818
17 246 312
21 378 436
1 158 162
5 173 193
16 4 59
21 169 202
21 861 901
21 595 670
21 24 96
21 545 592
7 599 615
21 718 789
10 563 588
18 351 420
2 341 345
5 446 465
16 704 750
2 371 379
23 276 356
8 516 547
19 305 350
10 666 701
9 64 98
9 176 204
16 777 810
2 718 722
11 493 537
6 208 217
18 520 566
10 245 267
2 891 898
12 659 707
2 123 126
13 325 359
5 351 363
23 434 525
4 878 886
2 108 114
16 407 438
3 454 458
2 118 124
5 512 521
15 320 350
4 741 752
12 78 96
24 419 485
21 844 915
4 112 123
14 468 490
23 355 438
8 674 692
5 26 34
7 27 41
19 299 347
15 468 492
16 281 323
2 351 357
19 713 786
12 882 904
13 230 269
19 379 447
17 676 717
22 211 264
18 265 330
15 86 145
