100
5 176 195
20 109 140
21 192 249
14 54 108
3 121 128
11 41 78
9 162 188
9 140 170
9 166 187
1 1 3
1 165 166
5 32 41
15 43 66
20 145 198
4 189 196
17 113 148
4 155 164
16 1 50
24 158 226
17 12 47
16 74 116
5 101 108
7 128 142
2 64 70
17 106 141
19 107 145
24 28 100
18 8 41
9 33 50
21 16 54
5 165 181
20 15 93
24 160 240
23 112 197
6 66 82
17 111 167
15 196 248
19 15 87
3 166 177
16 119 143
20 175 246
7 168 181
20 156 234
8 45 71
12 85 124
22 122 177
7 179 206
3 37 47
18 185 242
24 18 57
7 168 179
15 19 56
10 70 90
13 81 127
4 80 89
11 27 66
10 170 196
7 146 173
6 117 140
4 114 124
8 129 151
8 140 156
15 150 193
12 197 221
21 152 198
4 194 203
17 4 72
21 20 87
10 96 112
20 163 222
3 22 34
2 126 132
8 108 138
8 131 147
18 154 199
9 43 79
21 108 150
19 109 176
17 7 42
21 53 117
13 133 182
17 178 213
19 34 80
2 192 197
20 170 248
2 5 9
3 144 153
24 198 252
4 78 85
13 41 75
3 199 209
7 123 151
22 87 163
7 46 69
13 20 54
12 54 80
19 74 119
9 23 45
23 28 99
6 159 181
