500
17 785 851
4 722 729
22 851 908
2 447 454
14 681 718
6 90 108
19 252 321
3 270 275
11 120 152
17 587 645
11 437 472
11 594 628
23 121 168
6 993 1014
4 299 310
9 827 856
18 886 951
11 571 596
21 430 507
13 944 978
15 544 598
16 659 686
15 464 513
15 150 181
9 39 66
14 496 539
13 146 187
5 916 924
1 295 297
9 66 102
18 615 686
22 551 589
24 345 434
17 13 74
7 158 180
23 961 1048
11 750 774
8 347 373
3 443 451
7 891 918
21 431 476
18 503 562
23 185 272
17 880 919
19 608 645
8 250 266
5 476 496
23 748 782
22 819 864
22 322 403
21 530 612
18 803 839
6 149 171
18 684 750
8 81 95
4 272 278
4 950 959
8 377 392
11 511 541
4 65 81
20 147 199
5 998 1011
23 247 331
23 518 563
12 299 335
23 617 655
3 807 812
21 486 569
24 698 734
15 260 303
23 726 805
17 840 877
17 292 340
17 795 851
17 444 478
6 420 436
3 11 19
18 323 364
20 532 599
13 771 821
4 243 250
5 381 396
3 671 683
6 917 935
2 451 456
8 973 1005
6 323 336
22 267 300
10 688 711
13 366 399
17 914 951
14 859 880
11 985 1011
17 424 453
20 975 1050
23 437 515
11 798 832
7 547 561
17 929 976
5 368 375
20 6 57
10 783 815
5 13 32
11 168 194
1 389 393
15 947 982
17 679 726
12 552 577
5 573 581
16 423 462
9 726 762
24 115 178
23 369 448
19 846 891
15 73 97
12 380 425
16 386 410
24 474 567
19 814 846
7 910 934
16 904 956
2 897 905
20 39 74
3 554 562
6 729 753
17 440 492
10 612 647
4 679 691
13 843 871
19 795 843
24 794 848
16 262 310
21 6 60
11 95 121
4 961 973
8 389 408
16 555 606
15 205 239
4 574 583
10 911 946
20 92 131
22 261 302
9 710 742
13 66 91
8 738 752
22 204 275
18 704 738
13 478 502
22 236 311
12 814 832
7 184 204
23 705 760
3 997 1004
8 679 695
3 312 318
14 409 432
3 303 314
11 82 125
9 347 366
9 114 135
2 611 615
14 328 361
11 434 451
6 153 171
21 572 631
9 563 596
1 164 165
1 152 156
4 642 658
14 475 512
7 391 416
4 398 405
9 797 815
13 445 492
2 259 266
10 682 700
1 410 411
19 329 389
19 545 603
11 306 343
3 392 404
4 470 478
13 436 485
3 160 164
6 74 89
18 738 804
19 839 896
14 280 304
2 760 768
1 558 560
22 146 233
21 807 843
23 516 602
23 614 683
10 594 633
5 420 434
22 47 115
8 690 702
10 404 444
20 464 518
19 568 599
17 453 507
23 936 1022
16 776 806
7 104 126
12 22 54
15 581 605
21 3 71
6 519 541
5 856 875
3 390 395
4 230 241
15 626 664
7 449 465
10 964 992
14 436 462
14 98 149
15 452 489
12 215 243
2 554 561
20 309 354
10 483 522
16 243 302
4 216 225
14 898 939
4 956 965
14 154 191
5 675 683
11 828 844
21 644 727
2 289 295
3 907 912
14 563 618
4 216 225
8 350 380
21 771 817
11 786 810
4 593 609
15 353 405
10 753 775
5 201 215
18 124 162
10 167 193
9 939 964
18 814 855
23 933 1025
3 853 857
22 156 208
9 89 112
2 226 234
12 691 723
3 16 22
13 707 740
19 109 140
8 250 265
16 9 46
21 322 363
8 287 303
16 250 311
20 158 236
11 605 630
15 215 245
6 299 316
11 717 751
20 257 325
2 960 964
5 477 494
22 626 712
18 390 443
2 42 48
12 332 360
9 427 448
23 281 340
4 563 578
20 564 624
6 458 470
11 471 503
13 316 360
4 68 81
17 462 512
21 373 412
8 909 934
2 174 182
13 770 796
21 670 704
11 513 530
1 633 636
11 553 573
21 489 541
6 352 372
13 653 686
7 908 934
4 897 903
3 437 444
1 612 616
16 272 300
1 171 173
7 339 363
13 220 257
18 35 85
21 200 238
9 698 731
22 305 362
12 260 286
11 104 136
11 385 425
2 458 465
18 82 109
3 612 620
11 287 308
7 248 274
24 180 259
3 715 723
20 387 467
22 790 836
10 186 222
4 785 795
4 359 375
21 973 1053
10 836 864
1 513 515
16 627 672
2 889 897
7 684 710
11 225 246
10 844 884
8 849 875
23 409 480
8 395 415
16 178 225
7 889 913
11 853 876
21 109 141
13 758 803
18 480 547
23 782 847
17 447 511
13 215 253
9 168 183
24 825 862
23 460 514
14 311 358
18 285 351
18 820 855
1 664 666
2 124 129
16 114 167
24 128 166
22 788 860
15 923 966
24 148 223
14 419 468
8 665 683
15 693 721
21 623 661
12 450 480
17 445 490
2 875 882
23 366 406
10 623 653
17 955 1016
20 711 748
23 479 535
24 814 874
24 323 368
6 302 322
7 543 559
12 539 585
20 544 623
17 207 271
12 242 283
15 314 352
20 581 637
14 338 371
18 59 111
19 611 655
2 388 394
19 917 953
13 460 482
1 978 980
18 842 871
4 339 353
16 59 116
6 149 171
9 33 48
1 222 223
4 513 522
8 548 579
18 501 534
12 830 871
16 689 744
17 332 366
19 645 707
2 28 31
8 231 254
5 814 834
9 81 96
6 742 752
10 282 299
10 64 99
19 358 395
6 759 775
12 577 622
12 552 578
22 814 869
9 164 180
6 394 405
6 384 405
19 955 1012
6 586 599
23 193 231
4 95 106
18 131 162
21 816 876
14 403 433
10 450 473
16 285 335
16 962 1007
21 263 299
10 424 460
22 230 318
14 632 683
24 86 124
18 438 506
17 572 637
15 821 863
13 723 765
7 596 622
12 459 501
24 833 916
9 998 1025
10 853 878
5 444 462
22 906 953
15 52 86
5 674 685
2 802 805
17 607 671
5 448 463
24 879 965
13 757 806
9 369 395
2 29 33
17 200 260
10 728 767
15 744 783
19 336 390
6 958 971
9 271 300
19 189 258
4 491 505
1 20 22
7 152 165
13 789 839
4 756 769
9 723 747
12 175 215
21 436 474
6 887 905
13 684 730
7 140 160
19 628 692
5 49 63
18 162 205
6 221 243
8 708 725
19 419 480
6 122 146
7 171 186
19 479 551
2 221 225
7 470 498
22 514 558
4 587 594
12 186 211
9 171 188
3 522 529
17 144 178
13 26 51
16 248 305
17 247 303
16 282 309
7 360 373
6 628 641
5 358 376
16 344 398
20 320 356
19 385 419
12 862 905
21 282 356
22 935 1003
20 960 1035
16 13 38
15 580 618
9 924 939
5 479 491
17 281 332
11 48 77
4 57 65
1 136 140
