250
8 121 142
18 31 76
15 420 443
18 207 269
10 57 83
18 464 535
7 251 262
16 247 278
10 90 122
11 20 49
24 155 232
13 270 309
5 231 239
23 403 442
3 314 325
12 429 458
10 158 185
13 405 456
18 446 481
8 416 428
17 366 400
18 274 319
10 257 289
8 110 123
19 316 349
23 342 424
17 331 360
6 386 403
6 313 329
13 329 350
1 409 411
24 412 460
15 234 269
11 167 190
6 126 136
13 384 436
14 394 434
19 164 206
11 200 226
3 87 97
22 115 177
14 51 97
5 392 407
10 267 292
5 307 315
2 258 263
14 77 127
14 50 99
18 433 479
18 40 69
24 285 374
1 74 78
12 1 22
2 451 458
10 486 505
9 152 167
2 468 472
14 243 274
16 456 507
18 190 251
14 317 348
17 204 255
3 412 422
5 23 39
20 43 96
21 76 112
13 129 151
21 188 238
8 251 280
1 69 70
15 424 475
5 475 485
22 195 261
20 305 376
5 154 171
1 338 342
14 369 416
1 353 357
16 413 465
15 48 74
12 269 309
3 390 399
22 482 538
20 296 375
24 328 394
23 271 309
9 312 336
17 52 115
20 296 362
20 346 426
13 60 80
19 462 505
21 378 416
6 38 59
12 298 346
24 36 94
23 8 86
3 135 140
6 186 208
23 385 472
12 168 207
22 355 411
3 45 50
8 308 334
18 294 350
3 164 169
10 246 261
1 33 37
11 108 139
14 432 477
14 194 245
24 308 367
17 204 241
5 364 377
16 147 186
1 250 253
4 377 392
13 371 394
1 330 331
17 246 271
17 333 376
2 359 365
10 161 184
21 196 244
3 62 68
12 47 88
20 148 187
23 165 241
19 87 154
3 242 252
23 116 208
6 469 481
11 85 125
15 252 293
16 59 93
24 424 500
7 86 105
11 200 235
7 472 490
12 358 380
2 399 402
10 415 439
1 252 253
15 30 89
9 344 357
4 59 73
24 436 499
12 151 189
11 36 74
1 494 497
5 432 447
3 235 247
20 405 464
17 461 516
5 242 259
20 366 419
1 335 336
20 493 555
18 303 344
1 197 200
17 360 390
6 220 240
8 163 182
10 89 118
23 499 558
15 407 439
2 137 140
3 305 317
24 462 531
22 378 433
9 337 359
5 361 380
23 360 452
11 105 128
8 114 134
3 470 479
23 281 344
8 266 286
22 376 441
23 351 424
20 321 381
24 23 67
12 73 120
1 355 357
11 55 97
20 327 402
23 95 167
12 315 360
6 183 203
12 458 506
16 209 262
22 157 192
19 224 296
10 472 495
13 391 415
1 482 485
20 66 120
22 116 180
22 180 244
23 112 155
17 26 67
7 466 493
19 341 393
10 420 460
2 262 269
20 147 219
19 140 177
21 125 172
4 140 150
9 230 259
23 446 514
3 189 200
3 232 238
10 33 59
19 411 470
5 274 287
21 286 321
6 365 389
2 334 340
5 235 244
20 14 78
11 181 218
9 170 200
6 145 161
21 202 234
17 233 275
11 43 68
4 462 476
6 310 331
9 99 135
15 265 295
21 231 275
21 159 194
22 426 463
7 493 504
20 19 76
18 440 500
16 111 161
7 395 422
18 301 341
15 405 446
2 429 436
21 114 197
23 356 416
3 54 63
7 303 331
13 484 530
11 349 367
22 461 495
21 291 359
