200
2 224 232
15 232 259
21 184 254
4 319 330
22 122 169
24 253 304
24 277 355
22 310 380
8 172 203
19 172 217
6 223 234
23 249 284
24 84 166
2 311 318
14 43 71
24 242 285
10 165 181
21 22 91
15 264 302
11 156 188
9 71 95
16 310 374
14 54 83
2 370 375
14 3 38
1 298 302
8 295 314
6 291 314
11 220 247
5 38 55
7 382 409
19 171 222
10 9 24
13 187 226
1 282 283
4 331 345
15 179 236
11 122 143
16 363 425
3 334 338
24 179 226
14 82 125
13 195 225
23 288 353
3 103 107
4 151 164
17 345 413
24 51 92
22 244 315
15 145 187
5 294 309
18 29 75
19 274 341
24 307 369
2 89 93
21 88 169
4 399 413
13 392 429
22 151 211
4 113 126
12 128 167
14 207 263
11 227 263
2 24 31
10 304 322
4 228 238
10 369 394
6 280 292
10 99 136
18 128 176
1 332 335
22 281 329
15 246 293
13 184 213
14 199 244
9 230 250
17 119 184
12 3 39
14 163 193
13 53 103
5 193 205
3 87 98
19 381 448
1 348 350
24 194 280
9 200 218
4 64 78
12 164 194
11 215 257
12 17 58
12 145 172
20 185 239
15 40 81
24 135 171
22 51 104
6 373 397
16 349 386
21 313 396
19 169 206
7 156 183
2 346 351
14 111 145
3 92 104
19 231 293
19 343 383
9 70 86
24 275 359
1 123 124
16 70 131
1 301 303
19 33 85
5 383 393
18 187 221
7 390 412
3 83 91
23 329 370
9 231 251
13 208 227
8 163 183
2 97 103
21 378 409
18 46 82
22 374 449
14 389 412
23 396 448
20 23 65
7 303 322
4 130 141
5 213 233
20 116 185
5 49 64
15 51 101
24 212 276
5 53 69
15 79 123
19 312 367
7 224 238
7 0 20
21 82 154
2 377 383
7 99 124
12 106 154
10 187 223
2 383 391
11 4 26
13 158 187
23 48 108
7 251 276
11 266 290
23 261 345
17 347 410
2 226 233
17 54 85
6 214 236
1 158 160
23 323 392
6 48 69
6 39 51
18 70 124
23 299 346
23 28 89
6 394 403
4 304 310
13 4 31
19 82 115
3 61 70
10 111 151
5 376 384
17 148 204
13 23 50
11 309 333
6 290 301
3 26 37
12 400 443
24 292 381
24 366 436
5 117 128
14 228 256
21 192 236
22 360 417
23 225 275
21 92 167
2 185 190
11 70 111
14 90 123
9 121 142
12 211 255
12 6 28
3 51 61
12 236 271
24 322 369
4 332 347
5 192 212
24 116 160
17 208 261
13 214 259
14 196 227
19 317 360
1 76 80
18 336 378
