150
23 244 332
11 153 192
17 198 248
14 219 243
22 113 150
17 294 336
12 107 135
20 18 96
10 125 163
13 45 79
13 296 339
1 75 78
19 71 122
23 125 204
16 169 201
8 174 189
12 120 155
6 97 108
8 170 199
11 201 239
1 30 34
13 96 146
18 225 284
4 293 302
19 289 332
16 271 312
20 251 303
22 248 291
24 271 311
10 5 25
7 91 106
14 298 343
22 185 218
21 120 196
8 216 245
1 71 75
19 158 225
3 224 234
22 183 252
3 277 286
18 36 67
4 67 83
16 247 279
3 261 267
1 114 115
10 239 271
3 195 203
1 66 68
15 176 227
13 92 118
24 102 141
14 96 139
6 228 240
15 220 248
8 128 152
7 233 261
8 300 313
13 199 241
22 243 302
15 241 270
19 81 137
21 34 112
10 27 55
23 234 289
11 59 79
11 283 300
9 184 199
7 25 38
9 159 180
7 183 202
6 79 98
4 103 114
11 294 332
10 88 121
23 54 119
13 279 300
11 114 130
14 218 241
2 236 241
16 222 280
4 5 14
19 231 304
6 1 12
3 87 91
10 148 174
21 69 119
4 31 45
10 160 184
2 179 187
18 295 329
15 283 337
2 291 299
14 223 253
22 162 218
17 79 139
11 155 185
20 5 40
7 18 46
16 63 91
5 269 277
11 104 128
10 106 121
19 298 360
4 84 90
19 299 334
23 249 314
9 250 272
10 281 298
24 183 261
6 124 136
6 278 293
20 205 250
18 76 109
18 98 160
7 186 197
4 221 235
19 25 95
3 248 253
21 100 150
20 5 58
20 17 81
16 70 113
8 117 135
7 184 211
15 189 246
14 104 149
15 131 166
1 268 271
14 78 133
1 276 278
2 27 31
10 125 144
12 33 76
1 206 210
12 128 164
24 51 110
19 139 191
23 100 177
6 88 108
13 18 50
14 271 306
22 33 85
5 240 257
15 226 283
18 234 289
5 135 151
10 124 157
21 181 213
23 74 136
14 73 95
