300
23 109 181
11 25 60
12 475 515
11 132 152
12 46 89
18 437 488
8 162 194
10 427 457
14 240 277
1 524 525
17 134 187
6 593 610
17 355 389
20 485 560
22 511 560
5 429 448
6 217 228
7 548 570
12 590 613
10 164 204
9 346 364
6 210 225
1 245 248
21 140 171
6 388 412
9 464 500
3 346 354
8 327 357
2 7 15
18 121 193
8 135 165
7 417 430
15 599 645
14 266 311
16 362 392
2 548 552
1 430 431
16 409 439
24 260 345
7 200 214
18 306 343
11 490 515
12 490 511
3 71 77
13 399 422
17 70 101
14 191 215
6 73 87
24 145 187
6 178 201
14 537 566
10 78 109
17 537 570
4 526 539
24 498 578
16 114 153
21 319 394
18 95 136
4 204 212
12 353 394
16 59 99
24 320 360
5 462 475
3 151 155
7 527 543
3 403 412
1 63 66
21 469 520
9 292 315
22 112 168
4 308 324
11 76 120
11 14 58
7 544 568
23 410 480
9 342 363
13 384 425
14 100 143
3 397 408
1 530 532
23 359 410
8 100 125
14 431 486
18 13 55
2 496 504
13 6 29
10 487 512
16 64 109
1 292 295
19 289 347
11 264 299
11 307 330
21 64 142
14 407 444
21 113 153
7 344 362
9 151 175
9 62 81
19 119 162
22 25 96
3 260 272
4 62 77
13 469 501
16 104 132
16 209 259
1 460 463
7 361 371
17 335 389
20 257 305
19 177 248
14 124 174
18 19 55
23 540 581
4 454 469
6 159 168
10 256 295
21 495 528
24 404 491
5 551 568
11 586 629
22 375 451
9 148 175
13 459 493
3 587 599
3 310 316
7 413 440
8 480 492
16 2 41
8 226 253
16 67 97
6 474 485
20 524 595
20 308 376
12 126 146
9 1 17
4 475 481
21 32 112
4 417 429
8 360 386
24 359 446
4 192 207
20 414 494
12 584 611
14 219 247
20 345 422
12 454 476
9 597 623
18 256 321
23 116 166
3 32 37
19 56 124
10 469 490
14 410 461
19 124 172
7 506 524
15 130 158
10 600 622
18 70 113
22 418 461
17 475 537
19 523 561
4 100 113
20 34 86
2 53 57
12 209 231
1 515 518
12 167 197
4 311 323
21 394 450
13 580 622
8 54 84
16 55 100
8 455 475
2 570 573
4 492 502
17 534 585
9 217 247
21 462 509
4 41 49
22 209 297
11 297 329
19 287 358
23 496 580
1 87 90
3 91 102
2 281 288
6 378 393
8 494 522
18 430 480
22 178 229
2 268 272
10 270 293
22 257 343
13 436 488
14 41 67
10 136 166
22 58 138
5 189 204
24 46 140
12 427 462
21 119 200
4 584 596
17 592 651
4 478 485
13 179 225
18 232 280
24 69 157
20 317 379
3 307 316
20 66 107
6 581 596
22 267 322
1 533 537
7 138 166
7 459 482
21 126 160
7 311 324
1 317 321
22 589 644
15 227 252
13 15 63
14 434 476
17 463 509
5 38 52
18 345 390
17 126 172
20 412 480
6 216 238
22 520 593
11 485 522
22 128 216
22 307 382
18 197 241
18 505 542
11 144 185
13 423 463
15 409 453
10 189 216
14 223 258
8 454 469
15 19 46
22 323 360
7 102 118
16 169 232
24 24 84
23 391 463
7 233 261
13 298 326
22 376 426
9 280 304
12 10 48
7 538 559
22 453 540
7 375 386
10 527 565
8 50 70
3 566 575
21 73 139
7 312 339
8 326 349
19 199 247
1 125 126
2 445 448
2 226 229
13 124 171
17 540 575
9 29 63
7 422 446
21 400 469
4 183 199
14 159 213
19 78 114
9 197 228
7 199 216
23 207 284
11 494 510
6 102 120
4 67 74
23 185 251
9 185 201
10 124 139
5 504 512
11 215 242
15 248 283
17 159 190
4 317 329
24 371 435
17 571 608
22 251 308
2 61 64
15 543 599
18 361 392
23 104 180
1 547 549
2 329 332
8 358 375
8 424 445
10 0 29
6 156 176
3 45 51
