350
18 66 116
14 20 68
16 226 276
11 88 107
2 656 660
13 410 438
22 651 720
10 415 454
17 255 305
3 513 523
1 650 652
2 157 164
8 637 655
24 478 522
5 299 307
13 297 338
19 293 368
5 328 335
5 608 618
8 104 131
13 181 218
24 521 593
7 437 451
7 427 451
18 372 433
14 179 204
15 461 512
4 628 636
22 507 540
24 215 262
7 256 271
21 122 153
14 13 41
11 97 134
18 601 651
21 496 554
12 340 372
19 33 70
17 405 458
3 592 600
12 430 454
6 223 247
21 423 454
24 310 406
16 353 411
19 26 64
20 6 69
8 612 630
8 14 28
7 480 507
20 329 360
24 528 565
6 294 316
24 338 418
16 634 666
22 112 184
17 39 75
15 427 476
24 56 118
17 501 569
12 654 673
16 76 119
6 218 240
12 100 119
19 119 171
23 552 609
5 86 96
9 628 653
21 216 296
9 543 568
21 140 224
18 559 601
2 340 348
16 570 601
17 635 679
19 313 365
15 436 484
21 419 459
15 395 432
4 443 459
5 695 706
5 153 168
10 469 509
9 374 393
21 191 230
23 443 534
20 164 199
4 215 229
13 122 151
17 256 317
16 188 214
12 169 216
24 309 365
24 184 244
17 596 660
9 318 343
4 346 360
19 532 566
23 15 102
5 404 420
16 235 298
21 307 365
15 423 459
24 598 644
15 379 420
23 106 148
13 238 279
11 4 43
23 441 497
5 50 64
14 270 307
19 4 52
15 67 110
22 571 645
3 582 590
14 217 260
14 559 601
2 644 652
24 212 302
5 489 506
4 689 700
12 4 43
4 35 48
17 295 344
10 314 351
17 636 684
22 319 387
11 47 77
8 2 15
2 306 309
22 3 41
7 20 45
24 20 69
14 443 477
7 152 166
5 675 684
2 35 41
21 489 551
18 40 106
14 167 192
8 258 287
3 161 172
6 51 64
14 42 71
24 560 650
19 274 349
12 466 507
10 687 717
7 595 618
19 542 589
12 179 205
13 119 139
12 301 336
11 209 250
15 227 281
18 681 745
15 688 710
5 59 67
23 335 377
17 135 165
15 445 496
9 562 592
5 634 646
24 475 554
4 584 590
14 208 247
23 555 646
19 361 413
23 365 421
7 211 222
19 514 547
3 369 373
13 196 240
12 26 54
8 117 129
20 27 75
17 292 326
19 389 460
10 320 359
5 137 156
7 477 492
21 83 151
10 217 232
4 438 452
12 461 493
9 573 591
9 366 395
20 592 642
1 679 681
24 555 648
17 205 244
7 532 556
20 148 193
12 340 384
11 413 444
8 89 104
20 354 390
9 623 652
7 89 112
4 540 556
6 423 436
24 297 386
9 408 437
6 30 52
20 533 598
5 200 219
20 584 649
14 593 646
2 317 325
7 644 664
17 44 109
3 171 179
19 420 489
14 615 637
9 676 690
2 671 675
2 376 380
12 516 551
14 171 217
8 386 411
10 449 466
17 104 145
5 423 443
23 97 172
24 102 183
18 593 636
15 341 391
19 427 493
17 262 287
14 266 292
16 78 112
17 298 359
19 248 311
8 592 624
2 60 68
11 60 90
9 43 56
10 243 258
15 489 511
14 524 565
13 458 492
21 284 327
17 133 182
17 144 183
8 255 278
18 69 130
9 631 648
1 393 395
11 501 536
16 114 158
24 339 421
5 287 299
11 28 47
22 487 548
4 307 320
4 268 284
19 360 403
23 283 338
12 233 262
8 658 681
11 243 277
3 175 181
19 539 568
24 503 597
16 642 671
7 567 593
19 2 61
6 472 495
17 464 526
2 143 148
14 101 133
20 621 669
5 355 374
5 661 671
3 3 7
14 502 529
11 673 694
20 250 318
24 546 633
3 330 334
20 41 82
6 355 370
22 179 252
13 135 168
22 44 80
5 275 288
16 389 443
10 376 402
6 50 71
8 518 535
2 134 141
4 575 585
8 284 314
7 594 607
4 131 143
7 272 295
1 250 252
24 525 570
9 221 246
3 34 41
20 656 736
24 615 688
21 359 438
22 114 157
16 26 58
6 29 53
20 410 487
23 179 249
14 677 699
12 580 620
10 1 34
1 265 269
8 558 580
8 510 532
9 32 48
6 422 444
1 574 577
17 348 376
16 416 468
19 507 539
7 47 58
20 416 449
9 17 43
20 334 379
20 461 540
9 222 254
22 377 449
9 488 514
6 593 609
4 238 251
24 595 665
22 463 520
24 418 506
23 88 125
9 311 329
18 153 202
20 54 120
22 400 454
24 39 92
13 345 364
6 623 643
21 604 659
17 401 459
19 687 730
4 110 122
6 399 412
1 335 338
22 174 242
17 633 666
2 284 291
