100
51 223 331
2 90 149
49 122 233
50 164 274
61 128 244
59 0 102
13 305 374
48 43 151
83 295 432
80 325 460
48 0 78
27 327 413
1 193 248
10 99 170
1 54 109
54 28 142
63 95 216
46 57 160
41 85 183
49 216 323
65 60 183
26 0 55
44 233 339
48 163 270
37 16 108
31 192 281
26 307 392
40 281 379
42 305 407
41 120 221
54 199 314
71 259 385
44 147 244
46 170 275
31 193 284
34 319 413
37 129 224
64 121 242
43 0 72
54 12 127
31 155 241
75 198 329
41 0 69
23 42 121
32 138 230
64 176 295
28 318 405
56 253 366
46 92 197
61 0 104
46 322 423
39 0 94
23 295 376
41 334 433
41 0 101
47 14 119
40 89 188
42 110 210
28 61 147
46 250 352
30 172 261
50 55 160
20 317 392
17 267 341
76 58 190
39 264 363
50 78 181
44 353 457
51 347 458
1 44 102
68 170 294
32 273 365
25 325 403
44 66 168
74 268 398
48 205 310
26 97 181
25 20 103
59 0 88
63 31 150
65 35 159
51 178 287
40 151 251
14 100 168
43 252 354
59 205 323
58 199 313
57 110 225
50 306 413
70 128 253
14 208 274
37 300 395
36 214 311
27 346 431
23 302 387
90 56 203
109 125 289
20 0 77
34 74 165
83 97 238
