450
22 6 82
57 1202 1317
92 928 1075
43 1490 1589
57 1105 1221
37 1210 1303
41 757 859
48 916 1024
51 478 587
20 142 219
35 1176 1270
73 91 216
47 1630 1732
1 147 203
20 917 997
38 622 718
45 593 697
45 1533 1636
56 528 640
80 350 486
49 230 336
52 852 961
57 646 762
22 1264 1344
24 1520 1600
32 1470 1557
28 586 674
46 1634 1739
23 266 350
39 582 681
85 556 697
32 1767 1858
27 1469 1553
12 465 532
35 638 732
17 1343 1419
84 504 648
16 388 462
46 835 938
53 801 911
22 1321 1403
34 1333 1425
38 1157 1250
34 1430 1523
36 1354 1448
36 315 409
40 1492 1586
49 70 176
22 249 322
76 1084 1217
42 352 452
70 77 202
35 801 894
46 341 445
49 1146 1252
41 173 271
91 1003 1148
36 265 359
47 220 326
74 139 267
43 1453 1554
56 1643 1754
48 1413 1518
25 1535 1619
50 1209 1320
25 1604 1688
23 1127 1211
57 943 1057
28 1696 1782
76 397 530
28 1625 1707
32 980 1070
39 79 176
61 1636 1753
23 608 689
68 23 148
26 457 541
6 903 970
50 1484 1594
30 1221 1304
8 504 569
57 119 236
50 1547 1657
41 464 564
31 1359 1445
1 852 907
27 1680 1767
50 1624 1734
79 1076 1214
38 507 603
26 91 175
56 117 233
48 1108 1215
6 371 433
37 1011 1107
53 464 575
66 165 287
34 980 1072
56 987 1102
70 302 430
42 712 814
48 0 78
1 509 565
31 1424 1509
26 1333 1419
50 172 278
26 1097 1183
67 968 1093
74 1121 1250
42 14 112
61 1256 1378
24 1292 1376
29 350 438
48 468 575
40 220 321
48 1530 1636
50 345 450
43 128 230
48 1389 1495
40 370 469
31 452 544
61 606 724
42 1228 1326
57 817 928
43 520 617
43 1374 1475
51 213 322
53 37 149
36 1007 1100
26 1368 1451
65 857 980
34 1262 1354
31 24 112
37 533 629
57 416 531
41 1507 1607
65 504 625
48 1576 1684
1 207 267
61 1196 1312
29 91 179
30 263 352
27 830 917
70 261 386
1 912 966
56 160 270
38 969 1064
61 1196 1315
42 451 547
112 169 337
21 663 739
14 1119 1191
81 805 939
52 913 1020
51 922 1033
54 1432 1543
36 415 509
40 827 925
56 1284 1398
45 785 891
50 1150 1259
77 257 393
36 283 377
52 1452 1565
43 391 492
29 53 142
22 1504 1586
53 1552 1663
73 475 607
78 1138 1274
43 0 73
1 278 335
84 742 883
31 935 1026
16 1318 1394
39 1596 1692
19 596 670
26 1243 1331
40 661 759
68 1584 1711
43 342 442
24 1529 1609
12 806 876
35 1337 1428
56 1088 1202
1 366 421
58 535 653
17 1287 1358
46 1502 1606
62 1328 1445
32 1089 1177
20 797 875
25 1621 1705
39 386 482
67 1076 1198
43 1052 1152
53 0 83
45 1000 1105
27 1677 1759
26 1480 1566
80 604 739
19 350 428
50 1707 1816
36 1246 1342
73 659 790
44 1684 1789
28 684 773
64 481 604
37 1695 1784
57 924 1039
56 614 730
24 685 767
38 1676 1771
51 1140 1249
39 619 713
43 127 228
68 856 980
68 1253 1380
67 0 112
49 698 808
31 1579 1669
76 174 307
29 824 911
55 967 1079
28 653 737
48 442 545
60 309 430
52 961 1068
5 150 211
31 1040 1129
43 177 280
46 390 490
65 1469 1588
36 504 599
23 513 594
19 1659 1735
73 495 627
40 645 744
54 1412 1524
52 1428 1538
39 1161 1261
16 1716 1788
62 1199 1321
98 426 576
41 780 882
59 1434 1550
43 1133 1237
43 383 485
32 430 524
26 1223 1304
1 1629 1688
42 1460 1559
44 1436 1540
56 865 980
49 688 793
32 1190 1280
35 350 443
44 755 859
21 1658 1734
30 425 516
23 4 87
13 386 455
63 1323 1443
43 369 473
67 182 305
53 261 374
16 276 346
32 1222 1313
71 919 1046
58 334 448
35 673 767
45 83 188
26 54 138
38 350 446
77 694 828
69 1580 1709
45 1283 1389
48 173 279
41 1062 1162
65 852 975
19 18 97
38 973 1071
49 78 186
37 1598 1694
71 1500 1628
37 1296 1390
45 1116 1216
11 1308 1375
52 1361 1471
37 1729 1826
92 961 1111
53 1351 1462
66 403 529
36 1538 1629
96 521 676
1 1102 1156
55 880 993
74 1238 1369
8 516 580
51 1660 1771
59 1695 1811
38 1394 1489
25 1104 1187
53 589 698
30 423 513
96 907 1059
28 321 408
44 1234 1334
38 256 351
57 1162 1274
34 1335 1426
54 1754 1866
30 482 572
44 1043 1147
31 1189 1280
65 1250 1374
36 1179 1275
36 1560 1655
31 937 1026
54 211 322
32 290 380
49 670 777
78 139 276
79 1013 1149
31 1724 1811
53 1361 1472
3 673 734
51 1021 1133
54 0 84
40 1390 1487
61 1403 1522
44 1465 1566
60 731 848
33 467 556
44 118 219
22 856 932
111 409 578
9 636 704
29 529 616
49 559 667
67 25 151
46 1146 1248
71 280 409
61 370 489
39 750 846
71 1365 1492
26 949 1033
58 1512 1625
45 1042 1147
27 1377 1462
49 420 523
50 1013 1122
45 409 514
75 85 222
63 1200 1319
1 1144 1199
22 424 505
44 943 1046
37 192 289
65 90 213
30 1074 1162
63 1510 1630
49 753 856
2 1644 1703
80 1221 1357
47 295 400
29 1360 1449
34 453 544
94 592 739
43 234 333
28 1549 1635
47 1082 1185
47 1403 1503
32 1630 1720
28 1330 1415
35 746 843
57 339 452
29 572 658
32 277 370
39 709 807
51 578 689
42 1610 1711
56 249 362
60 948 1066
61 880 1000
34 0 65
21 709 788
16 1122 1198
42 540 640
43 1654 1754
70 1661 1788
13 1409 1476
53 413 517
55 992 1107
72 1507 1637
76 961 1094
35 1684 1773
48 1049 1156
97 992 1150
31 450 540
69 1561 1688
37 1712 1809
17 1198 1270
41 1506 1607
31 1312 1403
36 599 693
65 1557 1680
36 1008 1100
63 990 1113
53 354 463
46 887 994
51 1634 1745
39 786 885
31 1281 1372
41 953 1053
65 218 341
83 1601 1739
39 721 818
55 630 745
61 1534 1651
54 209 324
22 1344 1424
49 486 593
17 1655 1729
72 346 473
39 14 113
67 660 787
41 169 270
43 457 555
39 1159 1258
38 275 370
78 420 555
31 161 252
80 755 891
50 27 138
33 912 1004
18 349 425
42 544 646
24 16 94
20 1173 1248
72 842 972
52 1498 1612
41 790 891
32 681 770
22 1603 1682
32 497 589
70 599 725
45 1366 1470
60 235 352
65 531 651
