500
41 1921 2022
76 1456 1587
50 837 943
34 1350 1443
37 1302 1398
53 890 997
84 1515 1655
60 1074 1193
66 129 251
57 226 338
69 1759 1887
66 1341 1464
20 1677 1754
43 77 182
41 662 758
47 914 1021
42 599 700
50 716 821
30 452 544
8 1313 1379
43 699 802
28 1045 1134
60 258 378
50 9 114
50 674 783
43 775 878
45 252 351
28 1384 1471
35 598 690
41 104 206
66 1249 1374
42 54 154
44 1540 1640
43 1274 1376
23 819 900
57 743 859
38 2005 2102
29 1206 1291
10 727 790
22 1681 1757
55 2014 2124
51 835 942
72 390 519
40 963 1062
10 1815 1880
56 1340 1456
44 1714 1817
24 1250 1332
87 138 279
11 98 166
58 0 87
49 1410 1520
58 1291 1403
44 1796 1898
37 846 942
31 299 389
52 331 441
23 1865 1941
47 1312 1411
66 377 493
53 1957 2068
37 1814 1910
28 1223 1308
31 1956 2046
33 118 210
70 370 499
57 124 242
14 840 909
43 135 235
36 1104 1199
43 472 575
95 1545 1698
52 0 80
65 1285 1410
49 288 392
37 1055 1153
24 1712 1794
49 160 268
55 375 490
23 540 621
77 34 166
49 1885 1993
60 413 529
51 925 1038
91 734 882
40 383 482
51 1117 1223
39 352 450
13 1596 1668
71 975 1103
42 37 137
58 257 372
77 1753 1889
49 576 681
66 119 242
83 122 263
41 1246 1344
50 819 927
79 433 567
52 1596 1706
25 823 904
52 1250 1360
47 914 1021
74 816 948
44 1638 1740
40 520 617
70 590 715
36 814 910
44 1011 1116
82 687 824
32 1186 1277
41 1840 1940
50 648 757
38 1824 1919
34 962 1053
23 978 1054
42 1180 1278
64 1064 1185
57 1290 1407
23 1693 1775
73 1492 1623
53 1735 1848
84 872 1012
19 1676 1751
34 728 816
44 1475 1576
43 392 492
45 102 202
65 168 292
44 1478 1574
32 1600 1690
86 537 679
45 1397 1498
25 22 107
43 180 283
39 2 102
49 48 154
70 1845 1970
42 374 473
47 271 373
49 761 871
53 1434 1545
15 840 912
54 1493 1606
18 901 976
42 149 245
8 1174 1239
11 923 991
45 1096 1202
18 631 710
38 28 126
98 1907 2065
34 503 596
46 416 521
33 560 651
50 423 532
38 195 292
41 1905 2006
20 1337 1415
41 1063 1162
30 834 915
33 504 595
48 1093 1200
32 674 764
105 1773 1936
43 1650 1750
28 270 355
59 473 588
35 509 598
40 218 317
39 1475 1571
62 1880 1996
44 230 336
14 797 872
38 1812 1909
24 1518 1597
52 300 412
93 552 702
40 286 386
47 1597 1703
67 568 692
30 1855 1945
23 1789 1874
29 152 240
33 0 91
42 461 563
60 1896 2015
35 939 1035
36 1580 1674
42 1273 1373
96 964 1115
35 1496 1589
54 570 681
43 1788 1889
89 1190 1334
16 1429 1505
28 901 984
50 547 657
28 1151 1235
30 1220 1309
30 1208 1295
31 883 972
66 557 674
49 571 679
43 417 515
27 1070 1156
59 1732 1851
41 776 876
36 310 401
51 1391 1496
65 1508 1628
60 26 142
60 1769 1887
38 231 329
55 620 733
46 1143 1246
14 1024 1095
63 1103 1218
61 865 986
48 1168 1275
80 427 563
47 825 933
57 822 936
1 1502 1556
35 1168 1258
25 1787 1869
39 383 482
54 1619 1734
57 1105 1217
65 334 458
64 42 164
37 1104 1198
47 1666 1771
23 1831 1914
51 961 1071
10 1360 1426
72 375 502
18 1849 1927
33 47 136
39 934 1029
40 1394 1492
1 161 220
58 1549 1665
44 0 72
36 810 907
70 1202 1325
66 1386 1510
40 1964 2062
42 1882 1984
51 1432 1543
49 1615 1723
92 1493 1638
49 165 274
36 685 780
22 232 312
51 1270 1379
42 492 596
52 1717 1829
37 975 1066
59 1628 1743
60 590 705
89 0 118
23 846 928
3 1402 1464
32 1705 1796
34 675 769
1 1934 1992
30 747 834
59 885 1001
19 632 705
43 1141 1245
40 155 253
44 483 583
24 939 1021
44 1697 1797
28 195 275
66 527 651
44 1312 1412
78 599 733
48 725 833
77 1499 1630
28 589 670
26 980 1068
78 998 1131
9 91 158
50 1737 1846
46 821 925
30 1725 1814
62 852 971
50 1548 1657
62 1446 1567
71 863 993
43 1769 1871
70 467 591
35 537 631
52 994 1105
52 1645 1754
65 1439 1564
49 772 880
67 187 308
37 1483 1581
89 669 811
20 1784 1860
40 708 807
37 361 454
27 1748 1830
57 692 806
57 1849 1967
36 1375 1471
73 36 163
40 724 820
80 953 1089
33 253 347
32 1588 1681
44 1123 1226
47 728 836
44 685 787
45 1211 1316
48 689 793
63 612 734
23 1779 1859
14 639 708
1 170 229
38 530 624
36 878 971
25 100 184
77 346 478
36 379 470
23 1241 1323
18 1530 1607
17 1319 1395
49 671 777
44 1142 1244
10 1440 1507
40 1185 1284
20 975 1053
57 482 598
72 1871 1998
23 429 511
49 1356 1462
20 1732 1807
50 1558 1663
62 1707 1824
37 1456 1552
73 291 418
61 294 412
46 1166 1271
34 1556 1647
51 1754 1863
62 0 116
49 1638 1743
57 1262 1376
29 1573 1657
47 1531 1638
31 1212 1300
46 531 635
14 774 844
32 0 63
9 1519 1587
25 503 589
67 435 562
34 1046 1139
60 1578 1697
50 1545 1657
28 850 935
32 1135 1227
46 1507 1614
50 1406 1516
50 840 943
63 1382 1501
52 995 1104
87 1799 1943
42 1656 1757
59 1520 1637
60 1316 1435
50 422 532
51 501 611
48 543 648
55 1266 1376
47 1019 1122
68 1180 1304
52 123 233
54 365 476
24 1692 1774
88 338 486
43 1081 1182
41 1447 1547
9 1649 1713
17 657 731
23 14 97
11 509 577
52 633 744
74 285 419
32 122 214
38 81 176
63 878 1001
59 33 151
67 756 881
49 586 693
23 208 292
28 1811 1898
45 641 743
43 1413 1515
41 260 360
49 1683 1791
75 1528 1659
57 1628 1744
22 97 178
42 1185 1281
47 183 288
13 65 139
39 1355 1452
80 1866 2005
65 1210 1332
11 1396 1467
71 1076 1205
1 213 272
33 1486 1580
58 519 631
37 1033 1129
90 358 507
26 659 745
64 1693 1810
15 58 129
34 563 655
49 1667 1773
92 1582 1732
27 184 270
31 2039 2123
33 516 609
15 244 319
35 578 670
57 243 358
38 1216 1313
15 1766 1836
48 1460 1566
20 1876 1954
30 1003 1090
90 1469 1615
18 931 1004
47 1830 1934
66 786 907
38 1966 2064
71 0 118
69 862 987
28 1920 2005
30 1049 1137
16 1287 1361
61 1885 2002
18 977 1053
37 911 1004
31 269 359
17 1269 1345
54 1571 1682
63 1516 1630
42 276 377
50 1365 1475
55 1184 1300
68 109 233
57 1332 1448
21 223 303
44 1389 1492
54 467 576
40 1457 1554
42 1257 1358
56 1629 1739
47 2009 2114
33 1934 2027
68 1992 2117
30 186 277
51 1323 1434
31 1253 1343
26 868 954
23 797 872
34 810 901
39 977 1075
83 1872 2013
41 1461 1557
55 318 431
13 55 124
32 1300 1391
21 1225 1303
83 881 1016
26 2041 2127
11 1442 1511
60 1644 1763
21 1179 1255
29 0 58
55 329 440
45 894 997
34 319 411
84 77 215
22 353 433
55 1849 1959
45 1286 1383
38 569 662
43 723 824
70 750 876
40 1319 1419
31 1330 1417
