300
74 764 895
37 3 99
54 285 400
33 0 62
64 248 367
28 923 1008
37 239 327
46 844 949
46 743 849
44 84 186
30 325 416
1 852 911
6 736 800
15 958 1034
47 9 114
80 104 240
34 765 859
43 336 439
45 796 900
48 568 676
31 948 1039
44 241 345
24 315 398
62 465 586
55 338 453
65 51 172
43 723 822
21 79 159
55 977 1090
58 1084 1200
30 930 1019
23 9 93
40 792 887
47 380 485
15 4 72
74 979 1108
42 1019 1121
38 800 896
33 1010 1103
90 731 878
42 422 523
43 418 519
43 168 270
50 878 982
56 933 1048
22 634 710
57 426 538
48 455 564
51 741 847
33 556 648
72 212 341
41 17 116
59 839 958
44 326 428
42 406 508
51 1051 1161
30 1059 1149
85 960 1100
57 549 664
4 17 75
86 297 441
69 1046 1170
29 791 880
51 1100 1210
41 943 1043
64 1004 1123
49 1078 1187
56 1088 1200
52 504 614
43 0 88
47 155 262
47 882 988
56 616 731
6 344 405
35 1026 1119
55 1145 1255
45 614 718
38 72 168
54 711 824
19 838 916
54 797 906
72 213 342
38 706 803
63 1123 1243
43 1091 1193
29 258 348
34 869 959
41 915 1017
50 368 478
45 617 719
18 1036 1112
35 0 66
46 649 751
89 777 923
52 134 240
51 480 587
32 547 637
27 966 1049
53 227 339
38 77 173
33 135 227
32 209 300
72 956 1086
31 226 317
57 670 785
40 656 754
57 172 287
27 841 925
55 310 425
46 128 234
51 974 1081
40 54 150
30 555 643
21 456 534
50 831 941
5 103 164
59 136 252
20 347 423
45 505 611
58 461 576
52 1136 1246
34 520 614
51 0 101
1 278 337
31 588 675
28 876 963
21 303 378
34 635 729
38 0 66
35 748 843
76 1035 1169
37 282 375
71 1240 1368
43 1034 1135
27 704 783
33 59 152
74 252 385
42 165 268
17 979 1056
23 229 309
79 552 690
45 915 1018
45 34 137
38 449 547
64 1029 1153
46 660 765
19 61 139
29 1087 1170
27 289 373
45 1038 1139
25 678 759
17 1062 1139
81 4 144
48 173 278
28 1019 1106
45 206 309
29 621 710
62 492 610
45 571 675
35 913 1008
65 695 819
38 759 852
35 1 89
29 392 482
52 9 119
21 375 452
51 1150 1262
53 229 338
44 752 857
40 819 915
31 118 208
25 684 769
60 272 390
52 1044 1156
33 487 580
29 784 870
43 439 534
70 6 131
32 901 992
22 425 505
30 516 605
31 357 446
46 151 254
58 857 968
12 1278 1351
48 805 912
50 221 331
42 529 626
45 1236 1339
27 124 208
32 1203 1293
78 860 991
68 699 823
51 518 624
35 898 992
48 814 919
1 964 1017
26 401 486
42 708 807
23 258 334
56 158 273
35 588 682
29 425 514
35 959 1049
72 536 662
57 578 689
3 187 249
27 813 899
65 224 343
49 287 396
65 0 118
30 115 205
55 604 717
33 196 286
22 267 345
52 968 1079
72 779 906
54 4 118
55 768 882
36 1209 1298
35 798 891
50 641 750
47 593 699
48 340 447
34 672 766
74 5 135
20 387 464
36 252 348
33 929 1020
53 695 808
66 152 272
47 807 913
1 200 256
36 974 1070
21 112 189
24 145 230
36 331 425
42 92 193
28 947 1037
47 379 486
32 624 714
61 364 482
44 427 530
15 422 492
67 305 427
34 933 1028
48 998 1103
60 90 209
30 444 529
40 0 69
42 527 627
61 334 453
58 848 965
69 726 853
20 841 915
28 449 533
21 690 769
35 718 811
33 173 266
50 69 176
53 0 83
23 1188 1270
48 264 371
65 705 825
45 159 261
80 925 1060
43 41 144
39 988 1084
56 1188 1294
29 997 1085
53 745 852
14 540 613
52 932 1040
29 978 1064
44 101 204
43 551 653
36 296 388
34 472 563
46 354 460
29 346 432
45 24 127
54 219 328
41 1098 1197
23 888 973
25 1235 1315
60 990 1109
49 748 856
27 2 85
55 662 775
25 819 902
96 789 941
57 992 1106
53 519 629
29 144 234
43 640 741
21 858 935
61 761 881
54 28 138
59 857 974
64 713 835
