200
30 640 730
69 221 346
71 104 231
52 183 291
68 360 487
48 300 404
42 157 258
13 215 285
53 605 716
24 591 676
43 740 844
26 727 810
51 10 113
26 51 138
29 459 543
53 384 495
22 103 184
20 11 88
56 218 333
1 158 215
51 786 894
40 604 700
71 51 178
29 142 230
32 108 202
37 554 650
49 411 514
44 686 788
63 35 157
9 162 228
29 124 213
35 216 309
46 5 110
30 84 170
41 660 760
25 174 256
10 297 363
58 428 543
69 783 905
54 519 632
26 28 115
13 573 640
62 82 202
45 660 758
48 173 281
51 313 424
36 382 477
33 406 498
48 139 247
44 247 346
38 248 342
53 289 397
42 513 612
45 124 225
92 195 343
46 694 800
24 349 426
59 456 570
44 0 73
54 330 442
8 122 189
73 221 350
39 609 709
41 0 69
38 112 208
31 560 650
43 724 824
47 637 737
21 563 642
41 347 442
49 591 699
22 490 570
12 409 480
140 414 612
22 49 127
33 204 295
41 17 116
55 57 171
49 342 445
54 473 584
33 156 246
82 665 801
78 124 260
51 97 201
45 0 74
66 558 680
72 700 831
55 433 542
14 15 86
27 150 236
28 480 567
47 370 472
45 312 415
58 44 161
25 529 613
34 483 577
89 63 211
40 70 168
49 334 442
48 129 236
42 351 451
37 315 404
45 55 159
5 80 142
20 153 233
39 223 318
29 109 192
44 0 74
38 644 741
51 100 210
14 45 116
67 700 822
69 163 289
25 304 387
34 509 600
39 361 459
64 403 521
17 448 523
68 80 204
48 0 103
44 437 540
39 177 275
26 470 556
4 0 31
47 614 719
40 670 767
56 421 534
50 319 426
51 78 188
18 430 506
52 419 529
66 169 297
30 399 488
40 294 390
87 54 199
20 662 741
37 70 163
44 317 420
35 0 65
47 684 787
46 0 94
41 275 374
33 11 104
30 511 598
50 560 667
57 261 378
52 439 549
23 236 320
75 0 105
41 616 715
43 320 419
42 600 703
61 367 487
45 557 660
35 606 697
67 151 277
36 38 128
61 499 621
54 280 394
43 682 784
24 328 409
46 464 572
39 629 724
18 542 620
46 577 680
50 271 378
44 237 340
86 666 806
74 332 463
39 446 544
3 554 617
55 15 126
55 694 804
57 68 180
20 542 620
72 433 562
58 699 815
27 201 286
46 649 755
48 657 761
64 502 622
84 316 458
33 5 94
55 397 507
54 179 292
54 154 262
38 501 596
25 420 505
27 177 263
44 260 362
31 251 342
47 362 468
40 571 671
40 367 463
43 118 213
36 281 376
33 496 588
81 303 435
56 640 752
49 177 284
