400
18 453 529
17 945 1020
49 855 962
28 1157 1246
38 903 998
46 0 77
28 200 288
51 739 850
49 536 643
95 1437 1587
65 1428 1549
59 349 467
25 1144 1226
60 1365 1485
35 1269 1361
48 139 245
40 1357 1456
22 1416 1497
15 1152 1224
44 1000 1102
33 466 555
35 1129 1222
14 147 220
38 694 790
47 1295 1400
64 709 826
66 1517 1639
51 643 752
47 666 771
68 0 116
45 1437 1542
28 666 747
68 641 764
7 554 618
120 191 369
17 853 928
53 1446 1559
35 472 565
70 700 828
32 1406 1494
22 693 775
42 553 655
35 1678 1772
42 1363 1464
29 1186 1273
67 1197 1322
55 743 854
12 1219 1288
39 698 794
64 413 534
30 383 473
54 1261 1378
41 584 684
60 382 498
89 1309 1456
64 599 721
25 16 101
62 793 913
34 208 302
21 265 345
60 81 200
40 262 361
44 754 852
47 316 421
58 523 634
53 144 253
46 265 368
12 885 951
25 0 55
67 693 821
31 825 911
16 1503 1577
71 1032 1161
32 925 1012
86 1264 1406
38 792 891
45 141 244
33 1205 1299
34 466 559
64 811 932
44 0 74
81 1068 1208
34 809 902
35 191 284
73 1028 1157
35 1469 1563
29 64 152
1 240 295
61 1492 1609
19 1595 1673
22 595 674
82 399 535
32 1328 1420
41 821 920
57 591 707
75 1427 1560
53 1499 1609
44 220 323
33 520 612
95 1498 1652
108 363 529
36 886 979
46 59 165
77 1520 1655
62 702 818
40 555 653
90 1161 1308
31 111 196
10 988 1055
5 623 684
86 894 1035
17 1181 1254
42 899 994
38 844 941
26 1111 1196
24 380 461
44 111 213
41 1195 1294
78 482 616
63 10 131
48 160 268
72 834 964
63 430 551
30 879 969
37 1017 1114
65 953 1078
51 1524 1634
16 1211 1283
43 1057 1155
25 800 884
40 1405 1502
52 1217 1327
48 941 1049
57 1357 1470
56 646 759
58 342 456
40 1397 1496
28 1283 1370
74 1312 1438
44 322 421
66 939 1062
25 510 591
54 1438 1549
32 93 184
38 1140 1237
53 1214 1328
34 0 88
107 408 572
16 45 122
39 1360 1457
44 1240 1341
33 1318 1409
66 627 750
20 823 903
62 907 1026
31 14 105
39 529 628
48 186 292
83 354 494
64 179 302
37 939 1034
48 499 607
31 1046 1135
45 486 589
58 846 962
38 925 1021
20 1184 1266
54 1067 1181
60 732 852
33 12 101
16 1330 1400
51 969 1078
64 1176 1295
38 162 259
71 662 787
48 260 370
44 163 264
61 857 975
59 961 1081
59 507 622
50 1144 1253
34 58 149
76 1502 1635
76 1449 1580
22 1163 1244
1 548 605
67 154 278
33 1340 1432
51 1389 1497
38 762 857
32 39 133
55 831 943
43 1374 1475
54 738 847
29 1445 1532
23 856 937
24 512 591
22 734 809
46 400 504
22 659 740
55 92 204
10 1128 1192
52 1106 1217
50 508 622
38 481 580
59 408 527
16 466 541
62 727 844
25 1304 1390
24 949 1031
40 40 141
65 677 802
67 954 1076
59 590 706
11 1595 1661
32 77 171
32 669 759
26 177 259
35 1076 1169
24 509 586
74 0 126
28 738 824
37 913 1005
9 1150 1217
60 672 789
15 913 984
72 1215 1340
60 1007 1119
43 840 944
54 768 881
30 409 499
60 615 734
43 937 1037
57 856 970
49 285 393
84 1169 1312
62 508 628
40 433 530
22 43 124
54 1347 1454
1 1078 1133
29 1032 1117
38 1071 1166
31 129 219
6 61 126
7 468 533
19 909 987
54 870 979
56 941 1055
68 860 987
29 1105 1189
59 929 1046
52 1415 1524
25 1028 1110
25 237 321
43 0 82
74 264 394
32 1097 1187
62 235 355
18 1504 1579
1 1109 1166
32 475 563
32 1128 1218
15 913 987
38 311 406
41 743 841
61 366 487
54 1527 1638
72 1514 1645
55 1351 1464
10 783 851
27 1139 1225
52 413 524
45 1311 1416
78 1017 1147
15 295 371
1 11 69
83 1468 1606
70 984 1107
34 1270 1363
22 700 777
25 1137 1223
31 569 659
31 1438 1526
30 207 296
18 1513 1585
25 906 986
64 1464 1587
34 502 597
42 1481 1584
49 638 742
30 1264 1352
31 919 1011
47 1441 1545
19 1352 1426
9 1121 1189
29 521 613
64 1576 1699
69 450 575
71 681 809
73 1079 1207
81 624 764
34 987 1080
72 0 102
24 1485 1567
26 660 743
46 1317 1423
11 1445 1515
38 72 168
40 445 544
56 468 583
32 1226 1316
23 1022 1104
45 437 542
46 1399 1503
31 1108 1198
27 1236 1321
45 1001 1105
26 1497 1582
79 1115 1249
36 452 545
79 131 262
53 948 1059
55 569 679
27 732 820
53 109 222
72 701 832
48 30 136
50 1268 1378
24 68 151
32 440 533
73 571 701
54 356 470
43 882 984
47 309 415
66 1287 1411
27 0 57
20 735 812
39 726 825
40 637 736
74 1093 1224
44 391 497
54 1044 1156
39 561 657
16 968 1038
58 1240 1355
47 851 955
64 276 399
21 1503 1579
42 0 98
62 1044 1167
67 302 428
42 616 720
65 979 1099
36 547 643
18 1229 1302
31 1406 1495
30 663 748
50 95 203
33 822 916
58 335 450
66 445 567
1 195 251
43 1054 1158
54 1161 1274
45 1454 1556
39 600 697
29 371 459
37 1640 1735
61 687 805
50 1215 1322
20 1374 1450
39 1365 1458
33 228 321
74 981 1114
25 579 660
58 409 524
62 745 867
19 142 222
46 364 470
18 599 676
1 121 174
56 677 793
41 1095 1189
43 626 727
49 1022 1131
34 243 335
26 1043 1123
52 1415 1526
47 1167 1273
79 31 167
50 20 124
44 308 409
62 884 1008
58 1342 1459
15 369 443
31 861 947
44 1098 1201
16 1295 1367
15 786 858
