250
86 829 969
28 0 78
72 783 911
1 177 231
50 199 307
49 503 611
33 458 553
30 147 234
33 527 619
99 660 819
55 208 321
44 606 707
73 440 571
44 691 792
35 15 108
13 119 189
38 196 292
13 643 717
30 137 227
48 650 756
51 560 669
40 668 766
53 47 153
68 35 161
1 69 128
48 368 476
76 903 1035
27 523 611
41 564 665
45 516 619
47 167 274
50 424 531
51 598 705
4 442 504
23 899 980
21 705 779
35 631 727
48 492 598
28 149 231
3 467 526
43 755 857
46 551 657
44 383 487
41 52 151
32 253 346
54 286 398
27 742 828
22 511 585
79 901 1034
45 240 344
41 929 1026
1 582 632
35 221 313
33 739 830
43 57 154
68 479 603
50 710 818
55 257 371
39 242 338
46 802 907
4 219 280
47 501 603
84 269 409
19 173 252
17 476 548
77 450 583
29 191 278
33 79 172
52 631 738
68 760 882
22 446 525
22 0 75
80 930 1066
37 29 121
25 385 466
63 394 518
32 225 317
37 427 524
43 648 751
26 420 506
43 49 149
33 893 987
14 331 404
30 90 179
32 113 202
49 656 764
71 896 1020
77 351 487
22 0 51
8 42 106
30 611 696
38 835 927
61 541 658
51 344 454
69 906 1034
42 21 121
48 707 814
46 189 292
88 134 281
43 227 329
41 313 412
22 826 908
31 678 766
37 655 749
39 597 696
42 735 836
23 0 53
34 676 765
43 846 943
41 170 268
16 730 800
9 925 989
65 300 422
41 344 444
32 344 436
51 279 383
64 219 343
28 391 477
40 760 860
43 610 710
40 63 159
65 176 299
46 770 876
69 37 166
40 51 150
49 792 899
50 177 285
44 36 137
29 588 675
56 168 285
44 244 344
34 618 710
52 490 597
30 800 887
60 45 163
97 39 194
55 24 138
53 201 309
62 0 92
76 388 520
40 501 596
54 835 950
72 314 444
52 120 230
54 325 434
34 398 490
52 468 579
54 65 179
37 99 198
4 325 388
21 815 895
42 169 266
51 480 589
62 100 221
54 91 205
31 600 692
56 451 564
36 430 525
38 257 353
55 314 431
32 138 229
41 905 1006
42 216 315
54 237 349
62 922 1043
45 697 803
13 513 585
49 465 574
74 590 719
53 652 764
49 377 486
16 10 84
1 529 587
46 637 742
32 294 383
51 815 927
50 741 849
70 909 1034
44 773 876
53 897 1006
41 463 564
58 287 404
1 72 130
1 259 318
50 538 648
48 406 511
38 226 319
44 519 622
68 151 276
44 270 372
29 797 885
35 102 196
31 902 993
7 816 879
47 492 597
38 354 452
16 35 110
37 933 1028
34 202 294
35 705 800
60 842 962
34 868 961
46 851 953
35 501 590
36 829 923
64 237 358
64 0 93
53 33 140
26 776 861
17 335 407
51 849 959
38 719 813
55 425 540
1 262 316
70 695 822
7 643 704
11 586 650
87 619 765
33 531 624
56 563 673
46 144 250
36 15 108
10 422 489
11 250 317
44 0 88
70 182 308
15 389 462
40 867 966
37 563 660
28 785 872
60 543 660
58 152 268
95 70 220
58 645 759
35 191 286
32 750 839
26 271 355
4 340 403
39 0 68
51 22 129
27 683 767
66 0 105
52 875 983
24 703 788
72 88 216
45 416 520
48 851 957
3 228 289
25 946 1029
26 10 94
