150
51 219 327
63 491 612
44 0 74
22 86 167
39 10 109
7 256 319
34 441 531
29 312 400
28 19 105
39 504 604
16 245 322
42 109 208
32 249 336
81 224 364
42 466 568
46 116 216
52 43 148
40 9 107
66 166 285
89 135 281
32 431 517
43 45 148
99 340 496
34 470 564
46 204 306
23 398 481
49 389 498
77 25 160
54 249 360
31 297 386
57 459 570
55 206 320
39 0 69
29 383 471
63 535 658
37 48 144
29 413 501
78 120 255
39 138 236
32 283 375
50 430 539
56 379 490
38 149 246
36 333 427
47 554 659
22 76 156
51 354 464
1 108 167
77 85 222
46 436 542
46 482 586
90 130 277
44 268 370
2 51 111
39 177 277
39 0 67
44 16 116
22 138 221
1 396 454
51 334 441
36 0 63
70 140 270
45 152 252
39 314 414
68 453 575
26 336 420
77 274 404
18 293 368
53 123 234
28 410 496
25 179 260
42 442 544
71 377 505
72 218 347
28 204 288
54 57 172
37 354 451
48 262 369
43 360 463
32 406 496
99 461 614
23 260 343
62 484 605
26 300 385
32 439 532
23 531 612
10 240 308
23 341 419
33 280 369
49 47 155
43 96 199
17 331 404
38 545 643
33 199 290
58 187 305
42 422 523
40 176 278
61 0 112
39 496 592
65 217 341
27 283 369
56 398 512
50 86 195
55 220 333
37 75 169
50 275 383
26 121 204
33 213 304
46 396 496
38 454 551
25 104 188
25 227 309
103 296 458
39 47 147
21 227 304
49 56 164
22 188 267
92 449 602
62 465 583
38 428 525
72 141 270
23 375 458
34 309 398
41 15 115
49 91 198
42 44 143
86 289 432
70 58 187
47 512 614
51 347 457
36 340 435
38 298 394
34 545 638
8 319 384
49 476 586
51 410 519
43 255 356
57 18 135
38 11 105
48 0 76
64 456 577
72 468 596
62 393 509
48 131 236
20 313 392
45 161 264
37 312 406
20 476 551
42 138 239
24 232 313
