350
29 45 134
44 111 215
25 484 565
43 1201 1303
103 923 1082
25 348 434
54 161 273
32 1083 1171
70 209 335
41 114 214
43 4 104
32 1025 1114
24 1175 1258
61 1295 1415
55 1282 1395
17 24 95
15 363 439
49 499 608
56 610 726
39 1032 1131
36 536 630
56 1293 1408
23 327 408
15 1203 1274
35 292 387
50 0 107
39 1119 1218
53 832 945
21 1406 1486
57 1349 1464
51 1020 1131
41 515 613
57 768 883
56 746 854
97 567 721
50 917 1025
50 1256 1364
12 1277 1347
48 1071 1178
51 977 1085
26 71 154
39 1230 1327
37 245 336
41 1117 1217
30 171 259
60 677 800
36 77 173
40 253 348
49 65 173
43 360 463
32 79 171
43 586 685
55 1150 1263
55 465 574
58 552 670
53 1022 1134
52 1216 1325
80 176 314
44 1362 1464
52 48 156
50 771 880
58 1054 1169
11 1247 1315
16 977 1050
42 442 542
32 464 558
67 439 566
64 1263 1384
42 902 1002
58 1237 1351
30 1158 1248
50 739 846
44 933 1033
34 1243 1331
71 1276 1406
63 298 418
15 1243 1316
46 226 332
29 1204 1293
93 445 596
24 1015 1099
38 700 797
40 1189 1288
50 955 1060
41 374 475
51 423 530
43 1075 1175
43 114 216
15 1065 1137
38 516 609
28 1036 1122
34 288 384
69 755 879
26 481 565
40 929 1026
52 216 327
65 830 949
1 122 179
30 838 928
42 631 731
27 937 1017
48 1098 1204
33 742 832
78 45 178
15 440 514
47 1039 1146
37 208 302
51 1318 1427
46 538 641
47 540 644
46 825 930
34 240 333
30 869 960
59 913 1029
18 509 586
55 638 752
46 97 200
63 885 1004
56 155 271
42 3 101
89 199 346
42 58 157
75 139 272
52 716 826
68 1175 1300
24 400 482
62 401 521
35 43 138
67 700 820
21 404 481
46 1104 1209
55 539 650
41 241 336
41 19 119
45 509 609
24 450 525
46 884 990
58 251 365
36 845 934
33 984 1073
65 1301 1422
20 59 139
43 97 199
43 642 744
18 166 238
42 323 425
52 571 677
53 1138 1249
65 1047 1170
43 716 817
1 1234 1294
53 701 813
90 20 166
41 252 351
36 464 559
79 1123 1261
34 501 594
45 988 1093
41 154 253
56 490 602
58 658 775
67 1183 1310
38 0 76
62 212 330
18 1385 1456
68 963 1084
27 0 57
44 177 282
31 1024 1114
45 0 74
50 857 969
58 775 890
54 625 739
34 731 824
45 410 513
26 4 89
45 422 527
50 1082 1185
46 976 1080
29 17 105
58 1342 1456
48 980 1085
42 198 299
30 1190 1277
45 74 175
21 1117 1196
33 139 230
25 943 1021
37 824 918
28 208 296
59 572 685
52 139 244
28 953 1041
27 968 1056
64 995 1118
24 273 355
54 172 280
21 997 1073
78 396 528
45 267 371
33 1288 1380
46 302 405
51 1312 1423
58 153 267
62 609 728
63 1141 1261
21 626 707
78 548 684
73 372 501
28 774 861
65 995 1113
34 1214 1303
55 648 761
53 236 348
45 429 534
1 0 36
39 669 763
41 981 1080
47 1348 1450
45 570 673
15 422 500
20 364 441
52 275 385
39 497 595
37 327 422
45 684 788
76 814 944
44 1059 1162
32 909 1000
32 1309 1394
80 347 484
29 338 424
69 1218 1347
46 753 859
52 900 1012
5 751 813
43 666 769
52 779 888
17 57 126
44 379 482
59 871 989
1 1041 1099
27 1260 1340
28 801 887
54 1367 1479
29 1145 1233
103 1235 1397
25 1381 1463
61 566 685
41 762 864
10 1072 1142
40 424 524
58 415 533
37 1305 1397
42 571 673
58 524 640
12 1297 1368
46 1322 1426
59 1339 1459
74 100 233
62 1184 1298
39 500 597
26 899 983
30 534 624
48 0 78
70 1092 1217
8 499 562
37 500 598
72 509 640
8 821 890
44 1268 1371
49 133 240
78 488 625
46 702 808
19 233 312
34 98 188
41 140 239
49 968 1072
25 787 871
16 214 288
31 184 269
8 816 881
53 745 853
32 941 1027
46 507 612
34 473 566
29 1087 1175
50 117 226
1 0 39
18 1164 1238
22 139 220
33 0 63
15 1081 1156
32 584 672
65 711 833
32 467 559
41 858 960
35 1198 1293
51 157 269
59 1152 1268
46 940 1047
39 904 997
43 614 718
18 48 124
62 886 1006
31 0 61
56 76 189
52 400 513
67 752 880
35 367 459
42 1086 1187
25 775 854
70 1054 1181
41 30 131
42 1158 1258
26 456 540
32 1015 1102
54 604 717
52 174 279
70 156 282
82 1021 1160
50 833 938
55 284 397
22 1234 1316
32 829 919
49 520 624
78 288 422
36 197 292
27 508 594
55 588 700
32 1318 1405
54 985 1097
7 633 698
25 87 172
24 1216 1297
44 1090 1191
63 254 370
31 1086 1174
44 313 415
4 411 473
40 941 1043
70 239 365
69 1094 1219
16 1286 1355
52 415 524
55 614 725
57 357 473
65 351 473
13 1305 1376
35 805 897
