400 39 54
32 852
83 11066
1 3144
90 6773
56 11701
23 6874
67 9804
11 10398
75 1092
92 4361
29 499
94 10057
12 4012
15 5682
3 7310
82 6852
81 738
61 7310
61 1022
80 11314
54 6334
93 1617
14 9726
20 10139
92 6955
34 6744
4 8857
89 1610
54 5900
29 6077
38 6790
84 6568
20 4703
67 10332
17 11545
26 10697
63 8713
90 9821
58 5438
17 1543
6 10465
2 4830
52 6015
28 5545
48 7141
82 7238
46 6119
73 4029
95 1437
61 10479
10 5448
58 231
87 1537
77 805
1 3167
57 9444
50 128
69 3609
29 6134
27 5887
3 11717
90 7394
29 8396
39 2892
12 8894
6 1682
31 10535
16 394
45 4440
82 9648
69 7873
35 8868
37 9182
1 1642
22 10478
74 7246
14 10813
99 12085
91 11253
90 3000
52 2679
86 3974
64 7088
50 3
42 7627
47 5096
85 68
67 4371
21 4869
16 3850
98 6036
58 11313
6 2560
18 9024
29 5599
36 1524
27 1164
82 11671
11 4922
39 4158
60 3106
59 3258
94 1931
57 4357
46 8781
91 1953
71 10198
32 2882
57 1375
57 8680
10 6953
68 1979
100 11410
52 817
90 11905
51 5101
59 11811
45 2462
53 764
37 5734
36 7856
66 10547
42 1530
81 4132
84 4344
37 1407
16 3946
39 11462
97 3445
70 10388
1 3415
61 10733
74 4172
86 8391
99 6436
19 767
54 11186
97 1300
5 1591
42 10667
77 5948
45 1190
6 11471
68 3147
72 1464
34 2080
84 7756
58 3013
10 4445
3 4775
42 662
53 4221
43 10055
26 1641
52 9821
3 3804
9 754
6 8822
21 6306
67 10529
29 2676
80 200
37 5943
25 4514
61 3115
29 4905
30 3907
34 10958
50 10774
2 1503
96 7947
82 10418
82 192
52 4900
24 3195
72 3526
5 499
82 9961
64 4894
91 9646
43 2551
33 1062
47 3974
30 4453
28 978
25 10050
19 12034
77 11238
89 394
55 10202
13 9819
48 9188
55 2064
37 11979
67 9806
57 7735
32 8795
52 5277
100 7017
23 8049
32 2197
77 7049
40 647
48 9788
25 339
99 307
39 4149
27 7211
1 7572
23 9226
9 528
68 7319
31 9419
64 5513
95 6146
74 2622
63 8159
84 11370
35 7347
60 6532
87 6160
30 1487
15 151
50 2109
97 4095
38 4671
10 3297
33 10504
96 3963
48 4629
18 2923
51 11030
100 7127
82 4402
37 10584
21 5908
48 3474
66 923
71 5500
5 5823
72 336
71 4658
36 8103
96 10189
41 5448
93 3306
33 10286
71 3804
75 9993
32 640
82 8379
43 364
81 6140
99 10933
87 4719
61 3135
48 1716
11 4984
36 2561
39 7286
34 7137
99 10792
14 75
14 4453
30 5203
69 5315
48 1788
62 1971
83 4598
86 204
15 372
12 11742
9 7008
55 1369
49 12028
99 9443
92 5808
69 4748
37 7962
81 10468
61 10466
23 7698
33 10306
98 7747
75 8728
65 10307
62 2072
24 7896
81 11336
11 9242
89 2233
47 6859
23 1855
91 4936
14 2954
88 7502
97 11805
73 11646
13 2068
50 4020
61 5121
58 6369
99 8875
56 2728
87 2792
75 9455
93 671
52 7745
94 7262
69 5884
2 11996
99 3575
45 2432
46 3109
44 4381
97 9054
72 7136
54 1526
15 1880
49 2274
42 6814
57 4002
8 12093
7 1229
100 5455
81 331
93 2903
100 4197
17 1748
33 7941
96 5472
2 682
51 6130
40 2100
88 1987
70 9530
22 3212
38 4555
98 4182
5 227
89 11827
38 4594
100 2761
61 4379
61 5109
25 6522
72 2666
31 544
1 10779
3 7984
64 1254
19 5894
47 8490
55 7528
39 9767
45 4233
9 7488
36 2249
30 7805
27 7678
12 5202
11 7543
7 2430
51 3938
79 5923
43 8070
12 5681
50 2755
5 7971
44 4056
12 7611
87 9405
53 7731
48 5272
79 11342
100 9674
49 8788
25 4771
33 1918
100 8551
95 1856
89 9129
6 3886
70 8992
41 7443
76 7475
67 2671
62 6794
31 6882
37 8766
82 6511
71 4705
62 3276
40 11612
36 8162
1 4099
30 2629
27 2936
93 11509
56 6804
