350 605 5
6782343036739 276520476990329
2579866381123 393661490847845
3127709755807 240106985140626
2739149999068 483997064081379
3610524657993 132567519561452
6547423234868 335732105108708
3616315435913 471167583017725
1379721283542 66137003191650
1413524216041 492657873694649
3264900479091 266650955202752
1723607233136 120429342198616
9077811990169 32140358749862
6669459202550 420460031732824
9049166929355 377410633719093
9757282405469 252587657607455
5041793201608 142911095499817
6588602398172 63123787411350
1765929281618 346657958833592
4778050350719 211632315440887
5451157465455 262223153849825
7367789289078 145953124104873
6798265639458 59906097655317
8255827428065 90856678874148
2630987768144 3799973870977
3005041764474 42485620399190
5262360449311 106046683016043
2569769010980 317004967718172
1081772121944 371568430925150
488460536849 89720437916673
1052744737951 95175075663168
8938854102801 98930020987030
7345508960743 95301241935638
6051309044874 96877882031045
8101136008282 223131408843043
5073944678699 163635205110110
8098054400830 218422482373257
9391287084520 2596411679078
1263321461971 498013735082113
7693399406523 442744280884128
6848527861445 345715183668854
2432019329616 278139992466851
5276950626222 55893626844316
8857738117646 410563486136875
8378478517317 167152280189359
5568853367476 199590147383098
9943850657507 469231557823387
7556629850115 273992934329401
1014150063410 292163880943965
7883435374402 466153828479012
5200785002066 266170621528337
7987359537516 458811423052827
8750113586658 344533817528141
3946493049256 405011778107634
390330078126 121399602329079
6162516668082 339904628119322
8436455115002 95517353121513
2837588793078 191223730786631
5723378325120 117521409401954
6505544614710 374797016207064
9367742609167 40139812028667
6811980490220 64619481415257
22109826640 229646209398385
9812644896075 135506584271767
9041227982100 63037602497154
4269456476946 156871867667738
9755112725764 122033989223725
6799584398029 445429850419375
1996420265136 370246845426716
2695775462448 427142637633961
3591722765067 397208206554455
6528498508460 176522622664498
9930352750407 165070492456577
1600407603623 120698680813495
2687081382843 114507995005969
4971553877731 466617635509296
8612553659041 119521816707390
3447603773585 129881068101317
7605788858893 180886435269951
3220222458780 120464285689753
9047823175315 169700179790055
1303048667996 82262365062369
9532836114407 46265094152128
1522921433410 72201278362708
7326325663270 495979905225933
3041699664249 36766441906627
9656824989602 401132277483909
5066140889015 382515500873156
9522565367765 127278674051935
533144760927 84431287836893
3956013622859 454492673705474
3938174407709 313094605260113
9487003211688 397712955035311
1463410922875 166492392223427
8348278013436 212727520896213
7779545006201 300149435003979
3768947386784 67970741652413
2923986980160 60605923811492
2088469522707 269653539152937
5789510469832 496504021054075
4946187580464 418444057932737
113270294161 91266398499454
8572795205960 5914976743809
1428172629633 268382955717667
4030072288781 419442959480186
5864344587949 96326612307541
3287418362086 257349263622170
8760637583128 312633103677469
8036829273494 426813506964108
5584941336303 471314237096443
6703836869567 316947321665458
8687393392641 437605655806100
4759874595340 198438870471515
9015020071023 287116838189994
1466738174249 490120489553617
6838289970685 460358412503793
1825736769086 415063711962890
892010718950 129831496575450
1336411270057 148429388780715
6247426392511 2018928899175
4410753670707 366083023633978
1026519893690 389398348910066
9804112026290 240053872606670
4559524847879 321074512603406
4939072871073 269473148315539
8454192420132 67265012152752
6776441710943 119281142797080
6716554984778 174074386954365
903919612877 491231367819233
9186574556374 211136673844435
3445160159457 73447117926425
421847854608 239064599880182
6811429367145 77927718542680
5540250321693 311367422374078
4116177666334 367496005981523
5483372827142 296086287179576
1903461882809 5839993824936
6684588126552 274478315406297
5376658732062 334983956928615
7629657619334 293865872084505
8520274845344 9287900033703
5236712433303 129028139784462
7782467717479 312883526998283
6415351320569 394500814119882
1393932696608 52399232074993
7969945330146 376878752210337
9762420267173 374427157663375
5160035679411 183794458172980
4535296829587 476658813085187
5797002390852 138132392064383
7795370799525 325305028097162
9322151371129 442625347307050
4326246009113 489177778440643
1455334704612 352929027211070
3789269570636 433146729979488
7532440373707 160820132301647
6666358145327 416990743116142
7937738503175 144207323196791
8314046424955 357130189518175
1046275142020 75929197538483
7874739534281 159189707159369
2832743844418 198005975746651
497370114051 153789435486037
9103969096575 352610746581892
2584610233484 312686301144590
2382840755585 1738471030319
1231870637180 483989358081609
1584583754521 226733484743694
8201879495848 54769697917485
8986925432453 144205968963752
8932816777872 50673096553685
9427724047818 472635916582331
3131753492717 47274155292910
4182539451439 153782987484072
7510203463762 491953056715800
756633158590 360705295202197
132001827687 53564015805803
8630835316916 136589939779300
7971793476661 188389431980190
7071051450477 84509356257101
7346017547876 144774842627299
4364233986356 385100023278817
1578073651956 252800475596277
8517253764860 100943416716688
8174398988112 20623516133839
6490784638671 285456016257895
5782557813819 136785200234324
3449429647204 144713853224299
1121914969913 107097264372283
8350953926670 359424402276129
694186538499 233185943236334
6395641181764 287086412004363
1219046768576 228246036011451
3187622654561 44450103712866
4192666269929 290179960098975
7774474013968 220476559154190
7108022059422 259894589034389
6317898182205 98102714144634
4830730876405 346974939086750
2261752867382 2467637081569
2077755701137 185512249464396
7738976666818 284189243916332
7896503289272 194343408338774
9713316628690 75804547781564
8688555846393 217327251138363
4886214933377 219369536604997
6341545354441 183131256499242
3601147070939 377911992275910
9436894877717 257739789513071
5442572059751 47208104768100
7291358086111 160048255442491
7167522000570 35237907255483
7508743209704 451607404106497
4349374205866 195322756211224
119448043278 263040745427650
6856450754383 367565462195843
8164803643003 92177736580794
7616012841785 112127222901727
5359613176894 279223973335479
8216865274404 366098751483124
2669076064769 433054502020044
5004555458978 472343347413380
1055185371301 65355277849390
3165632828625 329129591698170
5258348078023 78813135190723
7689170857092 88342067467309
1622012907827 197889594729655
3551573194536 59461874965239
1993252183137 271742826382507
2389339841985 476516755077264
1335475551410 184278984429080
8050665554022 119830943932203
7346893081523 372420478808850
4069670158064 343160406483260
5605602904493 302315506739723
1691552409126 76383335504717
4334933193820 81743736751310
6233915903083 203604406206294
5963808230487 202876973831000
4616624738882 280608496190171
7709866911462 469071133368782
4182801005638 300807420962497
4971568607251 456665999092130
6735136021348 193080369602686
14365529639 491964799539938
9305729539563 107052241529229
8239669973557 221456741693483
2266924525667 296165278835094
2506169696244 404848732193483
5732483745960 366662679652093
8953680653207 151043361870361
2621134508050 209474727964472
2303098333664 358921737731957
2173789925328 3580560559554
4322554021238 371749511951644
3183904589270 22149645436179
1688643687383 473914144412635
8490796985391 336614660624713
2391221022397 290962834241325
8222228877478 243600748747087
8914176819275 202620540523805
6407833392962 323467321921155
1541135347601 204474240189852
434230604363 181013905456657
6702585046040 192774023449451
2039304549511 246856849438370
8603382808347 91052896477749
623665938329 417174754159676
9395967854271 477359379992024
1687447541038 351970585689655
3055577308954 376801245183375
1006078566473 489796339892673
8147423215054 475175726389369
514431159876 59560835675219
3521049093360 254241563229866
3340192705461 255647433956513
987624116312 158431039835371
878373692732 416809128202584
5052276985451 347270324233995
8570358518097 291961909182782
8018763292663 374348747586830
2934832104396 178807379710916
7367224569894 215772508030499
5172808372960 359767876159384
9960455937359 455836775727241
8473914573123 366183502957363
5941755748067 246052647449504
6415747796823 66616214931375
8001964424126 218568192742081
3871454696802 340075889691991
1738208981000 437862112702630
5299381228640 40691556562380
7215132632042 29990630369219
5025832398801 10966107123876
5158349011794 462970323110594
2427839399206 465892301912761
790828785724 229405178228685
2181000385781 2354462223269
6258500719506 42352759426582
5003370572488 496230720372023
5823256826017 358714851825706
4383189502471 205308252516973
5634847546364 398896268603328
5035996795218 332389147053703
3565475294818 233888890629012
1014817120900 115830812463832
569180698620 233468738708574
4319608590456 166681543637683
6895960583881 220199203641906
4095760105260 232280888695258
7003081670195 152153813574497
1856783040712 92027703622547
6883295402340 233451581347163
9163844975043 448672340339225
6245621676002 458558881094112
3319234972955 86199099179716
579903668404 96854191108872
5200634751830 350330393829628
2920633788171 495626989540927
7439821051068 103527895087950
7326032115321 40637172187426
9343561242731 78598933496379
9668353557642 314244769800626
1661679361327 366291944319351
3966852560553 354808009851185
9418538388905 226814125138915
778453438626 183111416664245
6216831122672 213229856434548
3679786035536 4697349433400
3985884830283 13959916028439
9178511166067 161198572320377
9363401011519 215028385475860
2372921441835 337214705519073
9240174333656 103553637084945
5872202783559 493408913324915
6890532927256 412393395527664
1762573662277 280803259954348
1537593377399 477833812186936
8753811809113 15234022645527
6543068480359 276012791009139
3136592521509 496511754550616
7454414831438 21993033710558
9964808482488 416406147247930
9627382042049 215679981146788
1838809106479 135851961452552
6519233468819 247704628918112
7116333152813 427529068438419
6291413160083 384493388437596
8495221612428 87645816026980
9291213933256 57929617372056
6688242765261 101735334853671
