350 35 28
59 5440
29 3112
90 4792
71 1468
55 121
73 816
32 4955
76 12701
76 4760
56 12617
42 5459
23 72
31 1597
43 5440
32 3157
95 10437
22 9779
23 5749
92 7286
72 4714
35 4221
88 6163
19 680
83 154
83 3097
14 2443
17 8887
95 3357
13 9244
70 891
92 5522
20 5710
20 4818
57 4833
62 6277
70 589
15 6421
90 2264
48 11019
39 9367
95 8640
12 9438
71 7062
93 8851
13 6450
72 7157
41 7245
35 11062
25 3786
75 10224
53 6504
67 11960
90 0
91 7950
38 75
15 1618
91 133
73 3800
32 12740
41 5869
82 4050
46 3979
90 9749
44 3330
11 8662
43 12550
72 12624
16 3071
34 10269
27 4764
83 10325
27 8083
72 4779
48 11825
42 11833
78 5699
19 1625
63 9782
50 1299
87 10991
39 11900
32 9652
61 5640
11 9594
73 11273
83 2387
38 1530
41 0
72 7938
67 12681
28 5374
92 4755
40 2220
48 674
72 2401
95 11991
87 11930
46 1658
15 0
15 12740
70 6444
81 9592
67 10371
31 584
85 10380
24 11087
84 2088
53 3873
15 0
61 0
85 11929
69 703
90 671
55 3919
83 10153
38 6445
85 5571
71 5467
72 5536
45 11932
56 3928
74 10302
48 10331
56 9659
28 2400
57 4202
66 10352
34 4723
73 7185
38 5687
62 3785
86 10259
62 12740
95 12008
58 819
89 12126
17 11023
91 11931
49 1561
25 5386
13 7256
83 11158
44 4700
39 719
34 6896
17 1647
21 8388
79 4002
61 81
26 7286
22 7159
66 7087
79 1460
49 7237
82 7385
30 12577
61 8753
88 0
93 3163
25 8558
19 11853
59 32
26 12135
35 8048
52 20
82 59
78 1603
62 842
66 4643
65 9361
83 11121
40 12429
89 3855
85 12740
32 3932
78 1820
11 827
46 4831
95 3946
79 9473
79 839
15 6379
32 11226
88 4739
46 12482
15 803
49 675
69 12639
94 4729
33 6431
80 6443
63 5103
40 3086
81 3791
91 11187
49 5434
86 10413
95 1571
63 7961
95 11278
66 3314
59 5670
47 1779
32 1589
76 1516
63 12624
24 12740
47 0
19 9619
39 8824
95 8784
27 7009
95 11301
35 3383
83 6252
80 3565
70 0
36 10454
56 7071
67 7053
28 10294
86 12156
71 7083
25 6430
42 10134
36 4850
12 5782
33 2518
39 10274
22 7416
11 1792
88 652
95 9457
50 8637
91 7054
15 6183
52 1425
58 6199
91 7291
21 142
77 11117
35 8653
52 6215
39 2954
84 5544
74 7055
86 2393
68 8814
74 7949
21 8898
82 12740
89 4101
89 11893
63 4929
12 11773
64 4057
90 11225
34 6271
76 8556
79 11175
84 3163
74 866
91 840
94 6899
82 10422
19 7169
89 740
54 7222
76 6382
31 7813
11 9647
71 1805
40 3128
89 633
16 3244
11 3776
70 7070
91 9143
54 4861
40 1711
32 1766
67 8056
20 844
64 11096
23 7836
22 4010
83 164
28 7185
23 676
64 10448
90 0
48 1476
82 2349
88 1455
73 5760
70 11466
53 8632
32 11161
49 8268
79 86
66 3295
71 697
31 6445
82 3258
12 8863
73 7060
85 7079
24 2277
39 1482
38 8044
29 5587
27 3792
34 3837
54 4720
20 2489
94 12006
35 2268
11 4815
14 6255
16 9566
85 9552
89 10336
92 768
82 2425
26 2368
21 12740
57 10979
29 621
64 4718
83 3835
10 8687
13 1487
74 4854
89 5135
11 1586
92 8711
78 12696
49 3137
63 4850
11 11981
55 10308
47 9583
12 4639
58 5804
58 7351
77 11865
95 765
29 9645
23 1546
22 889
