250 30 5
1707 1148
1612 1056
115 76
919 617
1917 1255
606 414
134 93
1838 1229
1292 876
1172 793
642 445
527 363
423 306
1857 1243
235 175
987 641
1239 818
154 100
964 663
80 85
1763 1171
608 427
1503 995
1316 879
910 600
351 244
753 521
1022 666
1586 1033
1728 1160
1719 1143
410 280
1238 824
536 358
1792 1171
964 629
1085 712
1881 1261
854 585
1503 987
653 432
1758 1168
556 371
773 529
318 242
665 448
1895 1244
1299 877
1136 770
72 46
175 115
1008 681
432 294
1691 1128
873 582
1680 1120
1655 1092
1106 751
1758 1160
1688 1110
1560 1045
1707 1112
604 418
711 502
879 588
1263 852
1945 1271
421 295
798 538
1167 786
1335 895
1825 1201
108 90
1564 1024
987 662
838 558
1042 693
1825 1198
1867 1233
1166 781
1972 1292
25 37
1545 1038
1454 966
684 473
575 375
1791 1193
1910 1266
1880 1245
630 434
161 140
1270 832
874 606
170 141
1133 738
113 80
629 414
1512 1015
497 358
1373 923
1612 1053
1399 923
433 283
156 106
1138 779
905 617
45 34
267 202
950 644
1003 685
1980 1304
434 289
12 8
29 53
225 159
1975 1304
1849 1232
379 286
1877 1222
81 86
1041 695
262 191
609 402
1756 1179
615 416
81 63
1507 1016
1659 1086
1193 809
1402 946
919 622
1965 1290
1420 931
915 605
208 171
611 408
801 536
481 344
1803 1208
78 85
1873 1250
30 50
999 661
567 388
1607 1060
1302 874
1816 1219
982 645
1073 719
382 254
297 216
381 250
218 156
67 64
1379 911
1904 1238
704 494
1122 736
1083 724
60 52
91 60
558 395
1945 1298
340 221
573 390
660 432
1303 853
1308 865
1279 842
790 515
733 504
469 313
433 302
584 383
1155 784
466 307
674 462
669 455
162 141
787 524
365 272
1783 1179
85 81
276 189
1844 1232
1096 715
420 292
1971 1303
1888 1241
1373 923
1272 826
963 662
1964 1279
1945 1272
966 655
1384 905
527 347
97 67
177 131
122 92
1277 853
1393 935
1428 958
152 117
1396 916
551 379
1868 1246
974 641
206 155
971 665
1326 867
1852 1231
1445 945
1266 851
1932 1295
712 469
518 359
973 666
1911 1245
1214 818
57 74
1600 1071
1211 804
265 208
676 440
1837 1209
1067 709
599 392
361 264
598 418
792 543
524 359
719 481
862 577
954 652
1096 714
835 560
351 257
452 302
134 107
350 266
1589 1054
962 662
497 337
1064 692
1742 1155
877 602
311 214
1727 1130
1303 859
