350 8 15
6 1225
9 1144
5 327
7 1094
2 1694
8 1264
7 920
8 691
7 473
6 827
8 527
6 1203
3 473
3 829
3 256
5 815
6 303
10 140
3 69
6 391
2 1282
1 1335
8 1492
2 865
1 973
9 443
3 1155
6 951
4 1404
6 295
2 1704
6 1185
6 141
7 389
4 1250
3 1619
4 1463
5 974
4 1671
4 1531
5 1247
7 31
5 1476
10 479
10 630
3 757
1 1395
2 703
2 884
7 1704
3 500
5 91
8 27
7 184
7 657
7 1122
2 382
9 1455
10 1261
6 105
1 1064
7 497
4 1312
2 1389
5 894
7 576
5 1537
2 733
7 1557
1 279
8 184
6 995
10 1288
2 426
6 375
2 1339
1 358
4 300
7 1117
6 583
3 1426
6 1103
3 738
3 1308
7 1681
10 992
4 1554
6 230
3 1427
4 1163
1 62
9 13
10 793
3 400
3 204
9 1559
5 1426
1 699
7 874
6 124
1 1121
3 1446
4 1510
4 1379
1 186
6 20
9 1461
8 1047
2 1036
9 722
2 386
9 1477
3 1694
7 1487
1 585
7 723
6 1546
1 334
3 1116
1 1598
10 1116
6 1342
6 237
9 332
10 723
10 1620
5 395
4 754
2 1078
6 499
7 64
3 1600
1 246
2 235
8 343
6 669
1 1397
4 47
9 727
5 210
6 1471
5 1673
8 1265
6 1393
6 1167
9 261
4 1063
1 1299
10 252
5 170
5 246
2 1355
4 1160
8 119
4 63
9 1393
6 742
9 356
1 677
2 486
10 1244
9 701
1 216
9 922
2 1428
3 771
1 1160
1 350
6 115
3 1523
7 928
3 1087
1 54
6 1400
10 630
4 249
1 628
1 1349
10 1281
8 118
5 191
5 235
5 183
4 824
7 1262
2 1584
1 1707
6 1218
3 1405
1 1179
5 1314
10 1625
9 1646
7 551
6 126
10 1406
8 619
6 1733
4 270
9 1419
7 114
2 325
4 482
10 1450
10 1211
10 242
1 277
9 233
4 1653
2 1284
6 150
2 429
10 1415
2 1230
5 793
4 1230
4 1605
10 1222
4 763
1 952
4 492
8 346
4 1050
7 1239
8 1254
3 379
7 272
10 994
1 1403
4 1001
6 1045
9 896
7 1069
4 1554
4 222
1 780
9 426
6 11
8 501
3 134
3 380
4 201
6 1338
1 1614
8 173
6 1576
7 500
4 1356
8 322
5 726
1 124
4 518
4 1306
8 158
10 1690
1 553
1 1149
1 384
2 849
8 295
3 162
9 48
5 66
9 1644
4 501
4 937
6 1529
6 1674
4 723
1 1118
7 651
1 324
9 686
10 729
5 276
7 747
5 1007
8 1421
10 903
2 389
7 1584
10 236
1 469
5 1211
10 402
7 639
10 355
7 606
2 1048
4 158
1 982
8 1494
5 643
7 20
3 0
7 1608
6 1467
7 133
6 310
2 716
6 762
10 295
5 683
4 1318
8 625
5 541
6 1671
9 1520
5 546
7 1576
5 12
9 332
3 1108
3 1332
7 1611
6 627
4 985
6 76
1 782
3 652
7 573
8 1537
6 150
8 1652
9 1617
10 250
7 1324
4 461
5 65
3 1566
6 638
10 1303
2 384
2 1526
2 502
9 1721
7 740
5 80
4 347
3 802
1 713
1 1446
10 630
9 653
2 1605
5 219
5 306
3 1054
2 771
4 1331
