250 34 55
88 514
86 2136
33 2142
74 377
76 5120
85 3365
73 3216
49 5909
93 4262
42 5252
78 1400
55 3833
98 19
56 3660
9 282
45 6329
98 4358
68 159
2 6057
19 2870
87 2005
24 3316
18 1038
12 5383
52 417
38 931
15 6719
16 3656
33 1290
41 6737
23 3157
19 5063
94 3893
44 1010
58 7524
79 5317
28 2012
42 1971
97 878
87 7100
75 6890
34 7471
86 3702
59 4573
66 7247
44 7101
74 6861
7 5201
84 5139
9 2754
74 3992
98 3064
54 3592
36 3881
20 1805
81 7456
27 923
78 2965
43 5574
84 1782
63 3733
11 1003
43 3328
40 6477
59 3715
84 745
25 3593
1 1449
40 5349
31 6387
27 4388
56 4530
32 6219
62 4445
20 7431
60 4470
14 2703
5 7524
4 3703
85 1723
30 4539
67 2154
12 2338
73 2543
33 1490
32 7260
95 6539
50 592
38 2072
14 6204
74 7126
99 730
7 3795
72 6857
86 2138
90 6768
73 6575
63 2212
9 5900
16 6357
99 5463
100 2770
95 6537
69 92
87 1363
96 4289
39 4846
39 1261
40 723
58 7483
35 2521
58 1241
79 3281
34 6247
16 5806
60 1807
59 5737
38 6319
83 3845
12 1311
53 6042
81 6761
36 522
93 2463
73 7360
9 3665
82 1160
82 2016
85 6581
49 3707
10 5828
2 3454
91 4431
59 2761
47 1259
93 7110
67 1094
87 3461
86 3897
22 757
7 3025
27 3814
33 5452
65 6412
8 2373
21 3442
54 6739
6 322
43 2475
75 2450
36 4872
100 1661
89 1333
90 1332
39 776
3 2492
22 6704
89 5197
18 4941
7 1379
87 1824
89 5510
5 3798
95 5010
16 6221
86 1745
22 4207
97 3569
32 6209
86 3195
33 1822
10 4098
68 4666
32 5086
73 4843
35 3896
48 5493
9 5980
67 2688
85 4161
12 4964
6 1444
77 1619
40 3220
42 7572
22 3199
60 7486
76 143
63 4609
62 6183
82 6822
56 201
53 321
7 5293
73 7404
78 5753
47 297
18 6553
98 1353
64 3703
96 3095
89 3664
52 3750
55 3079
68 902
60 5296
6 1798
95 28
33 3648
52 5278
56 4203
77 1248
45 4524
94 5887
40 5065
91 2234
38 902
95 197
65 6699
41 2901
39 1265
95 7057
26 6271
13 5704
47 4919
90 5109
84 4372
49 3206
24 3187
45 6382
48 4189
32 5905
98 1393
8 6798
82 3996
61 3158
32 2158
75 4601
59 1776
36 899
9 1737
57 4023
25 5909
40 6800
46 4499
10 1960
10 6829
30 5197
68 4207
91 972
