350 7 45
20 0
13 0
11 0
18 0
11 0
5 0
18 0
16 0
15 0
13 0
16 0
15 0
11 0
14 0
20 0
9 0
9 0
19 0
18 0
13 0
5 0
15 0
6 0
8 0
18 0
15 0
18 0
18 0
5 0
9 0
20 0
18 0
12 0
19 0
5 0
19 0
9 0
12 0
11 0
19 0
6 0
14 0
20 0
9 0
8 0
16 0
9 0
11 0
10 0
12 0
13 0
12 0
13 0
12 0
9 0
14 0
5 0
19 0
17 0
12 0
10 0
6 0
17 0
7 0
12 0
14 0
16 0
8 0
14 0
7 0
15 0
12 0
17 0
16 0
9 0
9 0
12 0
15 0
11 0
7 0
9 0
19 0
10 0
18 0
18 0
16 0
13 0
5 0
8 0
18 0
20 0
16 0
10 0
20 0
12 0
12 0
10 0
7 0
10 0
11 0
17 0
8 0
16 0
15 0
16 0
13 0
17 0
14 0
8 0
10 0
9 0
16 0
14 0
19 0
7 0
19 0
12 8
13 99
20 12
14 28
7 84
7 23
17 54
8 76
8 37
19 67
20 30
20 42
7 97
11 52
10 51
19 41
13 49
20 59
15 91
11 17
13 16
8 58
12 96
15 78
8 15
15 47
10 71
11 47
19 40
10 43
19 52
16 89
8 80
7 57
9 2
7 63
12 92
9 5
19 99
17 65
9 29
20 23
10 6
10 34
7 1
15 27
10 82
16 15
16 11
5 78
17 36
11 75
6 49
17 58
11 22
12 84
16 99
20 75
11 56
13 8
16 29
12 77
6 42
5 9
10 52
20 18
12 97
10 84
18 96
10 21
11 93
19 51
9 29
12 19
18 38
9 3
15 65
20 35
16 19
16 66
10 33
11 16
7 94
14 33
15 19
13 22
20 96
19 82
11 54
8 47
12 70
8 70
17 45
5 60
12 35
7 6
13 80
15 60
9 71
13 15
12 35
12 78
5 49
8 71
9 17
10 74
10 35
5 67
11 52
10 25
19 49
17 17
13 27
8 13
20 95
14 40
19 69
18 28
11 64
11 48
19 13
11 56
18 89
13 90
11 20
20 31
18 90
9 25
11 79
17 64
16 28
15 78
14 30
15 61
20 38
19 49
10 12
15 37
13 78
8 66
5 59
10 4
18 82
15 50
13 27
9 84
8 13
19 56
10 22
20 79
8 85
7 62
5 83
20 84
16 86
10 25
19 23
8 53
14 45
19 57
20 72
17 27
11 64
7 63
20 26
18 39
17 51
14 34
14 1
15 93
10 67
7 13
20 47
19 82
15 43
14 23
6 6
5 15
10 29
19 21
6 61
11 30
16 33
10 3
12 5
6 54
6 45
7 83
15 46
18 20
7 1
7 9
13 41
19 29
10 40
11 20
16 26
7 59
5 79
17 57
9 28
7 15
14 22
15 18
10 87
7 77
7 32
11 72
9 72
5 22
11 94
19 27
13 2
11 90
7 4
13 41
17 44
9 10
20 57
20 1
12 8
12 13
14 58
17 41
15 14
12 25
13 60
7 24
10 91
15 78
12 22
18 76
19 51
8 63
