450 5 8
10 0
6 2
10 5
1 7
3 11
3 11
3 16
9 20
3 25
7 27
2 29
1 29
4 29
7 31
2 33
6 37
9 39
4 44
10 49
6 52
10 56
7 61
7 62
7 62
7 63
4 65
4 69
10 74
5 74
5 74
7 78
6 81
6 86
9 86
1 90
10 90
4 91
6 92
1 93
3 96
5 98
2 100
9 101
6 106
5 106
6 109
5 111
5 111
9 111
6 116
1 119
8 122
1 125
10 129
1 133
3 135
6 135
5 135
3 137
1 141
4 146
8 148
1 152
1 155
9 159
1 160
9 162
8 163
5 168
9 169
2 170
10 172
9 172
7 176
6 178
9 178
3 180
8 184
9 187
4 190
7 192
7 194
10 195
6 196
9 199
6 201
1 204
10 206
1 209
1 209
8 211
9 212
4 213
2 217
4 217
7 218
3 222
6 224
9 227
8 230
2 230
6 234
8 237
5 242
1 243
8 246
3 246
2 249
10 253
6 253
3 255
2 257
3 262
2 264
5 268
10 271
9 271
1 271
4 275
10 280
10 285
8 289
6 293
4 294
4 298
2 303
10 307
6 307
10 310
6 312
9 316
4 317
4 317
7 317
1 321
10 326
8 331
1 332
1 334
10 334
6 336
2 340
9 343
8 344
3 347
1 349
2 354
4 358
9 361
5 361
3 364
10 368
8 368
8 371
10 375
7 378
7 383
5 384
10 386
1 391
10 392
5 392
9 396
3 397
5 401
4 401
1 401
10 402
10 403
8 405
3 406
10 408
3 409
10 414
10 417
7 417
7 422
9 423
7 427
4 430
9 435
8 436
10 440
5 442
4 443
7 443
7 444
7 447
5 452
2 457
9 458
4 461
5 462
4 465
10 467
5 471
5 473
9 476
3 477
6 482
3 483
7 487
3 490
6 493
8 498
7 503
10 504
6 507
8 508
10 508
9 509
2 511
8 514
6 519
10 523
2 523
7 527
2 527
8 532
8 535
9 537
7 538
3 541
5 543
1 544
7 545
2 548
7 553
7 553
3 557
7 561
4 562
4 566
1 570
1 575
9 576
10 576
3 579
4 584
1 587
7 592
2 594
4 595
8 598
3 600
10 605
9 609
5 613
4 618
8 623
3 627
10 627
2 631
2 632
7 633
4 635
7 636
9 636
9 636
10 641
2 644
8 645
4 649
5 652
3 656
10 656
5 660
3 664
1 664
9 666
3 668
6 672
7 674
8 674
10 674
7 674
3 675
7 680
7 683
4 687
7 692
6 696
6 701
8 701
3 702
10 706
6 709
10 713
4 718
8 723
10 725
2 728
4 732
10 734
3 736
3 737
1 738
3 739
7 741
6 744
9 747
10 750
8 755
4 757
10 759
1 764
7 769
3 770
1 772
9 773
2 774
10 777
5 779
6 782
8 783
2 785
7 788
2 791
2 794
4 795
5 799
5 801
5 801
9 801
9 802
10 802
1 804
5 808
8 810
6 811
9 814
5 816
2 821
6 821
10 822
9 826
5 831
4 831
6 834
2 835
4 840
3 842
6 843
10 846
6 846
2 850
3 852
5 854
4 854
2 857
2 857
10 861
5 866
7 866
9 867
3 868
1 868
6 872
8 875
5 878
10 880
1 880
4 882
7 883
1 885
10 885
2 888
4 893
10 896
6 899
1 904
7 904
4 909
7 912
6 914
6 916
1 919
5 924
9 926
6 926
9 931
2 936
5 937
8 941
9 946
8 949
3 953
9 954
4 956
4 956
3 960
3 962
5 965
4 970
5 973
7 977
1 981
3 982
10 986
10 987
2 987
9 989
9 990
2 993
2 998
9 999
9 1004
1 1009
9 1013
8 1017
1 1018
6 1023
3 1028
1 1031
5 1034
6 1036
5 1036
8 1037
6 1039
5 1039
5 1043
3 1045
6 1050
1 1052
8 1056
10 1059
5 1059
1 1059
1 1059
2 1061
4 1066
5 1067
4 1067
3 1068
10 1073
1 1074
9 1078
2 1082
7 1083
4 1088
7 1092
10 1097
6 1101
7 1105
2 1110
2 1110
3 1111
9 1116
7 1121
1 1123
