100 10 15
32 1593
68 2081
17 0
59 859
14 724
21 2055
66 508
27 1532
27 643
62 2800
52 2800
27 1497
21 1393
45 711
33 179
28 2754
66 38
23 1996
57 862
52 2800
67 711
40 2019
14 1408
70 2690
54 1472
27 61
68 0
48 2661
65 2764
61 1258
27 0
36 754
43 2089
39 2800
37 16
12 55
55 1378
59 1364
36 2800
65 1382
16 2718
45 664
47 681
19 128
50 738
19 766
14 568
55 646
40 1346
22 9
51 409
25 2800
29 1383
16 1418
20 2253
47 802
24 2184
14 2235
53 0
28 537
41 2048
20 2770
47 2757
20 1456
24 1344
57 1924
43 162
70 2758
53 2225
64 1421
15 2079
40 744
61 2040
31 1506
30 2159
50 608
25 837
50 1399
20 2625
35 1340
55 0
57 2580
43 767
64 736
45 601
70 1530
63 1403
56 1333
43 2800
15 2057
28 2001
17 2247
35 2179
33 2076
20 2138
12 2800
64 1977
22 1245
31 2051
61 1465
