200 89232343 14
258839327 303560419
214656581 1270991693
249944477 404757257
184340243 832528481
226102439 435602161
368741591 607342819
226793803 822193451
121449793 720075569
202494689 497487049
5496409 388817987
292529189 277512773
308653421 483178757
44586511 832514909
225992639 892753529
208272811 1160722727
163353643 84274973
106353677 813587111
57093601 1016064761
175761979 181866793
202359307 955705691
262891333 688897177
129145637 843870593
193352833 427847879
138372593 762803917
39175379 1022272501
121982779 962486269
150439901 1317033709
206223341 583599257
298053373 581089169
266899261 291118343
234539077 276315791
322749451 400685893
160255111 509315351
345507319 446398951
387815671 583345183
151870067 667545019
164892179 359986007
138838361 372831523
351177839 1239376907
278142803 516628787
140537809 772907011
308951873 892355437
224182879 457265113
189166387 702876583
125842019 823951049
179055119 1173436129
198419743 227013011
146079247 1095259699
267647453 686278751
55789133 421162891
326474801 214707149
65557001 685453189
160561409 160968449
341068037 419538233
314904773 1052018603
180993047 795187229
226991887 429672359
264754927 584411651
268484017 700369511
268132567 535854931
172301743 773063747
220116607 969030527
180560759 648724759
260902843 971671667
40885069 1269859751
364757959 703142563
146673287 336879749
328411177 830375303
83506289 514766773
126653201 619221781
255476743 748554907
87249817 772901167
319501811 1324957279
78270287 813603179
131159201 1187534627
319855531 577503041
101114381 740999473
301258553 857997659
205417507 904732457
141534641 562021519
26501851 462853481
209959523 773893361
327920479 646511137
298336897 799810831
69271799 431549491
208963331 390542843
120022181 1200185423
145692007 325985267
270091387 1098099337
165724733 272676557
247881769 142758383
142773283 664947007
84260461 647978927
287900801 1165699057
136100843 1136960623
284483777 710981519
296759539 396548857
71944189 1049416451
94309849 399805751
174329863 95107651
212609743 546156713
291854467 381493429
155279287 1143125647
74450573 866180317
355513703 447614003
125796571 858397693
121698527 563899591
221714501 627761437
142908473 920697157
280291577 952514873
47729777 965733599
362496623 205144493
194674411 590907503
37907171 1251293741
260473879 640827559
181166737 432669563
178731269 678531331
88512539 939210091
58380991 867365839
184017137 146726579
315613549 1097019403
165772847 763702697
201827579 869569651
74958539 264772723
210064879 849871051
108409757 331611233
80367377 649450033
125414759 571237003
176219683 707149343
131068501 1125153791
217967921 1100736041
159488201 1052676113
296573861 415022809
242115493 741130703
89495347 687625343
235343887 871874779
325614953 511071229
281667559 403655047
297302879 440018641
230085019 290148193
118912439 950813681
64017013 568176121
254896429 399480847
182743903 530717377
237362467 925406291
203031299 351020389
267864167 51432443
269189527 443235511
94873151 874307957
207206269 405727631
296497111 807618323
346191341 681558613
208553897 654915071
229071067 946536103
173282783 176246743
208888739 458129521
203227733 629735419
235308121 161972071
87054329 594588529
89906123 1113670211
135109187 907833089
199901591 902234059
219755587 1201589561
233910697 885505949
318331009 422102861
132439621 762867491
104247581 550694147
227616283 804097543
143720333 985232113
192679919 1103932561
237215677 760696697
128068517 564665977
91521121 389319181
173366227 1049094713
237168923 776201981
218188367 601602163
231304631 949206341
325610507 384511313
180200521 993317471
361421713 730505849
334471457 1069826059
305017607 538307821
315876937 683930341
154187563 312589397
79878343 481101067
174626407 662072743
157594637 121330327
180513383 476698931
307347847 164620459
228593899 1151720467
175197947 541550189
144565193 772083149
127776721 819089669
217742887 428862013
241527353 483910781
222046687 593270141
253906007 613766779
252037567 661034147
217065683 841045313
343677107 329824603
