300 69 30
102 482
67 444
107 224
80 441
65 405
71 129
90 682
87 320
99 396
107 533
110 541
108 463
73 225
69 523
67 442
98 601
121 447
106 316
78 170
112 149
99 121
103 441
110 127
69 267
106 340
117 612
72 673
102 484
77 383
99 73
91 228
85 130
94 532
115 478
71 227
100 261
80 667
78 477
119 272
79 312
85 122
84 532
77 217
73 543
108 724
107 140
97 170
73 321
70 767
66 253
103 399
87 165
85 398
89 226
103 334
103 159
93 390
74 398
106 325
63 442
63 380
70 268
112 685
96 621
116 681
95 452
90 255
117 402
106 791
88 124
117 254
63 537
81 474
113 732
73 182
121 781
62 133
75 785
107 284
92 449
119 786
76 387
64 68
96 133
80 522
63 603
86 215
92 734
82 674
103 390
106 263
115 131
71 790
87 725
117 374
99 751
88 539
120 480
94 531
109 482
75 532
67 81
111 538
92 444
85 315
109 444
102 666
97 174
113 254
86 438
92 787
112 273
92 323
97 260
90 384
115 446
87 392
66 389
82 169
110 738
102 618
91 774
115 271
112 442
78 329
101 612
95 211
96 65
91 489
116 721
71 448
74 253
86 768
85 74
83 539
114 202
104 675
71 382
111 439
104 223
75 673
81 737
62 484
82 336
115 722
65 74
94 785
108 530
78 670
63 679
70 620
86 739
98 269
108 262
100 186
77 489
79 324
121 673
105 720
96 389
111 437
119 131
86 123
112 377
110 142
100 495
83 227
94 74
104 333
85 332
110 705
84 430
101 451
85 615
90 335
88 250
103 445
62 166
85 666
118 535
93 674
87 346
69 261
80 259
73 520
84 717
92 220
99 598
89 797
65 67
72 548
69 727
96 669
62 781
79 166
91 148
93 602
103 221
114 387
100 733
85 655
90 620
69 448
94 520
75 667
79 787
65 219
119 480
88 445
109 682
66 255
67 611
97 779
64 733
120 82
97 82
83 520
88 610
65 728
85 62
86 60
61 719
91 522
72 176
98 137
110 168
80 395
93 171
76 262
81 70
88 174
97 277
68 205
71 794
83 267
69 702
92 433
71 58
68 322
72 440
68 505
75 207
108 155
90 388
103 496
91 380
119 488
119 489
69 674
99 611
114 134
77 605
76 388
88 613
71 136
89 483
75 80
114 787
80 204
97 401
105 541
83 606
63 379
88 540
88 161
97 57
90 127
109 487
78 481
103 163
108 274
104 128
120 519
106 203
78 167
108 440
99 215
68 784
77 735
81 725
99 223
101 319
113 502
77 667
68 83
64 337
80 127
78 403
100 334
86 672
76 740
93 116
116 120
106 62
77 168
118 532
102 437
116 133
97 613
85 732
