200 16 100
34 1
83 2
64 192
100 135
94 44
69 33
92 155
50 103
47 187
22 1
97 119
11 177
66 26
32 16
15 75
21 133
92 27
81 0
65 40
15 58
62 69
57 58
42 22
79 200
98 183
15 67
55 189
12 155
35 98
47 193
50 22
25 23
12 18
80 138
28 2
68 65
50 57
63 105
95 89
28 131
13 119
83 77
90 63
33 36
66 119
21 198
33 19
20 62
24 46
50 26
43 68
11 19
29 136
32 98
73 72
59 73
66 76
45 27
43 93
23 55
56 8
18 112
31 69
63 127
43 138
84 6
74 126
60 133
26 38
54 2
100 55
27 52
51 71
60 178
61 160
79 37
35 138
54 166
82 77
64 188
88 181
63 97
84 61
33 1
31 106
52 170
38 10
78 25
24 165
53 194
88 178
53 115
27 120
86 174
20 21
83 104
92 160
34 178
35 109
87 48
10 55
100 179
60 119
50 141
59 127
50 130
100 97
17 116
75 60
25 39
82 12
66 3
35 104
11 130
25 151
74 76
93 54
29 110
45 176
16 179
52 19
14 70
55 118
38 162
98 41
62 71
81 164
44 90
51 8
24 41
95 118
22 66
10 136
20 40
52 86
71 115
88 166
40 2
79 186
89 68
33 37
83 11
74 138
72 17
63 93
14 199
65 27
53 150
86 18
95 56
48 184
20 102
41 42
28 188
75 48
68 178
81 66
81 31
98 131
27 68
12 197
62 185
53 80
90 184
50 74
78 129
10 109
75 26
34 159
31 108
54 155
99 191
91 154
96 188
15 53
84 94
70 135
94 66
99 190
59 185
46 195
36 20
80 90
58 10
92 64
52 155
61 145
39 47
38 174
50 55
70 166
97 142
35 129
64 154
58 123
71 178
91 94
17 103
63 78
80 73
