100 29 5
76 659
83 635
86 483
6 93
61 821
82 303
55 23
45 911
79 654
1 802
49 146
94 774
5 853
74 424
41 605
55 91
86 275
27 220
10 992
13 515
20 252
38 723
45 496
44 343
73 364
41 962
35 746
83 155
70 694
39 135
34 576
46 351
93 54
49 536
22 856
23 248
35 383
43 943
9 384
71 189
38 239
91 219
82 364
10 139
52 766
97 306
60 223
4 257
48 185
85 486
22 649
26 447
16 368
24 25
33 535
70 487
76 494
1 902
7 55
98 683
34 168
44 133
85 47
23 387
85 225
32 348
77 180
19 184
74 304
68 583
12 206
6 283
51 536
33 173
65 465
4 932
35 369
32 323
58 229
65 538
52 958
7 866
33 569
68 714
23 831
55 222
72 266
12 400
12 371
84 870
91 479
96 804
54 972
99 157
2 154
80 157
66 69
57 574
67 405
11 16
