500 5 8
9 1
5 2
9 2
3 7
2 7
5 10
8 11
1 11
1 13
10 15
8 16
9 20
8 20
3 24
9 26
7 31
1 32
7 36
6 37
5 41
1 41
1 42
8 44
4 49
7 51
4 52
1 52
8 56
4 56
4 56
2 61
2 63
1 65
1 68
6 71
3 75
1 80
8 82
2 84
9 89
4 90
10 95
3 99
5 102
2 104
3 105
2 110
8 113
9 118
3 120
10 125
6 129
10 133
9 137
7 138
2 141
8 144
1 148
10 150
5 154
5 157
7 159
8 163
3 164
5 168
9 171
2 171
4 172
9 172
3 176
1 178
7 179
6 181
4 182
6 182
4 182
9 183
10 185
5 189
6 189
4 189
9 191
4 193
3 194
3 196
8 197
5 200
2 203
3 203
8 203
5 203
2 204
10 209
6 213
8 217
7 220
2 225
7 226
9 230
3 235
8 235
4 236
6 237
2 237
5 239
7 243
10 247
3 247
10 247
3 248
5 250
7 253
3 253
10 258
9 259
10 264
9 266
3 270
9 274
6 278
10 282
4 286
10 291
10 295
8 298
5 303
4 305
7 310
6 310
3 314
6 314
1 314
7 315
4 315
8 318
4 321
5 322
4 323
10 327
7 329
2 332
1 336
4 340
6 340
2 340
5 344
10 347
1 350
5 352
5 352
4 357
5 357
10 360
2 362
7 365
5 370
7 375
2 378
5 380
9 381
7 381
6 386
9 387
5 388
4 392
7 394
6 399
1 402
6 402
10 403
7 403
5 407
6 412
6 415
3 415
1 416
7 417
9 419
2 423
3 424
3 426
2 429
1 432
5 437
2 438
9 443
3 445
4 450
5 451
8 453
8 458
8 462
4 465
10 465
9 469
8 473
7 476
10 480
6 483
9 485
4 490
8 493
5 493
4 498
9 498
8 500
8 505
5 510
2 513
5 516
6 517
3 519
8 524
9 528
9 529
9 534
5 535
6 540
9 541
4 541
7 544
6 549
10 549
7 553
3 553
7 554
10 556
4 559
6 560
2 562
3 563
2 568
7 573
6 573
7 577
7 579
4 584
6 587
6 587
6 592
8 595
2 599
2 600
3 605
9 606
7 610
1 614
7 619
4 621
1 621
10 621
3 625
2 625
8 626
3 628
6 630
5 632
9 637
3 641
7 644
8 647
1 651
7 656
6 659
9 659
7 663
6 667
3 667
6 667
6 668
8 672
1 674
5 679
10 684
7 684
1 689
5 694
8 698
9 702
2 706
7 710
8 711
5 715
2 720
2 722
9 725
5 726
2 730
5 734
4 737
1 742
4 746
9 746
2 749
7 751
6 751
10 754
1 759
2 761
4 763
2 765
7 765
4 770
8 771
7 776
2 778
2 782
6 785
3 790
1 795
10 800
2 804
7 805
3 807
8 807
5 807
6 807
7 810
9 813
7 818
5 818
2 820
3 822
8 824
6 828
10 832
1 833
8 837
5 842
4 842
9 843
10 848
5 850
7 851
2 853
1 857
7 861
7 866
2 871
7 872
5 872
5 873
8 877
1 880
3 884
7 884
6 885
8 887
4 887
2 888
1 893
7 896
9 900
2 904
1 906
6 910
9 915
4 918
9 923
1 928
2 929
4 930
4 932
10 932
6 935
9 937
6 939
10 942
4 947
4 948
9 952
6 952
3 954
3 954
3 958
10 960
7 963
2 966
1 966
6 966
10 967
6 968
6 971
2 975
5 978
9 981
10 983
2 985
4 987
6 992
1 997
1 997
5 1000
7 1000
2 1002
8 1005
7 1006
2 1011
6 1016
8 1021
9 1024
9 1028
6 1031
9 1031
2 1033
4 1037
10 1037
5 1041
9 1045
3 1046
1 1050
6 1052
6 1052
7 1054
8 1057
2 1058
1 1061
1 1064
5 1067
3 1072
4 1073
10 1075
8 1075
5 1077
2 1079
8 1080
4 1081
3 1083
7 1083
4 1087
9 1087
2 1088
9 1092
10 1097
8 1102
10 1102
3 1107
1 1110
2 1110
9 1115
9 1118
2 1121
9 1121
4 1122
2 1124
10 1128
2 1131
5 1135
9 1140
6 1140
1 1145
8 1147
4 1148
2 1149
8 1150
9 1151
1 1155
10 1155
1 1158
1 1159
2 1161
5 1165
10 1165
6 1167
2 1168
7 1172
7 1172
10 1175
1 1179
7 1180
1 1184
9 1186
6 1187
8 1191
4 1194
2 1197
3 1200
10 1201
3 1202
4 1204
4 1206
10 1207
7 1211
1 1214
3 1218
1 1218
10 1220
2 1224
3 1227
9 1231
1 1235
8 1236
2 1241
10 1241
6 1243
2 1247
7 1252
9 1256
5 1260
8 1264
