100 17 14
12 1
13 19
13 59
18 65
23 66
19 68
18 68
17 69
20 74
15 77
25 78
17 83
17 84
15 84
17 87
19 87
17 88
25 93
23 93
15 94
22 95
24 96
20 100
23 104
19 105
21 110
19 113
17 113
14 119
20 121
18 121
20 121
17 122
14 130
17 130
26 132
14 135
21 136
18 138
20 139
22 140
22 140
17 144
23 145
12 146
22 147
20 147
9 148
16 150
14 152
20 153
20 155
16 158
22 159
18 160
17 164
6 164
13 165
25 165
16 166
26 169
23 169
23 173
20 175
18 176
18 177
13 180
16 181
21 181
20 181
20 182
19 186
15 186
26 190
29 190
19 192
19 193
20 193
16 206
22 210
22 210
19 212
18 213
11 215
17 216
12 218
19 220
18 221
20 221
10 222
23 229
16 236
13 238
19 242
14 244
13 244
19 249
21 250
16 252
17 301
