250 91 20
82 8597
79 11208
75 8338
71 6128
72 8233
42 6820
35 12129
9 8183
25 1931
61 16594
94 7021
8 8242
26 8013
48 963
14 286
73 4268
6 4524
48 6776
23 6252
54 16052
95 9222
42 2314
55 16284
62 1043
61 3191
99 5470
58 5714
71 4418
9 13189
47 13701
99 3322
38 13682
12 6131
2 151
7 1808
64 8646
23 1707
87 1035
29 12802
88 1907
79 16466
96 486
25 10017
86 3470
8 5454
74 4466
58 16825
46 2918
77 16649
65 15037
92 15212
57 10280
98 1224
50 13904
41 15743
89 5503
66 2446
48 11495
61 13560
61 6632
77 2869
6 41
62 2419
14 7507
52 10592
69 11627
58 6279
89 8536
44 4715
98 8936
53 8835
38 386
41 8042
66 11618
63 10011
67 6912
79 16422
61 1438
58 1620
81 7496
67 5397
1 2151
7 12283
84 5958
34 719
15 9829
33 10039
25 2705
94 16499
69 5798
97 1157
83 5806
91 9664
4 3572
48 107
15 15003
15 16183
15 405
11 15047
65 16355
26 7030
34 3587
31 2676
72 16862
35 8690
32 16695
84 7878
98 12902
16 2597
86 10026
22 12515
44 10553
91 4734
60 1650
60 15667
84 12796
77 5372
31 9587
22 11050
6 14527
2 6660
18 12317
17 5825
26 11263
65 12784
15 10782
2 9659
84 6854
29 13436
98 6754
68 13580
76 9803
22 8074
91 12313
83 16615
1 3484
85 6093
96 11658
46 12863
53 15034
59 14371
81 15659
85 14524
36 14612
95 14724
80 3848
83 8742
47 10101
30 11828
25 7774
84 14227
27 2405
10 8225
51 3507
66 13835
96 7742
25 13170
33 16445
64 7138
42 4910
96 3534
28 3582
59 3967
52 12459
33 2858
59 2149
30 4507
16 8709
50 11597
42 2862
15 1071
28 10931
23 5124
40 6702
51 955
30 14076
47 2813
93 6316
18 10661
90 15288
78 181
50 9625
32 12943
40 9752
49 4390
53 7229
22 12972
45 16939
78 16108
70 16427
3 7736
42 15633
71 7349
31 7935
46 13389
36 13910
21 5605
61 13428
68 4094
54 13261
4 6771
31 15274
23 10017
1 8529
23 2065
91 4082
79 8690
27 7708
48 12918
20 16988
12 326
55 1079
92 16874
42 10826
29 14327
12 14392
20 1859
80 11334
35 12883
9 3360
58 12663
59 15772
81 10054
32 13225
78 2551
2 7067
93 8958
92 16450
34 13161
14 1878
55 7281
86 178
93 9225
33 2470
84 9023
13 8789
74 6763
92 5727
54 3988
13 1532
73 8302
61 161
67 11362
73 9251
21 7536
52 7358
76 11311
55 2695
83 752
24 11985
