300 35 38
34 12350
68 824
92 10993
33 2850
29 575
16 4084
18 5239
96 3289
45 2970
68 4892
32 12675
6 13469
31 8414
11 4148
84 3668
89 7204
11 3695
51 15421
10 7770
48 12268
10 4480
23 4510
1 6765
91 11393
28 14229
33 3901
47 5373
23 15631
58 3350
48 16633
67 13571
45 8707
14 6562
64 6624
68 363
71 2600
79 2427
77 14885
60 14424
40 15602
31 2234
30 5805
68 5414
17 10116
62 11455
55 4297
79 8138
30 6895
29 11324
24 8433
71 16015
97 12441
53 5272
45 5979
29 15668
61 12233
42 248
54 2008
90 11515
53 4879
99 11012
19 1829
77 10033
43 10551
44 13406
90 9313
37 6267
74 526
70 13861
20 12926
76 16738
3 15047
80 5721
71 16418
92 2685
55 16678
85 5169
62 16333
59 14262
28 12007
71 6526
37 9211
78 3505
10 16192
22 13791
87 16354
95 6538
80 3160
18 3693
90 7370
34 1715
8 12023
20 7554
37 16438
52 16113
18 5837
98 7035
7 12480
35 8966
79 1992
69 7979
89 4628
29 6978
19 8490
75 11819
93 4001
44 11099
1 13520
61 11706
1 14934
71 652
24 7237
16 2740
59 4649
71 3204
74 14755
51 4806
14 15156
76 5100
50 7006
88 6108
6 1478
5 7509
34 13134
2 6538
36 8112
77 6763
46 6123
7 16429
26 2284
36 12028
24 15349
30 15480
48 9620
42 9925
12 11468
13 8320
55 15566
64 11200
60 15496
69 16716
1 13640
76 1506
91 13721
73 3454
5 3942
80 16539
85 14946
59 14623
4 5268
51 14107
31 15830
69 11007
40 4747
32 9929
69 6513
30 5982
21 13980
42 3571
46 14499
43 8770
68 15021
26 16385
28 14570
99 1705
23 2201
42 9522
70 15751
75 15523
79 6963
1 14215
100 15860
39 1629
89 16170
47 7598
81 15809
95 13164
36 10044
31 13726
4 9508
33 12666
96 129
15 10472
45 3990
23 11010
19 9229
24 365
30 8232
34 1007
94 15490
91 6635
96 10834
97 14936
32 1680
17 16642
88 13116
95 12438
71 12414
95 13254
33 12313
22 2071
23 3088
64 10381
47 71
57 3202
10 5686
46 4921
25 1632
67 6671
17 14343
37 13677
77 10717
57 2472
51 5372
63 7161
53 14503
15 492
11 10540
2 8036
47 5507
55 12466
90 7468
53 1347
82 4239
60 16014
68 686
21 2480
35 15391
97 10113
23 11143
67 5093
7 6722
53 7104
73 5369
30 14176
99 5974
33 7536
55 4655
92 15333
61 2125
62 15225
71 15298
88 10214
7 10034
36 16356
32 954
81 15123
65 15397
56 16100
84 10964
3 4813
7 9843
88 7646
29 13198
96 15167
100 1151
18 5409
22 1420
57 4832
68 6953
92 14780
29 7423
26 12587
26 2392
7 10507
11 3082
19 7150
47 13817
2 14908
79 12396
44 6049
99 1784
44 14721
72 4560
45 4156
33 8209
56 6331
98 3987
12 6317
16 14535
52 4957
9 12549
3 16307
64 640
14 7093
54 6057
3 16379
67 1453
56 6376
1 1467
92 16563
29 16293
79 3869
35 15094
92 14676
100 4225
26 9356
53 8415
58 10682
54 6901
