250 25 23
44 3677
85 8225
18 3781
73 3683
22 694
68 4521
33 7508
37 6086
66 3825
31 5958
72 1475
25 8136
79 6746
78 8021
63 2170
32 4394
68 4524
29 73
21 5284
26 6822
60 836
14 6629
68 5277
66 7472
65 698
62 3843
50 1459
28 717
49 0
29 2236
66 5763
27 5957
47 5948
62 3131
85 8194
39 0
63 0
34 2240
15 4376
39 3258
40 6140
69 6860
35 1447
85 5875
77 6066
44 7359
54 1367
54 3846
81 2122
32 0
58 1310
43 2983
40 3021
24 5265
70 3819
63 1648
74 6792
29 2356
21 6882
20 6079
21 3150
11 3580
73 8155
20 0
51 4708
33 7356
53 3650
21 557
66 673
24 5992
45 4632
36 4295
45 5770
14 6818
38 6793
60 8000
83 2938
13 4410
85 6057
85 7519
84 2988
55 7254
74 4486
76 7515
43 0
23 8225
66 4621
85 6171
22 8225
31 794
44 5267
64 7522
27 5060
72 4534
51 2160
46 6801
41 8225
75 1644
27 3713
45 5311
83 5346
61 4557
55 4422
51 4293
53 2919
49 8225
41 1484
39 4482
27 7536
85 6664
72 3641
54 5336
58 4304
22 8079
62 6074
47 0
29 3713
64 2212
71 8063
35 2935
81 5267
13 7508
30 620
60 5122
20 2228
34 2293
85 2907
35 5250
62 785
82 2884
12 6761
32 3791
37 1472
21 8139
78 7390
65 4446
85 6748
85 7503
13 4571
64 2980
57 5876
60 816
51 4610
30 2042
37 7442
62 1602
81 870
39 4289
22 3643
29 8225
57 2265
37 6714
64 2141
61 2436
62 5140
41 8225
21 2249
65 743
11 2934
70 5301
77 3031
61 2360
32 3822
64 4384
47 7465
84 4929
57 27
57 5142
23 2247
49 3719
76 1281
14 7412
83 6141
32 1561
67 7511
17 723
70 62
46 12
60 2186
64 3209
15 135
53 1473
34 1338
49 4483
67 4486
71 5915
60 4432
83 7517
62 6830
32 4300
17 6821
36 7429
82 3733
46 1590
48 5031
32 6521
17 1565
20 35
76 6763
82 7540
40 98
22 2288
32 7652
85 6794
19 6877
85 5537
60 3009
53 6782
23 5250
68 5177
72 5362
22 6018
53 753
78 119
84 8225
76 8216
42 3935
19 5915
80 7438
21 3496
68 2260
53 2374
76 7521
63 886
44 2990
74 1285
46 6688
34 1451
20 3030
20 0
77 2063
51 5770
23 4303
75 1350
19 7317
52 5359
54 688
81 6169
29 3213
33 6043
37 7518
24 3699
54 151
56 2334
20 5285
50 6692
35 8225
80 3724
32 0
85 2888
