150 10 5
32 1
23 2
50 3
33 4
50 5
46 6
33 7
46 8
38 9
31 10
21 11
27 12
31 13
41 14
23 15
50 16
27 17
31 18
23 19
50 20
23 21
46 22
50 23
21 24
50 25
38 26
21 27
41 28
23 29
23 30
31 31
31 32
21 33
27 34
46 35
33 36
41 37
38 38
32 39
32 40
38 41
50 42
50 43
46 44
50 45
33 46
27 47
38 48
21 49
46 50
33 51
32 52
32 53
46 54
23 55
41 56
21 57
50 58
21 59
33 60
23 61
27 62
23 63
32 64
41 65
41 66
33 67
27 68
23 69
50 70
21 71
38 72
46 73
21 74
33 75
50 76
32 77
33 78
31 79
50 80
50 81
21 82
41 83
33 84
23 85
38 86
38 87
38 88
41 89
21 90
21 91
23 92
41 93
32 94
41 95
50 96
50 97
23 98
21 99
31 100
50 101
23 102
23 103
50 104
50 105
38 106
41 107
38 108
31 109
23 110
32 111
46 112
50 113
33 114
38 115
21 116
32 117
27 118
21 119
27 120
41 121
32 122
27 123
46 124
33 125
50 126
23 127
27 128
41 129
50 130
32 131
50 132
27 133
46 134
33 135
41 136
23 137
33 138
23 139
21 140
46 141
31 142
32 143
46 144
33 145
41 146
33 147
38 148
50 149
21 150
