50 709 2
6411447160185 39604888335760
7083571906620 313132088001978
2008568858014 363492686807536
9178474904798 390634217488675
8531203092651 158472049939550
9616979352095 50002953997959
4717727133314 127808398381744
5913821115769 219262013790956
8646891628041 452988386026942
8470467857342 243077756888885
1789572725883 144570595771022
8724141063557 54760265388444
6936412113295 185355106601969
1447150037214 170964330543212
551973887974 353612335030058
161824420530 78824104774028
9726884816649 303444305954401
3682962923909 393017016510629
2600948068659 131239200942550
2462302883406 285652601933461
152591156471 275384876932580
4792340778239 279086195326635
2112007583351 68632277553984
296455376333 320992751504532
9151670906462 274835479313465
6919999575168 362870985611607
8227705245830 185136962833786
3619232125026 448101589254573
7681775895731 481663879583513
7956647666051 143693526379043
3257526666435 406897808423544
8137719568817 154119467393515
3674207232390 165283583807219
3833967362950 390367054635246
6328571501062 211337931433993
9275004625008 155160020374960
5071510360901 79218776333496
539305586967 58089938708527
2610680924597 463631833926639
7299047444582 77159810373941
3536800940781 75702445995148
4432570450007 145379139650199
5917022692170 306567681127871
4668815354739 92223092300077
2592537997454 54673002537164
656976069614 26680792216714
1728106213402 432055158634824
7711187908586 480306185376908
969694635759 77136870879388
4154101253689 459009364532050
