200 55 42
76 4427
67 4953
57 3069
75 3111
73 5780
100 590
80 2366
35 5784
91 1383
82 1421
31 3830
48 4845
11 2466
12 4641
47 5998
12 6000
31 1656
51 5587
77 5805
15 4919
60 2264
8 5344
81 3253
85 2491
24 2046
37 3065
20 2371
86 866
41 5075
8 5681
37 2176
41 5594
95 4608
45 6022
29 3092
43 1602
48 2517
4 1623
53 852
6 422
20 3561
57 5902
69 2944
36 5641
99 363
28 2230
76 1714
56 3809
37 5026
49 2411
43 1742
19 2077
6 2912
34 410
7 3913
85 373
60 2739
69 3499
87 4180
100 3162
70 1610
60 3920
89 4814
89 5336
78 3902
26 4339
95 4240
88 4302
56 2291
71 1812
24 5671
50 4137
35 3463
1 1323
41 46
41 3448
68 142
86 297
26 1162
72 1192
100 5272
36 2562
68 2905
86 3920
19 2549
68 170
7 34
67 4679
75 4766
48 5441
63 1105
62 3122
22 4098
6 3490
59 3408
10 3550
30 1988
26 4292
61 100
10 914
21 4316
69 5110
68 5036
77 3392
21 2733
91 2902
36 845
17 1792
66 6039
54 4838
52 6006
94 3443
35 5128
54 4182
70 2302
24 5811
87 3611
93 1774
56 4118
62 3064
56 3300
61 2958
76 5995
47 5961
64 509
36 2764
19 5783
16 1245
67 653
21 1380
44 4365
52 3799
26 5045
26 1736
20 642
39 685
43 6003
97 5108
77 1231
46 5675
32 743
42 5348
22 2630
88 2634
59 884
38 4861
5 1818
97 801
12 480
68 950
49 59
51 882
55 2754
41 992
11 5183
5 5036
31 3546
87 2447
61 2271
69 3176
75 2847
28 3182
28 5377
43 4939
89 544
100 5274
27 1609
72 5400
87 4022
15 2318
41 5078
84 5906
42 141
33 3573
78 3509
78 2094
81 45
40 4239
9 1192
10 2176
70 1152
7 4330
4 5744
87 2959
60 4250
69 4682
25 3912
11 4704
38 4104
20 5703
64 5167
70 4949
87 2996
82 4849
26 1922
32 2096
90 194
38 3841
12 6032
18 1585
