100 43 16
86 2863
15 1493
26 469
10 2645
28 820
89 646
43 2748
5 2371
57 2400
61 2132
30 1391
60 223
98 2904
64 1576
39 2637
100 958
56 28
27 1822
24 899
88 1127
4 2494
34 555
18 2583
89 827
51 1483
5 125
88 1971
77 1209
23 512
98 2927
52 1853
83 1788
28 432
41 2571
98 1626
27 794
11 1428
7 2081
51 1922
86 1952
100 687
95 527
83 1743
65 980
10 1856
45 1618
38 2565
14 1767
64 61
69 2691
64 2841
66 930
10 1860
68 961
56 1003
87 1730
30 2520
42 2449
97 2706
21 2102
55 1147
56 573
6 1029
88 257
4 165
6 1469
2 451
98 2020
27 1940
23 1012
75 2941
29 683
78 616
74 1106
9 2434
56 2918
85 1610
97 1992
60 2110
33 1960
34 2834
78 953
11 1459
59 1899
50 1672
66 1243
3 223
48 142
17 2208
44 2919
18 1858
56 1437
87 762
70 2140
65 339
69 97
48 74
2 285
30 2778
64 1777
