500 61 43
27 4632
52 2012
2 3848
83 815
42 2560
97 1724
32 3556
33 3450
93 969
19 4773
40 4913
94 4802
90 1131
1 4005
91 1388
68 2326
46 1146
1 653
23 1063
30 1964
79 1638
42 1311
98 1575
90 4834
47 2132
76 57
11 2967
34 1300
41 1572
20 240
96 4186
70 817
5 455
7 3820
24 1023
58 2045
10 2648
97 3571
93 3420
88 1327
31 4419
45 1423
24 2900
52 1158
99 3950
27 236
4 2537
20 2656
39 2968
1 4939
24 4186
36 2803
23 2103
28 3031
4 2148
30 315
6 154
48 1109
84 2539
19 3697
77 954
82 2205
97 3379
63 3478
96 1309
2 3706
85 3547
91 1440
75 4862
95 3116
9 2906
9 1178
7 2386
50 1358
19 4663
72 3500
35 3296
94 1584
97 2545
44 850
57 978
52 940
57 796
45 2114
5 1417
89 2100
53 1574
13 4839
63 2113
65 3527
53 4795
40 2045
23 3042
14 4601
28 2967
32 3698
84 679
57 2094
36 1725
50 1238
26 1375
22 3381
22 4781
53 836
71 2522
63 1692
98 703
72 3052
69 3326
17 731
73 3055
91 1252
79 2730
62 4278
20 4927
66 403
72 3836
4 3301
29 1694
5 4918
65 693
86 1294
37 4977
43 2192
89 4600
94 2611
61 3719
84 1594
21 3558
62 2496
92 1439
93 72
31 2572
89 3748
55 1931
24 3035
40 3298
71 2222
14 1348
35 3614
49 486
69 4062
90 2815
89 3915
5 3466
26 2352
71 1185
18 1846
36 1209
91 2456
5 743
56 4900
17 558
79 3927
49 3859
25 4897
39 335
66 1050
24 3222
90 3941
34 2523
78 56
100 3237
98 696
12 3599
75 1055
46 539
80 3020
5 3223
71 788
6 481
3 3711
86 2740
96 393
66 4997
31 3926
24 4179
73 973
64 1198
15 3766
63 819
30 821
63 2022
13 1197
85 4798
39 3550
82 3175
22 1565
52 456
6 4210
85 1401
28 1925
5 1912
85 219
66 1250
91 2451
34 2793
6 379
96 4350
74 4678
11 2678
93 318
53 1581
2 4018
34 3315
100 4689
55 3146
72 2307
10 3634
84 3537
78 4853
17 1775
85 4637
86 3489
30 3019
66 4028
56 1609
97 3686
51 4731
69 4005
43 1360
41 666
32 945
15 4871
80 152
55 4342
75 371
87 2056
95 2590
80 2822
81 4031
52 3182
14 4623
75 2303
84 2990
21 629
81 161
27 1223
39 1025
85 4215
72 1420
62 2341
69 4633
28 4253
18 2342
87 3380
53 3829
84 4591
57 2159
92 2485
69 3264
4 4770
70 4182
72 1048
65 3528
4 4408
79 2003
93 1805
34 3574
5 3781
21 4262
19 2243
14 1575
48 3868
2 4104
47 439
53 3107
2 126
57 1894
20 1212
59 3872
47 392
97 248
63 2957
58 13
60 3934
19 1416
9 1106
39 4776
60 4696
63 657
42 4458
20 2512
59 3560
25 193
20 4260
98 4261
93 4157
61 4338
3 3035
34 199
54 62
28 4498
100 2386
50 1674
49 73
27 4331
1 4864
52 1306
22 1003
47 528
4 3639
76 599
88 342
21 4375
21 783
62 840
98 81
9 367
24 2304
22 2860
16 2541
78 1256
87 3088
82 1043
2 2485
67 3211
9 378
70 48
69 1966
47 2279
76 2426
47 3067
77 388
2 475
97 1852
11 1384
26 3809
12 4865
64 2230
81 3332
16 4936
63 3519
81 732
70 3247
6 3613
37 4428
19 1134
23 2765
46 2714
59 601
85 3546
80 3727
83 3839
48 3782
53 4638
1 3975
93 2580
93 670
17 1217
22 646
71 3804
81 5
59 97
50 427
29 3421
25 3795
7 2769
66 2871
86 803
64 353
94 4425
54 4844
3 1287
54 4671
70 3605
87 3521
6 3155
20 2558
14 2905
70 3396
14 2545
48 639
88 3179
85 2515
6 289
41 2769
68 4606
19 4382
54 4222
69 4970
30 3950
11 3442
49 591
90 2886
73 3063
54 2283
78 290
37 3231
42 2782
88 2168
45 1549
4 2337
30 4081
14 2542
49 4681
14 3810
1 1872
53 1747
3 3143
59 3424
5 2569
57 4855
4 3447
86 185
47 1869
72 719
100 898
58 946
69 4678
92 3114
89 3168
51 3690
4 3825
22 777
87 4493
44 4354
31 2123
37 3344
61 3972
11 1097
25 1481
87 2995
73 4083
46 1912
18 2151
87 1973
24 3010
79 2796
35 845
45 2909
26 1167
18 4034
57 4149
7 881
73 4949
11 995
43 286
76 3291
14 3698
97 4636
84 4347
98 886
27 4240
77 3965
11 1251
72 730
4 3067
6 2901
38 3306
26 3591
66 333
74 2248
45 563
26 4528
48 3198
88 3357
52 1193
57 4450
26 3433
47 109
58 4256
31 208
10 3387
21 2526
63 233
54 4112
80 1532
99 4457
23 159
87 4703
12 2671
30 2538
54 3701
57 1056
59 938
90 1429
64 1153
74 941
83 2829
70 3331
70 1005
23 4413
98 1556
35 3796
59 4556
49 3001
68 2450
11 3322
8 1154
63 3144
19 4207
83 4163
31 169
72 2738
51 1879
43 3771
3 1331
28 1334
73 1340
