400 72 40
118 331
131 261
149 424
118 891
127 122
133 144
155 206
118 982
145 566
131 276
110 416
134 878
154 725
143 658
84 910
114 136
106 635
158 784
123 1032
135 129
103 411
148 958
89 723
130 262
140 625
146 882
138 204
105 253
117 1090
140 630
145 1035
124 208
121 489
93 492
107 321
122 434
82 561
91 1096
105 664
161 881
136 565
117 1032
126 910
139 885
136 326
84 142
103 192
95 313
106 152
111 355
102 582
132 1004
85 965
149 1031
124 797
117 190
94 941
160 583
130 781
155 217
106 814
116 418
102 780
125 426
89 348
143 420
156 961
149 431
154 717
124 631
91 788
102 505
122 964
98 564
105 1042
105 955
125 955
108 425
149 583
111 958
112 711
108 147
132 351
89 954
118 650
142 121
107 216
147 1095
110 576
124 547
87 576
119 312
143 210
81 338
153 345
82 483
148 588
158 204
118 895
107 123
89 783
84 590
92 479
123 802
131 587
89 1087
132 254
119 258
98 1098
95 353
110 1006
85 1092
134 198
151 264
131 471
91 725
118 781
139 885
156 1084
121 339
111 198
88 142
131 731
88 1016
114 647
84 434
92 1003
87 1114
127 415
83 725
136 321
151 808
153 475
118 1114
112 443
114 686
89 172
109 554
128 1097
136 1112
94 792
145 636
123 1020
85 635
145 880
126 436
93 575
112 356
148 189
82 263
155 904
135 810
98 1098
90 121
91 1023
126 208
102 663
119 892
156 884
110 743
132 252
95 498
153 813
101 710
97 269
159 487
94 491
158 785
144 1096
126 123
134 872
102 328
155 209
146 642
101 639
152 827
143 1068
117 884
89 134
82 642
160 636
83 249
129 721
134 889
106 120
87 340
101 977
103 177
149 1070
147 1091
106 571
137 1008
112 710
151 884
95 207
144 777
91 194
91 582
160 208
134 257
131 338
139 193
146 797
123 196
135 1077
96 881
128 1030
142 199
112 568
116 578
90 333
140 336
93 1122
121 127
125 133
115 247
146 880
85 193
108 950
157 412
137 272
92 1098
141 721
127 1099
137 952
153 246
119 1082
129 267
82 419
146 426
158 890
81 264
85 798
129 486
101 494
94 193
130 203
142 740
112 944
109 474
96 269
105 974
94 1022
123 438
106 720
87 723
161 805
129 427
83 594
147 583
103 792
81 1096
118 1086
84 264
137 426
132 866
156 806
126 331
126 656
138 252
92 805
127 661
149 1013
90 467
148 582
155 260
110 979
109 881
126 719
93 715
157 958
86 884
116 126
107 508
101 727
131 959
141 793
84 1051
157 1090
111 562
103 1017
95 732
86 631
132 551
105 732
116 1001
125 809
123 801
104 478
132 1100
152 482
112 1044
89 497
126 251
161 496
90 1103
106 970
92 951
103 719
124 500
88 651
152 635
131 346
115 339
125 265
131 908
102 206
83 496
130 1028
103 446
105 1106
111 491
117 411
114 1087
133 806
92 569
92 1106
97 1087
139 866
132 452
100 813
109 139
138 976
109 467
103 219
138 1057
101 417
119 355
85 442
121 1084
122 335
105 122
140 136
128 659
94 950
100 655
156 483
147 647
160 878
105 142
88 141
90 487
132 654
108 201
118 279
136 254
98 724
118 648
147 116
123 1001
105 280
142 487
138 345
154 261
102 271
97 327
110 973
110 313
83 741
94 408
151 881
135 434
121 497
115 474
117 136
157 334
137 960
155 226
98 583
151 977
118 875
117 270
86 781
115 641
138 668
104 331
151 1018
127 883
128 728
145 724
125 137
126 967
144 347
109 565
113 1020
137 1108
105 347
123 955
160 723
96 892
120 1023
157 432
99 655
133 131
158 638
102 1110
144 807
103 133
160 736
128 146
