250 54 25
101 564
75 113
52 557
83 343
92 656
98 411
61 69
57 253
100 646
93 306
69 475
90 436
81 481
99 626
56 410
64 638
69 429
98 208
56 305
56 483
77 128
76 145
98 346
58 611
80 188
74 245
84 295
99 550
89 519
98 246
69 241
63 649
83 131
90 642
100 190
53 68
68 303
81 136
96 300
63 549
89 399
97 106
52 402
79 464
56 479
55 547
76 607
83 502
81 197
72 648
90 297
96 145
55 103
64 115
58 298
70 205
85 78
57 142
71 247
65 468
64 436
75 240
100 347
92 391
75 558
69 464
63 76
70 134
99 311
61 343
89 503
71 195
93 110
69 134
84 446
74 307
61 271
93 430
84 428
60 339
56 299
97 207
97 69
76 655
82 122
79 334
85 649
54 249
94 555
98 510
97 116
64 565
58 663
70 630
61 242
63 146
77 150
56 192
74 311
69 131
87 407
55 251
91 86
94 515
51 77
100 194
97 609
80 80
62 68
89 564
99 554
62 637
65 427
97 654
63 359
56 255
98 288
76 610
70 194
97 553
54 72
73 471
70 121
94 133
66 299
77 504
92 524
69 610
96 138
76 336
77 400
89 605
85 300
70 595
92 110
74 482
78 82
78 545
95 205
53 404
85 644
98 614
87 296
99 343
67 648
57 502
69 340
83 428
75 125
89 605
78 300
94 433
72 258
60 204
58 532
72 595
68 508
52 413
80 349
73 462
82 473
53 355
83 207
79 137
84 434
64 398
86 140
70 183
76 562
67 125
91 604
68 148
77 520
96 428
91 241
69 206
86 138
94 351
68 485
85 351
64 473
51 400
78 431
100 347
86 510
89 524
84 538
55 303
75 63
82 436
88 69
54 477
88 125
98 515
58 436
54 594
80 598
65 138
70 145
65 401
55 594
70 512
75 429
78 296
53 107
52 310
75 101
92 77
85 654
96 601
73 480
62 82
66 397
87 260
68 403
72 391
51 68
65 119
76 136
89 61
57 340
62 250
63 609
65 559
101 651
84 85
83 141
59 346
59 250
84 298
75 558
90 151
53 503
77 190
72 489
87 180
86 648
74 73
68 588
63 561
89 646
89 248
51 649
100 261
55 101
57 505
67 130
63 592
94 395
94 486
