250 68 49
48 1
45 11
58 17
73 20
72 22
57 23
59 23
44 23
74 25
65 25
46 28
59 29
57 30
64 31
68 33
62 33
67 34
44 34
51 34
29 36
30 37
82 38
59 40
75 42
80 45
76 47
90 47
49 47
42 47
52 48
67 48
46 50
61 50
61 54
55 54
59 55
61 55
77 55
67 56
33 60
23 60
63 63
40 64
60 65
48 65
55 66
34 70
68 71
55 72
75 73
67 77
36 78
79 80
74 81
49 81
63 82
63 83
54 83
42 84
55 87
82 90
38 91
77 92
50 93
55 95
58 95
67 98
87 100
87 100
65 101
66 101
41 103
68 103
35 104
51 106
66 106
60 106
57 106
78 108
76 108
66 110
70 110
73 114
67 115
53 115
55 117
69 118
54 118
66 120
42 121
57 122
61 123
58 124
54 125
47 125
66 128
34 129
62 129
53 130
50 134
66 134
50 138
65 140
40 141
90 142
78 142
95 145
86 145
68 146
95 147
86 148
55 148
77 150
65 152
78 154
50 154
61 156
44 156
33 158
67 158
44 159
50 159
68 159
63 159
34 164
68 166
82 166
55 169
52 169
76 170
77 171
72 173
57 173
51 174
63 174
72 175
49 176
38 176
81 177
63 178
45 180
63 180
87 181
50 181
56 182
64 185
70 185
84 186
56 187
91 188
69 189
56 196
76 197
74 199
45 203
64 203
58 209
63 210
79 214
65 215
65 216
59 216
71 220
59 220
53 221
49 225
57 228
74 228
32 231
49 236
51 236
72 236
60 237
62 238
70 240
57 243
70 244
52 247
46 251
51 253
55 253
58 256
56 257
68 258
33 258
79 258
41 262
50 266
75 267
55 267
67 267
59 269
61 271
68 274
64 278
56 287
61 288
57 290
38 291
62 297
59 297
82 300
48 301
48 304
40 307
38 311
47 314
70 320
61 331
65 336
69 341
68 344
47 348
65 349
67 358
49 359
89 360
85 361
61 361
64 365
52 366
65 372
30 372
57 374
31 376
64 386
78 386
42 387
44 388
104 391
72 394
38 395
44 396
60 425
41 428
70 436
72 469
70 469
31 483
73 486
71 491
57 513
77 522
85 557
54 581
70 586
80 638
69 667
62 701
69 751
