450 5 14
2 858
2 327
9 2176
4 95
9 876
8 1216
1 26
8 209
1 158
2 201
9 541
4 2212
4 603
9 713
4 141
7 1173
6 1683
8 1312
7 2221
7 1817
6 1135
8 851
3 1403
3 1141
7 1300
10 1222
3 197
9 1430
9 279
1 1761
9 933
5 1077
8 1617
1 1681
5 1508
5 73
1 1441
9 1455
5 978
8 1718
10 815
1 1985
3 1393
5 1339
1 2239
7 69
6 2183
10 200
8 194
2 2190
2 957
2 185
4 878
9 905
1 2029
8 1418
7 2180
7 1079
10 238
3 317
5 168
3 1481
10 2080
10 940
8 896
4 1919
4 1852
5 1363
1 122
4 39
5 442
7 1158
4 426
9 2075
5 996
6 166
8 1041
9 2133
7 1568
3 1750
8 979
5 2137
6 556
6 2228
8 863
6 1653
3 1782
9 2096
1 1051
2 2076
8 2095
2 1511
5 909
8 1349
5 1255
4 688
2 1462
8 1239
10 148
6 322
9 1836
6 648
2 79
4 1173
5 1444
7 140
3 1210
4 283
8 628
1 2176
8 426
9 2030
4 198
8 990
1 2070
3 1590
8 111
10 711
10 1059
2 1219
9 2073
6 1116
9 1116
9 451
2 382
2 1867
3 1627
10 1253
3 1712
7 1416
10 585
8 378
10 703
6 1042
7 2123
10 717
6 194
9 1094
3 146
10 1845
9 575
1 2159
4 398
8 1618
4 1924
2 582
6 1977
3 1918
7 1384
5 1594
5 1353
4 957
2 1412
6 759
9 1076
5 397
2 874
4 2184
5 1833
4 740
2 1719
7 2146
4 1524
5 780
6 1021
1 1096
8 754
3 2213
4 2141
7 110
10 2047
9 1972
4 859
2 1203
7 1386
8 1369
3 694
9 1894
8 1952
10 468
5 1031
6 1289
7 23
4 505
2 1631
2 538
10 2203
8 2182
2 593
8 193
2 2209
7 38
8 1609
10 1386
4 2033
10 1104
9 2186
8 1853
8 559
2 869
10 234
2 623
9 372
7 980
1 559
3 1829
6 46
3 623
4 520
2 1844
3 773
3 1978
10 578
8 1005
4 79
3 466
1 1327
5 1625
9 626
3 128
1 1478
6 1516
4 715
8 301
9 1593
8 855
3 685
10 439
5 1780
9 693
9 573
1 153
7 1072
2 1106
9 780
5 1943
10 851
3 1457
2 1549
2 273
3 468
1 739
5 360
6 1493
5 1664
8 305
9 162
7 245
6 760
9 2232
9 2199
7 1168
1 1728
5 1287
7 974
6 1739
8 1279
6 1363
8 113
9 1506
8 1462
3 1371
8 662
1 103
3 1229
3 480
2 1896
8 1219
7 2004
6 503
6 394
5 484
2 55
6 507
10 1140
7 1324
2 720
3 439
5 1237
4 541
6 796
2 1802
7 182
4 1155
10 1122
1 1758
9 1387
7 1362
7 823
5 1325
9 1502
7 146
8 47
3 1655
6 1476
5 528
1 2080
1 436
4 140
1 1651
1 1692
2 329
6 1179
2 10
10 1046
9 1005
6 379
9 474
10 676
10 1051
10 952
2 1769
7 1322
10 828
9 164
7 1786
2 1035
6 102
9 1321
2 782
3 1796
9 315
9 268
1 112
5 304
5 591
4 389
6 1294
3 1325
3 1960
4 1599
6 380
5 2221
1 1749
5 792
8 12
9 1404
2 986
6 14
1 1291
5 433
10 466
4 810
9 2224
7 1834
9 866
7 1548
8 1579
6 781
6 1433
6 2111
5 1433
6 929
8 847
7 1262
4 1364
4 1542
2 195
3 1509
3 965
5 136
7 1071
2 1232
8 1316
8 1316
5 1151
10 1531
9 771
8 790
9 1724
10 1749
2 1278
5 1728
3 1410
10 1734
4 1979
6 202
5 688
3 610
10 433
7 1996
5 194
8 1455
4 908
8 1793
10 214
1 1869
3 97
2 1748
3 83
2 1265
4 2083
3 1725
10 398
1 773
4 1753
1 678
7 2059
4 582
2 2212
2 1482
2 2120
10 632
6 257
7 641
4 1182
10 2057
3 1550
6 752
7 1963
1 440
7 95
5 1396
3 2231
7 1811
7 1195
10 444
10 877
7 1018
9 4
8 593
10 312
2 1673
5 866
4 2069
6 1076
4 199
2 406
1 1821
1 1979
7 942
8 395
8 1721
2 1348
6 1950
5 1184
3 1376
3 1962
5 1921
5 1766
1 1390
1 1339
8 2211
8 23
6 1404
8 664
7 138
9 1150
5 1638
1 305
