300 60 45
42 2142
78 2670
22 2223
87 1992
58 1780
93 1433
87 497
60 674
78 1420
99 425
71 1767
21 2547
89 2076
80 1954
58 31
31 1776
36 26
9 1047
54 90
66 2704
79 2068
36 2579
67 2287
64 2850
40 565
99 2097
37 1280
50 1736
30 595
64 2492
34 1111
86 2802
89 958
75 461
53 2110
64 2261
4 1961
87 2546
7 713
21 2416
39 862
83 2092
80 2924
79 2983
54 2474
75 1457
41 2054
64 1967
61 2670
70 1546
75 535
72 1518
16 2954
83 1672
49 1148
17 2719
24 2793
84 876
75 1566
95 2896
86 304
82 277
29 2162
31 1599
42 1488
17 1144
85 570
27 1561
22 2190
32 2864
92 2736
9 1180
44 590
64 930
68 1523
10 55
22 2174
12 2411
62 289
39 1216
5 1886
93 1814
47 1915
12 2189
55 2782
50 1269
7 443
53 1371
85 1836
77 2998
75 2572
63 2972
98 1580
99 1330
89 2822
59 672
79 892
85 2026
21 380
15 1420
35 841
33 1659
19 1337
12 1494
52 1598
94 2145
76 2560
65 687
16 497
43 1309
60 1122
36 2892
28 2343
2 2889
40 1198
95 2333
86 2987
48 1655
93 2653
25 966
21 1676
33 54
7 1888
18 863
76 1201
41 454
52 1511
38 2614
3 2637
26 2255
57 32
23 1819
64 1412
17 1524
2 1863
91 160
93 619
45 536
6 2291
15 1003
43 2117
41 2383
49 1806
48 964
7 1082
15 1102
32 1134
44 1236
99 1945
31 2691
97 1269
92 83
51 607
36 2156
93 2266
83 776
40 1434
96 143
12 1360
51 2516
86 2119
7 862
47 402
14 1717
90 2872
99 2239
58 2647
37 350
21 1031
86 341
3 2420
3 2781
37 1516
66 776
26 191
40 1948
97 1833
54 1103
71 2088
73 2299
96 1834
77 533
2 582
9 51
26 1914
93 2718
98 1094
51 2210
25 904
92 2143
64 1670
70 2666
24 2185
14 255
22 410
12 208
56 1338
25 1307
76 2927
99 3000
26 841
44 2764
90 2630
13 2609
90 690
41 1764
86 76
30 170
40 770
49 973
11 148
78 2112
77 1517
55 1163
29 2246
49 371
26 2089
32 1446
8 2195
55 1304
7 568
81 2406
68 1988
69 2793
10 957
11 1304
89 2182
48 2131
94 783
66 2177
25 1210
59 1521
26 1847
92 1255
8 484
68 822
71 1974
15 1922
34 1691
40 853
94 1021
61 1441
14 2879
48 2772
82 2811
18 1902
98 936
4 1057
11 3000
72 2474
4 904
8 2225
24 2845
24 602
20 1424
89 137
18 1988
57 1097
34 1426
46 2600
76 1345
76 2283
30 2205
92 2862
47 1888
99 1444
93 603
87 377
100 890
89 2500
48 2078
36 2547
62 1927
48 60
68 239
94 373
68 194
87 1304
99 1474
79 1980
42 2659
66 85
57 112
87 2293
40 1136
50 1484
81 1111
88 1982
31 213
47 891
48 1168
4 258
23 2360
52 220
37 1600
21 1664
43 1749
34 2532
70 861
96 1862
