200 3 5
6 312
6 915
4 645
3 659
10 983
4 427
7 468
5 343
2 163
2 838
8 448
4 317
7 956
8 760
1 910
7 105
4 13
7 504
8 628
10 936
1 367
10 677
6 487
2 196
2 21
9 215
3 494
9 186
4 662
6 596
1 171
8 701
6 950
8 770
5 464
10 159
2 840
8 269
8 667
1 419
8 553
9 676
3 65
6 629
1 495
3 649
7 582
3 521
6 896
9 907
6 817
4 47
4 602
1 29
8 451
1 324
8 92
7 295
4 226
2 826
10 792
5 966
7 484
10 632
6 397
1 615
2 558
3 861
9 367
8 583
10 715
2 378
7 49
4 541
2 638
10 713
8 670
2 422
9 541
3 910
8 264
3 240
10 876
6 267
7 27
7 819
2 563
7 314
4 597
8 381
8 225
6 177
2 921
6 2
9 912
6 453
9 2
3 788
3 107
2 499
7 469
6 338
7 489
4 354
10 965
9 808
5 49
3 986
7 990
7 989
6 24
5 695
9 832
9 90
3 509
7 33
6 554
6 509
3 68
8 271
8 174
2 934
9 847
10 638
2 397
8 855
8 343
4 622
10 484
3 560
3 444
7 302
10 491
5 632
8 3
5 806
3 11
3 110
3 435
10 880
2 737
4 392
1 695
7 933
10 36
4 590
3 430
2 656
3 107
10 332
4 977
6 758
3 8
4 753
9 115
8 25
9 903
6 613
4 499
9 846
2 96
8 245
8 651
5 411
6 105
3 897
7 682
3 578
8 445
10 542
3 953
2 223
2 11
2 135
9 367
9 643
4 226
2 536
7 651
8 499
4 523
4 641
6 73
10 483
9 466
1 196
8 453
6 50
8 447
8 857
7 865
5 227
5 439
10 480
4 783
2 380
8 428
3 864
9 762
9 270
