400 163692929 20
726519979 1641984893
708111643 1834355051
416833321 447156443
498749579 2784289363
264109567 1642274653
590051057 1690449889
492891631 393311047
601134571 152509493
404870573 3722609939
205120309 1234648193
555951521 2424401867
665176349 3051938639
741200891 3181699337
538148059 1796531993
293702951 1904613089
478792801 2911288447
511147807 887032753
371201687 950634749
8546543 2679764149
504691283 1134274961
617529943 2369616959
251134613 1349923499
149547389 2986083427
308232517 1307826341
477322117 1034099471
682873267 2481850523
399861043 1647646631
500341733 1903052713
396270257 839223127
384771041 2240373649
565153973 1767593759
152916551 664265177
104595847 1954004027
431181623 121740023
404953793 831722719
213108943 2088206867
176626133 2639492503
569388403 1462668479
454417399 2161463797
163296911 2305132811
535689337 3006111701
296642153 1243204667
341082527 1625821783
649276391 1295531863
435222959 2903135453
684782069 2503954927
152323403 2171344199
487440113 2718362593
572101903 2105729617
321670081 1447414049
371457859 3917755657
490752623 896302261
152965187 1964232497
393936173 1704898717
453435089 2497689431
253730021 2492533273
569399329 3051833549
691464637 3315178921
648165731 2612021429
577002187 2014823977
458618291 1655120543
256124623 2598273991
394608023 2375662361
190041193 1190334451
360839587 1915550993
340655467 1890725029
732118567 1212641933
164006809 2149862849
398651311 1730167403
324421667 2281898543
233808101 2452149787
600097133 1858515067
370986727 2578292611
525627043 553940081
120124729 1138036751
480378383 2463079781
395074721 2987586841
351929521 206841121
427577177 533219311
489027193 603358477
456058709 1071550871
105859979 2482188109
363096737 2808885733
553573957 518611661
365171263 2187062177
158694197 2348649661
433497443 616075501
738488159 1647062341
279433991 1639695709
155478619 3244020667
262470827 2363527013
615740317 2300240071
242731429 3233563651
633693323 1769110771
465903469 3169835297
356557013 2549468947
524430449 1987897543
567823279 2731426421
192791939 3045857863
349740289 1202232821
378091031 2392173937
633595913 2144732731
303874127 1951881487
197315119 1714589699
237855979 1372805279
490826341 2191354481
392370883 653531147
379008803 1972515569
539669477 2345424871
244364249 2680290391
565390933 1733371457
635851687 2192842637
468730369 2920776289
538059779 2972526563
549622939 1781196397
395190379 1934025887
492728557 2238502507
586069657 1906749497
261231307 1058422663
293408509 2016869809
114112939 1870153211
700240501 1093984897
451783081 1329037621
333044753 1964272741
398775029 1643817367
348233839 2540774459
301281679 2068360381
405870793 1027794349
171058243 1491881717
260033243 1480858111
397982513 3005237971
610699343 2023007101
524190239 2471458739
479631967 608747959
197177609 994516399
617796373 1478709131
544821611 3166882973
48112241 3823007801
724067657 2329633727
582149429 1645715101
599864597 1982188349
400271041 3058505689
554472551 2552913263
141441983 3253406699
497467067 1238240723
438740069 2373667189
668521081 715129621
333761081 2472793919
57773239 1429287721
304409213 2888572301
128067607 2029031183
726776663 1681445867
161585933 3118770901
539248603 3103962373
550994309 2716945613
336503917 1808020219
572980367 2271739021
632312249 1930154971
330638039 2375152463
405857863 1870948451
642218131 3246281191
623610733 2186306989
292361207 3468423307
490397689 2449026253
434332747 2740550887
110725009 3342482779
421974733 1189269551
339305779 3112329343
315409247 2340263657
682863791 2282487721
104747117 2108052083
272724883 1024652933
527672449 3701864741
359895787 1931330827
517850041 1848443237
468816527 2895567671
558218317 1921008269
467321159 1647333481
318061769 1067409149
480753517 3933130661
599264797 3393387223
426664001 1688405441
437878559 2184920741
352758941 1457369041
431860391 1791821351
458675527 1676856283
382829959 3215276411
426873793 2252018609
440479733 599335273
277033283 1605924701
275546837 3768942869
357496193 1860934333
313586873 2515604851
105404119 2958512027
536512957 2728035731
179427923 2447848813
329300689 1676300569
458997163 1758179263
338341573 1769213081
319436387 3515244787
305226443 2087685337
300007901 1457734699
291907159 2920503373
545340079 3083504383
223909339 1916252573
709523621 1435247201
363582127 565624981
550485521 2026121831
421070527 1795815613
304234009 1821749747
176650703 3304162541
244339033 2799665263
303667349 733836629
317002271 1458441367
677131151 2044267349
198577789 594099613
368699869 965120293
292725767 1588874447
514687183 2189595847
400728821 1563956869
167846027 2621737159
336316987 1545235001
440128121 1812531703
664066661 3101107651
179567887 331896127
334803113 2094431033
547577141 2910180431
414882037 863985977
728163287 1739822743
376854389 1001661547
654521059 1993462301
224345747 1793869177
448574339 2852838517
685803457 1999603589
155128489 1943880221
518925257 2176440239
343166123 2242070507
384579383 1369311313
342963739 669821377
274133663 1380638893
292872967 2370937979
340194733 1548950477
427943381 2541954419
583163671 2760565747
554156557 1745290597
366560231 1114036087
262485859 2367930701
622657543 1969281757
314044109 1600677779
165074881 3455198927
372868261 3305128373
380833877 1951005971
425631187 1503492703
469512149 2626526449
230375557 2923882373
695433173 1460664467
327242257 1815457957
429056077 1173268913
211029047 747179723
531630091 593168377
492187253 1134185567
619117787 3394175651
380216731 854864597
407041273 3213003097
323362549 1709355001
156499969 2162564003
442725163 2376461281
444749117 1911457073
607053203 1190551591
394889239 1843536839
425434693 2462248051
334985213 2115206267
359717597 1236077443
555785557 2362879837
321252949 3317608897
207747313 2210491223
692685551 1878365171
438131909 1914835913
377450441 3856804873
708176177 1193200451
261159721 1957762607
610698883 2448236009
425087393 1579996351
640339589 725818123
457106477 1509524099
453433777 3254163673
504209161 2453372917
425898799 2510451913
266567941 2359412141
457949897 1361572013
582645491 2911883333
164365631 1670674961
235205917 2041882027
112845839 1784482421
281823253 663717697
379125127 699760507
336772721 1411569739
175153273 756021551
388495637 2206861999
524948747 2538000733
284382031 2175043991
321270119 2475328213
591601523 1957879841
446971933 3099498869
347142113 2568816119
242092883 2325095863
211683497 2503258207
467557901 3818363369
605790989 2048833681
489642731 1175717677
322661239 609165083
483957091 1585684579
634985353 2083619731
272170673 1457665439
321810091 1011788719
393346589 2099969321
259145947 492906773
523510411 1733518159
453783899 2106248657
384026417 472048943
115568269 2225188513
501029057 1986037583
558940307 631400801
157830109 1670968639
485514817 1249588993
475729679 2238863299
405907673 1338214291
427727357 826446293
342878827 2769079739
312424829 611014783
343910981 2884876249
550032337 1677361187
588338437 1770424823
343270087 2523349259
384029071 1607041879
479236621 2732368763
637221367 787304171
215205233 2176443449
458273323 2336585131
286614233 2511876119
339384049 1236807563
305234477 1690146251
313036091 3503552971
481556329 734987219
416192327 1813674851
92748031 3253766333
129598439 2223621973
716397953 2197510319
364368853 2331613589
368960077 3289660397
385107901 2789955743
291153719 2467201147
484327867 2447433733
126970247 1232718163
317739379 2425279867
396934441 2745586219
356062169 2368876981
271987241 2277437269
254345081 1277059547
96670793 1267464623
493459793 2327385079
468397429 1833926027
104977937 298889471
697425143 3522153689
396757717 1165695173
311396879 2226662161
114189479 1600916521
633992537 2684836277
430544171 1319538949
179206141 703565869
589398311 1419127159
182305597 2605910317
374033389 3526347581
670504067 3023047061
478239893 2900300213
667338799 3088070719
422660177 3112168751
336476957 3100098163
166407343 2264665441
464680031 1381751867
250595777 817290587
396785693 1504984597
179281693 2676709351
541471559 1938670651
66026377 1870130083
395135779 3688976527
479489729 3466189219
519869611 2742009397
480922649 1567803583
392559907 399904181
539090843 2337093599
324336109 873825569
140710961 945832639
738905389 1130925881
553683307 2132209333
336515573 1547903779
525982603 1144638667
580325771 2207703341
387540073 2772367823
441101699 1751450473
