350 30 5
1381 146
277 435
856 21
1859 47
169 330
11 35
617 349
111 319
923 33
1438 407
1911 240
358 339
240 106
1482 310
704 147
11 109
654 144
602 39
658 0
815 411
985 134
1288 29
1685 32
1529 112
984 313
1392 127
1134 400
402 247
466 117
1753 325
36 120
114 302
1995 228
905 121
1199 318
108 229
15 436
1580 139
860 432
971 213
1870 248
905 44
206 227
1921 240
1039 329
501 24
1597 449
1344 33
265 228
1433 107
1964 234
150 244
369 444
1582 214
315 237
703 222
369 37
1502 331
1105 8
1547 306
740 340
691 413
468 441
813 28
1730 420
846 428
315 438
210 131
934 240
1165 309
602 50
1490 23
846 121
1970 440
346 339
914 6
287 234
1127 242
1864 225
1315 417
77 103
1567 401
1722 331
1364 109
1446 439
1964 413
728 239
1728 105
1644 334
1980 118
1059 42
910 138
1695 121
1126 302
691 236
349 326
1972 343
1056 329
1406 231
1054 300
166 236
733 423
492 231
1915 430
594 308
1803 20
583 105
1684 410
617 12
617 432
230 110
1194 7
1874 219
1759 44
1834 427
806 36
1101 117
1204 233
490 125
398 116
1410 34
1932 228
855 26
1177 8
1648 321
926 130
168 424
1764 211
1726 17
559 421
1170 34
1093 416
843 321
791 338
1842 13
266 20
1029 10
753 10
1941 9
1013 143
1688 321
421 138
233 325
433 146
1206 32
1867 235
1010 302
1328 400
317 121
162 425
1799 140
397 242
1678 22
1637 43
1993 402
1601 350
1005 233
1384 148
300 209
216 434
1345 401
1440 200
1720 40
1281 214
559 405
672 445
1560 322
426 50
992 442
1523 219
796 205
1133 444
1235 240
1435 308
596 234
1991 213
12 432
1592 234
1875 420
1702 105
1573 148
439 422
893 330
1531 431
637 119
208 329
527 330
1577 449
8 350
1414 414
1727 345
823 334
421 140
1197 201
1368 238
1976 200
1478 346
1405 135
1698 133
613 10
323 410
1978 440
1279 120
1605 406
1993 428
624 244
130 447
859 226
1356 429
710 126
1865 448
912 340
1778 309
1721 439
114 341
783 320
882 22
1936 327
1615 335
633 325
233 247
731 11
1685 242
607 111
1799 112
1618 405
1597 435
229 101
1030 45
327 3
392 345
1663 114
1913 206
1529 133
23 48
319 132
1512 140
871 27
463 439
126 18
1388 145
1735 48
425 142
1801 317
482 238
86 47
263 15
1611 309
456 439
511 347
1710 38
1622 442
318 12
1354 125
1941 208
825 204
609 441
1838 240
1141 109
926 312
1129 116
1138 143
1634 203
1929 100
727 118
1712 337
1606 326
1606 214
1643 322
1097 43
1353 413
372 345
110 408
103 31
927 149
1319 44
455 231
596 242
677 119
865 311
341 306
1812 230
1120 211
860 411
917 26
535 443
146 24
395 49
1312 237
1473 331
1793 119
211 236
384 137
977 335
756 303
1090 333
1265 246
1959 438
1522 229
1713 325
144 47
147 127
368 105
737 414
251 202
882 347
1050 230
1593 5
731 415
218 40
1826 2
1425 109
514 120
600 339
139 335
1245 10
493 21
747 300
1603 125
355 422
1000 418
1752 318
271 209
1723 237
142 225
739 115
210 34
766 43
62 414
437 20
1393 110
721 436
134 28
853 344
1688 213
253 347
436 144
1886 421
948 445
916 249
736 341
531 109
671 243
538 236
1957 448
334 136
1568 21
975 18
884 407
852 21
