100 13 10
31 26
31 116
32 76
36 97
22 77
25 115
29 175
33 81
36 237
28 31
37 250
33 230
39 215
23 100
23 250
25 74
33 170
22 54
26 287
35 98
26 20
39 99
28 217
39 134
38 238
36 131
34 171
29 247
34 221
38 79
29 192
31 265
31 235
37 47
34 229
32 160
34 173
37 157
24 247
35 156
40 192
31 59
34 254
24 132
36 268
38 194
36 217
40 282
31 32
41 282
38 174
24 219
40 264
28 167
36 282
37 27
38 218
23 99
37 29
38 290
21 54
38 269
30 220
31 157
34 266
35 81
37 29
23 193
24 212
31 79
38 249
33 114
36 236
32 134
40 113
41 284
23 248
39 51
24 156
27 232
40 54
36 227
34 135
34 117
22 132
26 198
26 267
24 57
29 175
22 192
40 155
30 282
40 158
28 79
25 153
36 28
29 173
34 135
25 53
27 103
