500 2 7
2 1833
4 1294
4 2389
10 1050
6 781
4 537
8 77
8 1622
8 1070
5 842
2 1661
9 2024
6 1214
9 1342
8 1225
3 2493
2 1948
7 1792
3 2445
4 1388
2 73
5 2476
9 220
6 107
8 2238
4 1859
10 1728
4 560
3 1036
9 1094
1 2371
10 841
4 284
3 1190
8 1437
2 2046
8 1519
1 1931
7 2442
3 1997
3 1717
4 1658
2 1050
4 2221
6 1382
2 1345
9 278
9 343
8 1614
6 633
9 2015
3 1364
6 2142
8 1637
1 974
4 1635
8 699
6 1902
2 1714
2 2442
8 1640
5 1638
10 1795
3 2297
8 422
2 1153
4 1081
1 553
8 196
5 1363
10 457
4 1399
3 2304
5 2291
6 1897
6 1214
4 1950
8 1246
7 869
9 815
9 736
9 2057
2 1779
8 539
1 1034
1 2326
3 1962
2 638
9 1503
8 105
4 1287
6 290
7 1095
3 108
5 2336
2 2309
9 854
4 159
5 1592
8 645
10 277
8 1503
4 1488
6 772
10 324
8 414
10 2109
5 2084
1 2452
8 1486
8 1900
5 1639
5 2331
3 2008
4 2088
5 2499
9 863
7 2027
9 2117
1 405
4 2028
3 332
8 679
4 1051
7 131
6 55
10 853
9 1476
8 399
10 320
8 1450
2 2398
4 2447
7 894
6 909
5 359
8 1933
9 221
10 1926
7 845
6 1157
9 1047
4 1205
6 1067
6 1672
4 569
8 1321
1 952
3 1286
8 1029
1 1307
8 1143
10 923
8 14
1 1050
1 666
5 1601
5 1682
3 2500
1 2248
5 1667
8 118
3 1627
2 31
10 1017
4 2483
6 1351
8 265
5 967
10 1476
8 2085
8 2242
4 1638
10 2021
2 394
3 1777
1 367
4 2056
9 528
7 176
6 1834
10 1090
10 939
6 476
5 711
5 1487
8 2464
9 2203
5 1227
10 1194
4 2075
2 106
5 2165
3 714
9 243
5 1348
9 2432
10 1405
3 1209
8 2180
7 182
10 145
3 1945
5 216
2 1661
9 1292
1 1012
8 768
9 1601
7 1530
5 1625
8 807
10 1696
2 517
9 20
3 1243
7 1126
7 2311
4 111
7 757
10 2381
10 1697
7 1590
1 1072
5 102
4 589
2 375
9 1239
5 1706
1 478
1 1650
10 305
5 1711
7 1721
10 535
7 1269
3 1987
7 70
5 574
7 108
10 239
2 2024
10 251
2 1167
5 2379
3 717
7 363
8 1464
8 1363
6 1789
5 1085
1 150
5 1182
7 1491
2 1569
9 255
3 1120
2 794
1 1783
7 2198
6 2033
4 731
5 2225
10 2110
2 66
4 1644
6 1977
9 93
9 1820
5 2144
7 2308
9 503
5 707
2 917
9 184
3 1207
3 664
1 330
5 192
5 1559
2 1013
2 354
10 857
10 2343
4 159
6 1522
2 116
9 1306
10 1077
2 1238
3 2393
7 1006
1 2264
2 321
9 1693
10 1127
1 850
3 1814
5 1517
1 628
6 956
6 1493
9 686
10 2297
7 1467
1 2012
5 136
9 1535
4 353
9 1974
2 1853
6 1737
9 736
6 2307
3 1012
3 2075
4 2014
3 1432
2 813
2 1004
8 913
4 1379
10 987
10 1279
5 1191
5 392
3 614
2 2196
8 101
2 449
9 2396
3 474
1 2271
9 1701
7 714
7 1486
2 23
6 1793
7 499
9 249
7 545
7 206
10 1560
6 1702
9 2151
4 1151
6 2419
10 1796
10 1657
9 2
6 1121
6 416
2 54
2 53
2 2310
9 833
2 2430
8 935
8 2112
9 598
1 1016
6 2370
3 535
9 1214
3 691
8 1252
10 67
3 725
8 2279
3 466
1 495
10 221
2 529
8 1615
5 2031
1 2400
2 2028
6 234
1 745
7 1178
1 1048
6 250
8 57
10 1860
2 469
7 867
10 168
2 196
10 985
3 486
3 246
1 1071
8 880
3 170
2 358
2 1550
8 2213
5 554
7 2287
4 1743
9 833
3 1647
3 2183
7 832
2 1831
2 2166
7 2370
3 1892
7 1299
5 1435
5 2052
6 1906
4 1919
8 2402
3 344
8 1803
7 901
9 1637
10 380
7 865
9 2238
3 1898
6 1391
6 569
2 1597
5 368
4 2287
9 1126
7 1679
3 1406
7 2220
5 1423
1 309
8 885
7 1440
10 563
10 831
1 1892
3 2347
8 2329
5 40
2 944
2 365
10 1281
4 526
7 675
5 9
5 1503
7 296
1 1563
3 1915
8 2228
6 410
4 1644
5 1686
4 79
5 728
3 173
10 2069
8 1318
10 1622
7 2288
2 271
6 1325
8 1124
1 1949
4 1980
3 1716
7 761
1 88
6 1959
7 306
10 2221
5 203
4 2301
9 2374
10 1125
5 1448
7 778
7 57
10 41
7 263
4 355
7 2108
6 1379
6 1933
6 2005
1 1886
7 996
9 1029
4 57
10 596
3 392
1 0
1 499
4 2125
8 1832
6 2227
6 781
9 2045
