100 10 5
50 1
38 2
30 3
42 4
43 5
30 6
49 7
43 8
21 9
43 10
38 11
48 12
50 13
30 14
50 15
41 16
42 17
30 18
20 19
21 20
20 21
30 22
50 23
38 24
30 25
21 26
43 27
20 28
30 29
21 30
48 31
49 32
50 33
42 34
42 35
42 36
41 37
20 38
49 39
42 40
38 41
38 42
43 43
41 44
42 45
42 46
42 47
38 48
30 49
48 50
38 51
49 52
49 53
30 54
42 55
41 56
42 57
43 58
42 59
21 60
21 61
38 62
50 63
49 64
48 65
21 66
41 67
38 68
50 69
41 70
48 71
38 72
50 73
30 74
21 75
20 76
48 77
49 78
50 79
38 80
43 81
30 82
20 83
38 84
43 85
30 86
49 87
42 88
43 89
41 90
38 91
49 92
20 93
21 94
21 95
50 96
43 97
38 98
38 99
30 100
