450 980 10
8085756750179 312724810475506
327981390912 96772719214271
4249381767023 50639165437077
4697146817030 94069747298471
8543083819824 273729932824504
7892429261930 39847436241985
2119170670109 95221267765831
2429649850899 330392861370593
3968990681381 353377767878954
7517273996792 26174078874532
8847775618138 211287934833068
8232669491762 386824087229038
2635431139694 305957781786082
2403236734660 234667639208116
7616416356358 213242450430554
772622357556 267078948398964
2570875027233 199417283066109
6672707219673 444644953522754
3571752028794 322666238758314
787784873781 33529178085165
2904202621040 248025181303380
6633599494191 277038030658242
8179736882780 347076963566796
127991991336 225558796459417
3977996993495 46114485545762
5570277967818 191899234377613
4138020068631 220754786464132
9158199350647 181785439704353
8415939877095 299727377978388
9583885209524 273099796942417
2074256464719 190255583462015
5616747796444 328737190860128
9847692819063 315971298165659
9646836876270 202420801865657
5899724297103 239800695086442
3126963670891 249641060276729
7375412950294 91566184965991
2092052989727 400759330270835
4236639756137 54274733930006
3401652903390 203833319276998
9666985623063 232843564301149
2569590341920 90411725897393
2116898512626 433006954521212
9979409918069 198699744089475
9426928490955 455147656666878
5513287158748 216244566698869
5467130692485 31801909294718
686114244511 1645276971339
6842786219501 23104624539512
7402778968867 446550669477866
1937791227302 297078835561081
1554773056830 313713749597087
7407204683635 321442010219206
9542077660975 207939370396176
9248455947352 339832630345194
8233659336125 135381971754634
9690387332120 179234586128243
1569427506770 132707583130558
7653300220227 357765692290600
2604632735758 415624986616332
4483810351629 380909045578804
3250787923843 105083005389576
2148337699846 72656170710513
1025739215357 131918610168222
263732239692 334649135474182
2310955706392 246663505371509
8388136245126 174957790086765
6852421872765 485208396238852
1436747478512 154344252987365
1497484855773 45596279617421
3874051044489 94520556243533
2236941999855 198492004723761
6144516425271 257674621419457
2718469887077 207260346050391
699025092228 92028741242968
9417917045960 160992233161716
898867283643 460824846847826
8517778842283 34026147853860
8906199745453 325550913291616
7803075640266 183851417501406
5216016539795 164318245230724
7380033374049 190730436055003
5488784794922 136617008048357
5230378873441 66836693442744
7892222363083 216564959507278
1022348579675 111077753619778
4663633243758 146878796237893
6649749876217 461292318907604
4953541048827 178337707449249
1787838743635 410993257484230
2202316176969 383177540948936
3924137691023 483730599193353
7315673269474 316120711947889
9214462403955 162158851049446
7472600373634 263940524279617
2589545157327 456170085890633
9145691643652 143603156532880
7307849958888 468400849714843
3348864705287 148285235930227
7931553011076 194128213432809
8098564930007 300104134805021
7189185972252 328173463050955
6891165741788 216821248140867
6566630866093 360459730413854
5793998969467 50677756445749
6855950165380 350893826838730
8577784491039 315049216751724
7364369662124 260477701314131
130891815364 593449004902
5457927784696 386612283937205
4397772441277 109465367454668
3836401611680 433010371385546
4365866873515 27590735219446
5329713249719 10237494446759
1991406942067 459155838314298
9272699421695 8088286760614
8901144820743 27486274844834
9959250140255 294927759697867
3598865251456 217707970045636
2239568012708 340805303538132
8798856997714 213413739651187
9451149174061 417353587132137
2935451934747 301052191924245
9068463676368 107644507978415
6255221541357 413560502928746
4443254425425 194555671841457
4977360745548 255466653671409
7179690756706 183160654854819
7129090389985 210583457850799
3651697029735 138847210735470
1393421914878 34508557184983
2662428163630 477105400826214
5969541823836 265096261835389
8162837333627 140623625978768
9209798201370 328656252933826
4897450221249 66775013738902
5878983609285 82934047107984
2987868536128 208917918226647
9569199314400 78311198119964
6262120718927 499509197234107
950198007133 287290695595982
8776742657887 460720720890543
9092176236596 167497515270500
7792766297209 81167202617862
1878306633441 318377787981392
9145791043767 321767946487395
7126901195030 281595715985210
852411330446 341538123066406
5467485389411 468651231050311
6971027227396 382743648476212
2287154713612 108214971972024
6705153301725 118905944281530
4042153784037 131087463909495
212942988103 457213098824907
6918446359384 241125184900838
3854918791584 25355698775966
2659945618222 453594467262274
7248478038162 171493193403010
2210137112545 121950384649716
4449491798277 279786909705563
784051334135 333443598948115
1478098285330 446954885061114
4942526361910 296627264821082
6941954904314 373470965382520
943515240666 189665145334886
836244734951 313777282158689
2054021111823 359391354691865
7205758021569 28346159978257
3522022799299 130127146839031
7074045525156 386423880107810
2907333845607 287308681156649
3870385150014 148405410416687
5292509546613 470611765099465
3972988383705 381563867953431
1537351565816 245612826832668
512163996508 186981679697634
3101790861037 402612570793009
7433424126289 21514180827175
2333938007447 499748428644898
5996059839076 17416287518365
8002832834514 143071085821576
2086141643613 461041006923854
8745361809080 295444664581318
2452307323699 435862473302759
3628778483627 296518031332619
9740965130570 373745308114654
8513224913372 364716371013199
6119934857615 89730423864840
7416075848572 134703919391696
1499277772762 201844907947191
4735198563691 232080143700256
4100187962903 39662986579978
6045258329857 197991702767080
6710683660416 473334177485383
9637722839871 312659997869598
9793201027757 278815477212083
46350839152 492812306980820
7340136083396 387790538803449
9879979125540 47586223183226
788534762139 430145326886066
3437834095953 228819875801747
4885933990594 188692770338278
8890390817685 36546886460950
731457316620 383166297720991
3711414970005 187186877240411
8383362072596 423242263386204
7167562534315 445207866228063
3039094709595 335662466488870
9956683198278 81480303775445
4568500990681 338951581770490
8494535474700 92231889722899
9276359908844 96699211107423
7704397585312 241104826676573
3765025967756 243483604201174
6397747395573 49168733708278
7296708813390 498894485732073
1501047094824 43987803448138
2928075208569 74709291806727
4612564418282 493085669222165
7960223225511 415236829665139
2422612260119 374401002069615
3131417407879 171967584098350
6718668756118 11412032688191
6672788633904 408922329677517
8381105796761 142609729004730
6823357086052 286064276402307
1117991995817 427405805998159
6827232837409 48443294273600
5400590786604 449580842532842
5757644852171 235844548160916
5961100943501 67178220148712
1581087568864 418051351208025
6051634820551 24849889010003
783567172552 335232534774162
4918888716311 368687222846636
2722942940931 53945969962959
3783972617834 395612937539699
3901304385840 344552332520243
3430723991712 443480392998068
6581314545182 403000692042842
4818163974363 299401303734202
4411252169724 10020884900738
5025712290398 493476147315491
9238819795333 122733865837327
496759213134 287054000331975
4080454504629 471277148858311
7219823202602 375548277355051
323722092397 386239173323308
2192081431675 163485466058209
1218201824976 433282613767520
4881243855704 430029141385783
5047126843825 10992223615909
4315985902180 13094566860592
9289235415055 144874891676315
5783531609050 406837793893755
4131631898098 204972522880909
5913534653090 326184405669676
3236650305733 28547169548415
9545686193429 95474708533378
1179564077200 15579663244219
6825672697967 162056230927335
1890608201797 228212849076752
4408953781454 226703073574446
4677694597801 263028362435196
6538419177417 330850777458130
5790895692577 2338655436968
8486552724790 407219968340009
5690571155414 109809487602944
5755333909110 142742390933888
3173201277271 107650760119973
9656736185041 150447173476859
5980637482765 114678062587401
714070848225 111806118316474
5734613509223 392400976182654
8196418003449 10264226916950
8716539339242 315599724345139
3949739632616 430042378416646
9409681178887 227324920634691
72348313569 624668026644
4777972228986 121379984754554
5309465481250 285746862820020
5512070905756 110099590155190
998602189540 289199599478906
2316355997425 73729102184405
5415268751904 332568159254685
5986611531884 358952698682837
5401135732295 218310044694285
1132243049037 374659288277620
6931748676860 303824884459116
6139161882771 38589700051319
19751216093 178024396492628
4962705690625 373189540958742
9991094596134 277502539403904
3326510245216 227071247770026
7178698792279 145224094546758
6991755599231 71315486060166
149601912256 396949865803735
1905077154242 374503994196384
7575928236131 212384012766742
3842201165543 429372101688909
2352801858175 12029372688215
9993733453640 60244591033196
8785168442110 455183250198520
4897267763085 378330276315220
450755533888 128199420602294
9391020862684 128058851026331
8230239162463 476306259311387
7694159341590 145405094428772
532823427760 191878752051419
9372596436787 181796814575855
4043908385647 422592335104280
1915462862540 236843853106059
4762469358933 399173227555224
2245077671130 10973308757662
44238728500 264451787397068
383106903456 81484978509383
7345434129208 317933853751412
6408671382999 355670076791567
1499174866995 393526765751619
1311875433724 101747100527694
5139520620858 200991225045227
1905836043205 427666414662003
8919297083433 383601060263727
6043796660895 386125813833760
8658358760881 488418370731588
6554966527230 241587685819812
1893807206917 172028324266223
5390317700873 100579808399767
4215647212640 283061642368963
6637744679191 129087924301244
2468359473135 32693735651710
2463292627927 56771750167986
3017316894776 112956810198279
6060800317696 238865263788299
2799252206079 402638770048439
9601698109172 207246173462361
5904840259034 337245030529085
3596933505994 210591216714461
2663068276602 410772179227645
2395793935122 317678708931497
1017737936761 274635567016297
6777184093458 116131970026308
8535340814822 459225498134503
5384272866381 374088005606504
8437648863884 209543216805000
7169614494082 426593997648176
9391737649383 191314490940772
4490698941629 389723018380642
720799629093 290809079627866
6819828884972 32697558892525
5526639993624 454947311356548
302476709896 78556282872641
86330844545 12258354599592
50635810796 314195988556863
2115125425542 429136499646060
9747807546706 177191669792393
5764449181744 397726894979165
8958286132428 344816525671022
9147980710474 448219897876411
3912853423590 486627224686576
2715121916411 191218215378568
6545344262262 397611183462729
4987857568576 251660707239587
8745716524392 300932494821321
5265142737582 396499569661058
7628094836055 443377740172857
385905511826 249822910387332
3094964006303 76892726736927
7452554350944 472903711102318
7659040290386 223744323062139
5954072465418 257194560749227
4898967462159 350538629036099
5162217451619 241842449071743
1570987609503 222499731038133
4412341754065 116345272915197
678572402155 232111958423164
8983245735075 462642923626167
6231357914520 489383195034130
7294428887027 309219621240138
1257921724126 180869090059477
5055103664736 169463699409272
6585505088238 400336680065933
7139953846178 394484358093189
5909409968807 482309097071990
1137379011789 475567705482563
712165102434 413006263647066
1799833181129 311328433632550
6469104670259 386481023357214
3860500878583 411166717635000
9037349944498 194781578226191
3885667674526 387928041451118
6330910887589 207242411707344
2710940676088 11179730093384
6858437567474 132663669131792
2846441306085 186879818307555
7389154909136 22808677182474
5917008568811 236201036661275
5353564899512 287641300090333
8552997078490 233763563530126
7876485940252 285579218788411
5994605993164 217857652344175
2119835345601 133582213243006
7682341917331 246857047879894
4680366270313 294842470646759
1867743923503 307909154997432
9217735046222 276130977093804
9619077890467 53407560700401
3443962272498 1416610476583
9784273893164 256962414038528
8188139288280 497839914326314
6709947214051 406386828668055
580586159480 148318539761520
2768091644317 420315296255336
1187069278138 358272208883026
5714292234076 58377471168044
3224068708387 237519808602333
2411643352718 358951256034699
2414663961945 99765974586412
2601333629302 33973783298235
3788221878330 47707683937259
7023576303449 325151540994194
9471280528305 55440345557026
6630329075546 373555557228069
115138739775 183398183430963
1482177323885 173194075879508
9486989307288 322349872435300
3145967730160 341045616554395
3179681066250 496595485833688
8421477368600 247909554924538
7362277664968 342281354057653
2268938026924 255123038134724
3970881946868 183608261494201
2001788249999 339524873158995
6355679664761 436839818196320
1582201663473 38145190702661
6299324267788 69884693017722
2619972947947 375763304350875
1251004728750 316808190105010
5087866406158 297535831840260
2364371708277 472448666208580
2959734084694 478197622965997
2777269377419 74047311602255
4778138938303 79679413103545
1224084119950 301951728607716
3151557129959 383383423620697
1005491434259 259933873231030
558269632061 229936029594252
1118495560145 96163426505537
7038300866851 114962272663398
1255772547686 374974255621000
