400 134 53
76 1
51 30
70 187
66 207
67 212
86 218
59 221
60 221
106 231
59 256
60 257
98 265
77 265
80 269
113 278
66 280
73 284
54 284
87 286
56 296
67 302
53 309
51 309
85 317
58 322
39 327
76 328
64 332
72 336
62 348
81 349
42 353
56 359
74 363
87 367
61 368
94 371
97 375
50 376
66 377
63 379
87 379
59 385
75 386
79 392
64 393
89 398
58 398
82 406
89 407
62 408
73 409
78 410
60 411
75 412
43 416
72 417
91 417
66 422
49 422
56 424
96 425
78 427
75 427
46 429
93 430
78 431
103 431
59 432
90 437
90 442
79 445
63 447
77 448
82 448
66 448
106 449
38 454
53 458
73 459
69 462
76 466
89 471
56 474
61 474
68 474
75 476
58 476
63 482
71 488
43 491
73 493
59 494
50 496
69 497
59 499
79 503
66 505
67 505
70 506
64 510
66 510
84 512
78 513
86 515
54 519
69 521
102 522
46 523
78 527
89 530
53 531
97 533
62 536
82 538
51 538
70 539
49 541
110 542
58 547
98 548
83 548
75 550
72 550
71 551
116 553
63 556
64 556
42 556
75 558
104 559
59 560
70 562
92 563
51 565
56 567
70 568
66 568
77 569
81 571
47 573
58 575
65 578
68 583
65 583
76 584
72 586
76 586
79 586
55 589
61 591
43 592
60 593
46 593
74 593
60 595
88 595
75 596
60 597
54 598
47 598
39 601
26 604
95 604
52 604
79 605
90 606
55 607
83 609
88 610
39 610
66 610
59 610
60 610
72 619
64 620
80 622
52 622
63 622
86 623
97 625
59 625
44 626
79 626
59 628
65 629
63 629
84 630
61 630
89 631
58 636
87 637
65 637
98 641
83 644
59 645
52 646
69 646
72 646
102 649
49 649
63 651
42 654
75 655
57 656
75 656
57 657
118 658
72 658
94 661
60 662
82 663
60 664
86 665
69 665
70 665
47 667
78 667
74 670
97 670
65 671
83 671
83 671
67 672
76 675
84 677
68 679
84 679
72 680
53 680
88 681
68 681
68 682
81 682
63 682
94 683
81 685
81 685
111 686
85 687
96 687
61 687
71 689
54 689
107 694
73 695
44 699
74 701
95 703
65 703
89 703
49 707
103 707
85 708
52 709
61 712
79 713
83 715
81 716
67 720
71 722
109 722
55 725
80 728
58 729
59 729
62 730
79 730
68 733
78 735
55 736
78 736
88 738
77 739
75 740
73 743
62 744
62 745
95 746
84 749
43 753
61 755
43 755
89 757
56 758
73 760
60 761
114 762
88 771
49 771
75 771
110 772
78 772
43 772
76 774
54 778
94 779
91 780
88 781
94 781
88 787
92 788
81 788
31 790
78 791
55 796
64 799
73 800
64 801
91 804
67 804
94 805
53 813
78 813
84 815
59 815
60 826
62 829
77 829
117 832
80 835
59 841
88 842
73 844
76 845
59 845
72 847
53 847
39 848
67 848
67 850
92 856
69 857
71 858
81 858
68 858
53 859
82 860
91 863
86 863
43 865
88 866
60 872
53 876
72 884
47 887
108 889
94 890
92 891
90 891
79 892
61 895
81 896
71 898
62 902
73 912
29 918
66 919
54 920
71 921
91 921
78 922
90 928
91 933
90 938
52 939
91 943
74 944
76 951
55 951
65 956
84 960
28 960
98 961
87 963
46 964
104 966
59 966
80 967
84 972
69 975
77 988
58 991
78 996
50 998
74 999
84 1001
88 1009
45 1018
52 1021
79 1028
81 1031
76 1059
31 1113
65 1136
79 1144
69 1147
82 1177
62 1194
12 1201
