300 5 8
10 0
1 1
8 2
3 4
8 4
3 5
5 6
1 9
5 11
4 15
4 15
10 18
10 23
3 28
8 32
4 33
7 35
7 37
10 41
8 42
5 42
5 47
4 47
10 49
7 51
5 52
9 56
8 58
2 60
10 61
7 62
10 62
8 66
2 71
1 76
1 81
3 81
2 84
3 89
1 93
2 93
3 96
5 99
2 99
6 102
9 106
2 108
7 109
1 112
5 117
8 122
10 122
5 123
8 124
3 127
10 131
4 134
6 134
8 134
5 136
6 136
5 139
10 139
6 140
8 140
10 140
1 145
7 145
8 146
8 149
10 150
2 151
2 152
8 153
9 153
3 157
7 160
5 161
9 164
6 166
2 167
8 170
3 171
7 172
3 175
10 177
3 181
7 181
9 182
10 185
5 186
1 189
3 193
2 195
7 200
5 201
4 206
7 207
6 210
1 212
1 216
9 218
6 219
6 222
9 227
9 232
7 237
8 241
3 243
5 246
1 250
7 254
3 254
1 255
8 256
9 261
9 264
3 264
10 266
4 268
3 273
2 277
1 280
8 281
1 283
10 286
5 286
9 290
9 290
8 292
7 296
7 297
6 301
5 305
10 305
1 309
8 310
6 310
5 311
7 316
6 317
10 318
9 318
10 321
6 325
2 325
7 328
7 328
8 330
9 333
5 337
1 337
3 339
4 341
3 341
3 341
2 341
10 345
9 347
3 350
5 352
6 353
1 358
5 361
10 363
10 364
8 367
6 367
7 369
10 370
9 375
7 380
7 385
2 389
9 392
6 397
7 400
9 403
6 407
10 409
9 411
1 413
7 413
4 415
9 420
3 422
2 426
1 429
10 434
5 434
4 435
10 435
2 440
6 440
6 441
4 444
9 447
2 452
9 456
7 457
5 462
7 465
3 466
2 470
5 474
1 477
5 479
6 481
2 486
5 491
4 495
3 496
5 501
5 504
10 509
9 511
1 511
1 512
5 514
7 516
10 516
5 516
5 519
10 520
2 524
1 524
2 526
3 528
10 528
7 533
6 538
6 543
8 543
9 547
4 550
5 552
3 557
3 559
2 559
7 560
5 563
7 564
1 564
10 565
10 565
6 565
10 569
4 574
9 579
8 583
9 585
7 586
2 591
8 595
6 597
4 599
4 601
8 603
8 606
10 607
7 610
4 615
1 619
6 623
10 626
7 631
2 634
2 637
3 639
3 644
6 647
10 648
4 652
10 652
1 652
7 657
3 659
7 663
8 664
9 665
6 666
8 667
3 672
6 674
2 678
3 678
5 679
10 681
10 685
6 685
7 689
9 691
7 693
3 697
6 700
1 700
2 701
9 706
8 706
5 709
