300 673 9
2758828897040 230843527705324
2184180646096 353490811539098
796839232343 417388646906354
8757322527147 381432319270349
4701532043030 368128843575357
1253252327561 106525312887901
1828122925737 391784037924791
858867193167 104012161510705
6269501682481 337567726938058
8261434826320 341952020713674
8049179739037 163904174171246
7724039232363 154471406745022
3910275286500 153262346585740
3018422099810 162179132504310
3733213064047 134805339620026
6319147707604 183353014372926
9030590373687 95708778860609
7203739876630 361708865210996
6228863279270 56036640954586
3098237838947 180514122658049
7256786293617 436508408561903
8825571395253 383853151030832
7977223478903 248792933024629
6553891036730 59791792138903
6722363321859 162064850195811
8040472473892 153013620767952
958075847981 10438734076653
9027929326341 309660993694785
7903872972519 96014036185048
6391642736152 418559786388672
5498384300022 438855570371721
9152236393833 470379205892215
6468308591193 258070624010366
295965603401 266322933759477
8246865284019 420371755645212
2685075185730 489250318036432
7767239385639 166700512622346
9173546701717 3667386287018
7260174947801 222227942687941
6772722850436 366537096302062
1707810378138 155958044209006
7564163145138 366790179607386
3413529827927 242840741541541
2858453519221 389981529293345
6595605606955 353710626054377
4085668397457 69383402223560
8429894730920 396816245742974
6244611853706 392234490611879
6182524324904 447519104846390
8667035938607 226224721814221
2646300735152 382917925911178
6402423709874 325845875140945
5524558247400 453850940050334
8571497298641 495967977399610
1863189484436 407059501313131
6064192643503 217890256573619
3959333597140 320529147166181
3380085902678 31933540920347
3609045120571 153548925241406
860149528657 181752580078736
8664589862905 251513277126246
5469585797216 336006595106945
7270974179305 50385525826065
1207978782980 440026613388843
8606703911613 3968919382648
5288053058989 434653232031087
1742455264392 159800581477542
6015660495649 56482678234689
2436209564134 221464590844058
2895095575312 181642808133722
5216713291474 439081604586643
9013738936219 57254211955043
8684956848035 442138526070430
6495169477901 223568769769417
7045715182548 93527850307486
7657266390313 431721687842532
639284067542 278784010116264
9841741080655 253521377632143
1922984210453 311941226729242
7086210777166 313343090215970
1358109407651 306394398921282
2384863187669 111830790825873
1660260445765 348638187109667
8998358007713 434170980723930
7004449990832 32838343939529
954344026218 449302133087561
6288945250247 46888370978052
2938685133565 56605388782834
7329114540523 72196900146246
7146760835738 451497165563574
1973780710369 188325995157267
8625571160933 258995298143484
6905876909541 498299367817642
8837362303807 298221286441432
171632495342 309205072653804
8232433606613 286145693252550
5477127914646 165210966489964
7260228109432 229172779372611
1233753182062 480312306018348
2722193944639 410037749735549
1201735919893 451163627053455
4105468117972 379106180220732
1564272248343 10094070624842
1536532830113 31295018148267
8950218026068 19782519635474
8050002679550 324742589148332
4939564184592 74382415376930
8602212141922 397903978076920
3155866916830 83413873933151
4068513284999 209479829124856
1213654613609 404903256239230
3254955078956 80760489449128
6959164474395 417509508292313
1898961591922 142859855939126
521206430193 490301694158265
366174298955 73292889588068
6933781689311 21294406210658
528471360980 328986518586560
9561350839978 318836604279498
4593853457077 295241757030802
8024011940742 109258632839036
9255972766736 62924231047953
8666090762604 203239661224456
2257479524276 131198553039456
2906770977895 325820569535018
1135253272039 238821479363838
2226430132577 121348633773401
4510567976164 396133795585440
7341650530788 281780246550745
6758535186408 77951124290565
6588558558877 271342569356137
4687550385565 78841659707145
8601921123378 472500867328394
1908422719408 207176305733448
4927111220290 103090773278935
9095569381338 43658971941131
529387910302 204216544965556
4725377358210 155245522240606
3842848860955 206584744348609
6711516698412 5780178504104
78078742017 346537948350577
4479642256274 68557486277545
8291420499210 9704244197755
1748185683633 16636566471763
5484813707450 292033725946335
8042141220783 357364773548351
5457993517680 56620585685184
1729487055237 6856060002628
4792113675419 457162080756830
3695800261213 341810008396891
2278603587123 144395483451463
3210850011579 33697798291199
6619079887731 302512396151209
4729012053689 388747776605917
8885158403260 213369600428162
1520382076109 333465270461605
7781913613819 371513197479968
9158260044698 106798161442935
8788682095025 178874842107976
9090388328921 26566355236944
9932579552023 422371837235116
2147235765269 124416840781181
1029597672950 204938156389179
7855411117713 353832613645195
1228986208884 289400981990734
6293770398427 27880981274062
7606781069043 281329303049442
8078259653906 271388055850573
5027472557428 86805460622768
5497990422959 266810016612219
6334999690942 78499250858900
5529573798996 267372333306644
2263201379825 93172805800295
7441269566365 24990600523871
3356799291472 452007409070530
695280940757 219635683162334
1426325800476 211188326514941
3110796232634 3598371407431
1871172581070 164393320472088
7849967673767 288738125739495
1395190090409 49966027422962
817032520793 159062073865697
1723537918277 227781151961469
1294464106929 108819361517067
3210085704566 254144257809360
8874758486576 83391910889300
3149502892975 314249759381522
6758402145741 346966008779303
4001505027577 107017980195868
646440874532 322651529072715
5398662392527 307850809058297
9163371026765 459621938242162
3759381848484 269411356431132
1851909366990 384533046626006
8421607071645 74187559598806
1622107530791 471240218158016
9323792518449 174791007746428
8715626541794 187710047823989
6715889651188 411515975485350
5755715243265 439157339862656
8122376929657 20118719570477
9482657407378 469656821702232
6238252068782 175316180437653
3028121610686 339031199931266
1575092206406 122637982851161
3204342856675 132735060391390
2158332634818 477824213618681
3318887755504 365863718003954
6951759910745 299760650260107
9706206796737 142070088173727
8787693369371 128925275339076
787682710478 403643758014717
9661956566068 375321316204027
8612095541595 108855610457037
8913158598083 453988429974897
4028335463444 181431999404650
4955791541491 293063775726964
8708160654033 117576907813344
6851488193438 458598922054687
4632456049176 301847622217521
361032081671 478511010178262
6023377410421 435955630281314
2027204306886 369456079412034
1016663137265 453913006404030
4690868528674 445859237962066
2825827431810 133149412568996
2391616379045 459382122098123
2556940774631 220097358847967
6920958761400 349742389984508
6773007636849 99551023044003
7636474763611 103392370622813
4432264994285 428251563620434
787289505381 57842214898819
8242980785812 237157494149891
9644976455834 22554143445166
4052951710786 96467905798699
423838018847 222498402795527
242442316445 467105575874959
2636344512655 278164269867834
8140969913744 88010219600303
8220684934047 153075498699338
7857975387823 491519254658111
4783358700462 10890571876827
4585864605597 128653159668835
2755075039809 115537195625905
9277372850874 30903236232874
6114510063570 253740967073922
9494615547146 336201334695396
5621127898367 466007095256835
404356566184 349720998545014
7791803332832 46447534131355
598731710047 171315238654463
8258972753777 112050566662228
5803604133389 321879829343033
8047719127508 159237587615571
2685421769623 44137876273263
4582856600919 357435229571412
8646739428620 111127095883388
8476380269874 88108204759567
5171758200901 294819507204154
321803968821 205807796916467
1034988673890 39933693131060
8234053842268 243094411802172
5747322349463 137423927281729
9465020222816 402141541335741
6752786687807 327667567195994
8507603291675 318941642305352
7706459703028 220248968968796
4974095293327 338828474116244
155006304264 255466033984346
2151395229516 4918523225785
5981931617700 364068235074511
2080768110249 247129753090591
6160896474465 324356154015691
3012588567073 476606191471596
661397404539 200345041678213
5657891919598 263171669243284
3542813854035 144631488425859
4044407221331 485414102599459
1333041690100 117622524462182
8279001322732 337173432151743
7252990831380 225157618877844
8065225388581 267915234662246
4233209713403 52781648744909
5437928756876 418948846994951
2456983053623 297524685338695
3136007793599 483713055281285
2690292471169 497365129975726
6376927350051 90255222521442
6844798528072 51970145883749
7024501608315 14099932972142
719225989397 491977027017857
3083571825219 147118306733487
9578790611632 170615112297375
9241719818324 363679738949739
6765573067154 55232781191397
8689145707875 268593234596358
1249589368795 311609691774241
4384126239344 384894507495640
7083300639413 329666467913333
