300 9 14
1 11
3 10
9 107
5 1420
7 700
6 1086
2 209
1 1027
3 282
6 1154
2 89
8 1106
9 220
8 616
7 461
2 403
5 1074
9 1127
8 184
7 390
2 418
7 393
7 301
8 197
2 997
10 1295
3 749
3 38
10 1452
3 927
6 476
3 1051
5 563
6 747
10 1073
5 1157
4 1037
4 1336
5 234
8 319
5 1254
9 86
3 973
2 1473
7 490
6 1454
1 431
5 1475
6 1488
10 939
5 427
10 242
2 1482
8 84
2 174
4 991
3 260
7 1077
2 450
2 1399
5 695
8 1491
1 1439
6 758
1 383
7 166
2 914
6 77
10 282
8 97
8 616
5 749
7 55
9 1108
2 910
7 929
10 709
9 44
6 660
1 31
9 368
2 162
1 542
4 8
9 331
4 320
2 152
7 599
7 1480
2 1015
2 1461
8 880
6 1262
9 867
8 1255
5 573
5 267
4 1491
4 98
1 501
10 426
10 1273
8 1375
1 345
8 667
1 67
1 882
4 764
9 1254
3 54
5 558
8 1308
3 1342
4 1438
4 1114
1 1048
2 125
4 597
9 451
1 1094
6 1009
10 1450
5 492
7 1399
3 1051
9 725
1 1289
6 865
4 984
6 1220
4 998
1 1188
7 594
3 775
10 264
4 1167
2 402
6 383
2 600
3 920
1 1429
3 1233
4 1458
2 1025
9 1012
2 995
10 1158
7 1214
10 370
10 130
2 250
1 1468
10 213
6 1282
9 718
10 1497
5 720
8 205
2 802
10 101
6 456
7 31
9 1460
4 336
10 1283
3 191
10 1106
3 1327
6 1002
6 81
7 64
3 939
6 38
9 47
1 1494
1 1216
10 80
9 1148
8 543
8 1169
8 1090
5 815
7 653
1 133
6 394
1 685
3 343
6 588
1 1349
9 472
2 113
6 807
4 145
3 666
8 1005
5 466
7 822
1 1310
3 362
4 391
10 834
9 1416
8 1355
9 1100
3 473
1 864
4 910
8 253
4 1228
9 1187
6 1239
4 10
8 40
6 1425
8 2
6 401
7 661
6 347
7 397
4 862
4 312
7 1310
1 495
3 256
6 528
4 988
5 1219
8 1088
1 565
4 1243
7 769
9 210
7 1055
7 1010
6 1149
7 100
1 309
4 1131
1 426
10 171
5 1479
6 901
4 554
8 1056
9 430
4 1022
3 1162
1 405
6 1234
6 609
10 1306
10 1208
3 409
4 181
7 1319
7 95
4 1166
4 363
2 997
10 1074
6 1420
6 1404
5 1317
6 588
4 1368
6 570
1 418
4 535
3 1454
5 312
4 860
9 765
6 715
4 1026
6 272
3 578
10 905
7 1036
4 1424
10 432
3 687
10 221
9 112
6 242
2 188
7 453
7 1295
3 1344
9 536
5 1478
4 217
6 534
5 933
9 1134
4 1116
7 79
1 1473
7 722
10 987
6 1293
