100 30 5
1849 199
466 170
347 31
146 148
883 270
1322 222
1223 487
1144 70
1657 75
1117 442
1428 26
84 57
1993 188
905 421
1695 80
707 111
1326 157
194 155
1083 308
11 198
264 148
641 17
253 177
840 65
622 51
1861 184
555 251
1162 226
1228 299
1436 448
163 298
1926 222
967 22
1074 179
755 273
1749 151
1714 66
78 495
16 411
659 25
690 165
322 85
1021 457
1151 454
1991 279
1096 378
1063 64
1693 461
976 2
461 458
1376 127
429 467
612 444
1640 348
70 76
775 45
1031 245
1467 477
1869 190
326 36
1517 176
304 135
534 410
876 420
1405 109
1692 24
1743 367
445 121
534 341
875 423
1209 478
487 122
733 266
1587 402
505 471
1217 390
593 225
881 99
422 293
1317 201
723 317
876 27
83 429
654 280
819 459
948 26
182 59
145 314
1557 70
98 482
1233 273
1891 389
13 415
1343 189
1589 273
632 203
394 153
925 76
989 492
1140 279
