350 54 25
2 7064
9 5204
20 15434
52 12700
51 1939
39 12442
53 5897
32 5392
38 10838
41 5761
61 12692
40 16543
19 4604
62 10027
76 9286
52 16760
79 6207
72 14911
57 3748
17 13127
25 886
60 4262
75 8791
88 5351
16 18769
39 668
18 14633
43 19246
79 12865
72 4820
33 302
54 7104
82 18436
58 19396
51 2661
2 8519
51 2840
1 17430
46 9603
37 728
85 8699
35 16296
58 8278
84 3825
32 6428
3 3949
77 14695
51 9878
55 17130
55 77
32 1302
3 14726
50 7225
11 12381
18 2554
25 19383
38 6336
10 18027
21 5421
11 17872
96 8223
89 9082
43 19227
76 10964
27 8901
57 1897
39 2627
55 16601
32 9132
47 2609
5 18963
71 2559
27 14334
37 16653
57 12856
5 2363
90 12277
61 15620
11 15033
3 11606
97 9512
48 341
64 8359
15 14128
1 10194
19 15545
73 18004
24 39
31 14321
26 2321
54 12872
37 16686
60 6876
28 16424
96 17211
77 3077
32 19014
17 17940
64 12286
69 2530
45 11885
55 3281
83 11433
37 3483
30 14360
86 12106
64 4091
18 17195
74 8074
2 121
4 9734
90 2280
85 11945
52 13838
25 229
22 10718
79 1468
10 19201
92 1665
32 1964
9 2564
71 14995
9 17838
59 19489
56 12434
18 12095
20 13662
8 18892
82 13459
13 15836
57 1479
43 14209
58 16601
94 376
65 2007
71 5801
30 19016
86 19932
17 6233
89 2550
20 6737
30 11477
64 19699
66 5943
33 3488
18 18130
81 14620
53 1525
34 3242
80 3940
98 12055
4 16624
77 13654
24 18378
55 11869
7 12206
48 14558
78 9667
31 15865
96 1274
92 6897
27 15397
60 19404
61 17727
10 4632
81 9924
43 4770
71 5928
70 7603
66 17226
66 10193
100 7825
48 19737
25 10075
10 1542
59 19485
17 13744
58 8988
74 12123
77 11406
95 2319
44 17139
70 13311
11 1995
54 19974
88 8684
40 4278
11 16822
26 7485
9 3982
96 6437
85 19962
47 7823
26 4336
85 2784
59 13289
48 9296
20 20061
74 2839
72 394
68 5899
42 13070
84 14771
12 4084
38 17849
82 17362
47 19434
17 6577
4 282
93 14558
32 15819
81 17924
24 17174
26 1560
15 10634
91 9667
89 10747
15 1233
85 13127
60 18031
38 18418
39 6817
95 15753
92 19267
34 12356
63 13547
8 11128
10 5259
13 7560
4 13726
93 11867
29 10732
10 688
57 13726
32 14189
69 19531
46 18268
62 18244
74 812
47 972
51 5465
51 3955
27 17931
24 8861
87 11961
23 282
9 12840
57 2651
11 4943
10 793
61 5920
24 11834
11 6220
93 2598
8 5493
24 18433
24 11846
31 20148
10 19933
61 5432
95 2086
68 2993
82 2851
40 19924
30 693
33 9310
11 17772
42 263
76 9094
70 1264
28 13754
19 10248
48 7868
45 19328
8 10850
83 1172
49 9255
6 18554
73 9048
47 5031
10 16246
99 12661
53 17813
35 13497
99 4952
24 9294
46 5494
36 7369
46 7528
34 16606
69 3176
74 8044
40 4402
19 3946
44 15467
83 15965
16 5576
65 1586
65 6881
96 188
82 14153
78 17030
41 19507
53 13582
34 12687
14 18423
35 10386
52 15925
93 4149
52 20143
40 14706
23 17657
80 19468
74 17176
17 16337
97 6794
28 2504
29 10514
17 11044
27 9179
88 6860
78 16206
40 2942
45 19323
80 11326
77 10544
3 13642
77 18170
13 14502
20 1417
88 5670
91 19819
41 17241
22 15471
18 18185
65 9012
44 11226
8 10396
19 7121
66 12385
17 7748
9 15820
24 17203
8 10649
14 12745
100 9425
50 11710
74 3920
61 13563
95 3646
