300 40 33
13 1
43 2
37 2
29 4
47 4
13 4
34 5
31 5
39 5
36 7
30 8
35 8
26 8
17 9
27 9
32 9
30 11
39 12
29 12
36 13
45 13
37 13
27 14
34 14
32 14
37 14
31 14
22 16
27 17
19 18
31 18
18 18
27 18
29 19
24 20
15 20
32 20
25 23
34 24
45 25
22 25
28 26
36 26
25 27
50 28
35 28
27 29
31 29
25 29
22 30
19 30
34 31
16 32
42 32
47 32
26 34
37 35
27 37
21 37
24 37
31 38
25 38
28 39
31 40
26 41
27 42
21 43
39 43
37 44
31 47
38 47
32 48
27 48
39 48
32 49
37 51
28 51
31 52
27 52
28 52
38 53
33 53
23 55
20 57
34 58
32 58
33 59
29 59
26 59
42 61
29 61
31 61
42 62
20 62
29 63
24 65
28 66
38 67
34 67
26 68
29 68
34 68
31 68
22 70
30 70
25 70
19 70
33 70
4 71
43 71
27 72
29 73
38 73
31 76
33 76
30 77
36 79
42 79
35 79
34 79
41 80
15 80
25 81
26 82
30 84
34 87
33 89
36 90
31 90
28 91
42 92
22 93
32 95
28 96
32 100
31 100
35 100
27 100
38 104
22 105
45 105
28 105
25 108
23 110
28 111
32 111
24 112
36 113
24 115
29 115
25 116
25 116
24 116
33 116
35 116
30 116
29 119
22 120
33 120
22 121
24 121
27 123
39 125
16 126
32 126
21 126
18 131
34 132
30 133
24 134
32 135
29 137
31 139
27 142
32 142
34 142
37 144
31 144
25 145
39 146
22 148
34 150
25 151
30 153
32 153
27 154
14 155
38 157
26 157
30 157
36 158
29 159
29 160
26 161
13 164
36 164
37 164
37 168
36 171
31 171
27 172
27 174
22 176
38 180
30 182
34 184
13 184
37 186
36 190
37 190
43 192
28 194
25 195
20 197
36 197
26 198
34 201
35 205
37 213
15 218
40 219
18 222
33 225
26 227
28 229
30 232
20 232
15 234
35 236
38 238
31 240
31 241
41 256
24 257
22 259
32 266
18 266
34 270
34 270
38 271
27 274
36 283
22 287
42 287
25 288
23 292
23 299
21 300
48 300
31 304
38 304
36 307
23 309
16 310
23 312
30 316
31 317
34 318
36 319
20 319
10 321
27 324
25 328
34 332
38 336
39 340
33 340
37 344
37 344
27 344
31 345
31 348
21 349
31 358
21 365
30 371
26 375
23 382
34 385
29 388
31 402
32 413
26 419
15 424
38 425
21 436
28 437
35 437
38 438
28 451
33 457
17 463
22 483
32 521
35 537
28 542
44 551
27 589
37 646
31 901
