500 8 20
218 4895
320 14449
320 19185
327 460
322 7144
218 12702
217 5272
495 18536
504 21909
514 12713
323 23711
243 14759
207 14291
502 12149
512 165
320 16775
325 10712
249 18259
334 19289
492 24556
332 8946
511 21550
322 16006
489 4132
342 17800
211 6477
319 18481
231 2845
214 10847
496 13944
323 19537
476 22988
316 7103
219 19830
209 20662
221 5694
312 1164
244 22082
336 10475
515 17114
227 13662
244 18334
336 706
315 6959
485 24011
233 15404
231 8125
333 23745
316 23670
313 15157
326 18647
500 13082
514 3315
507 8149
485 11380
222 3217
496 6365
244 6361
335 16854
222 10948
305 24184
322 20674
325 23219
522 17061
505 24371
494 3135
212 15424
504 12214
324 1610
222 20417
521 18429
310 2683
338 24535
223 18029
220 2868
332 6751
208 5678
332 7122
319 15299
229 497
497 14976
210 15129
340 9042
230 6647
492 1806
319 10334
233 22255
335 398
326 20029
220 4269
327 13909
314 11044
480 3992
230 10237
306 13843
236 19590
492 15484
487 927
327 21979
217 7670
202 11611
527 10354
498 5369
325 20772
314 1900
217 14103
509 9165
517 17971
220 5114
492 8177
317 24590
516 18360
491 19100
322 2215
333 5919
301 21973
231 15927
471 13641
220 11981
473 8626
242 14351
214 21302
223 9552
325 635
227 19303
242 17837
317 16747
222 18307
230 13943
233 17388
233 18040
313 20858
460 21348
231 2130
225 20236
223 23424
311 8411
216 17512
512 7865
500 11012
479 1221
321 22047
506 1125
493 15227
326 2727
509 5736
320 14203
304 6320
317 9831
314 8015
485 6098
520 7750
223 24163
510 22612
500 775
229 21702
345 1383
493 11727
503 5458
247 18703
231 17207
318 18898
502 612
226 6557
314 17415
318 9309
487 2162
224 20436
506 10289
517 6953
323 9682
341 15528
514 21883
247 5067
465 11956
330 11995
319 22204
326 14456
330 7602
330 15421
331 12913
316 18971
513 17123
464 9006
324 18908
314 24782
327 20648
231 4024
326 864
481 2564
321 14256
340 16194
220 16368
499 1508
200 18541
320 17265
315 6562
519 21494
300 21606
226 14362
327 2966
214 11789
317 4189
486 20634
218 12570
207 22821
237 24192
308 10317
481 8616
242 24224
339 442
323 23617
235 21731
228 23548
325 13770
224 9149
237 3904
215 7346
244 13419
332 13262
224 410
309 15273
318 11052
332 18654
521 12504
216 13313
326 24509
261 22912
229 5071
322 8357
213 19804
349 8733
517 9947
485 10151
487 10202
326 14806
469 6145
505 1451
315 10134
517 19506
333 16203
494 21626
236 18558
494 8428
506 15705
243 16623
223 18452
345 24218
521 15071
338 4736
485 11423
495 1045
227 24842
314 20956
502 4048
490 9328
501 10726
483 22525
475 10983
476 3532
249 13675
505 1700
238 7443
229 978
233 12609
327 15617
231 14273
245 7932
325 14980
312 20515
471 20343
318 18076
320 12408
234 23321
245 1872
322 12058
524 15909
237 12884
221 12468
505 23306
330 19449
477 22371
231 9588
219 10422
324 13685
541 10532
211 1409
327 11890
326 22078
482 12595
229 9497
519 17762
349 6264
333 14057
318 22511
338 8811
230 17237
335 21165
312 22685
324 17297
323 24202
229 13999
330 18612
504 22061
481 1845
319 4505
522 19578
501 5105
470 9231
487 9195
495 7751
229 21032
342 6450
222 9749
244 6965
542 8427
216 1079
318 8261
213 14841
313 9717
490 1198
500 1353
509 12941
339 14131
329 11309
322 8199
231 19034
502 19228
332 1675
227 5671
317 11673
214 22784
471 17475
326 1649
332 615
469 12010
236 15761
225 9923
487 18736
215 10178
214 1243
227 19202
510 13979
517 19312
516 7567
461 17744
332 24455
490 4131
503 16148
226 24651
512 1079
495 21463
507 23723
219 8924
329 14847
330 15054
210 8099
494 22716
494 14264
314 14161
319 22635
476 18747
222 15126
516 3049
319 20554
226 10641
502 9425
501 23679
209 24574
239 6129
490 15448
331 8157
479 4095
495 16234
508 20127
322 15271
197 19068
497 3312
493 2743
498 3249
323 22182
239 17791
527 16513
499 28
329 15005
238 8728
205 11300
216 10787
255 23625
526 5179
324 18517
215 16107
513 5552
497 7568
492 23424
482 2723
231 20869
218 1462
318 14606
311 6853
207 7542
463 16584
498 13234
226 14113
496 18947
326 1088
325 3057
219 21005
490 16695
228 12703
335 21784
214 3545
329 2940
329 6600
205 6835
319 13441
507 1458
489 2176
324 24733
481 15904
330 19643
227 4243
485 23816
303 7459
197 3996
229 12014
485 17210
319 6522
321 22268
314 15757
483 21440
233 15592
506 5135
315 3837
219 24130
228 23716
320 7613
323 3740
243 14108
534 18357
508 23069
490 21609
328 8106
317 18723
525 20362
497 24203
206 20017
504 18786
220 12193
488 20524
338 17002
314 23740
506 18481
507 5269
228 16599
328 18255
491 10876
235 15831
329 3973
337 19753
324 12396
498 3700
326 17645
333 3430
481 24827
338 2677
233 19505
221 19852
233 4124
325 10572
213 6014
510 6201
506 12328
216 20288
209 20671
233 22618
338 15446
511 16293
222 1584
232 18597
225 5737
222 497
523 24361
209 16622
319 17633
326 520
316 6868
226 21829
228 17724
509 21654
323 11745
332 22159
514 12398
335 13897
507 4000
526 6796
219 17670
495 2781
330 20695
216 6568
