100 5 8
4 2
1 2
6 6
4 9
8 9
5 11
10 14
10 18
10 21
6 24
5 26
5 27
6 31
3 34
3 39
10 40
4 44
10 46
2 48
9 48
5 51
2 52
4 57
4 57
9 58
6 58
4 60
10 62
9 64
10 66
8 71
1 75
2 80
4 82
7 83
5 83
5 86
8 88
7 93
1 95
8 98
3 101
2 101
7 102
9 107
4 109
6 114
5 116
10 120
1 123
4 124
5 124
9 128
10 132
6 136
10 136
4 139
3 142
7 144
5 145
1 149
5 151
3 153
5 158
6 161
9 166
9 170
7 170
3 173
4 177
3 177
9 177
6 177
5 181
8 184
3 186
1 187
6 192
2 192
6 194
3 197
2 201
5 203
8 208
2 208
1 209
1 211
9 216
8 216
3 221
9 222
8 223
1 226
9 227
10 228
1 231
2 232
4 236
10 240
5 242
