450 45 31
36 9388
101 6868
98 17955
38 629
41 15381
48 14326
64 6746
27 7975
10 17206
37 13585
95 15541
65 8505
33 716
37 9425
89 16887
69 12044
65 17853
22 11041
23 13678
87 11116
30 12126
14 3312
33 11922
85 140
57 17006
70 11302
41 10138
73 5971
85 12916
33 0
94 13524
27 11105
100 15610
39 16997
76 6800
14 8583
13 4302
32 7643
66 1803
27 8777
105 7098
102 4346
59 17955
68 6923
38 16242
49 12036
63 13641
12 13495
55 5127
93 12746
47 3919
61 16995
41 10031
104 13638
91 17239
79 8718
77 17074
57 9624
45 10089
56 17124
63 16842
60 131
15 12816
95 16824
35 10353
47 1666
47 4911
14 2402
55 868
64 4179
78 3184
75 12869
97 444
64 16227
38 9340
49 1844
92 14499
68 15619
99 0
34 11722
54 7604
19 9304
67 11248
78 15276
28 4362
39 4304
83 17955
101 5084
18 5176
16 2490
52 5284
85 17758
42 0
14 5957
33 17318
91 16213
64 9495
86 7563
85 10203
81 10197
77 4278
24 5889
76 31
105 10842
54 15156
22 15506
29 1571
75 15521
31 12127
27 954
47 16426
90 7606
66 6817
80 14511
93 7488
13 0
89 16078
20 15257
82 1718
79 7539
59 532
45 257
78 1945
78 4179
33 17378
71 13666
102 5964
26 4063
21 2623
32 6121
27 1742
32 7759
22 1893
14 14759
96 4146
34 3576
105 17890
103 13787
76 3631
37 12158
82 8615
105 17817
72 17955
45 4593
71 3572
10 16523
103 17242
23 11901
26 9343
20 12052
65 16149
14 0
105 17955
28 7815
93 853
57 16014
84 16058
48 5932
22 8554
80 8615
20 966
10 10185
23 14774
85 9586
64 12058
72 15206
34 10287
30 9414
25 17016
105 9599
25 17955
48 6859
82 14425
79 9475
33 13957
80 304
89 7652
94 879
91 15369
35 0
14 9348
48 17905
102 13625
96 2653
34 13641
100 10214
71 12010
13 13570
22 17955
90 4105
101 9396
49 7852
25 12757
19 768
89 16479
90 5849
64 2616
104 5370
13 6772
64 13614
97 17868
82 16918
44 2736
35 0
69 8478
53 8631
101 152
18 14235
26 17848
71 3583
77 17955
45 7698
80 17955
18 15522
41 17077
76 2375
62 14522
45 284
35 8666
81 16103
38 933
21 17774
14 16194
18 15272
98 10968
94 9406
25 11236
36 1865
104 14532
58 1037
84 879
50 8028
35 5636
94 11865
10 3540
65 4283
60 13687
60 16323
80 15141
29 1413
77 16302
105 5136
86 11908
35 5024
35 8406
85 1533
39 16217
95 15301
51 13662
84 12661
38 0
86 8547
36 2342
95 16996
34 13705
55 5010
56 16204
69 4341
103 4920
33 17015
27 7103
71 16396
84 886
41 6877
55 9530
33 10066
104 16999
43 47
84 12832
68 26
38 11060
38 11121
40 12701
38 6936
75 17955
77 167
24 3298
76 11158
70 11260
10 4286
98 3415
39 16292
32 11374
102 2599
21 5284
90 12605
90 8731
22 9527
81 15597
18 7823
100 5173
60 115
105 17828
37 12690
73 16004
85 11025
51 12086
51 17955
62 17788
44 15532
17 17356
34 3370
42 17049
62 17174
25 101
104 3564
101 15367
52 13927
29 3283
32 16581
80 2649
39 16034
66 10100
63 16296
62 2337
32 14792
71 17120
63 7007
102 15227
76 7844
78 161
79 5731
45 17079
101 16049
97 2667
48 14608
103 3380
77 8544
105 17955
14 6752
47 15544
18 1744
58 6016
101 10828
84 3339
24 16053
65 1514
93 17955
63 1721
93 5208
71 12794
49 10305
69 10223
63 5915
94 3531
33 12188
77 13859
56 10097
16 17012
52 5233
47 6686
55 13868
47 8717
101 5050
34 3597
63 1834
81 3605
55 12771
36 6114
48 9480
105 11089
29 8565
85 8687
50 7595
83 4544
70 2372
36 15343
52 7667
28 1078
44 4831
81 11758
52 7805
26 7344
105 12090
48 4280
44 1696
77 3542
18 6848
23 5915
49 13526
17 845
88 12760
34 16386
101 14661
15 16329
56 6850
14 6748
103 1028
47 6018
12 1808
94 9528
79 10231
101 5975
105 14536
14 15344
100 6070
49 16233
26 3734
10 17137
27 3364
55 5791
99 8582
48 13037
48 8570
58 3449
13 8503
64 17250
82 5981
26 15580
94 1738
38 5367
54 6077
97 777
36 0
29 7628
78 7497
92 14519
18 4103
84 4488
23 11878
67 9567
37 6296
15 1626
85 14405
78 8668
50 5365
80 17955
102 11147
96 0
53 17955
103 8360
21 5204
27 2495
49 16285
71 5083
23 15484
22 1586
47 11336
18 2581
28 11326
32 1732
32 11936
59 8591
48 13555
94 17955
51 17076
75 8768
67 11112
65 12692
37 16129
