500 66 75
22 12847
17 5184
44 1423
3 6272
28 10305
75 3166
54 8014
63 7875
80 8270
35 14134
75 9097
49 949
83 8800
22 7132
75 13241
5 6907
48 6259
87 232
53 1449
62 4415
22 6220
84 11374
93 7854
32 10879
73 8048
14 14951
74 11112
14 13153
16 10444
90 10896
82 11856
39 6132
22 152
38 5705
50 12279
81 11022
17 12201
59 14342
81 10629
53 8752
63 4580
37 6869
59 11470
25 8755
52 5457
96 14945
83 6599
51 9792
64 14667
38 7194
17 404
97 14377
58 1994
86 1411
54 3486
42 14551
71 9411
45 6840
35 1582
20 1540
79 13452
45 6461
76 9841
35 11861
34 6184
41 3082
27 3350
88 13572
86 11866
32 13324
73 4469
68 6142
62 12308
42 11396
17 9413
3 5601
70 7910
53 12148
12 3066
31 2438
50 11510
58 7604
82 11526
63 12923
8 1123
43 7707
81 4806
100 11593
9 12562
36 203
10 2735
17 14100
38 3392
11 11080
16 12011
84 9044
28 6866
64 3234
84 3710
24 14000
11 8268
97 8844
22 4453
40 12915
99 3367
18 795
62 1709
79 8933
50 8170
96 5071
100 1496
27 8317
42 13802
2 3280
98 4599
13 12325
71 1881
38 2042
67 11581
87 6338
56 4577
89 5954
39 4445
8 7572
39 12046
28 4984
3 13533
27 3791
99 11195
92 6354
56 8696
34 10863
93 11675
89 7036
43 11744
21 7608
63 5972
45 7547
69 14123
82 4207
5 5952
62 4178
13 11462
37 6504
10 11292
63 7742
60 3020
100 1615
97 2189
64 11406
66 15112
29 11188
17 10271
11 9810
60 4309
82 14267
19 10591
38 4998
4 5563
53 3665
26 12987
36 13540
63 9920
86 1957
100 2893
79 4243
5 11085
23 1661
34 3014
51 13026
11 2059
49 532
81 1067
11 4860
76 12821
74 6918
13 426
58 2412
7 9484
49 1595
12 3017
42 4287
21 10358
29 7657
96 8441
39 6722
30 7684
30 14605
1 13281
72 2206
61 4966
74 14508
37 5890
33 3023
56 7935
1 5383
82 13908
19 3498
73 1964
28 2451
24 11382
11 3870
50 1013
78 13327
73 3809
6 12250
14 13310
43 13019
91 3982
2 8649
100 9332
28 9023
47 4716
52 7227
89 6375
76 8474
65 11370
94 13102
100 14968
100 14086
20 4043
95 7445
23 15023
5 14527
39 9914
20 7536
44 1076
84 1631
72 7306
14 13183
88 13516
89 11865
46 13738
48 7722
65 2183
61 6696
64 9917
86 1396
60 12181
86 2456
99 7044
10 5950
27 4514
59 2712
19 3832
2 10526
89 2773
67 11074
54 8764
85 9988
77 711
45 6311
9 14364
11 13717
41 8755
57 3919
68 6459
10 14735
83 2200
30 11943
21 8338
55 5714
14 1978
94 9397
72 11152
43 3760
7 7315
61 10298
83 2484
62 9539
21 6797
33 5808
48 10720
83 12223
43 13607
27 12341
14 11596
41 8056
38 7433
96 8166
44 744
21 7611
73 12800
34 6991
34 5787
39 8233
68 9399
55 4852
78 2624
44 2803
29 6351
7 7388
76 3944
70 4904
45 2111
86 13961
66 10912
59 1846
40 9658
36 9017
65 7556
86 6676
88 14193
68 4798
40 9059
71 3594
99 7350
19 1593
61 11804
56 9384
67 3420
79 14733
87 9162
18 13525
59 10975
24 1832
41 5863
15 8066
8 2305
9 14696
87 12511
46 14039
66 10842
30 15053
32 11706
42 10112
43 14879
85 10691
70 13243
24 10458
10 803
18 12515
11 9021
100 10601
64 4040
73 2353
18 4853
27 8988
25 10044
69 8921
41 6162
20 91
93 8218
71 698
88 1563
5 12605
76 15079
28 14346
66 13700
71 253
70 4823
47 9782
31 4888
67 7428
45 12467
10 14789
96 13060
63 3040
38 10838
15 4680
23 4816
66 3034
79 11563
68 11017
65 13237
29 10655
87 9604
21 5313
21 601
13 8603
91 1872
90 8149
59 11460
91 3328
62 2310
40 13768
80 7545
54 9341
75 6580
92 4244
27 12338
73 3086
56 12231
97 11613
57 74
90 10425
90 1674
86 10851
22 4588
39 11365
58 14747
91 13086
98 14282
87 10248
38 8723
96 15049
75 5171
83 14031
49 11559
52 6550
95 7307
66 3283
100 8707
27 12529
5 10433
100 4127
30 14151
19 12259
60 2121
9 6420
83 7743
16 504
78 14578
29 11084
18 6859
4 9162
16 7482
29 10813
36 10677
40 8631
47 10282
54 12592
86 4313
53 7746
53 12021
78 6066
67 460
95 2360
91 12435
78 10212
53 3737
19 13081
43 1964
65 10515
7 3590
34 9390
42 10035
84 8363
21 13557
34 5704
57 12897
18 5210
41 3213
2 8177
45 1960
46 12220
65 10721
68 11732
49 14059
65 7264
46 2414
72 4692
15 4138
43 1966
2 8005
21 218
83 7384
40 4200
44 4263
81 2136
57 2879
86 4365
11 15031
8 7311
30 6377
36 8049
66 6146
7 4316
100 6594
19 8295
64 6274
91 5215
20 11937
87 3330
75 1962
64 3488
11 5651
78 7181
56 13155
82 3289
29 14736
7 1898
64 8279
61 10541
56 9171
98 29
95 10570
18 2331
45 5694
70 14215
23 5158
58 11911
23 5317
84 5401
11 5250
47 7071
2 9700
22 12915
66 12175
46 13905
