100 3 4
44 861
101 429
48 479
66 377
44 715
65 894
99 461
104 570
66 28
67 440
45 119
65 913
63 869
41 77
48 774
102 350
45 430
42 455
63 955
47 674
68 169
101 238
67 738
68 761
102 759
101 183
65 956
66 842
64 55
45 859
97 645
101 556
67 573
100 970
48 822
109 913
98 553
67 533
63 718
64 900
63 350
66 710
100 592
41 437
105 113
65 370
66 44
62 673
100 333
103 68
64 529
97 441
97 916
43 251
44 769
43 790
64 844
96 721
50 69
45 10
65 833
98 862
67 160
43 532
45 813
98 480
65 331
101 954
64 277
98 665
66 450
98 26
65 468
102 376
45 757
43 601
65 31
64 683
44 630
101 300
45 169
62 95
64 654
69 280
99 846
47 57
51 22
67 453
102 73
94 242
46 28
104 488
64 918
45 405
46 115
45 530
44 264
42 713
101 752
98 941
