400 28 200
61 174
25 73
88 73
98 123
23 12
39 181
64 132
36 38
87 77
55 88
80 122
51 156
80 113
20 2
80 117
86 192
27 78
67 30
45 114
39 39
81 43
98 195
65 31
12 53
60 34
71 133
90 35
77 173
37 34
42 152
32 87
11 163
53 73
71 148
100 156
61 10
22 29
75 14
47 26
45 30
62 14
91 31
82 177
86 1
47 78
35 166
55 72
99 142
28 119
70 13
28 18
39 107
55 192
73 148
30 77
45 96
11 6
10 87
40 186
11 94
47 172
88 40
46 158
71 197
72 194
30 5
81 193
86 85
50 61
26 127
32 8
99 43
17 148
94 126
65 127
30 51
25 153
42 82
33 90
58 63
56 34
93 195
59 175
63 74
27 33
36 151
10 133
60 71
23 88
100 1
85 19
29 41
38 172
69 72
39 149
28 80
22 102
56 11
30 65
72 93
66 32
10 0
87 104
82 190
80 0
82 16
62 101
74 103
19 3
95 92
11 56
14 93
67 54
50 82
56 12
23 95
81 44
88 111
41 60
61 35
57 111
45 181
15 29
74 120
40 122
98 14
97 180
88 188
25 74
91 135
36 105
19 92
45 175
97 160
78 106
65 27
16 194
17 5
10 27
74 169
30 130
53 68
47 34
95 22
42 122
83 111
15 198
86 23
58 32
99 26
55 20
62 154
70 196
77 34
28 31
45 31
31 11
41 1
82 164
78 184
86 187
42 76
100 50
38 24
16 83
49 34
16 71
58 34
41 162
66 61
20 157
11 91
97 70
28 40
50 12
76 107
76 137
84 163
53 192
25 175
24 125
27 120
56 154
15 147
56 167
94 154
15 45
20 101
28 38
41 183
79 42
12 150
83 190
18 67
41 155
97 82
74 110
34 138
88 86
76 87
75 176
84 33
97 119
54 200
15 116
80 6
70 102
51 55
92 60
39 114
43 35
82 96
49 124
73 182
85 30
28 0
27 106
42 47
37 36
100 66
99 172
20 106
66 156
82 98
81 197
73 55
99 47
92 45
37 1
72 140
96 91
68 147
61 158
37 82
85 110
31 15
75 44
47 200
10 167
64 112
62 128
66 199
40 125
12 57
46 69
41 91
22 11
20 51
74 124
81 39
50 14
69 88
46 13
85 28
28 92
68 16
84 168
71 125
41 44
81 93
64 184
28 65
63 131
72 51
61 169
40 190
69 167
49 68
64 82
19 32
29 106
20 3
53 198
62 2
81 102
46 149
14 21
22 2
85 115
48 81
77 79
13 104
52 85
42 121
43 127
62 199
67 46
56 144
93 162
94 19
14 38
79 143
87 68
89 112
50 94
50 106
42 131
27 173
80 143
51 196
75 154
54 52
35 186
53 158
87 187
33 125
94 192
16 86
21 71
16 141
48 70
82 190
96 97
76 30
48 165
56 173
56 51
80 86
14 59
85 197
90 176
84 108
23 194
68 24
95 59
90 113
80 135
78 101
39 76
17 113
58 44
76 27
90 173
83 195
94 75
10 35
57 9
84 25
19 98
69 94
99 63
78 38
48 61
69 66
55 9
59 142
37 7
23 181
14 114
23 169
30 25
29 177
16 74
60 131
67 41
40 9
28 200
35 33
33 171
89 9
12 44
41 3
50 174
97 77
34 47
26 119
11 19
84 141
94 113
52 22
10 148
68 84
79 99
78 18
29 132
12 109
68 15
40 126
56 190
92 128
67 50
17 192
81 108
47 129
13 80
93 43
31 53
36 157
50 123
77 56
43 121
11 6
100 176
50 74
70 189
48 166
15 185
29 125
87 78
22 63
