350 32 27
60 522
57 1688
79 609
28 2214
45 3248
89 1393
73 944
80 1095
10 1334
91 364
14 1982
38 623
72 744
42 257
12 390
37 1115
75 3437
69 1569
22 1241
47 273
17 1772
5 2335
57 2087
30 1295
36 2592
33 1101
89 2245
33 1971
61 262
62 1705
15 1570
80 1719
93 1931
84 584
51 956
48 3167
99 3373
93 138
80 1822
42 1936
17 364
62 3091
17 1121
44 1669
80 1159
61 1064
14 2925
18 269
50 2170
40 3288
30 1901
99 2664
19 1595
33 690
46 2396
41 2938
46 2547
57 3363
47 2705
26 2230
97 2838
8 507
64 3288
15 31
83 2379
99 2131
10 1198
1 3191
36 2311
11 1704
40 3254
27 3336
37 1998
44 2340
36 1632
41 1216
95 2711
83 1467
94 2064
8 2287
18 1173
57 1441
31 3247
13 1581
23 1689
27 995
41 1102
99 1521
22 1818
20 932
74 2286
74 1420
85 2703
67 570
43 121
51 1424
17 2629
28 1886
42 635
25 1122
98 1408
83 2502
52 2652
57 3080
79 3455
1 2780
56 2188
97 3095
72 1692
71 1330
21 359
88 2966
72 2469
14 3100
37 3107
32 1764
13 126
99 511
64 198
23 3286
32 3473
4 3395
14 226
23 1616
78 1609
94 993
45 2882
20 568
38 3452
67 1479
18 45
31 143
42 2565
43 1625
28 1215
34 3010
76 863
9 3282
49 1121
49 1497
78 1959
18 1465
75 9
36 3285
21 2727
26 3469
55 2732
34 1539
43 863
16 2176
20 1018
29 2382
28 3389
67 2829
51 653
49 1541
61 3068
48 471
83 159
97 2241
15 1849
9 2753
2 2462
9 3142
53 2506
82 1478
57 550
64 3237
64 318
48 3137
78 1044
70 3398
9 1821
24 1283
81 580
33 2873
1 4
66 1005
16 968
21 784
50 1346
24 2947
43 3215
12 1774
34 1595
70 573
45 1994
63 450
54 375
92 1588
3 3093
8 129
19 2664
60 3471
3 773
44 1489
59 3142
29 3224
46 1691
69 2216
4 2255
96 2054
20 1015
7 2972
81 1568
4 1807
85 1481
40 2398
80 3493
64 3080
15 945
82 3335
87 778
12 3087
19 156
73 353
14 899
13 1291
1 2622
5 734
50 2700
30 2615
47 3087
40 1575
12 3367
44 1537
63 1314
40 2682
83 409
40 260
57 3203
84 528
52 2843
68 2458
7 1205
28 1375
79 339
31 2735
87 3116
50 1806
15 637
6 2281
68 3253
39 2239
67 1141
21 1641
58 1288
12 2894
87 3041
46 1956
85 496
74 2033
2 1015
95 1471
90 2356
15 2721
26 671
62 2303
53 1904
83 2784
34 2957
35 2761
16 3387
55 2241
25 544
83 2527
50 3367
72 1444
72 1870
63 440
95 1533
19 3061
99 660
57 1306
60 17
8 2016
98 1240
1 1405
30 1767
2 894
29 1011
91 2950
34 1237
98 1100
8 1342
67 35
3 3355
26 123
62 2455
72 2184
90 1462
55 3092
48 10
15 374
8 1857
34 3351
81 461
29 2871
62 271
11 1935
21 171
74 2717
82 2040
4 624
75 1324
58 3318
91 882
63 2561
80 2997
60 2366
11 3492
63 2657
29 703
77 3172
71 3092
99 1447
73 3464
69 1029
100 3330
42 1685
76 1115
66 1267
98 2642
27 1818
89 3068
81 940
60 2875
52 2460
99 3115
88 35
17 1824
3 3490
98 1685
57 617
34 3336
67 977
18 2233
44 3299
47 2819
60 266
33 664
60 697
70 538
58 2534
56 41
3 383
11 1444
62 626
77 3066
63 624
