350 101 45
72 1
86 48
54 57
74 59
83 100
90 117
66 122
49 147
52 153
47 171
67 189
29 191
53 200
67 209
42 215
70 223
59 224
55 229
59 231
48 231
57 236
76 243
55 244
63 246
104 250
78 251
56 259
33 266
37 270
62 274
87 277
68 281
56 282
52 284
69 284
101 288
77 297
94 300
61 300
43 301
54 302
82 304
65 306
78 307
49 310
47 312
50 315
53 320
62 320
60 322
61 325
59 331
34 331
69 333
53 334
72 338
79 341
30 342
81 344
43 345
47 346
62 347
60 351
54 353
49 354
46 355
74 356
35 361
81 367
44 367
62 368
76 369
49 369
36 373
64 374
44 379
65 380
57 380
60 380
87 382
90 384
88 385
54 385
76 386
50 386
52 387
42 387
59 387
35 388
50 390
78 392
55 393
59 396
56 397
47 398
47 398
94 400
75 401
104 401
92 402
69 402
57 402
37 403
66 403
42 406
69 407
60 409
65 412
62 414
54 415
56 416
59 417
71 417
61 417
73 418
72 422
70 425
66 428
42 432
66 433
31 433
65 433
65 433
68 434
86 434
40 435
61 435
49 437
33 438
66 443
46 444
99 445
63 446
65 448
35 449
77 451
69 452
62 454
61 455
60 458
84 458
101 459
89 460
65 460
77 460
54 462
68 462
52 462
57 462
81 463
74 464
48 466
61 469
42 470
79 471
75 471
46 475
49 478
49 482
68 483
74 483
99 483
74 484
69 487
73 488
55 489
57 490
66 491
51 492
63 496
85 497
53 500
73 501
72 501
62 507
49 507
54 508
62 509
68 510
84 510
67 512
55 514
54 521
61 522
67 525
74 526
62 526
70 527
61 530
56 531
72 532
76 533
79 542
83 543
35 544
38 548
51 550
78 551
62 551
64 551
86 553
66 554
75 554
20 555
57 556
48 557
74 557
56 557
48 557
65 558
64 559
51 563
74 563
63 565
52 568
80 569
78 573
44 573
72 574
69 574
81 574
51 575
37 576
60 577
67 578
59 582
78 583
48 584
54 587
74 590
69 591
69 591
38 591
63 593
67 594
61 594
74 598
84 599
71 599
90 599
86 600
73 600
79 601
79 607
63 607
69 608
44 608
62 608
48 612
69 613
56 614
47 618
66 620
78 621
63 622
78 622
80 622
62 625
53 625
62 626
67 631
80 632
76 634
56 635
58 637
56 637
63 639
59 643
57 643
74 646
69 646
62 647
14 647
45 649
42 651
47 653
34 656
84 659
49 660
34 663
52 665
83 667
70 667
65 669
73 671
64 672
65 673
67 674
54 676
69 681
78 681
61 683
48 686
52 689
63 691
56 692
66 692
65 694
72 697
52 699
61 699
74 701
58 703
65 705
63 706
65 708
48 710
65 713
58 722
56 724
63 724
42 724
27 726
56 728
47 730
51 733
37 734
65 737
50 739
50 741
65 742
68 744
81 744
83 750
49 751
57 757
60 770
44 770
45 774
67 776
41 776
70 779
96 780
32 782
42 782
78 784
53 817
38 819
91 836
35 843
66 855
54 857
62 868
41 883
68 916
72 964
66 983
80 986
82 989
68 1051
