350 8 18
157 5580
156 5425
219 8667
227 4725
359 9966
356 11590
213 1173
167 5899
344 5821
353 3710
141 2698
340 8586
145 1755
349 1423
345 3087
365 2762
221 7240
232 11253
226 10725
165 5519
165 106
156 4939
142 10942
162 11863
230 631
352 2144
358 10185
156 10009
159 11488
168 7034
166 1255
237 2912
240 11673
212 2070
219 10450
349 6461
222 9368
171 7146
342 1691
227 4410
348 9899
349 9582
237 10285
233 1918
227 3764
364 284
157 8253
346 2330
225 6783
227 9700
229 7033
163 7693
376 5660
219 9885
348 2264
342 7960
150 8420
163 10740
164 10808
168 10966
245 830
155 8532
221 5548
338 2467
227 11826
228 874
156 9239
225 2786
218 4145
341 1115
366 8682
228 838
228 390
233 9481
220 10929
160 9909
237 8462
232 3391
232 528
350 9027
326 1322
215 7974
159 7167
152 3746
359 1995
231 8539
373 170
225 4393
243 3045
233 10324
364 483
344 5928
371 618
353 1812
223 5159
172 5122
361 3221
156 12087
155 9812
359 5056
227 6952
354 10013
345 231
155 10214
347 474
345 4084
231 11197
348 6558
338 11023
332 2841
344 6541
333 3971
226 8830
223 8159
333 1030
231 6184
348 2219
230 7459
227 2323
233 3842
217 9487
149 418
164 5416
229 11959
224 5918
360 6611
170 3194
158 2966
354 2726
150 9890
228 6113
173 11639
363 10479
182 10684
352 7405
338 690
152 4987
234 286
219 2973
345 11863
350 10391
226 6233
225 5749
173 12048
341 3585
170 7425
165 10955
156 3244
226 11044
154 943
163 3497
354 9292
346 2547
227 7500
237 9167
164 5187
150 10996
334 11773
143 760
153 595
158 154
237 4894
363 6328
151 1000
233 925
232 3810
347 10008
374 6501
161 11990
225 6678
355 1151
154 12045
365 4750
169 5878
156 4291
233 5710
230 3456
156 3632
338 1972
346 3040
153 8887
228 5206
236 1706
167 3426
374 11662
157 5088
367 1892
229 11887
346 652
151 4268
339 690
358 152
155 11747
230 1152
152 10776
351 7587
237 2923
156 8601
165 6514
353 7084
335 1890
349 473
351 10212
212 4316
149 3114
355 6691
226 1606
223 8764
160 1441
226 8570
231 9587
227 3857
347 4859
241 2821
238 1052
242 11438
366 8619
231 1968
228 5349
342 11685
361 7970
226 11315
219 25
360 8422
153 603
229 8553
223 1289
148 11962
235 9978
338 10238
361 4531
358 5372
237 10011
349 2869
159 7716
366 4494
224 5621
364 3480
225 11148
352 6630
363 4992
151 9689
240 336
227 1580
366 10301
360 3417
228 9036
221 10078
168 9635
345 2320
338 1354
160 9336
161 1806
224 4512
365 5350
154 8105
349 3394
225 1404
219 3176
153 7807
355 7630
326 6719
221 7668
355 4661
154 8702
218 4031
236 2056
380 4615
149 9965
341 1919
358 6137
147 5920
231 12096
222 3562
354 7653
350 2145
230 1762
230 1897
224 3561
152 384
158 8789
228 2166
228 8775
153 8235
234 9255
152 7278
158 7944
348 3044
352 632
222 11656
363 9174
159 1553
165 2971
223 3525
352 8466
352 8134
359 4660
329 10597
356 8134
350 3678
343 9559
224 4965
242 7055
340 2896
228 5732
351 2680
222 2186
361 9635
236 7692
345 6052
160 9946
354 9513
227 1768
159 3414
227 3558
369 10563
358 2672
228 10865
171 10674
164 9047
151 10741
359 4567
338 2824
346 10605
136 8336
149 3278
351 7271
343 10444
231 40
226 8063
219 4302
359 5631
164 3110
229 7806
232 4184
362 1775
227 3323
226 10547
161 4271
154 11411
172 1269
345 10612
233 8690
352 6876
220 12059
225 4132
224 245
228 8218
231 10429
147 9604
