350 10 5
26 1
22 2
28 3
45 4
38 5
22 6
28 7
40 8
45 9
24 10
26 11
22 12
29 13
45 14
30 15
42 16
24 17
40 18
26 19
38 20
28 21
26 22
38 23
45 24
22 25
28 26
38 27
22 28
40 29
38 30
45 31
29 32
42 33
40 34
40 35
40 36
30 37
24 38
22 39
40 40
42 41
42 42
45 43
40 44
30 45
24 46
40 47
22 48
29 49
45 50
38 51
29 52
45 53
24 54
26 55
29 56
26 57
45 58
28 59
45 60
40 61
22 62
30 63
22 64
26 65
29 66
38 67
40 68
38 69
45 70
38 71
26 72
24 73
40 74
28 75
38 76
24 77
42 78
24 79
22 80
26 81
45 82
24 83
22 84
22 85
45 86
29 87
26 88
30 89
22 90
45 91
28 92
29 93
30 94
22 95
29 96
38 97
45 98
24 99
42 100
26 101
45 102
28 103
30 104
29 105
28 106
38 107
42 108
28 109
29 110
45 111
26 112
30 113
24 114
42 115
42 116
30 117
45 118
42 119
40 120
28 121
24 122
40 123
26 124
40 125
28 126
24 127
38 128
22 129
22 130
24 131
38 132
29 133
28 134
38 135
42 136
45 137
38 138
42 139
26 140
42 141
38 142
40 143
28 144
22 145
40 146
40 147
42 148
42 149
30 150
30 151
45 152
40 153
38 154
28 155
26 156
29 157
45 158
29 159
45 160
24 161
29 162
24 163
45 164
22 165
42 166
45 167
24 168
45 169
26 170
22 171
45 172
42 173
30 174
24 175
29 176
30 177
22 178
30 179
28 180
22 181
42 182
30 183
28 184
38 185
38 186
45 187
40 188
45 189
29 190
26 191
24 192
30 193
38 194
26 195
42 196
22 197
26 198
24 199
38 200
28 201
38 202
22 203
24 204
29 205
26 206
24 207
26 208
24 209
42 210
30 211
24 212
24 213
38 214
29 215
42 216
38 217
26 218
24 219
40 220
40 221
28 222
40 223
45 224
45 225
26 226
45 227
24 228
30 229
26 230
38 231
26 232
45 233
29 234
26 235
42 236
26 237
24 238
24 239
24 240
26 241
24 242
40 243
45 244
30 245
30 246
28 247
29 248
30 249
40 250
29 251
30 252
29 253
24 254
38 255
45 256
45 257
24 258
30 259
24 260
38 261
38 262
29 263
38 264
29 265
24 266
29 267
45 268
30 269
24 270
22 271
22 272
45 273
45 274
24 275
29 276
42 277
29 278
30 279
38 280
26 281
30 282
28 283
24 284
24 285
26 286
29 287
28 288
22 289
45 290
24 291
26 292
29 293
30 294
40 295
42 296
26 297
40 298
28 299
22 300
42 301
29 302
42 303
38 304
22 305
42 306
45 307
30 308
22 309
29 310
26 311
42 312
30 313
40 314
28 315
22 316
29 317
22 318
26 319
42 320
29 321
30 322
40 323
42 324
29 325
24 326
26 327
42 328
38 329
24 330
28 331
30 332
40 333
42 334
22 335
38 336
28 337
38 338
40 339
24 340
24 341
38 342
38 343
24 344
24 345
30 346
38 347
26 348
22 349
30 350
