500 30 5
1168 19
780 212
1628 250
161 214
210 348
1620 436
1968 223
474 225
1538 48
1488 101
328 315
1541 322
7 214
958 306
1490 428
1452 335
1116 217
1107 133
627 435
1005 114
596 114
759 302
1496 328
678 216
61 433
993 33
137 210
1067 210
113 247
1997 11
865 207
1981 210
1217 415
1478 138
1189 210
445 4
1792 421
951 321
1435 305
1588 308
744 30
301 245
925 15
1647 242
680 330
1903 17
1786 240
1710 437
1551 23
229 116
568 108
232 348
1065 113
452 345
129 434
1756 229
1473 316
1836 123
489 413
961 406
1470 0
476 239
882 243
1905 35
797 220
1474 449
177 40
1990 132
1808 35
670 217
1171 149
1398 408
558 0
1124 13
1295 449
1024 108
1258 422
1129 340
453 206
944 234
1471 114
1608 19
896 435
950 35
1304 48
1288 331
251 227
1863 326
1613 450
1631 238
105 413
483 206
376 236
1634 337
81 209
801 236
1201 329
1419 402
212 136
1836 104
1832 441
1152 435
5 43
1443 331
854 313
167 27
669 202
675 12
901 136
1167 303
1506 441
1820 341
1154 133
1362 303
27 216
450 202
425 143
1863 21
694 1
563 106
1051 30
50 202
276 226
50 38
996 205
1714 109
1382 220
546 229
1549 405
1536 447
1904 442
372 101
1240 103
1906 231
431 134
566 106
489 123
1835 136
1236 148
1149 228
203 408
1154 30
343 232
1998 207
602 125
1203 125
877 344
109 139
284 16
1112 217
616 427
1412 410
506 103
615 243
696 434
1411 33
1850 241
894 33
212 419
1842 35
243 408
1777 140
1209 229
309 213
64 25
998 101
821 428
1957 150
1083 306
1033 123
1523 34
1894 420
1584 423
499 300
1095 309
239 132
1672 6
614 19
920 347
1336 102
1730 431
927 325
1440 241
1683 434
1116 350
1826 416
1537 37
986 245
857 407
531 412
196 134
634 320
46 240
902 243
1122 442
16 17
144 300
1774 218
1518 218
822 319
415 43
993 143
312 31
1991 48
102 12
1092 24
152 235
122 429
1929 424
1171 15
1564 103
107 200
1226 312
1084 48
763 329
785 113
479 150
255 119
536 225
1948 36
32 324
353 321
1911 425
684 200
1387 211
1426 7
1974 28
428 311
1746 420
967 303
1701 401
1210 432
131 37
973 328
1495 204
1314 338
789 18
1511 347
1106 331
1391 239
557 117
904 324
1364 5
380 422
1086 1
1413 301
647 149
74 0
1477 11
339 120
918 320
975 337
279 418
1409 404
364 306
1329 326
1922 416
1940 16
1271 2
638 131
1734 110
1787 401
678 323
1431 231
872 39
1749 145
948 318
970 122
943 227
298 122
320 127
691 113
1696 339
1809 30
1057 301
1870 38
949 301
686 215
375 127
368 43
1065 126
47 422
1299 4
567 446
1597 324
1829 14
964 407
1313 336
1045 328
1638 316
1035 405
1041 332
719 429
1464 337
217 18
49 149
54 234
1737 122
177 14
543 431
1581 118
403 142
389 123
1941 227
526 34
1559 43
53 39
195 328
117 201
1385 34
1719 403
796 1
104 104
967 22
683 300
1869 345
1119 248
1739 14
27 221
409 5
1612 207
1197 4
742 229
1207 411
1840 230
1188 405
1496 21
273 138
638 304
1721 336
1141 318
1365 126
1826 307
1980 407
1887 347
1120 147
522 221
510 409
185 241
1271 128
1318 426
18 225
1759 419
484 205
444 246
1750 221
129 422
1395 326
503 424
1821 406
197 316
163 126
1856 346
1717 334
763 439
1495 400
1824 143
1668 236
689 123
619 100
809 445
431 416
143 403
1088 427
401 320
1931 213
985 243
195 449
297 22
1798 112
926 321
1440 435
1795 442
762 139
1707 338
422 414
1167 16
1131 202
470 13
249 106
246 0
1700 126
973 315
1494 242
1933 427
873 319
1945 110
1992 203
1178 302
1103 216
1197 413
1327 142
857 119
380 25
1444 2
136 6
489 48
1514 305
493 303
860 17
1387 138
839 444
1529 25
1760 225
1161 339
1667 240
1733 303
311 422
1033 110
1034 413
1716 106
375 125
201 331
67 138
338 347
618 143
1712 11
1462 116
859 44
239 1
456 43
879 205
122 445
814 405
676 14
1136 19
806 126
462 110
1843 136
1600 47
1601 313
1927 346
1667 449
1934 448
185 307
190 146
1597 346
267 112
374 28
1965 240
1702 129
173 128
394 312
485 303
159 217
1987 428
1899 31
310 117
1874 127
1696 240
1736 101
148 310
1380 229
520 330
200 418
1158 340
1709 205
1831 440
1564 36
61 24
946 321
454 44
905 410
1646 427
456 47
945 327
113 5
521 144
295 450
1339 435
1704 28
1902 405
640 402
698 129
947 111
1325 449
1096 235
452 200
1355 435
1334 136
766 339
548 234
208 238
388 442
1534 141
1909 8
1966 420
1925 201
930 6
607 135
459 207
1805 305
1560 217
1929 26
1770 118
750 225
123 300
39 318
1948 437
207 425
