250 7 125
61 66
27 189
37 118
100 16
60 200
58 125
93 72
16 198
83 166
50 150
97 146
91 106
25 161
73 164
38 167
35 0
80 192
88 106
97 131
88 107
96 113
45 162
19 159
95 42
59 173
16 63
29 64
59 73
11 139
41 46
57 85
53 18
26 186
92 68
77 8
61 109
90 40
71 97
100 140
25 177
18 166
76 162
18 131
89 93
49 118
10 100
36 61
79 98
37 43
74 129
18 17
27 72
15 91
34 84
41 116
70 124
16 63
50 182
45 195
43 143
88 122
78 67
80 90
75 182
67 114
16 14
65 115
93 26
25 126
66 7
19 29
72 177
80 159
38 179
24 22
31 81
75 68
43 168
33 90
53 11
42 157
85 92
30 62
92 161
90 118
24 176
40 36
28 16
67 13
58 74
54 149
88 123
11 140
29 68
81 48
36 56
80 58
45 66
41 94
76 5
78 127
45 101
54 92
52 11
75 34
87 71
78 75
73 4
98 93
96 89
100 91
50 90
62 178
74 25
44 112
87 54
40 191
20 164
63 117
39 166
57 88
32 16
82 132
52 125
18 165
48 99
38 43
35 129
28 17
32 106
35 124
61 71
26 40
36 90
54 48
43 39
84 115
65 24
26 25
86 115
53 80
18 32
63 65
81 200
34 176
18 147
96 17
24 117
86 113
18 139
34 162
74 50
40 197
55 118
31 118
75 97
12 150
71 169
45 57
93 48
56 53
32 197
24 26
54 190
50 156
39 148
94 53
23 135
54 11
12 89
41 10
80 54
60 60
79 151
12 29
87 85
76 113
74 12
39 143
31 97
49 90
22 7
44 67
59 40
14 54
70 194
12 164
89 186
79 99
80 174
73 183
44 32
74 64
16 5
15 33
52 7
54 37
95 13
70 78
43 161
62 133
26 92
79 184
40 113
61 165
75 200
63 149
90 112
31 32
89 138
20 47
45 81
41 64
36 63
88 145
37 24
100 134
72 142
33 128
24 123
68 25
50 190
16 14
60 13
33 159
57 7
48 183
19 47
43 129
69 151
54 128
25 54
23 151
38 57
11 133
94 150
77 175
13 14
32 83
41 43
25 81
79 46
13 131
11 90
86 134
27 146
45 70
12 150
22 69
39 48
