100 35711483 10
131919379 366335309
149775709 397233649
147289433 347293451
129396929 61397927
117873953 121764119
104249687 243228577
112244441 225900881
37222961 84151073
46601449 164803829
141344897 50741921
87700013 107852089
70973729 238384609
42198421 437142833
122158483 321591377
71533549 438401851
104484257 164759333
118738751 279110717
54277231 188542271
103037971 301483939
112690751 88424477
102342677 389721061
181731509 83388001
106887581 166643891
104877469 219982423
73992767 192279337
137817157 213626723
111714961 285369421
94745659 380165011
93495113 173653897
125865317 229138999
88243919 247081531
48068483 373925257
13711583 332627123
101118461 192880603
87738667 242062939
121321667 380810621
24058763 285361591
90681991 143289677
88617407 289480673
29446673 377585891
105985991 263275373
71748613 269643427
36567617 59742911
167173199 67847111
82542767 316071367
75058507 144466331
105907511 133480673
168638839 287401097
25712933 265427881
107466407 245804393
121239683 189174257
48500791 441800867
54483703 240483029
127983671 247794851
185201117 448575293
150841123 332133119
83341829 143461421
75371707 191062601
113106869 62065807
173318351 270579619
91555439 261257873
98425343 284521933
126996413 198117341
35822777 269673829
119086949 158911637
142372019 298182107
60871247 332288483
62470589 40299353
130126949 224300459
46679887 200563163
119871683 238604029
70833143 199610339
121127723 400189303
45819701 167816771
139101511 373790861
16798927 113929799
156817823 294626447
149295499 272891501
110156461 225012127
58406879 374800949
95040487 249751657
37100741 222550759
149232077 223190039
112462271 162028457
93827771 230660333
110218211 412399249
142118051 156188387
24489599 202462873
85370221 204446087
94945993 139486673
71474891 283414007
67716793 245912419
69483839 225579383
157133623 448244761
103380707 234812581
118548263 91634317
38818177 344780549
78210793 332313119
114019277 353366231
103269469 188930381
