500 100 57
53 1
46 9
57 14
48 14
33 19
64 20
50 29
41 30
39 30
72 32
37 34
65 35
73 36
35 38
43 42
55 45
57 45
42 45
32 46
56 46
70 48
43 48
57 49
79 50
47 51
42 52
54 52
58 53
57 55
41 57
47 57
67 58
41 59
66 59
74 60
52 65
49 67
24 67
57 68
40 69
49 69
64 70
34 70
96 71
75 71
72 72
34 72
78 73
74 73
62 73
67 74
49 75
63 76
70 76
72 79
58 81
10 81
56 82
52 83
70 84
35 87
54 91
52 92
63 93
40 93
35 94
58 94
72 94
82 97
61 98
45 101
58 101
34 102
59 104
42 109
62 109
56 109
63 110
29 110
20 110
47 110
64 111
63 112
41 112
75 112
54 114
70 117
42 119
81 120
47 120
62 121
57 122
86 122
79 123
27 123
69 124
43 124
75 125
67 126
60 129
36 130
37 131
34 131
52 132
56 132
39 133
44 133
74 133
72 137
41 138
32 139
29 139
64 139
44 142
25 142
41 142
59 143
59 144
53 144
49 145
63 145
56 146
25 147
64 147
64 147
64 148
64 148
61 148
35 149
60 149
59 151
55 151
37 151
52 151
62 152
71 152
52 154
90 155
50 156
44 157
58 158
33 159
55 161
29 162
68 162
51 164
73 164
41 165
65 165
47 165
49 166
32 168
44 168
38 168
64 169
31 170
78 170
36 170
74 170
54 172
61 173
55 174
51 175
61 175
69 179
62 179
44 180
73 180
47 182
71 183
57 183
48 184
53 188
63 188
62 189
46 190
82 191
23 193
81 193
27 193
74 194
37 195
70 195
38 197
59 200
78 200
57 202
46 204
65 205
31 205
56 206
73 206
62 208
57 208
45 209
30 212
84 212
69 212
62 213
69 215
48 215
66 216
43 218
38 218
53 219
45 220
67 220
55 222
66 224
27 225
42 225
54 226
77 228
48 228
38 229
44 230
67 231
64 233
38 235
26 235
69 235
37 235
41 236
85 236
64 237
63 237
41 238
50 238
48 238
38 239
52 243
50 244
40 247
41 247
65 247
73 249
57 250
39 250
45 251
54 251
54 252
70 252
59 252
84 253
54 254
64 256
46 256
67 257
55 257
62 257
85 259
77 260
51 261
39 262
58 265
76 266
44 268
63 268
51 268
55 269
25 269
35 269
44 269
71 269
96 270
49 270
58 270
77 271
67 275
37 276
58 276
74 276
74 276
58 276
53 277
66 278
51 282
68 283
49 284
43 284
76 284
45 284
59 285
52 286
82 287
53 289
43 289
41 290
65 292
73 293
47 296
60 297
54 298
34 299
59 301
49 302
28 303
55 306
77 306
52 307
49 308
53 308
53 310
71 312
32 314
57 314
63 315
45 316
43 318
49 318
68 319
64 324
36 324
54 325
57 326
49 328
41 331
47 332
79 332
34 335
44 336
49 338
84 338
48 339
63 342
60 342
45 343
68 346
46 347
62 348
72 351
39 351
53 352
54 353
51 354
83 357
47 357
74 360
42 362
45 362
51 364
49 365
55 367
44 367
53 368
76 370
50 371
37 374
61 374
59 376
68 378
58 380
44 383
50 384
57 385
44 388
65 393
52 396
58 399
62 403
49 404
72 407
70 407
61 411
66 411
55 412
54 412
63 412
70 415
78 417
39 419
29 421
47 424
75 426
57 426
60 426
66 427
72 430
44 433
65 438
69 440
64 440
56 441
67 442
40 445
41 446
21 446
29 446
48 447
47 451
43 452
71 453
62 454
62 457
87 458
64 461
46 462
75 464
58 465
56 466
41 469
66 473
54 473
69 475
58 477
56 479
62 482
53 486
54 489
28 490
60 497
78 501
62 501
35 502
23 504
34 506
69 506
41 509
48 510
46 512
44 512
44 517
72 520
55 521
52 521
40 523
59 529
50 537
34 543
28 543
51 545
31 548
69 548
65 552
64 552
61 556
57 562
79 565
55 565
65 566
55 568
71 570
40 573
77 579
45 579
44 587
35 587
57 597
52 598
76 606
29 607
68 609
44 626
38 626
61 627
47 631
61 640
47 645
79 646
21 646
61 651
68 652
67 660
53 664
44 668
34 672
55 673
67 683
50 699
65 703
60 708
66 710
89 722
37 733
45 735
39 746
49 756
46 780
59 785
71 785
48 807
32 844
72 852
56 878
48 897
72 929
27 945
37 956
60 956
63 994
53 1000
46 1038
46 1045
61 1062
56 1090
58 1101
42 1136
45 1350
69 1405
53 1501
