200 2 43
14 0
19 0
9 0
12 0
9 0
15 0
20 0
6 0
11 0
6 0
8 0
11 0
20 0
9 0
12 0
14 0
5 0
10 0
17 0
12 0
18 0
10 0
10 0
19 0
16 0
9 0
5 0
7 0
12 0
10 0
10 0
10 0
16 0
14 0
9 0
19 0
6 0
19 0
9 0
17 0
17 0
7 0
7 0
10 0
8 0
9 0
6 0
15 0
20 0
6 0
5 0
18 0
10 0
8 0
18 0
19 0
12 0
12 0
15 0
9 0
10 0
5 0
15 0
5 0
10 0
12 0
9 25
8 27
14 21
18 34
19 18
7 42
15 49
16 24
5 50
13 13
18 33
18 41
7 13
18 52
7 19
12 40
7 39
5 10
20 1
15 4
5 55
16 5
12 42
19 4
12 44
9 32
14 5
11 8
18 56
5 22
13 36
9 56
5 16
18 19
15 4
19 46
5 50
13 29
12 52
5 5
12 13
10 27
11 27
7 26
6 54
8 16
15 25
5 34
13 8
9 32
12 18
16 43
11 50
11 22
17 29
14 37
10 46
5 54
19 44
16 12
14 32
12 47
15 27
7 46
16 16
5 7
12 23
14 20
18 7
18 40
20 43
6 18
17 54
8 53
7 5
10 30
19 53
17 36
6 5
10 53
15 45
9 39
17 50
16 36
10 51
5 14
14 4
14 3
9 4
20 56
20 18
12 15
9 4
20 38
8 50
20 24
18 10
17 14
8 9
20 16
6 10
13 42
15 8
9 15
15 55
13 36
13 45
9 7
5 29
8 46
5 32
12 36
16 14
20 35
19 10
16 50
8 2
6 3
19 45
7 39
12 44
10 37
19 13
14 8
15 30
6 52
17 1
13 2
6 51
18 38
16 21
13 9
7 17
15 56
