200 4 43
12 24
7 1
9 13
9 0
4 5
14 3
5 12
2 0
4 3
6 1
7 16
15 0
16 14
13 3
11 16
3 0
10 11
11 3
10 28
8 0
13 10
5 2
9 20
5 0
6 12
11 3
12 20
3 0
3 4
9 1
15 28
12 0
15 22
10 4
7 15
16 0
15 8
13 5
9 16
16 0
6 5
6 1
4 5
9 0
7 8
7 1
6 9
14 0
12 24
6 2
16 45
5 0
4 4
8 1
2 6
10 0
10 15
14 7
5 12
16 0
5 6
4 2
14 19
15 0
8 5
10 2
6 16
2 0
6 7
15 5
4 9
5 0
5 9
2 1
2 3
14 0
4 4
15 2
4 10
5 0
11 18
8 1
12 29
8 0
4 5
7 1
11 19
9 0
16 29
4 2
7 18
4 0
14 19
11 3
14 21
6 0
13 25
8 1
3 5
3 0
11 17
4 1
10 21
4 0
13 12
4 1
8 15
12 0
12 10
10 2
13 39
12 0
8 16
4 1
7 11
8 0
16 12
9 3
13 28
3 0
14 8
6 3
13 38
6 0
12 11
4 2
11 20
16 0
6 10
6 1
2 5
6 0
2 2
14 3
10 28
10 0
8 10
7 1
5 13
2 0
3 3
6 2
8 19
14 0
6 8
12 1
4 7
9 0
2 1
12 4
9 24
14 0
8 14
2 1
10 23
12 0
8 5
7 2
11 12
14 0
15 18
4 2
16 44
14 0
6 3
5 1
16 20
8 0
12 9
14 3
4 9
6 0
5 5
5 1
12 12
7 0
10 5
16 8
13 20
10 0
12 18
13 2
6 11
10 0
13 24
8 3
14 16
12 0
4 7
11 1
4 7
3 0
7 14
11 5
9 9
15 0
7 9
7 1
14 40
2 0
