300 5 12
290 446
129 4469
144 2250
133 493
304 3071
138 6799
133 1647
201 5705
128 2330
130 3826
144 3320
129 79
294 459
126 3830
189 8239
136 3317
125 5563
137 1159
124 6842
298 5434
302 1561
145 1778
311 1926
137 6480
307 1177
129 7981
127 331
133 1009
186 7683
135 2363
187 1293
132 3641
293 4133
193 2205
133 1631
130 5829
205 704
201 7795
197 8345
299 6850
190 7077
303 7769
197 3851
202 5099
130 4556
134 5102
293 1111
190 3211
191 2407
289 3447
205 5812
199 5926
131 626
122 5995
301 2104
136 4173
201 1054
302 737
295 3489
195 6296
128 4678
140 3669
136 5495
304 3541
306 561
290 1266
301 1511
285 6063
136 5962
294 3531
183 4407
300 4885
132 797
195 7130
149 515
123 7186
132 8468
196 5706
197 4578
189 3032
190 1124
305 8150
293 6460
190 2450
187 5341
201 2750
298 1435
129 6924
280 1694
139 4997
306 4428
300 8080
186 6638
187 268
141 5602
198 694
286 77
146 3087
307 2728
200 5
147 160
294 1730
133 3596
140 875
126 7575
187 6573
197 5986
123 6222
197 2586
136 909
187 7807
134 3613
203 7354
297 7952
189 2263
193 3364
127 6099
191 7277
139 8035
139 1098
301 6738
196 4774
205 2689
203 6917
290 2122
305 3922
317 671
139 1837
305 7973
202 8636
298 2789
200 1570
140 6522
302 6113
302 7809
298 1590
302 7734
300 825
198 6758
203 658
308 4524
141 8357
296 1331
191 6767
198 3073
134 8177
298 4568
125 876
133 1465
303 80
192 1967
134 2937
298 3430
187 5691
294 7049
207 366
300 5218
296 480
141 8609
199 4639
139 564
130 3948
306 4481
147 3026
195 932
132 202
202 4632
128 7371
119 6292
196 7609
183 4322
132 414
302 3735
120 7500
192 7632
142 4771
290 8625
134 1156
301 4418
298 197
188 3971
211 151
298 8142
295 1199
309 8742
195 4500
140 3091
307 7078
141 5846
201 388
197 5271
188 6435
294 2673
290 2189
139 243
201 2866
185 5743
131 540
314 7695
141 8305
309 5395
190 6054
195 4177
194 4692
183 4701
295 8768
301 2719
195 1759
193 8897
193 5969
196 4880
131 5151
130 1422
195 5249
189 625
195 4787
136 6127
197 7401
198 113
128 2600
197 2290
200 3223
319 2454
137 2307
130 5867
192 4917
301 2004
299 2735
301 4924
132 2790
133 2126
293 4627
303 5304
314 4011
188 7755
294 442
302 6271
133 922
141 3835
294 2481
201 6306
294 3477
199 422
196 4223
310 1006
196 8199
206 2251
193 4692
295 5818
198 2484
300 656
125 2473
202 3185
292 4621
280 2393
134 3893
197 4408
144 2266
128 5543
200 7506
195 8420
303 7937
291 6115
130 1858
184 6957
141 3885
200 1205
137 5464
126 5034
129 3372
127 616
143 863
201 8500
195 5297
302 5398
145 7837
131 5403
142 607
199 2491
194 7217
127 772
298 1527
184 8541
123 7089
133 8226
139 1251
282 57
307 6188
144 6047
197 4062
186 460
286 2414
286 7073
195 6367
198 6894
309 777
315 2166
307 3571
138 772
135 8124
