150 21 17
36 1
20 7
19 20
23 21
27 25
27 26
23 32
24 36
24 36
24 38
19 38
22 46
17 47
39 50
26 51
26 56
30 57
33 57
15 58
24 65
28 65
27 66
24 68
26 72
27 72
19 76
26 77
19 81
34 86
19 87
23 89
17 89
20 90
23 92
23 92
30 94
22 94
19 100
23 101
29 102
37 105
35 105
33 108
26 110
33 110
27 111
19 111
42 114
16 114
16 115
20 115
23 116
30 118
24 118
14 119
28 122
16 127
23 127
20 127
33 130
20 131
25 132
20 133
29 134
19 135
29 135
26 136
19 138
18 139
23 141
27 142
27 142
21 142
23 145
28 145
20 149
19 150
25 151
24 152
23 156
33 156
15 158
27 158
23 162
22 162
23 163
18 164
30 166
30 170
28 173
16 174
36 174
21 176
15 176
36 177
13 183
37 183
26 184
16 186
11 187
23 188
24 189
38 191
28 194
25 194
25 201
15 202
25 209
15 222
30 224
23 225
28 225
32 228
20 229
15 230
26 231
20 232
23 242
21 242
26 243
27 245
31 248
27 251
25 255
18 255
26 256
29 259
26 260
21 260
20 265
18 268
20 272
30 272
24 290
21 297
16 302
25 304
22 318
23 320
18 322
21 325
27 330
33 331
14 341
27 347
40 353
25 376
33 383
28 446
32 451
