300 120769687 17
460361557 455727821
437728237 830549911
330472523 913905857
454582963 1018395589
155588731 1044198943
370845313 727061341
285967373 1234375013
219342223 765930479
111566101 1498413599
388586279 2167644287
201180647 1975514509
134998679 1128338681
389398423 1232269039
383012017 451568933
394203683 1439578697
161400469 1747797383
301435759 1795069777
297655009 796297949
192808573 1096311089
295591753 834012461
305209591 1146455689
381356711 1022552123
515286571 259269859
154864309 1743310487
321068413 1110755099
382350701 666052381
284217767 1381883231
282027913 883223059
492260359 891276751
250582181 1193834947
357760867 1812279737
218437939 589662979
139321961 2087005237
226083059 2209680497
127484933 652318661
376444759 476059931
348506449 1324246939
325009969 731668723
397271447 493977629
384803411 893416637
128252759 1231505507
456948937 995225689
142794313 1158212119
375153509 1852294723
418666093 705797947
414337003 1061280457
364020157 150832079
165017131 1478127253
101538743 870822203
275425853 877404361
270752161 1348970957
376129291 310890523
346441787 1933944491
236046653 760883183
345426209 2240929547
423353621 1652873107
53224751 2065943851
511084489 2529261841
260760817 1412089351
185256931 1783246723
264972853 878741753
380670223 2339277761
567137531 1436309003
205025659 1743882079
125294921 2366796119
353558993 2154520411
499095689 1711988741
255394943 1838427313
192599009 526563589
320129449 936625043
254349547 1219218059
333567907 1114093789
370623167 1487031659
380839757 506830307
248063311 981041527
20548819 714350279
236490811 1464792869
288645647 2380891241
428679673 1718556887
126752617 1561757947
271077953 1166181083
232410601 1266255457
78628499 574054561
147944201 717625261
319426103 2481212597
332009257 396274259
138354311 1756743463
407244017 616045009
144122227 1196693287
125409941 1077639487
546986927 1828047113
390622819 1644088223
304971239 2086605817
418637587 405695449
85617841 1129937903
224366503 1862409673
344452039 1426786547
171412333 1873242863
126172979 957196489
338599901 889231729
466230299 1969730617
273674759 317172979
69137209 1865504029
152959097 994087747
247002799 62815771
271789291 2127277247
283004957 2076951809
239261467 2044552493
305734223 2264380403
410680471 854984033
109073197 1350918557
317384999 1213938053
436749253 1377410641
289860917 663365809
526457863 1159897391
543382393 1168217549
408951397 364545967
297655511 899207987
385056719 566309951
201433717 1346990327
391730263 1076527217
256637533 901257779
351271871 1598650187
265629167 179263787
330949637 1350279919
133072133 1580817493
365910079 677829497
413514107 563276809
452497693 1985810249
330453547 2478153599
226696187 413554021
221990939 819443269
269405611 1033521367
238849873 1602122303
126604553 2169716509
302476501 1691711741
563977097 800096393
316485893 1118756357
175248379 2161542359
233183947 643935883
304790231 848815837
271792483 1519507207
309934943 1380317711
374470477 1727267629
476122891 1889158441
214102283 1954556341
163253627 1317923309
385338593 993804697
320339491 1380916661
391277879 1416891131
145873661 2221188187
211008047 833118823
348086737 1708373861
145691341 1242910969
41816263 1850944891
258658787 437294981
214230817 1102641679
368401493 580394357
205148689 922467131
493491127 1370250527
102861587 1506997561
275389391 2001056539
126573427 1953867367
426569009 1594004263
366592123 418172849
299367359 1977438251
193377011 656834779
275329819 1979172919
163144117 1693313779
390984247 1202780573
285082757 423743171
245920837 1095437309
397572619 1532597593
375013333 689208539
270988057 2000845409
379488877 996781427
395368357 2111623889
168026641 842962579
257833943 1370140069
365925137 1828293941
263173171 1683067129
400936763 1613665943
329005613 1424498443
349745629 1739076179
239613271 803385043
233333257 1225411151
243162839 730284979
427653731 298093643
377283631 1788492353
245023249 1722379097
248312027 1549109333
329787707 2080621679
229356233 1391724143
276835219 923841601
349905823 480236501
220879063 1901217161
176486357 2391237599
389400199 1115336353
423633169 1906811461
480945209 1292961331
406104757 1479965897
352406993 1639461199
189027277 1645853641
173699051 1788421549
339657047 1236817037
503251009 1407931463
292643749 1353280961
80840503 1206361417
179453051 2313494669
255266261 2344946621
534264889 685775929
224435213 1539695237
229780489 1036394921
267292381 632239073
282361231 1376835101
264101303 1320730529
169168889 1009293949
308492477 1914842863
239926669 1005610937
273157877 1283593369
400632109 1250974603
378832123 1061821009
301194563 230145283
228927607 1495441711
361510081 1886221153
401659579 572427727
301401839 1150989407
398684029 1863700261
301041991 755261579
202884481 1709835817
487289053 1294816223
107681333 1683222127
339931381 1024984537
583333357 1116949489
364456493 1154234513
198347111 1229234389
219718043 964267753
125551009 706194199
168462881 1178407063
467664167 2097927329
215514097 1271233289
263267941 275711581
245310557 423724729
373611479 1513494629
384446659 2116660297
257983543 2064517241
192941417 532978151
320071847 848855341
490438213 750040589
409638721 2443206433
332074033 467682539
303843721 1585958669
367248253 700947991
251513501 1495666691
250433947 1990432747
276043007 328262773
406515619 1014317569
401627047 1464653051
577491979 749930977
452448641 1033641083
470433841 1024520921
253464557 1356559733
523992551 1862386489
239393471 1797772133
301849153 384385817
101292329 954102571
22075973 1333317289
231099541 631493257
160015901 1311022883
258934457 785698817
311479793 593575027
474119771 570122053
500958727 248393029
330109853 1239950293
453949421 725019079
216299579 471461999
231056797 1828114117
57320737 774063011
363647387 1743482759
126645913 1932893663
307352467 1073912533
515494337 1455798947
453560213 1911699499
305031241 297340921
82620563 1494714541
311797399 2477818613
352905331 2280587987
318342917 1539620543
282411809 1625853727
135557777 1211939987
432534287 394547429
193664747 1730445229
320104717 1443559043
298650403 2193611461
352501949 1971197791
223094783 1667528509
281076641 1366308529
320458841 2414636461
133957217 2277983231
160281097 897928859
