300 14 13
35 64
55 3
39 49
49 0
56 106
10 3
34 89
48 0
7 8
53 2
35 92
43 0
40 50
49 21
37 72
8 0
18 36
12 6
53 73
49 0
20 29
21 2
9 13
29 0
50 88
27 5
40 43
31 0
9 11
39 16
28 69
8 0
36 20
23 7
55 131
31 0
44 22
9 4
14 21
8 0
19 32
18 8
37 106
23 0
8 14
42 4
8 16
22 0
32 53
22 10
41 109
39 0
32 59
46 20
14 23
27 0
24 36
16 4
12 26
28 0
52 101
7 3
47 55
51 0
41 50
39 11
34 68
17 0
31 38
21 4
17 27
20 0
26 44
44 7
32 78
24 0
24 33
20 2
31 57
48 0
40 68
47 14
28 51
36 0
36 58
20 7
7 20
32 0
43 24
53 26
54 145
24 0
22 43
44 14
47 53
8 0
37 72
43 10
9 11
39 0
12 13
20 9
34 49
33 0
11 7
12 1
33 75
26 0
30 56
37 10
27 34
18 0
33 60
51 1
33 74
26 0
47 76
53 7
35 70
23 0
19 20
42 7
11 24
21 0
11 21
50 19
56 58
8 0
50 73
10 2
52 53
20 0
28 30
50 7
31 58
16 0
52 31
45 9
30 63
10 0
35 52
31 6
45 110
26 0
38 45
45 21
56 162
41 0
38 20
42 4
32 79
27 0
25 15
8 1
30 47
31 0
30 27
25 5
28 43
31 0
39 76
56 16
40 107
7 0
32 24
28 4
33 43
12 0
49 65
31 9
36 37
51 0
31 21
22 1
42 125
24 0
7 4
9 3
37 78
23 0
37 30
52 2
51 113
50 0
51 28
21 8
45 95
12 0
36 44
9 4
45 107
10 0
33 60
29 6
30 67
49 0
12 7
40 18
51 108
12 0
32 58
34 2
53 159
32 0
36 47
15 6
47 69
20 0
8 8
15 7
14 28
31 0
8 5
35 5
7 7
20 0
20 40
27 13
14 36
11 0
55 110
47 1
43 56
27 0
42 21
30 8
13 28
35 0
17 9
48 20
8 21
30 0
18 26
42 7
8 18
21 0
20 35
9 2
53 107
55 0
55 29
23 11
16 39
54 0
27 43
27 3
50 61
15 0
18 13
40 15
48 101
55 0
33 19
42 21
20 39
43 0
27 24
22 5
48 109
46 0
14 21
18 6
54 83
21 0
12 14
44 20
36 94
8 0
45 28
35 1
46 103
56 0
21 42
8 3
21 41
28 0
49 77
13 6
11 22
22 0
26 52
51 1
50 60
29 0
40 37
41 17
47 119
40 0
35 60
35 11
49 64
34 0
25 25
45 10
22 49
14 0
49 95
52 9
31 65
35 0
