500 16 250
65 175
62 126
14 195
57 85
89 34
23 93
59 176
48 12
98 70
83 54
97 122
47 140
66 72
78 66
44 114
65 152
33 192
20 133
72 188
26 106
65 162
19 177
93 109
62 95
12 23
44 91
85 55
31 11
18 144
78 112
37 118
37 97
43 154
78 176
74 134
12 117
78 120
32 199
14 185
73 29
72 105
94 56
89 15
33 193
27 115
56 182
55 135
52 101
99 182
35 147
82 50
52 10
13 40
60 71
17 87
37 107
52 37
81 158
40 176
17 68
79 99
100 129
47 185
72 55
82 7
38 198
69 3
32 120
56 73
78 188
37 3
72 66
59 137
25 112
20 13
88 104
75 34
75 135
38 21
63 163
38 149
54 176
69 13
33 141
24 128
19 144
31 18
43 117
65 160
67 39
79 61
54 85
53 167
52 116
11 142
39 144
17 100
61 6
50 65
34 128
81 170
81 37
97 200
64 32
59 150
69 169
65 45
41 144
36 183
69 57
29 50
45 89
41 108
10 175
92 26
51 84
43 11
86 184
11 83
83 28
55 63
81 142
86 64
97 161
25 113
72 189
50 197
73 27
84 49
93 80
14 52
54 74
38 53
17 74
82 32
26 142
19 28
18 35
61 52
41 66
74 149
35 120
80 174
60 22
39 79
27 126
87 142
93 103
31 82
60 172
49 50
46 87
31 139
67 147
72 70
37 135
98 7
85 186
87 122
88 146
89 191
12 132
73 110
37 45
61 58
24 134
55 158
21 105
99 115
100 133
34 0
73 113
47 194
69 167
51 79
97 135
22 29
79 54
17 150
63 121
51 179
79 64
79 67
79 38
55 110
17 143
84 39
93 176
82 91
22 160
61 103
36 151
85 35
88 83
43 169
86 55
21 3
74 57
45 2
16 9
76 174
26 47
92 88
45 54
50 79
90 197
88 194
60 135
90 20
64 77
30 47
56 2
48 11
21 101
24 125
26 61
35 112
33 183
74 76
98 183
83 6
14 151
58 137
95 94
52 58
67 25
47 110
40 138
35 16
20 123
38 22
96 145
52 59
55 200
81 117
13 126
22 179
97 6
75 35
31 181
63 196
40 32
10 144
36 13
79 149
26 160
52 70
12 72
49 0
30 53
22 21
83 101
93 55
25 62
91 86
44 165
31 153
13 126
20 154
16 52
18 189
88 181
26 82
21 200
24 25
10 121
81 44
55 125
57 110
29 157
84 18
75 111
45 29
14 157
15 54
76 142
50 145
77 50
68 196
23 59
23 170
40 24
28 71
73 40
44 117
92 25
45 7
80 117
68 184
95 177
87 39
64 7
43 165
87 111
92 154
22 174
10 152
21 143
45 139
34 54
46 57
95 119
28 99
91 141
72 99
33 94
57 11
36 72
82 96
75 73
55 168
28 138
72 195
94 95
21 199
80 32
37 138
67 69
32 179
25 175
73 190
92 141
65 0
67 45
34 155
66 190
62 148
12 102
96 140
46 2
44 111
55 111
18 80
61 183
73 25
83 1
80 3
76 157
10 31
57 156
31 35
46 15
58 184
20 200
57 63
75 122
85 167
32 156
78 51
46 145
10 8
65 123
19 9
98 127
40 25
98 12
92 47
16 175
100 54
80 51
72 59
97 192
55 100
32 153
59 126
92 195
20 193
93 4
43 117
90 90
41 187
45 127
94 101
72 2
20 119
46 122
60 40
32 39
39 78
27 173
72 24
65 153
62 183
61 188
74 22
34 71
87 138
69 65
63 192
97 118
47 196
58 182
30 125
66 74
23 187
21 63
69 185
56 45
91 15
58 61
37 184
10 142
36 193
94 180
83 141
58 155
81 136
83 57
85 119
21 72
100 51
93 67
50 29
45 11
55 64
30 130
43 145
94 111
86 135
91 71
45 25
24 22
86 161
77 111
52 88
90 195
11 162
96 47
91 188
26 175
20 84
17 199
24 88
48 62
53 142
68 198
64 91
26 46
31 100
58 142
29 77
34 71
68 135
58 90
80 110
28 181
52 198
79 126
24 96
78 10
19 147
90 24
94 126
27 198
61 90
96 166
61 70
10 126
24 2
32 70
90 114
86 152
83 63
70 24
67 61
64 2
84 30
45 4
31 156
34 162
24 47
94 83
95 155
72 136
70 14
63 3
49 144
22 5
92 171
20 39
43 170
56 61
63 102
64 14
81 30
55 92
79 17
19 159
64 196
13 63
96 163
60 60
56 171
49 158
10 52
32 13
24 123
48 73
51 102
84 122
