400 3 13
6 984
2 1655
6 1554
5 1651
6 1861
8 1007
5 600
10 70
1 589
4 1236
10 1461
7 1299
2 356
5 1353
5 5
6 1463
10 1242
4 1190
7 1804
1 1221
10 1017
8 268
2 960
5 22
9 1363
4 1273
1 1280
3 1598
1 1483
7 1703
1 1669
5 376
10 461
4 1532
5 207
4 218
2 1533
4 1565
1 121
4 1888
6 581
8 773
9 855
8 1175
6 249
8 1521
2 702
1 836
5 220
10 1026
5 1481
6 1565
7 1305
4 1098
2 275
1 188
1 502
1 248
1 1961
2 827
10 188
2 667
7 1336
8 461
9 239
10 418
9 1878
2 812
3 1773
9 543
8 1058
9 619
5 1458
8 1082
7 452
8 1856
9 157
5 274
5 1062
8 759
6 1602
3 1894
7 738
7 875
2 657
4 139
7 1903
1 238
9 428
10 1511
3 1948
4 404
1 290
7 422
1 1415
2 264
5 777
4 1436
8 1924
2 24
1 1741
1 351
8 1785
5 839
6 1216
1 1834
6 723
4 76
2 1518
10 900
5 1983
1 1216
10 692
9 1382
3 1359
3 297
6 623
1 1084
9 1963
4 1660
5 1623
6 1899
7 1561
8 1352
1 1883
6 868
10 503
8 726
10 105
2 991
7 285
4 1547
1 1329
8 1352
7 1848
2 80
7 1574
8 1259
9 1027
9 1913
4 1701
8 921
9 1337
4 1920
6 14
6 1810
4 1747
7 994
10 680
7 794
5 534
8 1105
3 486
3 1753
8 1397
3 1344
3 535
2 225
6 301
6 1514
8 775
4 1514
2 434
5 1884
3 1059
10 521
9 1671
6 8
7 807
3 804
2 875
8 928
9 674
3 436
1 1741
5 1566
8 1724
9 160
7 258
4 1725
4 1247
2 1433
1 469
8 1233
10 1972
9 1034
2 1059
10 1476
2 1343
1 764
5 1201
3 107
7 893
1 1389
10 1128
8 1997
5 493
5 77
1 1069
2 1221
8 1172
3 1077
1 1223
6 1841
4 469
6 679
6 200
3 1726
7 379
5 691
9 1438
7 17
2 1797
10 1607
5 1051
2 1944
4 1819
4 1065
7 1910
10 557
7 1657
4 1043
9 1624
8 1175
2 145
1 1297
1 323
9 1215
2 1405
5 1714
3 3
4 786
9 1643
6 1597
7 411
2 1217
9 311
1 167
7 1660
5 98
7 1093
3 455
9 490
4 111
3 1965
5 158
5 1424
8 195
6 1962
10 23
10 1505
10 1461
8 1547
4 1820
9 1616
8 386
8 1586
3 866
6 31
6 854
4 543
8 795
8 1321
3 101
7 1497
7 752
10 396
2 1035
8 1665
8 906
7 425
1 570
4 805
4 396
3 1079
5 1339
7 1877
5 1046
4 780
1 237
10 1281
3 393
10 867
1 441
10 392
5 482
10 1780
9 1847
5 291
5 145
2 1638
7 12
1 447
7 163
8 533
6 1679
2 631
3 1
4 1582
2 735
4 1185
1 948
7 1648
7 1714
4 290
6 175
8 1975
5 1399
3 1378
4 414
8 1489
8 977
5 1419
5 1813
10 7
2 939
3 563
1 1727
9 1215
3 8
7 1333
3 1320
5 1201
5 958
2 694
6 1848
5 606
10 1054
10 47
7 1055
8 1616
9 1202
4 1493
9 575
10 749
2 639
6 1906
3 347
6 1807
8 355
8 1380
3 325
4 1814
6 1725
4 1410
8 1808
4 1248
4 848
10 944
10 451
8 1726
10 18
4 898
3 775
5 1723
7 153
9 1651
1 1812
1 1462
6 728
6 1379
2 1571
1 1273
3 600
2 1684
5 1909
1 1947
1 1255
1 940
7 243
7 1361
7 657
9 1530
7 464
9 989
1 751
5 1881
10 288
1 363
3 1469
3 980
4 1425
10 1383
10 237
2 297
2 1237
5 485
3 227
10 1461
5 317
4 1109
7 940
8 407
2 1079
2 683
1 1207
10 1674
8 1048
4 656
6 445
