500 6 49
19 38
21 6
17 35
23 0
7 9
8 4
9 20
8 0
18 26
3 1
6 13
16 0
15 20
21 1
22 53
16 0
10 14
11 1
15 17
21 0
18 11
13 2
18 48
4 0
19 37
21 9
6 16
9 0
11 22
3 1
11 13
15 0
9 17
20 3
11 16
24 0
9 9
9 3
5 13
16 0
11 18
9 1
14 39
22 0
12 13
3 1
3 7
16 0
21 24
4 1
21 55
7 0
5 4
5 1
23 61
23 0
14 19
12 5
12 23
8 0
9 12
19 4
13 15
9 0
24 29
11 2
13 30
24 0
11 21
6 2
13 37
16 0
3 5
21 1
5 10
24 0
14 19
11 1
9 15
21 0
20 27
23 7
16 19
5 0
5 7
10 1
24 38
17 0
8 6
23 5
23 38
22 0
19 24
4 2
4 5
12 0
11 18
10 4
5 15
4 0
12 14
21 9
6 14
14 0
12 22
24 12
4 6
9 0
4 5
21 6
20 42
18 0
23 21
9 2
23 40
12 0
7 13
21 4
16 36
8 0
10 6
21 8
23 28
14 0
17 30
20 7
13 13
18 0
19 33
23 6
12 29
8 0
8 4
12 3
20 27
20 0
5 6
20 3
5 14
12 0
23 26
24 1
13 16
13 0
9 15
3 1
14 37
12 0
22 33
8 4
3 8
16 0
10 9
24 8
20 44
24 0
22 32
23 9
7 21
15 0
19 11
21 10
12 16
24 0
23 28
19 4
16 40
16 0
14 12
10 3
13 23
4 0
24 20
3 1
18 20
9 0
12 13
9 3
6 14
7 0
11 11
23 11
17 30
16 0
10 16
17 5
17 25
21 0
10 11
5 2
15 19
19 0
10 5
3 1
7 18
5 0
22 42
14 3
16 32
14 0
7 12
19 7
16 44
5 0
7 9
9 3
16 16
6 0
14 25
11 3
8 18
8 0
23 21
16 5
22 33
5 0
18 14
10 4
9 13
19 0
3 5
14 7
14 15
8 0
16 32
14 5
15 43
23 0
5 4
10 3
3 6
18 0
21 40
11 2
11 30
16 0
5 9
4 2
19 56
14 0
7 9
9 2
9 11
6 0
3 5
20 9
3 5
7 0
5 3
8 1
24 55
13 0
19 13
6 2
24 55
24 0
24 29
21 3
18 27
9 0
17 30
20 8
22 26
11 0
21 12
3 1
13 29
11 0
14 16
12 1
7 12
24 0
18 33
12 2
9 9
14 0
11 9
9 2
6 9
10 0
24 48
13 5
14 28
7 0
3 2
12 3
7 14
22 0
5 4
8 3
20 45
4 0
17 24
13 3
4 7
3 0
15 12
7 1
4 10
23 0
11 12
4 2
24 42
14 0
11 20
17 6
15 43
15 0
13 20
21 9
8 14
6 0
14 28
19 4
22 42
10 0
3 5
11 5
9 11
3 0
14 15
9 1
13 39
14 0
24 15
5 2
10 25
10 0
10 20
17 5
24 33
5 0
23 24
24 10
14 25
20 0
13 16
12 1
14 41
15 0
10 6
18 1
10 29
22 0
19 18
9 3
10 18
7 0
23 37
9 1
4 6
9 0
4 2
20 4
15 37
14 0
21 36
15 7
6 16
13 0
14 11
6 3
14 21
24 0
17 10
11 1
5 5
20 0
21 30
13 5
8 24
12 0
6 7
4 2
6 17
24 0
16 22
6 2
9 13
3 0
4 2
13 1
4 10
24 0
7 14
5 1
5 14
7 0
14 10
16 2
20 48
17 0
3 3
14 3
14 35
12 0
16 15
17 2
14 25
11 0
7 6
19 1
8 21
21 0
21 17
8 2
4 11
22 0
5 7
18 7
16 17
24 0
12 15
21 9
4 6
10 0
6 11
5 1
24 59
6 0
20 37
24 1
5 14
9 0
19 18
4 1
22 45
18 0
9 18
23 5
6 13
10 0
14 25
9 2
19 50
8 0
18 22
11 3
20 21
17 0
15 17
3 1
7 15
24 0
20 33
22 3
23 41
9 0
9 10
10 3
22 28
16 0
18 12
17 4
16 36
20 0
11 18
12 6
21 22
23 0
8 13
17 7
9 10
20 0
17 31
15 2
19 42
5 0
18 16
19 1
6 10
5 0
22 21
6 1
15 39
19 0
23 35
18 2
4 10
6 0
18 21
9 4
5 13
10 0
4 2
24 2
5 7
9 0
19 16
21 1
14 32
12 0
15 25
9 3
11 14
23 0
6 8
21 5
20 42
10 0
