350 29 70
75 9621
4 160
35 929
50 2093
18 1927
81 1419
76 3044
21 8783
73 8340
46 3222
50 1301
91 8250
8 9097
55 9596
4 1652
25 2790
13 914
90 9971
69 996
49 2011
41 7025
18 7341
91 3926
11 892
9 7410
31 3941
70 157
100 2208
9 7815
69 1341
83 1362
75 7095
64 9909
50 2873
37 1009
47 5509
44 7498
45 9598
16 7111
96 5554
11 1396
72 1591
9 7444
1 5705
89 1134
62 10239
48 1947
69 4084
81 6416
65 165
88 9506
77 9058
76 2977
9 9923
15 3431
81 7886
77 9188
29 5951
33 7068
100 6533
73 7582
12 387
9 1673
63 7392
71 397
74 810
23 1108
60 1448
22 540
33 1127
50 4020
11 9310
13 1275
72 2397
31 1499
59 3826
32 5570
5 6883
46 6434
50 10245
94 2902
86 6027
19 7857
77 816
53 818
1 6135
84 7685
72 4775
51 771
57 4676
35 7336
79 579
37 10098
17 8839
10 9423
63 10017
55 686
94 6857
79 3321
79 7848
99 4071
45 2073
67 1914
46 4490
1 8544
39 9188
78 2863
53 6124
80 3309
49 4022
23 6741
84 8277
94 8025
65 6149
78 2154
38 7833
19 2735
35 2671
50 9857
18 7767
53 184
35 2291
62 7307
95 7080
96 8977
9 6370
53 9161
18 4517
14 9786
67 2438
26 1791
3 982
76 522
31 3558
85 5630
1 10528
15 4362
78 7628
11 9169
50 586
38 8796
60 7550
84 7711
57 1077
21 9057
20 7639
90 5057
65 3023
20 4021
46 5652
17 1412
96 5453
21 7275
45 5647
67 9539
20 1091
13 9846
55 1799
58 4523
97 5401
46 5458
45 3339
84 8522
12 3236
46 2175
95 1529
100 10042
15 1858
59 6517
42 5061
95 1722
24 4075
90 7109
5 276
53 5206
14 3293
50 5136
47 1009
21 5773
48 5106
43 9122
91 2474
42 551
63 5744
55 7059
37 8642
97 3553
99 6972
78 5602
62 9379
18 1226
70 8119
55 2324
74 9270
90 3264
85 4881
10 5169
2 1241
52 7903
15 4708
41 9803
47 7083
66 8350
18 5356
46 605
81 4096
14 7114
74 7118
46 1945
60 7982
25 10349
24 25
68 6580
31 286
7 9996
78 3929
73 6640
10 4953
89 63
28 7935
40 979
22 7484
43 4730
41 1111
36 8319
86 7430
73 5646
9 8143
75 5375
62 675
34 7917
5 10381
47 5373
61 5250
52 4964
32 8319
28 7939
34 2462
69 6706
15 386
43 7559
65 8932
21 3193
31 1448
45 10280
42 5939
58 9825
87 5000
98 5233
10 9847
60 9044
52 4899
98 3399
92 512
68 687
49 38
78 3328
15 10590
83 3139
73 943
16 5748
40 9891
18 3430
72 7036
31 6877
30 6939
54 8900
26 8956
67 10009
54 2838
48 5437
97 7377
83 3868
62 4478
25 9121
96 8804
61 4451
52 9711
96 10006
15 3131
18 8113
73 9779
53 7893
84 8085
31 5589
96 8865
86 9446
97 7468
43 1044
31 246
25 8189
3 1888
67 795
57 5346
31 2970
91 2399
80 9046
88 521
75 9649
32 5885
75 6910
84 10219
39 4924
51 1416
41 9119
9 5429
91 3105
11 7540
7 5842
54 6537
64 9265
15 5798
49 7358
47 5209
9 9819
50 997
77 1336
40 4997
91 111
37 8966
27 7797
89 4270
75 278
44 1486
68 10215
66 3149
89 10336
64 226
76 3373
70 7715
88 8575
10 1795
96 129
96 8368
88 7693
90 5718
48 6711
58 135
40 268
65 423
29 8183
32 6794
83 6773
57 8182
2 3198
95 4651
12 6396
91 4386
21 8200
83 6948
