500 99 50
110 421
147 775
157 539
119 1037
123 544
168 556
185 1092
149 840
177 790
150 969
124 810
191 208
111 216
165 424
158 938
161 1119
114 880
164 850
145 1170
160 449
105 1175
177 1190
160 1173
149 1102
114 445
119 338
201 551
189 855
179 628
181 260
195 753
142 576
107 105
171 315
101 769
184 885
178 851
176 947
121 1195
137 999
118 1180
150 1192
156 148
197 453
190 863
121 653
139 972
164 1082
114 640
148 413
122 460
178 240
122 248
106 1104
184 852
107 339
190 452
167 139
196 1102
151 688
171 768
122 240
168 218
194 563
129 460
185 1015
107 770
158 175
163 1095
129 802
140 323
190 1166
148 953
138 111
111 214
118 860
104 342
155 1023
122 613
193 708
169 646
201 205
197 576
158 108
139 1025
132 632
132 630
162 1192
123 135
111 675
181 926
154 436
151 959
151 854
123 627
198 103
187 1192
128 1035
166 572
151 637
177 327
111 1169
141 963
109 1076
122 988
144 242
108 784
186 769
128 799
166 683
201 1028
180 323
130 713
183 704
178 621
148 691
154 240
148 617
163 568
165 331
192 977
110 207
119 674
194 260
173 431
132 1029
157 881
190 792
198 536
169 1056
183 1000
170 1170
111 322
187 323
161 233
158 695
150 143
107 1009
164 1012
105 1088
143 688
131 126
147 579
126 527
112 727
109 267
144 315
126 304
194 1092
188 552
106 332
194 781
157 1056
129 1168
173 241
195 131
113 616
176 669
168 1210
135 646
140 576
165 1028
115 264
188 690
137 687
196 787
173 458
113 1195
149 129
149 114
184 128
110 671
159 229
195 958
159 222
183 280
109 320
113 789
160 656
196 110
121 545
120 881
146 242
162 1202
149 654
133 1114
140 550
176 417
153 188
186 1031
111 634
135 670
140 420
170 787
143 665
133 544
193 235
143 641
155 1190
122 769
117 445
144 124
173 559
180 1167
108 957
122 874
163 1003
110 342
102 1080
189 872
151 792
170 1033
107 1083
157 463
192 304
195 786
159 1211
119 1043
110 1027
194 685
196 536
116 785
146 673
145 1223
108 536
177 316
129 634
119 1087
158 1131
146 1034
161 214
108 248
129 186
155 118
187 690
133 1166
124 548
155 795
106 1020
113 119
166 967
138 327
167 211
154 858
106 252
201 766
174 733
124 195
172 348
108 1189
160 212
189 675
158 798
141 271
163 874
170 1217
194 697
141 674
111 228
148 1078
182 774
129 960
132 240
182 825
154 542
141 205
147 878
163 1100
196 1015
151 564
170 957
165 781
169 879
132 127
174 117
165 219
147 873
179 310
150 932
118 963
194 645
114 660
127 802
154 1197
197 1028
129 1014
190 189
186 999
195 115
122 932
159 1098
152 1038
104 873
177 1018
143 1014
151 617
121 123
175 235
106 1204
111 528
136 337
154 626
146 258
165 1100
131 1094
169 1135
199 230
165 431
113 544
157 302
115 694
110 564
136 318
182 323
175 542
174 1103
141 350
149 255
106 862
127 1209
196 201
131 864
187 1103
148 883
170 1101
199 322
199 568
166 549
193 148
158 868
184 854
179 945
185 1214
182 679
119 1029
103 797
141 193
188 119
121 539
188 1096
113 438
161 779
151 1091
195 1202
189 311
112 668
162 1203
158 941
141 428
128 953
112 440
197 947
110 1201
185 234
181 1024
169 620
101 438
159 984
179 185
143 1025
158 223
126 1087
157 1016
192 216
138 207
189 679
104 688
131 443
154 407
120 1185
113 866
172 1187
200 210
139 947
108 876
166 234
157 207
199 440
110 567
164 679
197 253
136 539
156 784
197 1212
171 623
119 956
154 943
166 1026
157 529
146 669
168 1190
120 701
174 820
135 1035
117 198
148 842
146 724
113 1014
148 655
173 1187
193 231
119 271
107 1040
182 442
111 446
188 222
115 221
158 239
134 188
148 776
150 129
133 910
161 1012
131 967
139 965
107 246
187 538
137 255
155 437
131 137
115 959
119 601
178 310
147 699
142 461
186 244
114 1189
189 791
170 639
172 961
190 1009
125 850
126 650
186 447
188 1096
164 981
123 881
154 430
124 646
150 247
200 1079
135 1092
112 251
190 195
166 678
153 328
105 1105
141 221
107 647
135 633
131 698
150 620
144 206
109 1184
186 714
186 619
122 793
156 167
194 1080
153 654
181 1169
146 308
148 685
186 967
192 326
194 692
106 328
192 328
160 1016
173 441
188 954
174 685
123 547
105 434
144 1088
116 235
139 285
174 1093
109 1106
109 1003
139 953
137 792
144 126
193 214
196 313
157 873
103 1176
161 880
118 446
140 543
157 265
108 1212
142 635
139 318
131 1029
107 1194
126 133
125 628
182 963
155 579
