150 8 19
8 0
14 0
16 0
7 0
12 0
17 0
7 0
9 0
11 0
16 0
8 0
16 0
20 0
6 0
15 0
18 0
12 0
17 0
7 0
19 0
20 0
11 0
8 0
19 0
16 0
15 0
10 0
9 0
17 0
6 0
19 0
16 0
7 0
6 0
11 0
15 0
8 0
9 0
8 0
11 0
10 0
18 0
9 0
14 0
17 0
15 0
8 0
11 0
14 0
12 0
14 56
15 38
5 15
8 55
14 19
7 83
9 91
13 71
14 93
6 93
17 36
10 88
7 46
8 40
9 24
10 23
19 59
8 62
6 4
19 39
13 62
20 54
13 51
19 62
17 30
6 90
16 83
11 7
9 53
14 53
14 16
6 78
10 57
8 19
19 9
16 29
10 75
20 78
9 2
18 41
15 1
18 81
16 36
12 22
7 38
8 90
11 95
13 52
20 1
10 28
10 86
10 5
18 18
10 44
13 48
12 48
7 56
20 59
5 67
5 33
19 75
14 10
14 4
18 6
19 91
9 29
11 49
5 47
13 69
6 49
8 78
18 4
9 61
13 86
5 70
20 55
7 12
20 61
5 9
14 64
19 59
9 97
5 69
6 4
17 64
7 68
14 24
6 71
18 76
19 45
16 51
17 25
17 13
7 10
19 69
10 2
11 31
12 61
13 23
6 47
