450 60 45
110 969
141 1052
140 217
98 834
105 713
123 148
93 293
170 419
180 834
150 1130
143 634
158 820
115 1139
172 593
102 376
94 878
157 968
173 852
111 393
120 1132
169 817
146 285
146 292
109 543
167 140
105 413
115 407
103 1109
106 164
107 978
114 353
121 163
131 863
129 841
168 602
175 305
120 280
149 567
153 798
151 216
179 698
141 856
120 681
93 754
154 361
97 866
98 1046
93 858
141 688
100 836
106 782
129 781
99 1121
114 860
140 708
109 378
105 890
166 434
92 503
152 614
144 891
138 854
150 219
145 508
131 787
151 1130
120 771
163 125
131 381
111 581
126 677
180 859
174 157
124 291
125 888
127 360
168 424
142 532
171 283
114 855
176 1010
129 1051
171 502
146 1074
137 511
92 136
107 842
180 419
170 1152
155 980
127 397
155 400
143 203
163 763
130 379
105 132
172 133
115 265
113 503
102 416
167 807
173 869
138 291
135 836
157 426
102 194
119 307
132 620
95 265
112 104
179 966
102 982
101 889
125 1039
172 1060
155 830
143 958
121 366
156 1061
145 1139
138 217
175 765
168 288
91 588
128 1132
118 138
172 842
107 606
120 137
111 614
98 1120
119 881
172 300
126 430
137 980
114 130
97 361
110 788
134 978
158 195
119 1119
142 1051
174 673
139 1052
162 381
123 397
115 769
126 792
140 541
125 991
161 145
151 365
149 823
155 605
109 694
179 408
120 374
108 145
129 862
165 1106
93 1001
106 278
107 968
129 1109
112 421
98 1050
111 375
123 410
124 280
126 832
93 1112
165 543
150 971
109 987
120 1128
173 972
121 849
127 815
130 140
106 504
147 961
163 832
103 627
138 348
111 1122
107 690
167 198
121 390
172 232
109 412
122 603
164 1131
98 617
178 678
152 878
115 1110
122 386
117 1053
113 684
118 870
111 533
92 217
112 626
166 826
95 704
140 1110
167 614
130 392
165 695
94 622
126 387
145 984
92 970
157 879
156 1095
179 631
118 279
128 210
160 848
165 793
98 886
127 517
150 958
108 142
154 224
165 774
149 1124
144 693
153 689
152 629
159 827
101 151
181 378
96 241
137 1027
110 224
126 976
179 703
117 852
170 514
110 683
127 953
178 231
105 820
99 1117
104 1149
112 1068
93 373
108 882
155 791
167 861
135 369
110 807
96 498
154 784
94 799
93 419
161 394
102 930
143 151
110 1041
134 399
145 621
168 1065
144 488
134 289
135 362
175 408
156 970
176 879
133 129
153 843
127 512
162 525
154 132
117 429
175 292
170 1130
95 596
135 221
144 409
115 972
148 404
173 631
173 681
157 420
167 608
136 831
170 967
122 866
138 688
116 156
96 517
160 403
147 1053
177 214
174 684
126 789
143 991
171 700
153 297
165 1064
138 779
142 595
170 285
155 506
163 153
173 1036
161 286
176 144
162 832
161 863
126 269
101 1110
111 356
162 878
99 771
139 508
103 875
97 277
97 879
152 144
96 1045
160 841
169 1051
144 142
150 281
103 406
151 623
130 696
130 1050
135 515
164 689
137 701
152 238
103 799
150 429
172 813
145 524
165 1033
157 277
163 795
135 313
153 952
178 369
102 622
136 425
130 223
91 409
172 526
142 161
175 142
94 1045
94 1059
170 121
115 594
130 769
155 505
109 168
114 786
140 798
176 879
141 863
155 221
106 764
165 1057
110 1050
103 398
133 143
95 527
153 299
152 873
142 1110
120 830
136 826
157 1132
161 527
179 297
92 209
124 301
112 761
165 848
118 1057
102 139
167 132
144 347
106 712
147 973
93 1123
167 274
133 512
149 622
114 1123
150 817
165 412
180 518
117 756
146 779
177 601
134 223
163 1009
108 118
99 611
160 531
146 686
158 388
174 676
113 859
113 828
94 1028
150 377
115 715
130 517
122 861
106 496
146 826
164 863
110 609
170 278
123 509
112 206
149 231
107 1050
117 223
128 138
128 829
169 1117
100 855
145 797
100 1028
164 834
141 364
95 518
105 403
129 815
173 620
140 285
152 1049
96 220
126 526
100 508
140 865
143 610
151 849
134 391
174 713
101 208
116 781
163 217
101 368
