250 688 13
8895347527753 207871402082573
4346244356689 349695714151550
7308547846552 108563561599220
4592527577279 272451505545173
9574914612143 241068882493680
3886147724867 312005842455059
3779391416107 350640999882549
3638436150698 184463242450561
9597274410742 283969581669471
9457978157042 206459321966241
7600655811560 279718740440480
2558753231475 117370210240029
3393932869808 429828663826445
6351922055480 417597118345510
7362134907069 23232280464108
3081643687392 39827466644154
4496729969573 187736298049910
626289119833 472982647099159
6717630641978 187544750323080
28895835869 378273291699511
1771318777041 38852443494586
8365944814033 279146972617797
7590334741277 394808305668121
3959884654889 285999774847615
3064948201664 76049924873743
5367546438876 404706446722806
4071144572454 406190324838619
813257441739 47128474294412
1366489406815 65401171582774
9857096517349 291309382359311
3984946519474 314000089278278
9400433193808 129890797289744
3346787610521 418231126183347
6155968771033 97693522174053
642157093511 218503864949890
9905320246676 491858185994566
3523501056400 83926161909938
6867043116733 347264065950398
6217952044217 408570984431697
6195388434495 214631793464942
4298659910313 253891816235090
9689595049789 423035543808160
349366832335 310874087899775
207139405297 409602289225108
6837892409006 313420945192964
453622639905 259077089746239
5401980699284 194218004886816
7902202117818 408709608412767
1743697092751 326912247800778
3596896917190 118924755785713
2801560237874 160271126439982
6194354324054 114122848957591
3323027492621 486783764884558
8550630570852 308696173937583
7277885643191 347642209808918
1434940717586 201995011403804
4886949945523 90587225677961
8514706999466 404836453776723
4779407459983 4531888724948
5324583783233 434254325706551
1331542962562 191373313135965
851577565775 352482877844456
9680628028255 335894341168468
2149294567016 111411930248627
5874277962147 398618944468759
5759523231222 328093029141563
852150790492 356474085809207
7392011388355 393598044611538
2448015338432 463877130121730
6343950287132 405049263975563
7320657986378 258779753317967
1062273401461 160845572580712
286621627067 216246353333084
1404977638066 496961438552763
9048552751350 283989018893150
5515085216984 14745943057048
7148535806109 494885177946292
1502465491908 492664721283270
3842055566761 186331604580912
5710098869391 374246555958462
7996562452454 318406866049859
3122681522961 162805112546546
912554155244 58452966375456
3762436103527 77638878749470
3437931554246 348419530839633
5123511506785 495984176042828
4023157808118 121273945255339
72044956925 209945251265628
4315140630986 310957815754757
2711095649341 213835104580027
611358813185 110272364712188
2761648282469 403537448734103
1041245045549 429711612768557
4986330763165 332237935148938
1816908958753 120973268639043
2376471404627 93492873837425
3309613653515 290885647357174
1471481420359 130361079352638
6508125293412 175552616168756
7879885930572 412644800487190
704140196984 37093158660103
7343289988993 315390229793266
1168838496546 34570475238121
6781680852413 32140307481499
905118023529 252237316638710
5149173019173 108771587217523
8148487443813 404899255147653
8366900448719 142329038530360
3273648625247 414673101048193
6252722528229 116767434916824
4981670332725 348176619425812
6083236269809 22733706312070
7394876420786 386447623404405
8749001788626 337956001779348
5732361993004 387845116077234
7937997283886 83417956000227
9736363751891 343253698580150
9732938276642 34056605280941
5719399059019 50616385696583
5986265379500 499997381097242
5344913058152 107967232147141
2229066244741 318300385051922
7565286551035 101280760855333
5322565110674 369832591159965
9901842136605 497808413198393
8814217746477 147928915735682
9240540395101 320081450642067
5481988885911 304040477697386
9924508616708 291654419659234
3755882793995 322336556546884
407460513987 146904776785589
8726074986656 56235606332020
2620661166425 23328433591665
6470106933624 405593960418977
8656383145040 289717171349112
4168381781581 267151754436415
8036704891145 448915367877862
1153623904557 31502989003734
3366671790086 430181891419732
4853931087843 5762098354981
8524227202905 479583656434456
1065093793181 218641349773908
6573123699557 464030050999719
7164125625264 263442660628044
1428680356200 309327410794563
6588904721403 403544551259739
877186655905 415804816030914
1671010735006 123440677698188
1752455022860 351865833613514
4495854017445 242792713361332
3618210784443 120178654611988
123495013114 408174318648623
3853608620797 235244469996652
582172510120 25372083647916
6145327636275 90439170356675
7412037065495 197987402315186
7699312701849 198769457970001
6233152083759 498538325247175
2952513023431 18778000580859
6183765343656 166931875613955
2316895097587 261743865722537
6949201056784 189235265160163
9302203078696 133202301120783
437714320116 299404924258915
2885775262197 397636450855884
9395748004971 409183466393526
1325781993451 355871167337542
6242954908669 392816620928696
36966149967 311697237036366
3075671326357 35555328185158
7069010143717 237500261074149
951029407591 32617779420948
8371488534200 416491627982267
6139644686427 165021506654287
7786248530188 35623919995184
9862260980770 57326665747156
2518913638506 287814503403141
3132612423945 179575928662201
5368694262551 176532976850074
5556168300849 307453737408911
3328158043160 471932521262075
7310083234113 139929638341246
7374539206821 105877131513633
8623492968592 388755883706417
1954644384716 407371599397377
3075979004635 382125079858441
8164942453973 434485273266659
8322613844991 128086725280529
5664429568234 315537146125144
3277486014100 180310161220709
4742685648099 143675129253163
1098145263765 190002121238239
9422939977534 233500060046212
8671289966172 189877920060838
9331070728291 318227365421724
5611670426827 343852398944716
9207323733444 159847379022333
3521116710967 93948140101495
9945628017980 132219537542587
2552433623577 414848284932918
6562509855099 408340768778976
8490141790760 110695869242203
7690343047982 193628370117904
5973502833460 378191324417326
9912021580872 432476043931336
5491114655949 404604338460972
1176096719636 351156955954349
826650300239 91511726133377
8796712239397 208185966736802
3970830231122 339780403703562
5015787505971 395201947754767
3835495056512 225890476305057
7435430551033 371519441939557
7022629515965 53438887517055
5699776421368 38514005716365
601319721380 486613664835308
7391252986347 106263206136537
6493689771870 86265436545824
4029497317759 482272951290002
9421729671823 113061343545789
2424118418064 371300908398234
1536054128160 379867382359758
9404532319233 125032404413004
9200203577777 100862218266600
6829075895565 367149927607789
3606569503075 484387032211008
8487619261002 309560312723076
1255257821761 237377901939327
6761008644296 7734170939787
3209226345199 363457962847602
4753346611543 255793124184868
5640182860631 266487080418908
5217800142129 197391832436753
6361300162365 30629154830251
1686594887286 429365281847527
7842370526213 158220567082166
8297117609172 283627520112404
6334065761875 127254073912665
9057834840345 496093641680463
3905290683737 492097793126007
965698289753 346084550712399
38025232460 162563420167040
4980329014885 380305156029627
6801902345836 56872493787523
3564866174237 333482042153869
2293677904950 4625961872534
3819966628633 472278942155636
9333254382151 406538265465531
4480272555894 115502956880376
6206203187242 421543077828336
