200 20 21
45 5695
24 1575
63 1495
38 745
48 2830
52 348
51 6050
64 779
59 6300
30 3437
26 2640
71 884
74 4215
60 2008
16 1398
30 4350
62 0
72 3602
27 4514
63 3645
77 1096
63 2978
80 1298
42 0
34 4721
42 5516
37 4817
16 6278
27 5577
72 6300
59 0
76 3400
38 3378
35 659
32 4914
75 1290
62 1956
80 4852
17 1359
59 2294
29 2812
54 4108
40 2723
49 550
73 652
41 1464
11 2568
69 5391
16 717
22 4862
25 567
45 4227
22 5300
31 6253
35 6165
31 4946
53 4958
11 0
78 6300
67 3569
22 712
66 4314
54 1927
21 2606
45 1507
51 22
59 4131
31 1547
42 659
72 5173
50 1498
69 3374
70 90
71 637
14 1464
74 6251
14 6300
34 5450
80 0
69 4148
23 5542
38 2124
41 1507
30 6270
80 89
30 2194
33 4231
68 6219
30 5061
53 1428
14 3651
59 1401
63 2106
46 2137
42 4976
59 3601
27 2891
29 4871
48 5515
39 1525
16 2879
46 3488
42 5440
46 105
34 2140
76 226
23 3534
72 717
67 3590
62 4753
46 4265
78 5803
28 2761
68 814
73 3442
19 9
78 21
66 3593
17 0
52 6224
73 5681
68 1483
16 0
19 3637
18 6226
11 1324
48 2704
10 3366
73 5426
20 2616
51 1379
10 2263
20 2702
39 4825
16 82
68 3278
34 5516
47 3544
48 5535
52 596
38 2733
28 541
78 3012
55 1465
51 6300
65 3556
80 5661
72 6283
44 2878
14 2793
71 3579
28 4814
74 0
13 2910
71 1466
41 4723
22 6107
63 373
29 32
21 2286
17 6300
64 0
51 2813
38 2666
80 5688
17 721
16 1368
50 34
55 2687
23 5074
34 682
38 5953
31 907
21 6300
18 0
29 714
31 5605
70 5690
75 5699
54 4107
18 1405
34 757
79 2149
69 2711
61 2080
22 2328
26 6300
66 4220
41 1488
53 5795
40 5778
56 6107
80 5787
28 1405
69 744
58 5694
31 839
77 4761
48 2214
17 593
