350 105810707 18
318764009 1271328193
287173493 657621563
319026047 1320738019
176575799 1847714329
277557323 2712560833
436412023 2094721399
567890329 900117583
611002333 2185947979
501110833 576630557
453015781 2896186463
466022321 2375470859
291379861 639588107
315323797 290054431
439412683 1455994357
571619891 520583177
233869481 1653707329
453591713 2152581091
62308261 1307350907
582784757 1146815783
280691101 1583364287
120330137 1559543149
358326911 1199244911
330369569 1642147763
478958387 1214620993
454079177 387612007
393226721 2173505953
351013009 2206886597
368413427 2631457067
99101843 1581525709
281791259 2219627587
100655603 1093334839
147811423 1541653489
403798693 1384057547
249205547 735660269
473310269 2512512949
264873353 1306739569
291879607 819970201
259982729 1749772441
307733563 1594575847
200183497 1741644313
207965869 1347878299
300726373 2003584733
532115533 878767853
87528983 2704927963
85049873 2148621131
124304767 1163461679
653662271 1050551387
205379861 923346013
482213117 2280971839
394585007 655568003
417087779 2823856799
370543387 457591153
551687603 1848052433
189976373 1085563201
167917861 2126273381
308333827 1831535857
379596551 2441099497
199390847 2547514811
339254327 1295975267
557418149 1337081029
223301209 2372818033
471256193 1561669649
113500043 1488818273
493864087 2260508531
593683579 1169999111
644941049 1395706469
473196863 1751601977
561157297 2316174529
106852441 1173625337
236908489 2256984833
332084569 2018901119
195789989 2380361749
378223049 1461771391
241794481 2154321329
344476127 2474280077
95509721 2344805471
468665543 1284801347
136115849 1703819899
82722503 1519936039
424955777 2041101427
537129667 1233254153
469331341 1103984389
363186391 1692113893
33884033 1227150319
423764813 1669803061
473261771 3088554541
596832749 614343077
482825579 1074708617
552876407 1318883899
516189049 1635504551
50686553 1635014411
327084907 2150925481
550358659 739972327
194783753 975323003
522172529 1057456079
338859779 1513817561
422755601 2001185321
427033279 1102252297
477890269 1355944019
200038739 1294686577
299328677 1467268399
173884547 913501471
385387237 2200708001
312406691 1917057469
244052443 1614550237
403612999 2672734777
398605271 2233713373
399613957 1547487349
467417213 2428953337
536466239 1022364361
305678609 565117453
585688759 2652035093
30828883 2946870611
248804849 1214734379
31872119 1278009151
337529063 2463718639
352551527 2637543089
349641013 751255123
371172377 975236963
481204039 2550896407
401477231 2928753391
369391907 1449827389
477265637 1331373391
481564339 1756520651
490051531 2151108227
167061187 1679805073
351347377 1552212289
369974173 2686561223
237937747 1066637723
295808503 476055137
273417637 2593467601
309046351 1387660427
386845813 1730464559
493607167 2507895673
188098621 503104319
117089057 1003618339
332154397 1466557357
204685937 982492333
195718219 1540776943
310470311 2797134467
313024471 1317743503
32473739 1278665833
353461327 2678052787
282127933 992725049
217776989 1985295511
418544809 1936422881
257812631 530149121
231290509 2606647361
355806287 956719097
342432679 1468440469
267037543 1951731829
158845517 2529450113
308189171 1044394391
523042951 2164258133
488752757 2245468283
530290021 2101954891
468178717 1191159901
310678061 1531178749
348174503 984754061
239864929 1739739059
505898989 1615137347
561077941 611757551
292885199 2117529551
529999601 356774513
117130457 2162548841
395976829 1418996309
369179669 1458458851
229836587 2252705363
358477667 1580679157
332308019 591056941
483044437 1529828543
142032953 2618230033
419085833 2701904221
363799607 627930691
337303543 686595467
266293177 998310017
631881527 2755934273
514359917 2734818547
549761183 2308043911
308939009 384451391
82209401 1584896363
257755529 1613704823
463281941 1848469613
363197053 1272282523
458663713 2070839509
194920163 2002329631
126794489 1054322833
317210951 2388291277
527491973 2125772279
201720383 2402406653
125162617 2278651801
129048533 1504395517
356652343 2691887999
227142197 1344964769
519094679 1050208493
389578939 2301055993
271404193 1660580557
362988677 1049425187
465686341 328261981
204053243 2558583617
383248991 1650617821
375191417 1351071103
235412069 1904418569
468880889 1797323959
207178073 1368857089
164650939 2080568537
417948199 746099803
475498087 2566550929
407931683 1061004961
384737413 1343771893
342154097 917232103
371997277 754999961
427913441 1730312251
363331061 1909729781
409565777 2872224587
406985129 456719797
374887801 1698355721
218390903 1009755869
171691747 3016400293
682695737 1009231829
55326023 1241648887
329378879 1695356447
407558273 2254847731
340108499 1771742887
204730277 1893783539
138932023 488690633
350764709 965046083
243953527 300129023
556232797 1499899991
401198089 897536473
561611461 1147750771
162380969 2160393511
525909463 1878218101
427220723 555651497
550449121 1340585287
246091693 2475936643
225519751 2445231727
450379649 659594359
317473943 1522657043
220499971 666253727
181248307 664991519
250474337 2232383107
201704299 1966171127
99806009 1602185033
415554047 2466727453
364983779 646247159
94749359 1147841117
215373989 727179757
128157047 317500831
353761693 1819228927
382558271 2281362163
334045423 1692736951
282237863 3114592531
469117897 2506548643
420928567 1604200309
216934303 2010708743
259900241 2703377471
118880191 1881000449
371370689 1134862231
643923001 1978970737
62917433 2216194319
490986989 907689931
67009403 1345099477
525904283 1182926183
188033009 1703760521
356143741 2927459533
445978801 1880908321
269673853 2382797251
620750173 1395320807
17780383 1720763687
245139071 2603043379
352584317 2682714211
209769929 2173424521
393180127 1180782661
256969963 1676882021
452873867 1345079609
272641091 2308827439
515283151 1484189999
318220577 852436813
437135551 1955736301
594981061 1436574263
238032673 1676537581
494566741 2179936039
276203077 2814752081
190410911 1328260849
448097933 2307440297
407725937 1108799459
306156181 2046942197
346311587 1110155089
423550277 1696703809
390540937 2153674657
213815507 1878149057
357207119 1052783099
339024869 1392624517
188987923 3077748277
479023697 1636358567
408117379 1552834453
329268409 2358745681
647402731 1209604951
92063821 1417396559
295523003 1422185651
369129457 962947859
424175827 789484547
405041519 1841348039
517586851 910857557
252371237 837597149
375574723 1028589733
357189779 2997469171
228723977 992365009
405091471 1476339367
87244009 2132605147
357642121 1978692901
269620193 1822298461
406778789 1723809287
398180813 2290451897
362827931 910093183
110829077 2107174261
495128317 2284677631
183966119 1081912529
421920067 2122354159
231802313 1370208283
286190923 1420104337
162215917 1680555403
470039113 2656399463
298179691 1409100167
311173243 1409192663
437233597 1733300249
141100081 2382640289
438337121 2452015781
210861289 1892062751
381495461 2469098183
213270557 1516803737
348501421 1964106811
95955269 2318710481
280234679 2714055529
206387281 2616717143
481632227 2260031021
492870899 2400269057
121141039 959304793
300175009 465144733
505991107 948487433
688238483 1074002647
271404769 1949439043
50266877 1505873393
451347599 924651331
250759631 2048386303
347618371 1112490571
394251457 2174095109
225391217 884790047
354807743 2235502781
