400 5 8
5 0
8 1
7 4
6 7
6 9
9 12
9 13
5 16
1 18
9 22
7 25
5 28
6 28
5 31
2 33
6 38
8 43
8 43
1 48
3 48
7 49
6 53
7 55
3 59
3 60
6 60
1 61
4 65
10 68
3 69
10 69
7 71
3 74
8 75
1 78
4 83
10 86
4 86
10 90
2 91
10 93
6 98
9 101
8 106
1 106
3 110
10 115
5 116
8 120
4 124
6 127
9 128
3 133
10 137
2 142
1 144
1 145
9 149
3 153
3 155
5 160
1 165
4 169
6 171
3 174
4 179
9 184
10 189
5 193
1 197
1 198
6 202
9 205
8 205
5 205
6 205
7 209
2 212
6 213
6 216
1 216
1 219
9 222
2 227
10 229
10 232
1 234
2 236
3 236
3 239
5 243
2 247
3 249
2 254
9 256
2 261
8 263
9 267
2 270
2 274
8 278
8 283
6 287
3 291
9 292
8 296
2 299
10 302
1 304
9 306
2 306
3 306
1 307
7 311
4 311
5 314
6 318
10 318
2 319
5 320
3 322
4 325
5 329
2 330
2 335
8 335
6 337
8 338
8 339
5 341
10 345
9 345
5 348
7 349
5 353
10 358
10 360
4 362
10 367
1 368
1 371
3 371
4 375
1 379
9 382
5 382
10 382
1 387
1 391
2 396
9 397
1 401
10 405
10 406
1 409
8 411
3 413
1 414
6 416
6 417
5 420
7 425
10 430
4 430
7 430
6 434
10 437
4 438
4 443
1 445
8 446
1 449
9 449
1 454
5 457
8 461
5 464
10 469
3 472
8 477
3 482
1 485
2 488
4 489
5 493
3 494
5 494
9 496
4 497
4 497
3 499
1 501
3 504
7 508
8 510
7 515
5 518
4 519
6 519
7 519
9 520
2 522
5 524
3 527
7 529
5 532
9 533
10 538
9 540
4 541
9 544
8 544
6 548
9 548
10 552
5 552
2 557
10 557
2 559
6 562
8 562
9 565
5 565
6 569
1 574
9 574
4 577
7 577
5 579
1 579
1 579
8 581
3 581
6 582
9 584
7 587
1 591
2 594
2 594
7 599
10 599
1 602
1 602
7 602
6 605
3 608
6 608
7 612
3 615
6 615
7 616
4 616
6 617
5 622
3 625
1 625
9 629
8 629
7 631
8 632
9 635
5 639
9 644
10 647
10 652
3 652
8 655
1 657
7 657
8 660
6 665
9 665
8 669
7 670
4 673
6 675
10 678
7 678
1 679
8 684
10 684
3 687
10 688
10 693
10 697
10 701
1 704
1 704
1 708
9 708
3 708
10 710
4 712
6 717
7 719
1 723
3 726
5 729
9 732
10 732
10 732
4 735
6 737
2 737
2 739
5 743
10 748
1 748
2 751
7 753
6 754
7 754
1 759
7 759
1 763
10 766
3 766
9 768
6 771
4 774
4 777
9 781
6 782
4 784
5 788
1 793
4 795
8 798
4 798
6 803
1 808
9 812
8 816
10 821
10 823
1 823
1 823
10 825
5 825
7 829
3 831
1 834
4 837
2 837
10 842
3 845
6 850
1 855
9 858
3 858
2 861
4 863
7 865
7 866
1 870
3 873
1 873
5 874
10 874
10 874
6 876
6 881
7 881
1 881
7 882
6 886
1 888
4 891
2 894
6 894
1 899
9 904
7 908
3 909
3 910
7 915
6 919
9 924
3 924
3 928
4 933
5 938
1 939
10 941
10 941
6 942
1 945
10 948
10 951
10 952
3 954
4 958
4 958
7 960
7 964
2 969
7 973
7 978
6 980
7 980
