250 10 5
20 1
20 2
38 3
41 4
25 5
48 6
45 7
49 8
49 9
30 10
25 11
41 12
39 13
38 14
45 15
39 16
20 17
38 18
25 19
38 20
20 21
45 22
38 23
45 24
25 25
48 26
38 27
36 28
41 29
20 30
36 31
38 32
36 33
38 34
41 35
30 36
41 37
30 38
45 39
20 40
41 41
48 42
30 43
45 44
45 45
20 46
49 47
41 48
25 49
30 50
41 51
30 52
20 53
39 54
25 55
45 56
49 57
45 58
38 59
41 60
48 61
20 62
39 63
36 64
36 65
48 66
25 67
49 68
30 69
45 70
30 71
38 72
49 73
49 74
41 75
25 76
48 77
49 78
45 79
38 80
20 81
25 82
39 83
45 84
25 85
49 86
38 87
39 88
39 89
20 90
36 91
48 92
41 93
49 94
30 95
36 96
30 97
45 98
45 99
41 100
36 101
30 102
45 103
39 104
20 105
49 106
39 107
25 108
25 109
45 110
39 111
30 112
36 113
20 114
39 115
49 116
41 117
39 118
48 119
41 120
41 121
25 122
20 123
25 124
36 125
20 126
30 127
25 128
38 129
38 130
25 131
48 132
36 133
49 134
41 135
30 136
36 137
41 138
38 139
41 140
36 141
30 142
45 143
38 144
39 145
36 146
41 147
38 148
25 149
45 150
38 151
36 152
30 153
49 154
36 155
39 156
36 157
41 158
45 159
20 160
30 161
41 162
39 163
20 164
41 165
20 166
25 167
41 168
41 169
49 170
20 171
20 172
36 173
41 174
45 175
25 176
45 177
45 178
25 179
25 180
41 181
38 182
38 183
36 184
39 185
25 186
38 187
30 188
30 189
39 190
20 191
39 192
41 193
39 194
49 195
36 196
49 197
38 198
25 199
20 200
36 201
45 202
20 203
25 204
30 205
36 206
38 207
45 208
41 209
20 210
39 211
30 212
25 213
41 214
39 215
49 216
45 217
25 218
36 219
25 220
25 221
41 222
48 223
25 224
41 225
41 226
41 227
48 228
45 229
41 230
25 231
45 232
45 233
41 234
49 235
25 236
20 237
41 238
39 239
25 240
41 241
39 242
25 243
48 244
30 245
20 246
20 247
45 248
36 249
20 250
