450 74 66
83 1810
98 5936
84 6850
3 4942
13 1004
58 6776
55 6842
49 7572
95 9469
6 3945
92 3551
96 3098
50 6447
50 12931
54 10487
74 2928
58 10356
9 11984
25 1356
47 3491
16 2540
23 6374
80 303
49 10276
76 13407
63 5328
53 12385
3 12617
30 8707
43 3506
52 13365
63 7655
70 7142
69 10248
46 7379
91 10260
38 9835
61 589
49 8073
54 9292
91 5830
100 11444
32 673
39 1320
2 6953
56 4843
29 11763
80 5973
74 10324
24 2720
5 2680
26 620
35 1139
69 1765
27 4531
49 9473
43 7267
89 1867
40 7249
75 2345
97 8433
78 4336
40 9046
48 10485
68 5958
30 11885
83 6904
70 10808
59 5480
84 9206
58 4080
49 3164
100 12484
52 2096
18 7012
100 2674
64 10153
64 9039
33 3795
18 6216
82 2025
67 13260
71 2973
8 8098
22 1981
45 3222
33 309
15 1210
65 9967
18 1386
3 12938
2 12136
43 12279
20 8338
43 6384
14 12347
35 11162
74 4137
87 2334
83 10228
34 10215
37 8709
34 13605
94 2243
92 10725
21 5876
64 3378
60 9959
30 7985
11 902
98 10466
49 10656
12 5367
2 11235
48 10770
32 2753
70 12029
85 11306
99 3781
15 315
2 4434
53 8995
23 770
88 47
72 2897
19 6266
93 12078
63 8089
4 4535
94 2729
82 1668
80 10235
96 403
52 3987
34 10176
17 3051
78 6596
43 1354
25 12943
18 8621
34 11795
52 4994
10 8459
11 8923
78 1213
21 13184
94 3889
51 10531
11 4480
26 11819
14 13094
69 4216
9 4851
31 10026
40 1617
32 6627
32 4339
23 6932
18 1686
76 13074
99 3680
23 9179
53 6140
47 2078
72 10727
5 5720
27 5077
48 4091
93 9964
7 10821
75 7897
91 7544
60 11339
3 5933
62 4018
75 2448
45 5218
43 3218
61 7658
89 12237
77 1260
69 4243
18 2476
97 6032
94 4264
70 3827
79 4194
73 3705
84 6725
50 13428
13 6908
54 9080
70 11826
100 7206
21 3169
27 7543
51 11195
83 7357
71 9121
18 5808
15 7537
33 7682
45 385
22 8223
55 2077
49 3906
88 9309
81 6654
25 7332
20 431
77 8818
96 3856
18 12161
60 3876
56 13290
53 5823
76 277
47 4038
50 6896
72 8494
25 8210
2 8611
73 5381
69 5959
94 4055
94 13450
99 10813
16 687
68 4023
72 8786
41 13593
22 7795
64 3376
81 2786
36 3439
86 5345
97 11348
41 3880
19 9062
41 6593
29 5886
78 8925
47 7454
78 1888
73 9943
8 1334
20 1490
50 8649
20 4322
86 5231
95 4861
53 11200
66 9802
78 336
90 9679
82 13489
21 1915
88 6039
9 9505
71 5161
49 9029
82 11036
81 9651
20 1227
89 6563
50 1747
84 5789
95 5978
43 10402
16 1202
53 4296
32 6968
74 2434
19 11512
48 12942
20 12237
52 10695
97 3949
16 8331
22 13441
1 5180
99 12432
46 3490
43 5262
47 7782
99 2172
72 5499
69 3762
33 6750
34 5798
27 4316
35 12384
90 9786
68 12918
1 10593
11 3437
29 9392
67 5759
49 3894
75 4143
65 4197
42 1400
97 1135
13 670
13 8174
47 9702
30 7720
93 7604
39 7048
66 4509
82 6647
75 728
93 10651
33 6043
71 2787
76 7985
94 11799
50 5497
3 3350
87 13322
19 5766
70 7615
90 715
22 2570
6 3311
29 11793
12 3576
17 8778
53 13453
22 7122
29 6258
51 5749
37 11924
32 279
1 238
79 13425
56 9281
69 6725
84 11059
10 4812
82 12315
96 10270
62 10183
93 6583
88 13110
94 1755
67 5404
85 7503
32 8622
100 2239
74 1821
54 11444
36 11633
35 13326
78 1436
44 6234
19 13441
2 5773
51 4696
95 1441
98 8888
79 2050
5 8071
72 7572
42 1937
62 14
87 6372
44 11159
10 4953
15 9691
7 12455
22 4799
52 13504
63 13119
96 2215
44 6588
38 4532
27 9143
74 12292
6 10866
91 3616
48 10233
37 4229
90 5546
19 12239
30 13320
96 10169
87 9015
92 407
69 7320
25 9713
3 1050
20 10656
6 10833
77 8229
22 6607
94 10216
47 12666
41 1507
99 5202
51 1176
77 1422
87 12605
67 9017
88 3322
84 1950
3 6579
80 3174
34 12379
3 4234
30 11271
11 2501
16 4570
83 10907
22 4409
9 4146
75 13319
59 6711
40 1350
100 3056
83 7603
60 5831
34 7461
55 1672
32 4864
67 1714
74 7511
20 4413
43 3852
48 11168
65 6495
78 3803
70 6543
10 10722
64 11549
90 6338
76 9151
30 5882
64 4208
88 2814
33 3293
61 11864
94 1786
78 45
95 9712
52 13018
80 6465
16 4607
12 1279
88 10035
