400 123 63
33 3924
15 17735
61 19778
22 20005
53 17923
60 11242
93 15405
90 2520
41 19648
44 20278
28 6199
73 9577
98 19144
5 23244
5 17356
54 8115
3 11360
62 11127
5 16060
35 10437
50 20686
14 23992
20 23808
58 4224
24 1954
94 24578
50 24093
6 22002
30 2058
38 24510
36 16743
66 1178
9 1235
3 4312
94 24269
65 24252
58 8163
22 2638
2 23681
76 2249
81 5458
40 18935
11 20206
83 12512
10 1812
48 7246
4 1545
8 6833
97 13860
46 14436
21 1229
69 16561
24 24663
10 20176
91 7747
71 6230
61 16636
79 11122
57 7658
44 16527
59 11139
65 19336
26 17851
21 2221
35 21527
55 14947
32 12561
58 14186
33 24907
82 17050
27 12904
57 201
34 8493
82 3181
11 2387
30 24105
90 9972
78 13852
8 3757
16 16873
9 21906
70 14038
75 9248
60 14673
77 13665
91 6033
7 14386
67 16015
36 7532
27 16059
100 24090
76 25106
91 9372
30 9631
41 8940
76 14674
91 2984
30 4619
14 8835
99 9075
47 14290
93 8082
95 6411
36 5984
83 18573
78 2196
77 15278
17 7613
58 3203
97 19622
36 8646
84 23772
53 13191
84 14630
19 25829
39 3140
97 7286
100 8661
7 8984
55 16722
65 17588
70 11309
75 6143
4 17482
30 24755
36 24814
72 23129
20 25279
98 20377
65 13147
64 24417
63 6037
41 18440
83 21132
44 14712
1 21523
43 22969
56 20926
15 21774
69 18364
97 16919
24 11569
38 15205
58 23364
64 18052
82 14575
10 14728
14 14560
44 763
65 20906
97 19129
33 23601
62 7720
100 8223
64 13877
64 24573
49 9349
98 25353
37 9801
75 19583
42 24955
22 142
74 21037
37 22861
47 5866
49 3510
62 7244
10 23293
76 17770
56 2800
86 17508
63 7213
38 17
73 25830
53 10785
100 8478
90 4288
96 9170
67 25963
9 14711
8 7765
42 20466
81 13533
86 17359
64 6714
14 25893
97 4777
68 7372
3 14465
37 5625
6 21148
9 3365
11 1387
14 25054
51 11515
28 12298
16 21947
5 11394
20 7400
28 16161
63 21317
3 4879
71 1649
41 20271
88 8167
36 24867
91 7318
5 23316
7 21709
77 15823
15 9853
78 19153
88 23898
57 11400
80 1986
55 19307
29 16827
21 16141
22 1828
78 20343
100 9218
85 18082
24 16208
91 17671
1 974
5 18361
96 3785
89 18716
76 4731
44 17861
24 25245
87 23280
44 21057
27 19421
80 21510
57 20580
1 2813
92 19690
85 22121
34 21151
63 11102
50 10459
100 2221
69 5532
80 22102
6 25055
43 228
59 6317
59 14608
98 877
39 18390
82 23753
79 19862
30 14324
14 21295
14 14614
94 19221
75 12093
4 10986
20 23565
31 685
22 10739
36 11502
24 1353
88 18844
39 1493
73 15948
24 2488
87 563
15 23814
39 12596
26 1568
74 6024
18 8702
92 11091
24 17433
63 22760
53 13355
58 20391
3 18605
67 6184
66 3292
26 10103
63 12043
88 18016
92 12045
68 24680
70 20150
4 6728
80 6652
91 772
27 13776
66 3039
63 24439
43 10256
25 9304
81 12117
16 1125
1 9256
55 638
18 9237
99 20742
38 21009
78 24996
18 6266
29 12661
75 6026
82 16404
59 25764
85 2268
61 16843
17 23230
38 10877
97 11460
11 24833
59 12601
74 16186
39 21199
47 4988
13 21036
39 23572
98 10499
84 15645
71 5666
27 14948
54 23192
92 6822
34 5829
35 857
33 6338
25 25315
89 11687
75 17213
31 9822
65 17184
49 12743
93 2790
71 16086
87 16194
54 11334
25 16109
53 5816
81 1156
40 5282
76 18225
4 777
40 2253
82 1803
8 17191
90 3392
47 12075
79 12082
83 8780
35 23957
10 7950
93 2283
20 23524
12 24977
86 13174
60 14785
75 25313
88 1977
77 6617
95 13496
59 22541
64 11649
30 10350
12 16010
62 13497
47 15478
17 12296
64 10897
35 315
28 1190
39 19393
78 18609
30 15176
93 21777
83 5902
14 12650
63 16862
80 20976
81 5840
90 17632
77 5709
56 22891
7 25453
48 836
82 25483
68 18441
70 13920
14 8171
56 447
40 8589
90 8568
87 15711
50 15867
69 8238
69 1758
34 7570
