250 19 50
40 68
38 9
51 59
43 0
59 33
15 3
71 128
66 0
24 28
28 2
20 36
42 0
68 136
71 9
28 82
62 0
33 60
75 5
48 141
38 0
20 22
22 7
58 148
33 0
44 40
72 35
41 62
56 0
55 94
16 3
70 112
40 0
28 38
70 31
11 20
34 0
37 46
20 8
26 57
40 0
15 29
32 9
48 99
24 0
48 91
28 4
43 52
54 0
10 9
38 7
49 146
62 0
70 137
46 18
28 59
55 0
35 67
38 7
45 57
60 0
41 79
53 18
53 64
65 0
61 34
50 25
19 19
27 0
16 17
14 6
38 98
15 0
51 65
52 9
60 84
41 0
52 58
64 23
33 37
43 0
60 100
48 14
66 127
40 0
56 71
68 16
62 103
38 0
11 22
11 1
54 106
10 0
65 48
51 1
25 74
52 0
70 132
36 1
12 31
55 0
22 40
44 13
72 181
32 0
19 21
70 8
56 70
40 0
69 60
72 29
62 173
45 0
56 79
51 8
38 67
55 0
66 122
29 10
17 51
73 0
45 80
24 8
76 117
52 0
71 71
32 10
38 94
49 0
26 15
74 27
73 128
34 0
10 14
31 10
73 184
44 0
38 22
31 5
54 144
44 0
59 60
59 21
41 77
66 0
48 59
15 5
60 126
73 0
48 78
10 3
76 112
33 0
38 64
25 12
43 62
53 0
65 49
31 3
68 102
68 0
58 111
39 16
21 24
67 0
58 108
68 34
74 192
59 0
42 41
25 2
49 50
41 0
52 37
46 10
75 208
38 0
10 15
18 4
71 130
55 0
72 68
45 4
21 42
34 0
21 12
17 6
63 168
12 0
33 37
21 6
26 62
43 0
16 27
52 26
32 39
53 0
47 41
76 12
51 151
55 0
41 37
50 18
74 216
40 0
41 65
39 3
52 55
25 0
54 78
16 3
71 191
47 0
11 14
44 9
29 40
37 0
65 68
13 1
20 36
55 0
76 131
42 11
70 102
18 0
51 67
67 25
30 72
74 0
56 94
51 3
63 186
31 0
36 20
10 4
49 95
60 0
19 18
75 35
70 157
33 0
18 36
50 21
27 30
56 0
18 14
42 19
20 33
54 0
65 126
61 11
