150 21 15
40 70
54 218
34 124
34 236
60 149
33 317
42 177
36 97
42 246
48 73
56 34
53 366
36 117
39 342
45 149
52 114
32 86
48 251
41 321
32 151
40 150
50 221
33 173
31 43
55 169
50 186
36 340
48 346
52 94
54 216
38 147
32 288
45 288
34 43
54 284
31 183
46 98
59 243
55 313
47 92
32 149
51 92
48 150
38 287
34 102
61 351
37 43
51 64
48 218
35 241
52 183
50 40
41 147
47 120
37 66
57 272
38 261
59 180
32 320
48 362
39 269
38 41
32 71
42 265
42 230
56 120
55 222
34 200
48 289
56 181
59 284
32 198
45 339
52 97
37 38
36 267
37 366
43 285
41 281
36 119
58 40
52 200
54 366
46 124
53 359
49 218
55 208
36 322
39 317
55 175
47 265
32 362
44 116
43 238
59 271
33 189
36 146
41 201
34 364
35 72
54 223
40 242
53 321
44 365
48 198
43 298
61 343
43 289
54 241
37 269
55 364
60 35
42 200
36 352
55 66
55 95
49 120
61 95
50 348
48 201
53 261
51 362
57 311
32 287
57 220
48 366
43 362
33 149
50 291
35 178
50 221
55 206
57 125
40 233
57 197
44 67
56 342
46 355
50 267
56 100
56 171
41 196
43 146
46 355
37 69
33 318
58 273
47 292
36 75
50 265
