250 313374052158894242492471334654661161263783973024545399076448886494573739 15
1198110407504235382397796544722563447146732582623164189138820579954069863 3961662907513520541591158611079780897297407325666294966328391930416912149
287708774894307145251621286991877304372217229814978902432507140854225261 2168725387276733821025210274702873497819233080216601349650811197989428443
1022421995583113432201292553358311154280218823263706056967824776589197027 4996986206334350678605688844529683486679464775223996775308861464682233829
1322560890237650412821419746008697498010641079670496088465602950112353239 4866972576034249838122644248808453302727568755101589068166687538513919771
1130968107137908359265777665715522084691594510198844809773611737365445743 5676393057260473227322215955751180735065369224632494909341516162563376559
1068304818463955923707704714766495588561323454126592889170264752779942081 1434563821639435493976007857511117294921048151818160567841384514402108921
403778580919693634907055584565720795401636296386515339605676849749556917 3238891437338721027765496906901033478326049511282137308411974129687607849
554804613719033343536115060531688165804028374556593062842439428968819357 5647243969548089522764469518677650175267605602357358646517761851474137559
1242622932003990242890314001340287526704461562917985606635278898649391747 3714389461106473562553375722263627970940288868184097300700093679587226891
1552823927535808664444741389438533769508758010991745757342728797190114289 5832914163295077457129166261839863206177956817885427347543694551754525239
1539403852404358098778997252787059217653918039508521176730568563062548017 1746874036556866502569707270010935811883618038828300066011528121611956309
945464518748106819632186724941799543698042477863741466720099966752725571 2902046773661493196436047064554408066097452668838115583888571823514420461
1430896435994415256443008896241682465654253350930480002153042505687012803 5150707668580339011764558917506290267538028924032906232942773409925572391
1195510904499608034417031179926506453027723087894931538255218316332863673 357311214837178775868490982877073987863279965178020049876129049346371889
902522981922941312349353707807501181798519828546353661385430075492219847 6739169597571430177570686654625805548335938617961817944922151530381940043
389523830805074363116579887746422479412099060247170973704249892318030699 2799186595286666719552484345245820709520012120854764082122451774299663047
1403880900465851789393808467975276919341290490382275216075180878713791447 2094543495049548767281889717506959359044990857048547852639507845226604273
826476867680359086453079763295275636822406865046962803174063774662802827 1511949475861617460176177591997344041166094549861428854074712961127620403
1411530835014446253827114975347528959111254117801542690016548273616382353 4118742815186621601652513228596923660204848359128183605894546140277583071
1133724675535658792743379550609941442189136468277560551714393505419513913 1867145555045780403447460263260144771576370614534931416606241907435442303
694979519052001483346590790522963313996518575672539411531971759903576041 1599983389772937640612272395724064346233667593686836829564591821071908847
1574046919465396933619658970576907946247141679087403439031614187598849083 6706683770084571390783724424484094435482756590304291868255434067652386213
1451892554155430640146861821701135370361009277732271857714799436867786923 3953408890039423199998795348029793735929778484989089212492252288482683611
49147870353810997982928418494517280785757626237355608576870719933208217 3997031864323106479927151822861357203356369474263994511605873209146219067
1019713961363567741888947804196311067138449112589204610926837976092487063 4049195663987703122135054247385161582084404814664986275560709220839450669
485873300989535718355400505029174683639915399812720252630126623130630961 6820980164373506888841925011490704302290961772509156340348753598751302711
1617547894750140040909593164645132847225835819766720777628231301035491971 3502732260549764054197143931062991496362653938441189914097211431402678963
804979272412542198995148301667579505133736490642085913416784151257559247 1241459254375367705996250701411327167543769931724428195730874126796594271
585037784095036302830061459020477590839179446151940440505649782689670217 4347856327577823028851469071714336213910576148910907066307185522014055357
1848807554619517621114970534356759428226753127902149441205912398878596103 4535499361926512731176631056552259153406084684967259365422730171578078659
1416527551995084324277355737698734483066717395869918159420245408517967019 4587136861179629630035741176779711863673355319327490258711929916515054393
73371035911526980627710649259577445315946005145829129280969943355105311 6377960062522070047135719108059404775826864717393160425597097123844552489
722142986079513340698540084083228483355608588855781139975035808802872153 65761835491882990353870304578006321642023731594974715446301365473967529
292806444331581999220066281796388088253050580154169461805216184216929127 2706270825540657036498349160860617877887695211332786598165217488531279019
1319446067196599164765252829405493720084036904655955265404478414127667199 6154504610910513805811334347606439371981740894817801559088714476948253303
443533656947822235453917860329546990478390876416809710205971591661773733 2137188795501078374371356868530864932526114016680611833816588502755886041
803400164113152594646017679714344408160224060705046064641283916077752699 3859487091321275284440476141226700445775888041225590935905982362742254209
855873329584188747251131582427439775409027856666288637192139609780222671 5665731953890697193456599148205846721174803810163494201553811143239338769
563716066410509039126503159526218508130876313790824205371205011400502667 3840715666427126211507615777047090244504550631729133405580873313667769631
389979149736297696070005288966541923535484074887176807880756068051187457 3877893789649278620028754230879465320646779563120010147807424257213850653
1102081645075439429326267433122450718350769609075177164071668322906727559 4057026996260564733349504703395774844867113512515336875910131894825161931
697087160853890191758148431283897169093450975364772886011354035314220143 623336507697034143117436689335649945407280738257738236573825872988660987
907950708859716606347740575051620143348123571558726843412611935611467671 1822756135777236983779154917011005016807977882899514158436159391996687023
1609964746136480845881755528666215988709560267502004894533547895738674183 2903951103037489080561648639245087802014971586819354650344411756198428453
1221586408904778789535132782117969370867475187284281120700502948652404829 3131399547287649027428571775135933199076571972551766589904520908158025743
493241970705831754208537412522869331819051917966822655926829420032627327 2874287532595587885077193664892773970378158870945059582000160116549033979
938097169745877128509720382861466144712090565771541361699432746989427787 4178475344195509936341011257567522263074385791438013565709337055112826757
636231942858320360334908184354990616454527747387842254638382607091665979 2150385049335887039214549189281431836267952527075191062360007554168278631
802345548370173344143105286242850834725817519630510845506119788058297587 5202584964744818231692124542561703625110422304671007277842629004445583753
938085658309294637069190562358743872848750043872580668664670486669703687 775115768840869581174594055423964272957021497154051420766269584155199503
998817563673669318662626879275599470704481572429716132003836325248754513 6165383878168328842710708208510425818878781671288613025757527767850223111
906141760416302250956600984248280009774341649137101728575597572587568779 4298944118908669176001373047593597630115481506242215764534008212849844817
736028904782165649612282779139226160409192161473704984748262790659298149 4730457913767942016444694324783135954994236958317428667900059984099013713
714589090272025969707831855683024134905518377951564799904522703260366437 7358906299552337057229708172728468069814330784620948389419065615688844637
1056171464314371695672103635655118257400931477733780374099370188374002163 3001572544690753039017183009864105343959358414673724398420288522015288801
1538237175419864433430888796623621366242986052757317986344685043419316247 5727207614724479202167864258035677886193774537317925935905515318689036589
717073910902945878890379417242908186237244093495620205407266595842467629 2142595272452277797013210389142763900173963413291966881103248630902902117
961593877791342145651573454794290754232226329296324264116689055959574929 4230570468521966561537622123806521774254148621364866682828459814597431107
1017428596704916969979333277204625524571198724352703900825486423545465293 5586139428713713065912869880251956679693444462176689535955921726722068377
1310857978746389999622100807756378809165961214059480782115965193125194893 2207740909066218315593547618659870057186805780842811588824293638454575169
1516176995808082218451107838858532827848097832720996145342583478627161943 3627813765765680941315817817477142798051021093737102274531261549980522833
1048866341481340324516981325098117796149529941861715199731609837242180753 2820586501922516787237288997268517100162738558994368383380608872944603491
1546166712921452372477992604279623174703882493023544556962998964271896109 3721457224638540927774439422951822454848979501028790657973807228310246303
777774148682263213632159664946321044748299775127969548395347446810640473 3520240030255193415224924539064291548057004774435987781386840367318609791
1424248471200913642576514684041224836172252447110471224824049147667788477 2217669972578278601269526385073961301159289699456019767754603372204338997
1339658590201425851830932902164630572784671237528866083649333784268618087 5269443894383466776976110513583813935286657480577554161317914712222555489
1305154307376031809722043380394183797370741315949370341347918758933294153 2722836850579992642596952081005340667422093842563303142186022195767905213
532706384189103347587634321290027485632361045100099725982984313815220869 3547357004699563082724642242981816061728244683077626889927697883378142777
585491661500245876811290921858120917698438085772775575565871878812634197 3381437354340508722949865506184483113619308709133426837869922395638272889
937347402283911233999037564337052651360975219960785198266825941527832527 3812032186964295801543533720460063896640046209312956564510882067532777711
917252407734151071172130205846501130443154766662650808786815360848679319 5556638573518584182797691436395634939359922437474605442564876674753171267
1155484278643712594116574549565526388734970598190648371707709801258437741 5138049294498409472584015406108694662805534245872460869815792394572073643
1521693118518615043552597393562782033731340575852802177614818388846878857 2127334849432035623477816521482083775628606829542805689459895069120644579
1105536932647459577176224492739308746440236302324509626880410321484691627 4144370751355960810138596933945020104765574235713696752521929901740274037
563866432163230178559996142163971912416956698450046613612413448907677323 7101862421674950549687413311053800532723588295636270266416271295869646373
303162001589812866332313660788501222663334481726254664607304328017693343 4436349687617480875210496100811498506777007824720346889271383462988023461
959762823866955478105276468975601536834782906217039399042959156245180309 3243068837030456887185139880089307667023914569474008356602310013290794307
557090210536592226636533462887017215147222281795784512424722256748991973 2680917146856072826378729144170291287192302209167017607570678388371549537
362602983781006989400159641201424926123967857028579147001245814964920273 1145936632306507743428911810734193466384625022203734309153715157819501723
959305557657190671102463001137859779337428728306553047217012130203549211 5107469277914854908058337784638053545510987321320487516221216125865604209
790847967933762834477333456935467739814604056610257558219100551870821567 4611286601530378023450949750321866502083452038413178714512876832235992229
1503223610842653585841033882551182336977746139528102551015880630502584889 5812688191508722886297392122906425699454029975864590142100139565063347067
606530397933355528319647650636777472719809964621821457037670819705159731 1939384950277243227973065180971362823910218558739878318220116938492214323
1230677829861208652442852396828846327250116855323912632788099486346579621 4041789422636643118145624093424639455101174822937626111534383130251197221
198371437867798440053658553147412083956576272404048481901208138926270151 5441880535265505361941339402686242145188407701691611383789949002049846869
1135174757421998422977335011221268428643698669212936279167981876216119079 6452298264144596952711569820050321767783372235141808472584667967995335791
1417005891751819980059011577070918679731671842824055687774823796757996819 3838078586731871193632469823551638567860191951533935663278284006106160121
594922056480253791069166827567873470449269656711855780744968749324840287 1323195165402391774027939337471748650059757782586670507640654423625216923
1325765829831470970003706165403342542754670481413654055808591343038153501 5033562308763800995588612168877915670994479330816333623521203435206016761
1644703576626161762504323388134927161552790843925680910031758300212381559 1254340069797816281743411471860078904117772193304370655918173762642446771
1686740195621671510620424147455886184508141164569908228504957325597565747 2537623540731708676141941726957263708554934831871542415971561895583770623
1797254266843231333170876023279578042171014316839291861364149444936956633 3799484702735680679494149159129344974231883305621808833945800414549174857
1462472601994409512448718240395369778124137160173267173763780798967710181 2640368025732498878315692836834935536633040837228682358160769923383804757
1757012398826547251304741085605076153424301860489350508873481400673271761 4322799126505220216618414288562484378230125016189773369863788373852311257
1190693735177978407256494600178504112904566843608143089249064260543970157 5512191124991477503562143001600545893817451299251236892737182855440801647
1097566934625443252234223170486721685233041799574470227043675900689877959 2121420508936070094302086678288718594151810499400656259860706288679511757
1760268748884152365370711162280186410315306930982502640888888570357853103 4007573412959590271976494259348150259287369694743997420900161643159835899
1642874117050577026939566493926993161944706110478712200851354451532708223 3683772811547439046346800058956622000416697403658726469696567601738212461
232225202659108147138037536126881225725444585373617224408636571830100707 2127777992829454491945280068323870819230697199830765841683916299922380051
114625144806513151031604705782999429989526681266012360231846412770251103 2377260602182399859691180909789851654530493452295668643589855792197347607
1534786813001163968350204761334505790803764139854659629358900211168561343 156917776116934270296808120448517838536697541050195065114246888101286653
1192722009968436470714627703892616569052558474071797436036509164352182729 5009994770682038401748824783721406281179881782350461285159701803953104953
898060254708588923232560913726472166153843564174394618880169993071641749 1725232437273240577897831542104593202538133375882192897557643248887402969
812175105770175021428747002720243516602611636529522958783537112914627987 3189760373973419055397424827326765697364575453225646868318068611375958543
69367697945853276515540219171949579005786118321963569884855680080352821 3237543855357567813545374014843057428254919517967048311912436455405013951
720717527333263936865907962502268744645181101984309575542749478094981461 6137532516807860241307375855049645974015044859412037474012220814426508289
1253256888638618741173074321957364677859223719733363525703777930571497761 5734486543218978624760730429678727641016355269610719243322751937192528269
775992327720410889846182103604950623900255538249344652544349663537553841 6003379757292029696581614095509791539978032447640847402959536119739525553
824171456914950710504905047096290914069431746442042011739198682095070457 2668328626016076902278227709398193776351118558336618738476768965548516249
370837674610355941731671906237259190209355172316326187763943745934014523 1316443291512244996349632631673668209873503392826248617588348323335368163
1186507486093767458855026417065398734594537218572509001767247753161967441 3170809258758356809341431141032160403534214493031335496848547189871919543
1020255838165806794201619579470123863756779442105102540482745754612156363 3821568989387530044060177654138539654022345070612452053543092135916944291
330810959162376462000581437614629701070011362460291646126260247550514373 2455815818322225344205803582339419059141362277007165320780868861765441969
239655803110004650887328805949869966101459070989118146042623803681321503 4210611204293473978103544982919127344143515575688589514973599885722525589
917274685678771666636770403543062303620046193787282150858492344365505633 4571907971129598058876802212231628633498402255298773720992139109922323449
928316406263212417188425765054794224873004767055070387211563575714722997 6148629617228717987754435838915183529930922706865904236358189550004945861
1282533295096272548768652192709544363688347577066298615409090570816609183 2185437427162173251763911829287513760943490821847181120349147850135989057
217256994239046487465123851959922946097382819767306533572734156325177167 4278507070922823381658130873824226850338385128970663887552186270570050751
1169341485364384979825801118822563744657588785783912618900440644549557867 4701436440581023788780947672943381393307503048266764409840587467810734093
704780884402337420569088429176706314698413152704693981926590692540174397 2056859334808638976044674649778689859015678173148816001608909497160748941
1007396965934392305481244750596023493379842376363789977327292375220801641 5336202430284019890725963367469645535398876794773854597887390370468107967
1559388064724299099293809480588468987425024890018611704315523314222475573 1726486701948880598012113798171532553359907755277494189967913903112763533
149813521237227892085639362814151147841464420888263050735837068155901011 1597805242352888986387869315453934095266422381565803429399957369738134521
1040185517227475477557924179383360340412159348467498322113935889892311599 6392147185287979173060802614566284951406333469680041182857720614389490157
1337345966441341474512294157263692724963643075000918434313766057712181771 3998357768958978764655853898127519933599014019699184129187134438530282087
594374360928638618489695840015163372818100410049096415680567007327931291 5041945706144065732615567318629094659343108491244990487667225535541710409
1268325023434512342005698033049868278755840408368301534085233893800161241 4385167354347614912531650953770720022715016154976695673019541368339396233
1271524528931409554642285064194089351060403430060089403921251045632752997 1621672238363934771235960675045233352686791293384706540280434817129144403
1092919702307119921876514254273694561490141979455321572629081505106289507 1285901750994493985119072405279034958566752095954482653004821637490943367
1492492493532641528438176499190433151196767460764319364623308968652761399 1680139471873748362307808545534492660591474192740062188153643815069252197
1649458760130971273369458552229559826006444444601451284389006406139457397 2047624951648323220538255146722793697225216495248867827336894822885359479
834801458505711424646971264652614715045500130913141629921253333004140737 3742813817149306252408693749175233479903585019889126642138911954260998837
837623853764009435622376968154666782798219492351092545607171061260127799 2097894964678211269947552979830492034286727274447082222461650442765340267
1549484990803413491568274754431434718292405726738199224236223504288196793 6188913706897519968903246717261255495953716405423111143131700151547469427
621011338673531465649689624659950796621485043232836835088578086276291289 2704043679769566133736287923478616402099588395036833981790477505072301403
1198076731416459696156113803939024087262553925655655825472257107378357467 7192398520184834473592818054569678521530552390296556613767143512975794321
1007154985815666185464949613413801999002724898272921862400001220134878379 2184909961561966518268652768818055083213359729700594653257526724944412403
1403037524393230100146291079566168770576887259688285881046347140894729077 4519777754746426858777643631637667471100916402637286591404383391845483967
506790842705134003705912386033715269547932339717334459336413777255605147 3550816716002431185018358177947765610807187570693236956466640662157662711
749062497372948856367647147627993833299987718925429520612077711221665401 6899687988323775242167943189874765063857401245890601064373157207341161009
630472640008577453326772252567580190719108134468737792137985408847043323 4109392244604282119138610730047209776867354559703412883357104326820133647
1802988959541340483690583595128423844777476383267259883913755159600333031 3771398438678293531821190848359216984315254240750062724678755325412731999
988284761431995646469369645995376241160519391951983025961545583945758387 3708041706597829720533108329606724065691406919721282538278998632211207243
686170829221757672943124227818330390208914708350716783781792284108715411 2758751594496209593641960075786074001363938152411540323474682704307198979
1160550681317003733554966068406542438171675957973473408486886307400518349 1350684473514248618400180462799574161733772520516804046919504354147685573
530828137846861112759252242658628103525601751930703623945049238404487551 3562803202765517866170900241427561811572194309813016156661954037818098137
823512089842746441918670216174934144995888777328317597763467027557515357 2426589584065532023644503214126409390750864888545690119674329397948652021
942153687911025703440883224790826696486561386263658971180074079492120847 3140879398352978245513393266678790829959669099371910043357853823073123789
484977480661963826269851675414671886010587760820061293636469898417080899 2319207387504032886535917672483284577754216379187685282106298291201627161
1128091360736821039982715075007052966494970038967025475425989892349078363 6864556765194647995969480365601048070644604508474020929649254263060271057
1153600387384961919502298771449342599443813380475085934096274503634817073 2254035976447463146018773784156324678265702364089357463943406985964944743
1630709780546908121877027584709097593935160891694300785788984293682990009 3669400858225954697082768793616178550404911672691680357551631010049073501
732105544228188856142190920166975604100468057336448552161754848819139263 3597649485490487980058430333919191076060956252608360750864110812948084193
930347847246423847426942686607522998314365233314668253870908148927609743 2503369404570973522383235258699723651973801867145583682455495072514068517
1386073733775212398330543563161061182069710590921213423042751202567207629 4677884519669927166599403308881506622603388596157732095529184755233017737
678352388518890917936386059679991805901301549350692296907760137272281397 3865566474111602794458717969130161596226401264872844510582126187356785849
954147566924388201017997451288104769531292259240405810645967048564044469 3934524591606795274209721804362266374691540187467457515050733055865362521
927924386623395079450937743877777468543774195947806859585874345814147317 5927798679460719955641013362766878344394803104186565964997333014727902067
870759839269114738700117828318142872726443343133207040569123067262004023 4509284516913289033584180428124875401861437699979755220550278448572806797
458514312620047354987282182994885983455694872815020823926964127117080087 3925765815769693092392243486347912272386200279977633845461143355209152999
986439349571084401301108262142210657404042357861738708766730275106703437 5743999879268608446758012521940338132488412030902348055353322411250240741
510142258329183881656726467632139976744111830797028705260076752097337783 2849215211745412701155782069733992443309805781481489443053288854486507749
786697590687758878777197113438548171283239551764403772815220513710254741 2220477871916514561757955688195807592290988659210408183805308755641460171
1262219257665245773069537812396180179515613087320012452904270143461606593 3147586931427982409610420767168529233532608060502807603836472178664095981
1219586183788730208345794646294176144399502483784910616583995240092501299 4075818815014886300071386263012951155707580595395183641125556074228643037
1134066719023474727764675155440861736486679046871835575024610066772302409 3787614104196795684158923345737251355481766888422891455664557730319505979
719071888452276657682873617726115528762834159332427368783982815936058717 3594214184288568519616688313188527873216419129210008699472638267204316041
763311205963975925001515344220707278692435783684083214480127028388119423 4840530126749809807536657982318862475093820794441349662568430914890470041
1364313107805113715634318592620051772778422437065908141263731861223856627 1570768250469257123482843292731798864022013891238599749077193050182093673
850202936668705577170173190658911615756364831543373643022117136867734863 1996963860951988290725212694120391109560664671034365533248174868533936823
937278267977911818512779685686142180148918942990630868018769732315607403 1771446018130405487107503301034149068303537955423314823734741252772735559
1158229218118925135976241925547023641999961167122413488407862925974013803 6633169545169407781538169038273664047833027801055217408619225636156877467
475447801662882793330838472628322295159896594448942231083065856739587941 2511831408629822404642456753924576991008005791568123274419251714755700161
919742540769696715734937978414146876772006090882831969393100333063232151 4349837637791267898704901441849950193914276580489973738214308635537056897
286756906064143077902238348217711037150045593712638225156790191130816047 5167108054571875092061779988883376988155074412641414337291775639630632421
442184103104480701201743313530282651358051052003767718585959503269433209 2496396009797330834772896725020783707204182353447426781376478446138336767
894033141604244545283793646940136861906224363274317847887393752167341123 2457298036602391636392650666847272937389117558398829713559823677547636001
726891105274369359954409760710608494528075677228281430790160512368597049 4261957609635604566515738916578816504815518927495791612255274765405990173
1137114987717648972146666455338859348593610817770127521397046302730892283 5744405677333987858495970950677495526326060071780957439520848521839708093
1016300101127811374439634396066723893865842814036478449794146890231023853 3839971645313614321573080630071639577712511593148248793875379419322173057
909985886139145016959206960203225017687497947491436927172277523701861513 5226259484765044253859274668351055836421601274500183074153879434870988819
872766468365499397053816684743366111319333119118553205637205567100707237 5290514372156969777895960019428176509022382871417407169517401697453297003
813273571384055728352093913744263834361532325498848481933900249469889117 3215267076365256117938874488861913947137866160442459408467974190290644659
1250771866752857720639869578702867119083756592134186227602570937232882483 2244091913808195220647935291646167976946025295969149408118472068281705197
928799227962399497093261091342942031276102253338321076215694355081257723 3664126847588451884693754962097821919319981571476867334743339425900022721
981819507112196863749022386215680023264965341873558647108434472527694581 2906627512016230296526982314897263456929537979069822799846447427648812489
827918598991468620778782014375857416169018042391712141583480333936532803 4262972879188961074708165023225759856756963085462246635855591530528923101
1312038675063494882930950250408382449448855574493452315565135398637483623 5285987322822185611036869168178155823274657571321637806732938610338061617
373784790901855714096669225720748625279772875375535165389515411568990673 4912795990948878399740433233565224145809271998197092605632919924600339123
1725665216707661546015820079298723183791508697821698686110319073100940497 4397204860074916623939331241925281017412693707256864894084890151821894633
1307095097585119650380930747571161536637759083396481391817920272376387593 5028594719525158280033039728739469973095931743547739066898660213239784223
1182084132003349104002100683143714646252189277380899683428246075801967479 2669756423434546678391411204072476214808804047633698445262996242950409513
1458805701787098633299257819013923360890398128048979968063938246128502239 6323421915598761774789727496323895815307365913595520979082315653752427639
467264402223602352952133289379331072535359845313659697825877797875830437 3168564795677259874273618325715143750873499478412084580851722449843566371
313055532939641991105894622004478947897521574899786316345221324121966651 4976953274553880613886908102272369054247136340829841002600255700875957891
1784426075612423174111266362763182421138671660650103998871425737664078803 1393768162000305198695241739901440827746638163903083633437523147258361851
854288627343068716173537349578982353982004514726590641705934352636114133 1993256438378388350160892757443712388798205115308178399528901546687513461
1398958073479675967713412854690483020861062059316967847179045032910283259 4539055176785562866038849571668845305230097004788202171388723741631236043
1090163994206776026834394034017737188962413540850227306204735298898660449 2761138243670049812292415862989654711596379715575541006955220961492109841
941743869442208325600674496685318489772594215533170736013147998625299167 4592045698277427094609615289145719273697616829453452543919630181832443031
541142504482647293217236689399829061585178237426857312571519278420994427 4520248532665693349340697981423215022450107599026755379745260664965343477
1429601678299567432154543288037093467606831376411015416847675211887297707 3149486543821909486048882852686276335420835690902007064689855798186112939
775911416202391893519053790780546613213172412162561067679725669101963907 5598058588335441231190663973065900939694457117389639329810831480723389521
653736517108339903365928417065392640907294990734969637096869927990048557 2452195481223463794886615698619618950745103394839007952050583783554857597
463492167532346124855625708243675210588279717730015688865695179064812969 1445466866032378125482776714140602265687158631325043792073296348953518277
877020814804702635866142270194739866575180454937944064536867147052311257 3841081891682952237299704446002674365552455887135106989191201847470704927
264177585580651696885761206053632759059196741172477261680279066478132813 5289887303471467008767516169325951472902657774486220573595006093492857281
1398079117392049811196504375184621802316375256321581675869637309903483499 596998761827194292154787996677329950589681099477381650233414100235351431
813643097410563769191331627014688179154441152237222143825370570897111011 6008948159529744545027357202097252760665844593624204926565631823031161091
848311508575723667529992899160853014430716125245348181188637504722646487 2344740242805927591034894092583344663439023056728912695321563573937670451
1040381267119588284818887319093155099662644503147832857873917200074167619 2501288494806357921050614915814792877074888360174178556678894196604541889
1257115365295041702815922558363449866424919205664318205720161360231170579 2279733297099755764952408143135881866853360814435129822659430820329055927
1525997158899423899700875649276271076565777740979007191069806089876870643 2701936370125234856349715088676834638374738802708978032066039393590435919
1331711495092981086629711461024702503958882783864732071615553454143516817 4649806065905162554754242232037379448973300228272270581457868501070034537
1619403517219083165737813247000966289084767715579580486101379520706160597 4834665994881070675687611637250948576363671075977917537689304899727593367
826887551995183211307487602217826006757040922651299367197133678971060973 3804180489570362200827182637865043482348412349413651972688251072920351987
1098534920576937282990226674748574282649028039975641999027831242197214567 3795024066598413694931731239974425062480126796114548551436351845523896629
616839571995006549381025703278450353528534057282762419775799000641548317 4001251439467427917463794508228184141774690584077178483191460242176290597
1112549173401654838595381652497431438242661826006404214343341947167479551 4472178735684757775949624404820214392045471308664374498576637828660349391
588867435169065712445886828280304870329561289534399631306401878287092821 4702281249453453424282799719210538380406979673697145265274108260707053827
1268579941316437281491530596660709089707860748730197573455665101305622923 3224217883735897266797704487459000716439531174456440155021041279929357999
1327399235614142103650556899996276531361991275113587360489547419560590699 2685477225047426328415907553927169458346897491929188893130284557625499933
1140607993501730390561014100903772652822011263993608306201496787604908877 2064216014927027199171125634513844576017074455896368341409090420479001947
562250259050750851790353369917101934757332795885677286433907927010279299 5562249467320006092231438352282854926161819219999364649579170980463002391
546813700140317363540900671895334759297391756665529838849461373625001501 6611762206755187937081920864743234779361013834416190520350086026664319733
804393859808581958668290425103916770316038111617347256306115836394424457 641958518492315790239263303100942609265251264739738870133475472302814899
886423497095516779406302753544334805428055110710956306098560750282071169 2950022771658123532305827303778884248231091781282024495959112783377960173
619976562517128519083891636636932051712126830847388203564369353610708893 4299585735668986924300000703240165730082050842224752814239441441612251891
718612699023965781069605326997802751886131029718858443863390173722002141 2610785147503098173323182938373526975285282628700868383041275699778010319
1049645811645222071661051350784679599498307953388017280794128281996513519 3600562995641346262953964642492471949146104735040897483154463322528201391
1263727820312893100764926675584960336678516131576737037583063347317239303 2340501482240719736036338894158626670177690979356111201892583463330397117
1310050634027389096717002976553266115458011399712575604399463431572643411 1490648321310601295446228426993214904329056704977840318128043228256132899
1492184837272101109997425635511970354487108760854386636032397575100098013 2083760843594148368901234404324533817657703342399369843075586853645982221
652388364931659054825301970346607394418579990508615248317377857055718113 7279214473704937931688192209404072215670142393336518731100970466477421769
784632629492754896802537718827877522532360685264060124339102994637497833 5088579414570337506534064877350892996549743527845556995703932277552350977
1160344347057552635408986478551177548489295611901752647523255304219510997 3465071637639641690677673821614695248329971250223275807665932048625399471
462847372367330943938603035994179910641116867646016642050067398923640879 5764267222477699484186945091425987968122077161827799505532801642750540673
1536455589152956141687879994613941843217238984237069299772529821497463237 3706391183459320045664781789574604859920953364926221641057908718543026291
1203558303569428263472586826969765023687408818479343778173609109010853759 4442585282278362616270730529092399584918807381311528359792989568998411399
1126267850560993807435266881409384890686868390630809126744969316094963173 2082520321777473045857321844894274867454349720348588022092513693215679131
465528602244161346923957005980829370716307955037366207869718635078733169 4490455416397603597163987040811883515041947790851102510178299793190591541
755013320174695882142120824945724819395417936482107459738276367421243271 4933886748541101836900980526921147012161563018952034703100944060043367867
943993799646506658180986706890218569558126716591860877024739451887028241 2374411397404818283377389897031136266740607460306929088025609900902961177
1316802259409512468747925353682042274192252944682575290938366636750784627 4944058968276530201014784116387608309722224254343531813885740268949015597
226748900778110986000584670995946724865956455143769803987750119607630373 3804791518913636476751533112241807310413905709971320593269990796030199477
1324884844977442289512579269224070484926033481495086557170608828386059667 4817211443025985521392252386983818359369314139018229917107574314209707183
1515342017282576930913241870191377150189176779131339274752129646256637293 3546266165006601283773880844858587407498305587137419449315604695350681173
227413923744962338538093524914269769741954973087750377874772471242598879 4131953697988488454349385558474054542751006585581079155611937940236446483
1312991798872803116836249008062605349857403461454255686525840663761447701 1269971714659643455332470792039385253170918735299077216204805911280156677
158648319170478154937646722601275249814324153941081558689062282800875079 1728056716379282117634661789438826977215409734749343600310467887752024213
