300 10 5
39 1
22 2
21 3
50 4
50 5
31 6
34 7
33 8
21 9
33 10
28 11
22 12
28 13
43 14
39 15
21 16
43 17
43 18
28 19
50 20
21 21
44 22
39 23
43 24
28 25
22 26
33 27
34 28
31 29
39 30
31 31
34 32
50 33
21 34
22 35
39 36
33 37
50 38
31 39
44 40
43 41
28 42
39 43
43 44
28 45
31 46
50 47
22 48
50 49
31 50
28 51
21 52
33 53
21 54
39 55
21 56
50 57
33 58
44 59
50 60
39 61
22 62
43 63
34 64
34 65
31 66
33 67
28 68
22 69
22 70
34 71
44 72
43 73
33 74
43 75
44 76
28 77
39 78
50 79
44 80
44 81
44 82
22 83
21 84
31 85
44 86
21 87
33 88
34 89
22 90
39 91
44 92
21 93
21 94
50 95
28 96
34 97
22 98
39 99
22 100
43 101
33 102
43 103
31 104
31 105
22 106
39 107
31 108
31 109
50 110
33 111
31 112
31 113
31 114
39 115
34 116
21 117
44 118
50 119
43 120
31 121
43 122
43 123
31 124
28 125
33 126
44 127
28 128
34 129
33 130
21 131
43 132
50 133
31 134
43 135
31 136
28 137
22 138
33 139
43 140
43 141
39 142
22 143
22 144
28 145
50 146
50 147
21 148
28 149
22 150
44 151
31 152
33 153
39 154
43 155
50 156
28 157
21 158
28 159
33 160
33 161
50 162
21 163
33 164
43 165
44 166
39 167
44 168
39 169
43 170
44 171
44 172
50 173
21 174
34 175
21 176
31 177
43 178
43 179
22 180
21 181
28 182
21 183
22 184
44 185
28 186
43 187
44 188
22 189
50 190
33 191
22 192
50 193
44 194
43 195
33 196
22 197
44 198
22 199
28 200
33 201
31 202
50 203
44 204
43 205
50 206
43 207
44 208
34 209
39 210
31 211
44 212
31 213
34 214
43 215
34 216
34 217
22 218
28 219
21 220
31 221
33 222
22 223
31 224
21 225
22 226
21 227
33 228
31 229
50 230
22 231
21 232
43 233
33 234
33 235
21 236
33 237
50 238
31 239
22 240
39 241
28 242
44 243
28 244
31 245
21 246
43 247
34 248
31 249
33 250
22 251
31 252
43 253
31 254
44 255
21 256
43 257
21 258
43 259
44 260
39 261
31 262
34 263
21 264
34 265
31 266
34 267
50 268
33 269
33 270
21 271
31 272
39 273
44 274
44 275
22 276
50 277
50 278
33 279
39 280
31 281
28 282
22 283
34 284
39 285
34 286
31 287
33 288
31 289
34 290
31 291
39 292
34 293
21 294
50 295
33 296
21 297
34 298
44 299
33 300
