150 21 75
68 119
72 92
12 150
39 56
17 111
17 110
47 8
25 85
31 194
98 102
26 36
34 9
64 78
61 65
88 113
43 187
82 165
44 38
95 34
34 34
85 89
47 147
27 164
58 159
19 185
86 54
24 12
83 125
83 110
80 67
15 195
78 10
100 69
64 125
88 88
53 115
84 28
84 41
13 45
22 181
97 22
59 73
97 40
79 134
92 132
77 75
94 110
31 185
29 45
84 108
91 13
12 137
28 168
21 68
71 78
91 3
63 155
70 71
53 19
43 145
44 54
21 1
58 143
60 165
16 41
30 189
50 200
96 44
77 10
99 106
79 103
58 28
42 51
75 39
24 180
74 199
67 79
23 123
99 193
59 102
84 166
13 61
68 179
78 80
78 112
80 170
43 49
85 14
29 68
81 46
68 45
94 89
26 163
41 84
30 45
10 186
85 108
66 35
13 140
22 82
28 52
76 114
78 13
61 186
47 159
17 116
69 159
60 88
36 43
77 52
66 139
35 115
57 25
90 130
52 81
100 54
59 24
11 60
54 159
19 111
91 102
40 36
21 138
14 132
96 31
91 162
77 167
75 82
44 182
92 182
44 87
59 20
74 108
18 182
24 69
11 121
45 84
42 67
30 34
66 26
53 125
24 101
87 97
38 133
43 19
86 79
91 177
89 28
89 135
67 175
