250 3 3
9 271
9 818
3 530
4 362
8 303
8 1054
7 429
5 985
10 915
3 430
7 526
8 1113
4 818
2 519
1 1178
2 959
2 1207
4 598
10 1033
7 861
1 1215
6 69
3 597
8 663
5 448
6 982
9 64
4 1140
5 985
10 1077
6 588
5 1205
3 801
2 763
6 917
8 1143
3 263
7 667
4 205
2 534
9 377
4 625
6 888
4 224
4 899
5 1237
7 47
7 391
10 963
3 234
6 172
7 127
9 142
4 97
6 816
8 783
7 1126
2 387
7 367
9 69
7 753
7 852
5 784
8 290
3 1204
8 362
5 333
9 402
8 663
10 355
2 77
4 85
10 1222
6 729
10 597
8 306
2 683
4 1120
2 798
8 625
6 996
9 1210
5 31
10 543
1 190
10 329
3 36
5 37
7 142
8 718
10 414
4 164
5 88
8 251
2 266
9 535
7 1013
3 1234
4 878
10 973
10 1176
7 243
2 695
7 71
9 480
9 908
1 834
8 947
3 1161
9 1106
8 1225
2 917
6 694
1 22
5 396
5 1075
6 142
7 286
7 710
4 27
9 1030
6 463
6 1007
2 718
9 1114
9 339
4 315
10 428
5 114
10 332
2 1019
4 924
10 192
5 841
3 594
8 11
4 428
9 954
4 576
7 427
5 1240
8 1152
3 502
9 596
9 137
7 424
6 887
10 932
6 36
6 192
2 811
4 5
8 341
5 241
4 307
6 361
6 845
7 83
8 574
4 589
10 1154
2 720
10 88
2 306
8 300
8 347
10 20
2 237
1 802
5 341
4 77
9 1137
1 11
1 1175
5 1074
2 511
2 546
6 1073
4 1020
5 954
9 772
7 566
2 97
5 198
2 594
10 890
8 642
7 156
1 457
3 1021
1 1063
10 948
1 322
5 867
2 751
10 533
9 55
4 427
5 7
10 1218
2 28
3 1108
5 425
2 598
9 1003
9 1045
6 1053
1 437
4 1096
1 290
9 118
3 919
2 555
7 110
6 977
6 941
1 1069
2 1171
2 188
1 945
4 726
7 552
9 507
5 816
8 131
9 34
7 801
2 173
1 342
3 88
9 101
2 1010
3 1243
3 23
4 487
1 555
4 224
8 1139
5 1205
7 1139
3 1096
3 950
2 42
6 896
10 995
6 702
9 107
2 626
4 455
6 1142
