450 55 86
52 537
18 4372
89 1348
93 2015
26 3818
65 558
34 4450
35 3516
14 3435
61 189
90 89
59 1492
5 3938
12 2379
33 2066
40 1052
7 4265
89 3946
35 1990
12 3693
87 2048
95 4385
54 1483
45 3823
74 1567
59 1788
25 1705
87 1455
53 4137
4 2303
38 2512
19 2676
14 4200
56 4482
13 283
51 864
34 3621
44 872
51 3726
87 3418
68 2874
5 3986
43 2850
87 4244
6 4296
96 3262
11 1776
1 2967
2 3306
67 1331
45 3590
41 2758
45 4125
29 2793
78 3762
85 1148
64 2724
66 2339
5 1179
2 2148
90 2244
43 1901
51 2575
98 2093
100 1679
56 3438
38 379
73 1902
99 2660
48 2934
34 1955
94 3528
73 1388
43 1763
92 3814
28 670
87 1328
18 4488
22 4274
62 3744
18 1198
6 262
42 4409
79 4164
78 2872
55 2671
65 1113
1 4451
30 1941
7 3496
84 2020
64 2616
77 2516
44 1635
53 2203
24 3788
54 2701
29 3864
99 1278
81 2969
65 3772
26 2134
73 2150
58 674
43 9
37 1898
72 3568
18 3813
72 337
53 3560
64 3234
61 630
80 741
10 2845
49 3549
14 146
5 3894
9 2044
96 2892
63 401
53 3463
35 4254
5 1089
38 3320
60 1880
85 93
49 4084
12 3626
24 243
4 1609
95 4099
22 2770
70 3078
90 466
58 1719
57 4346
40 4229
70 4423
43 2504
71 4023
69 1307
54 1855
36 4187
46 1424
3 2930
14 2973
86 3912
61 3006
30 2472
97 680
30 2437
88 1108
84 1232
20 186
19 466
87 102
25 2513
27 1234
21 1237
64 3530
80 32
62 4271
93 3972
98 1958
95 4190
47 3733
61 2652
98 3105
58 2971
74 2668
3 805
31 60
73 3714
17 806
49 557
34 805
27 3883
54 4204
23 44
85 3540
64 3369
75 1882
69 2543
53 3283
56 2395
78 1522
55 4313
96 1594
48 3724
75 3013
39 3987
39 2906
53 3120
38 893
8 1359
50 4304
73 1525
81 4278
13 4205
14 1993
22 4381
48 3233
15 3370
9 3738
79 3033
97 4360
13 664
90 4
51 2548
58 2763
51 2736
9 3404
61 825
5 2817
6 4242
8 2712
61 1399
39 541
62 2907
10 3696
63 4195
26 4079
93 142
52 4347
78 3765
81 62
19 1158
57 3067
2 2478
14 813
32 4391
17 2126
100 71
98 1639
100 934
43 401
25 3302
34 1795
42 2930
55 2698
65 1907
71 1235
87 187
23 1881
28 285
95 1714
76 4111
40 1131
31 309
47 3508
96 1663
38 2522
39 1921
17 4032
5 3550
23 2231
96 500
21 2271
77 2577
48 1409
29 3936
86 1700
98 4098
24 2610
8 981
4 2574
63 1977
19 2601
88 492
86 2133
66 308
94 141
16 2248
7 868
6 3279
76 21
11 1266
14 4317
10 1990
31 687
59 2959
70 2846
76 2789
71 4169
76 4435
56 2268
8 3299
83 3388
18 1452
72 1601
37 1649
21 1396
30 2804
75 1486
66 2983
76 312
97 1659
85 541
88 1029
58 2139
1 1323
88 820
11 2100
34 2724
81 3724
16 1111
38 686
39 3876
20 2248
7 80
1 3859
48 4175
35 1543
65 4073
91 724
95 1271
83 2569
72 2618
33 3980
14 1878
36 3612
73 2761
29 4187
15 1549
86 2066
18 3585
18 2944
86 3105
30 149
52 3609
31 3414
68 2299
41 3971
46 1069
39 1284
91 4186
84 3223
24 2559
45 1022
65 3156
95 737
71 2758
16 467
31 1981
57 1397
49 4196
39 2894
3 1882
34 4460
61 1733
3 82
96 2158
26 3942
6 4380
2 1734
18 3013
99 3556
13 1210
85 3588
24 1609
33 3878
1 181
57 2138
29 3482
47 946
22 594
7 2921
7 1096
12 2482
68 3389
46 2960
98 2732
90 1253
41 2067
75 3702
67 2469
77 1342
99 3812
80 3026
20 1984
84 3474
70 989
56 3982
93 2137
55 1078
27 1359
56 4132
73 2473
6 61
5 105
97 92
86 638
95 3198
72 525
44 3617
54 705
97 3785
37 1409
64 3396
4 1107
77 1047
31 2841
100 3380
53 3350
90 3129
54 2419
26 2532
69 2774
68 742
48 4325
23 2849
17 4139
91 4189
30 2682
4 229
93 2834
15 235
26 1269
46 3875
100 3720
39 2285
75 2532
88 3716
14 1776
36 882
83 2605
76 877
34 4364
77 3656
89 1241
50 3543
81 2525
12 1973
74 2923
51 907
20 3950
28 1101
30 1686
82 130
34 2504
35 3449
43 3373
41 263
97 4302
13 3064
12 1418
21 2934
74 3878
34 3579
17 4317
