100 29 7
52 506
47 5933
88 3086
16 5986
95 5693
9 4980
56 1565
31 4422
100 5914
53 631
57 1111
8 2377
41 5935
95 1034
95 3980
24 654
10 3048
48 2653
89 262
85 3393
7 637
67 250
42 5134
9 1077
86 2390
44 1513
70 4630
95 4936
87 1580
29 3303
40 2058
7 4745
4 3624
75 1126
2 4757
24 1275
54 5136
45 3460
15 1040
9 6341
57 979
95 3192
75 1929
78 5632
20 4120
70 2773
50 435
31 4503
65 155
77 1397
84 3785
23 3439
80 857
10 5805
80 5385
47 4519
15 3997
13 146
76 4651
99 2555
55 336
37 1049
22 1097
41 71
55 2685
94 2740
33 5341
18 4529
72 2996
16 5591
35 470
75 6146
18 3465
88 2411
6 3266
88 2644
45 4815
65 895
43 4977
55 1795
14 830
69 3347
49 6096
31 2507
98 606
98 195
92 3678
55 4064
66 1275
63 3710
83 5629
68 3274
67 372
59 4308
17 2657
57 5950
39 1613
16 129
100 3767
95 3823
