250 6 59
13 0
16 0
8 0
5 0
9 0
10 0
9 0
7 0
7 0
15 0
9 0
8 0
9 0
9 0
11 0
8 0
16 0
19 0
6 0
19 0
14 0
20 0
20 0
11 0
11 0
19 0
7 0
20 0
16 0
5 0
14 0
14 0
8 0
14 0
9 0
14 0
20 0
5 0
16 0
12 0
6 0
15 0
14 0
13 0
6 0
8 0
18 0
15 0
7 0
5 0
18 0
17 0
19 0
11 0
6 0
13 0
16 0
17 0
17 0
5 0
6 0
19 0
8 0
9 0
12 0
16 0
5 0
10 0
13 0
8 0
7 0
5 0
19 0
11 0
7 0
18 0
19 0
15 0
5 0
10 0
10 0
11 0
6 0
14 6
12 28
20 40
12 40
7 30
12 33
20 4
20 6
14 27
12 29
8 23
10 50
13 40
7 2
20 8
12 32
19 45
6 33
10 13
15 36
19 26
13 53
18 21
16 35
9 22
19 44
16 28
18 9
15 1
6 7
12 27
16 39
14 29
20 9
15 15
16 12
14 1
11 30
14 28
11 39
20 38
12 47
15 18
17 25
6 12
15 48
19 28
7 43
10 31
6 9
10 34
15 23
18 17
8 48
16 48
13 5
7 5
8 31
12 11
10 47
17 28
14 40
7 34
8 5
16 1
7 46
13 18
18 3
13 49
8 29
10 17
11 25
18 28
12 19
19 35
8 8
12 3
6 3
7 11
7 20
19 27
12 50
13 26
9 46
19 45
20 32
11 46
7 1
20 14
5 4
16 36
14 41
17 34
17 10
16 48
6 38
20 4
16 51
6 6
18 28
15 14
8 31
14 29
18 26
18 35
18 19
20 25
14 12
12 53
12 15
14 37
6 5
11 5
11 50
15 6
7 25
15 36
8 51
14 8
18 25
7 45
9 3
18 14
14 6
7 28
11 53
14 40
18 10
14 42
6 49
18 5
10 16
15 19
12 7
5 52
20 33
9 39
16 15
15 13
5 32
19 14
12 40
14 52
19 35
5 47
13 30
10 20
14 19
18 50
6 5
7 3
9 43
18 42
15 39
11 45
11 38
9 23
17 15
7 21
9 44
6 46
18 44
16 18
16 45
20 33
8 28
6 16
