400 306 15
5918037491852 245915138114815
1423771168792 482383550619524
5272808993997 417046513783767
3443092029245 39991239502019
3277324577787 189555375567719
2921671591878 434424493225143
6623393891706 224207746564115
6492358119457 320230170129753
2382585622423 131504076063545
6854517974721 361520571479826
4309937348366 146213098869222
2497622305671 306036214018812
6611372233253 12509004591454
3281759397610 294525580688992
7873326335652 292072676803705
9470771499858 48874784142949
3594529427052 103377536474663
5080870457445 234048164603573
3555632315536 32288517302605
3684216468318 54529069145039
8061914139455 95303681841234
1657304982393 489821736975956
6094907067124 288159687345847
2946060266804 277468084599674
1004571580346 41801529513150
735871831492 340384168339459
7806131924375 135971947130747
7187007781699 25611799096283
9771963209005 90465713415113
7937989544885 398494374212672
4278008516472 30848384704194
6392802443018 108344293347867
1104082593726 259179975687753
8202166070380 454192182431820
7582299815746 111359098284023
6880099888782 374930691533736
1402422806578 290506336367365
2325984828727 134790517514001
9673333724618 302780673994665
7811942923013 186978228353353
8492885999460 394185390387624
514520201058 208215821193498
1068859936943 480880320639235
1972664673516 332316759238283
7356557735739 474062692261543
2508381502600 88056371593833
9231552196816 260236505346231
9679598923119 134912203241074
1440708584448 364794338947528
4034314921129 155834995434237
5572039177742 419303508172239
2351051307270 211849245822120
1047126983847 230767130579995
7794346630026 95467255182639
9247576635998 349848963547452
1564661464984 333082408776006
6720182905409 435074059510444
4358908321946 233928107862626
4223023023636 77954677689479
740730550251 67432171893514
568355866542 46631575623871
2303924824271 445991357643277
6872482365677 91646347927873
6343984896568 119764957163987
3012969032642 435567127749057
1527907910767 275873986172254
6004320990261 170957491428521
9939656614603 356288565223547
5820009966007 454476726629009
523939998133 90376401521880
2505046246515 225223679089797
3306814712825 328151724509138
8460674447128 479178281056301
7974756770169 21743880713589
4836843296264 241102424658923
6969232489717 289401047222073
123881120413 139014723103092
2780492279363 492784048538319
5265929610074 176629878950263
1005392831254 174368588080158
7471941485833 442303693571391
604884270699 337248299696146
629838060153 243610487839099
9435772515754 258498505469266
6515515872874 121333178652280
5135379930338 323920000892948
4850246903808 94066050483132
4501684077293 327816868005745
6412959479508 143639146496677
4277467215022 136795464686092
7964161592910 124079893558306
7085100962008 392394935831752
5447432770200 340978551225861
7766762499209 27568270070634
7741782066917 269914849472136
4102445563424 107131760324352
5145357935962 131971893608897
4666408257206 458187972484801
8325141886457 349633269213108
1112726119251 239967172917561
6049933785001 110134239256801
3485319075196 294756565769951
1546502312194 370361025417797
2651123231614 434858270857348
3161410630927 356530170886833
7594614877413 71133512271551
9081059551915 207339014331107
3840566340526 111565511913179
4872613051256 126740127856190
5196619295083 378607533023636
8313240703394 190324730978635
7475336128984 88545878415863
3763400235254 250477614940933
1821391508930 75601820754271
7993428491314 190438939217975
9512833980045 15013501747912
1356887902477 100761445039963
6749321967268 405782979508814
642832019609 212669609964073
5958415471962 256651861851396
4239433432673 232885226902629
1142053979825 405405807406222
2784911710444 77454214938521
5581839108432 423404571946270
4975655824757 12183879430558
4352622760165 74608371832086
183626030633 408272501347928
5314859177418 294063926334794
1985249027716 318058176386409
9095453157159 456265953040167
6350362003707 31134022278029
8061048389868 155082966260935
6363983685812 75605538485079
1770004056378 140070673143661
3875531353659 56226798230637
4412436975568 24681594237736
9635730155511 450056902954384
7976293169612 293300049172309
6765933307102 27370795343626
9285287619736 435007944985029
384631065860 147241506386292
1429640859644 174752261139287
7407542385401 395983424252287
6994680815540 345535880563046
6925577260270 264387648361219
7597578866871 63010523683948
9720816505113 454311605894591
4026288274522 34669756090257
3194748685780 75883702065567
7445728588120 171253846239655
5767939850913 419753705164291
2043707716286 179908196708253
2449092673205 115939359957815
2757150690569 21247446749166
2539831600509 491293501829610
1814273027225 320007230513957
5508145537703 300670456208917
6598073000029 128751208787382
5201966947839 416988452354803
3645856486304 382366809383580
2884879484649 471519385084298
5250637288741 56851714975963
6603097460616 173237386937318
3640938926276 96649500228824
114772822446 228133267876506
6975266419337 268602690095408
5329952447287 380533378845071
1222186731743 54262237779333
2878453536036 216670892361172
783513134654 26737214921877
3433109467532 390994251107500
3328050806489 390182795459693
9715761343389 474861176211474
2251783696512 63532533045621
2606657862563 338375057341793
8028893226061 59306115309848
3887695069416 242607146682707
3319289971619 427662513030354
331296390562 240634629018642
5003490729532 171570924716573
560221384380 246898762610932
311274218975 494025857505897
5886208625176 97448874989051
4054257286242 74609945726954
3149168612683 173301278356771
7451081033853 76857199322567
1186479058000 46138324543108
6197175090544 100594501603372
7431181475576 430240709007437
6992311632413 334489724989177
3893392704096 22687375373413
1666100631997 60144606962831
9145612370999 352769077401407
374433867497 166072180581411
188301371320 441457814940610
4203317208364 49459116627946
7896141461746 166862972385513
2872968854195 369498807184733
1002712602975 272685568475014
4852168344366 152723442096140
9018411029998 439797435470696
2032584082217 208984210459373
2757035440568 463533922984061
1480315778751 360767990372393
7066065443321 457952570759675
3088158802477 432664362875704
1191346854880 339211549118993
7182042461298 353639494107207
5753650538012 36155849174893
9905331995728 166207372142968
4324591979309 317549348114289
1652874560884 376240130340630
4181697480465 334265150399682
7089204804428 75410710192451
2052389423058 132253191060233
7545870970656 284471081208730
2118765499126 123306084580827
9836145426862 136235389645043
4864306887141 69981015625280
5621922080130 417206614697396
6006252528993 399456539997101
2043650884537 423348359651546
1364112992876 175382237385503
23867382051 224332950487206
3573133457458 164836402610074
5726795355246 277199751573003
3818983821826 5871277640929
9151249866285 144462771891877
6080070030943 222874146092227
195842961944 195698738647323
9821060186793 459070712499782
8799146880403 230772851449231
2129502461623 230305208557918
2139905620349 310412179164342
8721392866468 8836912450608
5185603267322 217111064778619
8169175126009 95402872081402
5657325138387 236765436598439
1391172571243 4945138431537
5563459052099 464714890277010
840212570183 202373357663819
9712097516937 355519874428599
3933492960279 386751853982821
2155482240202 13147856924794
622184567169 277132904885903
6633253732391 311914956365577
1896043334695 338934112822035
5054268118797 135199797279616
6525953290855 343651107071035
6511436574344 482273194784192
2174726630019 10769823865468
4882807806059 148610107107613
4971598398222 123633781465468
2668115814914 35693420903373
9867666746709 138429618793828
9493278797323 194434000671002
4629205230522 285869838314226
8238860553108 179249141140613
9383162707408 137753190086701
916005441142 115367507770219
3975226763227 287447969863804
5050709525650 185152766995248
9797923044760 158350024113391
5780542138392 410942504827834
926874051805 5739993543573
3345308757085 412363868098614
4752785764447 296325120674170
4546615799440 475045946566065
7010270796881 190826011479724
2721509201097 296589594677523
6239464301911 36650118983394
3836535142007 430422346937402
3767671959212 296178645152500
901369455107 250764737628245
2762264998022 140241140182070
79300762125 84731372607282
151899019436 489882328259083
1190343032939 61395810050589
8157485700542 100617249229584
6019833850577 43946751419469
7575236660166 139054666449072
4921006234077 22308119077626
463512907327 73799560740543
2828257746706 189926556677168
5918299213343 199240089976155
2149047649755 151037044603750
2917248621989 242628771680345
9269655643938 363031569733581
3308958952863 190147922395354
4622614224713 119165480160755
7198938002170 464342953757584
8298328673436 28326977622104
8001911241475 66618812236256
6252994579788 412626547840618
5744533763535 101166845955398
4490048248453 381334168831370
5935551049884 153281995998306
2389783381235 85522806070751
7266310365018 170969578724677
2419160483834 180045152309676
5599618910472 454329944411427
6818583052200 205077072750913
6761353725773 340280105052182
6881960219229 373430519484312
5161960357237 235690944371421
8000007279311 117901982163594
2084798056277 327333262129430
5517409144650 373913842073554
6551255581908 225759646730371
3655082679837 308635407228063
494586326347 363467663898101
4268967069424 325445612763516
9426489169754 378715346227255
2312319047925 160106344728647
3363847017015 6788846185661
6801722978437 228206980642175
1759397731440 451913815025825
8743425629091 288528326450435
8580530582093 356020757560527
8904738677667 291017365536177
8366165989658 196024482630741
1471981229118 330003364894445
2397940915464 32167745225167
7727253507219 453986855989037
725519806762 239182847190899
6740046988570 121908129805118
9527443273843 469166033451231
9047988922708 377431914808348
5973691387417 27829431230282
1132360724949 310221254330568
1846301934911 61627508373180
6894069619425 122689645524797
419307664429 242774195388786
8479996494836 109803548417359
4069028500180 29599551378504
6769057051125 473969826279683
9699326564725 333680439942502
6198950688241 84460849332063
531871539142 30263581065720
3680859401768 52735235065431
8672616020738 250221787962317
8818727782322 137766574496873
578769638588 326684607626058
5218635962259 380758918462998
973158084063 157047700821150
7590696256951 263497911450636
575652206339 231561895147461
8253385711121 375386217164494
2189624222735 318684789554925
521596382597 105908932211704
4866743420463 482523528890093
4093129543420 98726212980184
47839643558 63572599273928
7912268892629 308230586251487
8092623366195 219881750728942
3097447473259 171669592304913
8886269168140 163757618363835
2938788323916 210848640223433
4982725840718 7746772000812
2667222756919 454515295896573
7032396211972 405074043548907
8532597718639 134285862058511
4164749298335 240605983844654
8899231051733 471540449133397
1327333069226 396704594179603
3435473877703 219245362599396
1623612460023 262506554635297
4435110459260 54750507955846
3587900058397 369861276223192
4291889404121 323917185793081
643909469693 471651163572777
1149295437576 275057040930550
9708557083244 209905451305645
9889911108894 295739090950870
1073576035827 371746530788460
411733719151 188358547518980
1531823264133 388403258116536
6482436033426 148371089120207
4007450157632 98121165331225
691140046168 397662099931289
5048096656113 293742932583279
5992948630746 209403673031676
7490291961277 222956818702069
9047128811159 250388438026719
5105037715463 127432596905785
4804286028830 469049084995434
9342040293394 350418977872870
3941975019181 31883543600122
5059707896402 289908235740647
3293487954583 211031994992730
9735782192795 215109663205540
3636279445054 150705453024077
1797638216056 65583968585174
4565099166442 24919127393071
1595712943813 424678720188895
8829032416871 471763853470866
3233203089518 139505633680706
62203070089 28318726274148
1952594888732 199444797387493
712453996162 407549947599993
