400 10 14
179 1026
192 11800
178 14776
260 10602
400 2174
176 9021
262 15518
179 13109
418 11130
266 868
378 13069
372 3701
173 15294
383 12608
183 9789
256 11055
402 4751
264 13679
273 1484
372 4640
401 15257
179 3144
180 5056
267 4628
267 8376
272 4825
266 12127
190 6616
179 9327
178 12488
176 8372
259 7831
278 1527
273 2615
184 3234
162 5870
262 11701
397 2499
243 7078
176 13652
192 842
408 9232
256 6202
264 7929
398 12385
272 9803
264 4619
191 6043
190 4475
253 6722
258 6732
164 6414
167 2826
173 5729
178 14270
200 6476
425 1402
261 12006
385 5172
272 3987
408 3416
260 7046
267 1660
389 1248
192 15222
178 14732
195 4802
184 12489
167 14004
402 809
257 6299
409 14848
193 3831
264 3734
180 11217
180 5558
260 2733
412 10262
250 3614
176 3396
398 8026
252 291
182 11760
386 5914
174 12527
169 4477
250 2124
183 7619
259 11009
272 15901
256 5467
256 4188
259 11876
404 3999
190 12972
421 15013
179 13183
270 7472
178 9689
188 3259
185 12528
398 12266
184 769
265 2802
401 14954
245 12974
406 5562
265 13159
255 10521
273 452
166 6773
407 4559
259 10914
396 4718
267 6789
178 10163
265 654
264 2692
173 9195
181 4412
178 6336
177 9253
263 5257
403 989
175 14077
255 2282
265 8946
178 6667
388 12337
405 11031
242 12493
406 2400
413 6481
276 5239
161 9775
379 8283
182 6115
187 7236
410 10285
392 8409
244 14446
189 106
193 12425
169 14830
259 7901
409 607
254 7990
404 2062
243 14129
259 15787
258 349
179 15431
176 15037
414 8431
190 11815
181 3156
267 5319
189 10381
411 3962
265 9203
398 5979
390 2284
393 10532
178 8812
168 14393
398 10863
254 11765
395 6510
259 10891
396 3130
276 9654
385 3882
200 301
200 3114
190 14847
387 4452
263 968
248 14730
169 13441
184 14011
247 11022
247 9769
251 5403
176 3632
262 3418
192 2248
386 3834
409 5177
183 8722
408 10503
261 2529
276 3383
408 4425
194 7174
183 13190
406 10149
391 10299
259 15286
271 1609
407 5905
188 4879
174 13511
164 8863
179 4118
167 7396
382 5810
270 4193
278 10537
182 5894
261 14073
429 11984
179 3992
398 11555
267 10411
267 6865
251 12231
259 1761
277 4564
399 9971
269 11983
270 13221
182 10478
388 2369
171 305
178 14296
397 5705
411 5508
167 5433
163 10042
273 8256
166 12582
172 2598
174 359
195 11112
402 1320
254 958
266 14039
393 55
171 177
264 3360
245 10959
177 12514
262 8863
178 3585
254 3855
391 14916
411 11957
407 4406
251 3820
180 6535
410 4171
262 5722
405 4778
176 9591
386 11865
390 1634
173 6678
412 571
400 14239
403 5934
414 4252
398 4358
386 3994
423 10869
162 5034
405 2600
177 2233
401 4420
398 2601
178 7341
393 1220
256 4896
386 5033
415 15198
395 8404
390 8324
272 3293
398 13789
257 4206
262 3944
178 3699
410 12542
269 10769
169 6976
254 13071
254 174
190 13763
177 12863
375 11072
266 1965
394 2592
264 5215
415 7782
406 6477
414 15450
266 3236
260 4980
264 11340
179 12072
187 11495
401 3807
267 7528
273 3913
259 11765
390 5428
187 772
266 5789
265 3728
399 15219
173 13835
260 14303
256 15077
414 1986
173 8283
414 12387
401 14337
247 114
407 10475
395 6660
180 8196
259 10802
375 715
400 8344
179 7594
263 6211
388 8790
162 11781
265 5226
260 534
410 11657
168 11454
392 4374
255 8768
255 14660
381 5656
379 13214
170 12724
428 13330
184 8215
258 3430
174 15827
370 8209
406 6981
255 6670
185 1534
169 12311
256 2934
253 9993
180 9234
256 8480
272 11042
166 66
378 14440
409 10461
186 12077
261 8941
404 13362
390 12242
260 580
255 4989
391 8870
164 7236
266 4146
170 15243
254 7066
376 3045
245 3992
393 2121
268 9853
189 8156
408 8593
183 13612
406 14898
265 7163
175 11171
184 12434
258 9212
184 93
183 10803
177 7240
272 13608
182 3018
262 6719
174 10700
180 9122
391 11693
187 2095
407 6272
413 13936
252 4014
388 11277
387 10835
399 9914
274 2700
174 9106
394 7034
398 7768
254 2248
182 2508
400 13154
