500 971 2
9853293979062 476848002708179
4807873560318 257567669395561
4406396585437 355329214750416
4542098234899 464619016356544
849636718221 280981881135814
5049053267895 239075760866496
8246112585755 219918795333830
1098679292629 339948777301311
3179390776760 368054096953547
3441112718324 57430708217152
6243356888902 178331853592391
5331614580229 109987719479983
5581829938368 358698373477491
7474454689752 268427574675188
6856517774134 48741063282645
3156087626896 452738773916974
6242594885054 87738562300215
5808166540039 247847763151188
2974330255946 326779114530820
2578118630439 90512406186009
9686443638528 305384781075640
8392810370912 298246163850809
1027938088248 157592576010915
902292050840 459351381206543
2836818614169 108661427509289
9519171660324 397280192861902
1371107868353 18075419253167
1225322456892 167910652407440
4754435734795 230553870787953
2400750582247 495961688583239
7757217131912 246033773727222
7284260534047 359692627304334
4246661222647 365547634973690
5941895049324 156563979073071
2246948131027 361697495930708
4937349123771 273758555276161
5402446698710 399616893173788
4698848850049 164612784218894
4445722815832 457387347822655
5167244270630 236914934095401
1863312707678 36362836118588
8526601151265 40292860689177
6969152470348 491112601971749
3954075573243 283265027330928
3029761102879 255358650637921
3279758699131 471729384009877
750110481490 102382937692602
2657445036758 223437900260468
511275259661 160187207930757
8207346983238 442558656630145
79442502206 264152147234627
2065863666697 338458265535004
4798987895834 440667909434546
2106756850954 183616605823361
9727065851479 437356878861837
1263517026153 109676634341432
8411422651245 140570275346570
6534457977845 207793732010805
5060369505964 223263440431668
3253091090182 348375252049561
3534050465634 17204631560687
4868832571253 347700069855472
3467488982824 498286542211947
9393458889824 199336618196413
9413245397736 146129717351292
1466339121830 27468186805812
919003806874 307458584997873
8437543138951 121065893089922
2257083249454 108763400463416
3794824825678 109756660289876
8532939540726 395145141353745
1143958125737 123449126457849
2874080685163 427366682580725
5364488917476 477484700782235
7710698717410 48573658222645
3076085661353 67164152966755
1449034036019 105455034726008
3387132436199 78758394323638
7956366572264 284225888280188
641975326234 32628065162508
1620242689295 149400205186046
1627790791907 193082171625904
7485438793865 377616132692982
6898265846064 165321928948806
2596532026670 47590933828621
1708103483612 37321240066815
7413124549450 185025100218851
5877740221992 209698883870938
8221534905497 105629092679836
6113432155830 332905473962295
6768661355032 466013053112122
6636350637564 447770139509933
9279345508843 443976938645192
2540943199024 198113693150984
3428479126571 144921087870882
3622195139534 189027645293609
6244231681722 590604637468
645848641131 352215714691233
9950228120696 383654827228366
5773284416785 440365756838753
5718954756653 357783480678413
1115813373925 70504593175592
6572206062756 404098946497821
9983697613114 215823592283331
8317111985802 89711075631002
2204103763155 31121188829793
3983773654618 350510855179941
4460642425009 182412395570937
7754444782998 338107864517916
4258710260276 90998173253684
7642476991664 428768949044779
1370495416581 304270057108148
2103158491636 223331032236356
2088784267006 205439466209203
2185643894303 398902729010507
4670857447671 218168638571482
4439090331893 250683409854099
1888094003250 185219460247379
3919898380194 487368356609828
1921214538205 356862304403461
4584609349826 213648790921637
360370094030 130510953598535
3854951736815 217463307307590
809088162089 235366310539193
8522503998264 22503386933831
2333348284558 144695546584311
5279964057640 427596357407284
9283368249364 135848054026814
2484935341357 284076088859540
7302177434968 10577421893055
6168481344583 307223780792724
3110568351131 305233718278952
8675238030806 370486747656836
4650518867191 404116693209287
7053184319118 416478903005900
9019018418293 481864033295509
4847352774113 363968074519196
1155080340009 56605289929023
3588119946436 417251795968608
250723629572 314511702919518
2879377600742 115113323685024
804778554464 33020294010690
5384238286447 250137929436663
1039220239017 453110985952308
6013775641665 288395157411836
4927870271600 382432007682647
5408121117622 454112609161966
7672165954946 448633854315162
7508760448455 65122408598929
8391032720407 45042863084542
5313827950682 80574651647168
8534544397526 133488583488709
6598037151150 262100586989629
3382170516268 18603404849855
8663648657984 386443604796068
5792277245944 226268935342969
5240991659244 321849994598891
7663317816785 322786896829138
8119511555646 105427826948309
3454920228113 182086761981580
5989989864272 442296545745462
7114528343463 455031793543200
2023891082967 59303996224665
2465879717322 481247332393086
4657783961201 418512146970925
5950859850587 485854490383958
171224279821 146496420072532
7051989773436 316500017031104
6360262748622 277085894412120
8367548695927 337944865714057
6506659592374 400655908400035
8716941529358 349078196384904
4982417376638 157713441349049
5983751129073 496475104481297
7628320111381 273838431567178
9605224431745 210521502084128
7769158098882 148476472446805
2465046916033 171821241656214
4683635897603 200297643325329
1489175215772 450597162803263
8959689766853 456169557662830
6215480813876 16412340265110
6782948834781 401835451617738
5374467693537 21630391642932
1194412082658 457422739763991
6025676438514 110410153630787
5778744798818 365714411908164
2842509907707 358820718009584
6101352837517 385236503713177
9648398610687 448293034295227
9442995809095 232652419235223
2741871947950 449195784696689
2328855396308 226310516772011
6553761718583 359367450817454
5561095488286 291209032348577
609831800471 214926384689018
7101136657016 144507299404553
1615853156343 198256677365108
2064990272016 102103207998356
4098351194341 335126220708368
7722643573681 148778936305716
609019616238 204577775317380
9887776996131 313460405018265
8785242815555 120749671535868
4720574675387 226569863706088
3887520757253 58405947453227
7393182665972 305385225530017
266585229641 443721929344333
2381750827426 197739686984817
8794211932846 4781886975410
5870045357527 170494553552209
9254575465681 179096576273832
4191519109131 60374444841805
8795648188307 490034918096440
8978009966104 378902034557580
4810192085190 208145366268259
5189196205813 281261136942680
1228191554759 133808872547789
7108131340390 374343456760152
8844907590019 16814211981023
486644114247 296422269861119
9143133456551 434322706510421
855563607852 216512737753594
941102578821 287715239567061
7389899964002 445475730870813
5718061699317 486258786842686
8448558609353 198351118347644
9019134574242 405869354641338
1554848026514 97452466478419
6736451546092 168453806086158
956859040706 99287297607022
8797982419410 183891542312397
7384983664274 123072036341549
8537355409508 359522839923585
3192415441006 293354212418018
7788099872260 271337879990120
3594842797612 285417177023132
4974069621914 378803113746426
8694209650712 416342494195352
6369074124997 354719566832367
6657448992573 236791996921464
5858390138364 19132598870708
8911392650086 488662377221518
8751425570565 60824791872563
50176680036 458320055598046
2464950841026 321362086962142
2190964428742 339151239068365
5554130089855 299690771567697
2201327531811 295950781028407
2523113357674 186807899427500
7340496563358 75367800480433
8464565984334 404720853620927
9659391911952 168209691476921
5158334801833 322415595982149
6632270262499 482760716891611
2579444095992 330000474342963
9053634141996 296462157830598
2087860956975 123067795745679
5554238865275 497136250437218
1428850093710 432846181564610
8717706116231 190503114971521
2988550787831 399078535088078
152540030290 142786058821941
2777788601500 302494492429025
7978337922849 455227865157490
7105315205622 34512441947602
2102365213542 139707630548115
361591885310 8389064176787
7599472375913 149176431824244
6033167458379 396376631679854
5331137816058 387697016187867
1137990824551 351710694177089
1449020677093 155928389919707
8973844991349 215885299548848
3493658578255 154636884476749
1304788232009 412482838872614
6389551413696 372597267030635
9448953614204 477741766394924
7754458053956 471138950088577
5281045981474 140334192434909
645302051423 382922119177802
1634448757758 358896023658547
9855594536978 387335678198908
902755718321 268592738216962
8816065690432 412623063389738
3340107620575 81864703816633
3664487331277 313942546411424
7290788345935 235927823008105
7236729975030 471388464336503
1710199914207 80512463054993
2404681597878 495395871580814
4500331297685 165316468455721
3100092507932 237399922089827
4465911818827 67874215934853
1143607861018 13153719447954
1682816532848 123784963012531
2650202471277 479240541176753
4358148744046 429573975436975
2392854016532 263735884501395
2148385016872 296092949718160
2641319308352 484140076941458
896484423738 32394017207326
632232927255 418350989548939
6883699116903 465815833853615
8967027471899 461683566923215
3674546731307 273969991045732
7606466087115 152819544898402
2930611964202 324773799941425
7431903528626 455757888078032
8595247301195 487146031782750
2909242556943 444127553195214
1142338255194 382247995426163
7624584323399 431353302110771
5824752084051 200285170099143
4941638403028 399179269382888
5068946949765 167187465244705
65281959366 234560405004865
556674078030 312230108588308
7563656778016 105889015252732
5132373643975 487713858315761
3451634425699 160628969681666
6418253190256 55667236267280
1091953816295 96674717409550
3047257528943 210711959893018
7603764920129 162501758220248
8141273407674 476701476899225
1830590674831 350283756792262
7786033264692 372081863220730
4665411673245 164912056157301
457832888393 471005013091259
7492991205398 224858480209901
6103144185689 275758997930146
7154297538349 458125876182392
5126502511147 260624720126791
5401702040024 311239313836449
520971372976 296488122865571
7928893800369 160126034501921
6292186673267 300037890970079
3094622218721 168177820652953
5251900550551 367583686150928
1987964437667 14151133618141
1589639669171 394102569714424
3035049668230 253372100540535
763571669802 40799832155916
4268620564314 457105098242336
2723575606072 354052171325513
2708331094085 119076453403152
3481161378208 237775027560883
1103464655097 397733339396982
8598766278491 306576258546283
5116372181409 297417952608428
3519250152511 303404091295138
4546784004469 165132700998630
1842954733575 298024527318382
4758045453939 316954703069970
9714801107504 219515987457326
5741561092459 223958368516423
6988381533646 460231314464065
9494871055439 68820308522442
3515661900092 434427815420018
231775208467 58913617448293
5381167773756 177402762009973
717253328910 102781340969350
7083272604860 300032373436596
2041669517480 216805084952650
5174901150121 289907556958273
2312483432931 472407583315571
5375759634842 426520775917029
6738005378498 186710484356042
5590478611797 99165305674067
4695462360792 410009575753619
2114645801497 302350488368280
3851517131086 43880786902166
9984781312775 315911333892628
3231854576308 96107035245713
2528829419747 155885977047395
9863799835943 1976662451933
3418658557309 85116342766542
3496094470827 161448141276333
6333975420728 411957073110376
6772988592615 324618870259021
3803532427055 467404284256866
8776013216957 317076675379457
4082311617062 465460530473987
888630147661 297227349907020
6329538122970 198889952735505
669363799694 39669719741920
4520936361107 70206490941120
8915568588421 129950214244719
4003155909616 142935232085955
4897625002310 306003608146854
8067841244946 374225366392304
4511483009012 222315268782988
4885398609398 366270143441822
4053982188167 221327784199411
4864883391219 398815082378138
5735320885271 324296305164725
2799124626206 116244519255154
3408609055849 58864245441878
4766912203822 222284815323846
1141594032982 407670290617459
5231228444387 372616969434291
5258996862090 153995492170072
6979963816863 97984886481712
377426727765 51341324669838
1347290937738 333914739936844
8990556684844 196054881872159
7053798998971 66063780884668
359125477081 104813115249772
4743499877829 420505053776369
4083887492850 383648620662707
427199252148 274689882954669
1958020798357 471023534485111
2907091267493 493628937817687
7995979795190 497499929006563
8104864529505 85627794200211
3050249463875 455930922461153
3539915401878 293302129927245
4951465306685 125233943351701
3509005722732 414392879518347
2556280579313 396795306513208
4290983777660 289848600394973
2015511854841 440123089098966
1221353409168 94291838826232
328439515469 379647849248471
6382780854850 321015350250799
5152859883299 5307264028251
3448479928670 472631099321550
6834039527988 114831278838762
320032286694 313339175968565
9426466726253 276049155550511
9083808351168 385414409614070
8528051458851 485216382094734
805431009066 309680849390060
8285142773338 183625383225877
5902632312357 321602965040734
5962482997028 111665650699606
5160669148176 375567046665307
5201289629502 360754992949750
6210916478082 499899713244476
459336251329 248259052943701
6903650843604 389854838700727
6835650717087 275014807477430
7149787718 263625797133934
2881345933967 477489134819976
7243799685598 252227496067419
8539793533385 481912803042415
5464282390054 486562600866243
5816027637948 92124137347863
506419308532 225090076434935
1579312019628 477247697710684
8972849701512 180243884446877
7173712393864 71298482598507
590254073724 116953837414560
9940643816230 437962845048378
2161546956165 294944150227267
9150727169703 467996272357188
1422996091284 286574294732912
6862193777050 454857502793111
7563757159222 182726085103694
3609760365890 194091109804777
7082734165726 46214170523145
5885363977477 232950322101291
7458418901330 20986930950854
5357439653567 397554475556736
3557095266898 451092030197505
8486981543663 21076674218335
3679755466070 94283116192776
2070564369142 476645251117320
5275993632292 29774115577493
4962186016492 463659612532568
5785155714633 183677023170723
3012537250509 38170396882476
5950434039612 290871151351811
6595464182621 80792974221261
8451879589678 291039273245358
5474765581493 451172694854009
2290903224612 94980908542467
2632720682274 84814679759966
1134468037229 120738052702332
1627572181619 159909048330537
9723053133217 124047731109371
9905810525763 306920283008656
7620681995547 43015287899854
6053768109252 443762627748699
8453905435364 345181821300603
4663146847628 169548652942542
9688815263307 255513770561125
2593849621634 34747773969078
2044445729214 388440834186919
5709620278028 322595038594715
5350893928956 438122184977903
413965966504 400277847236864
509375106919 370250830748570
9381742024109 284843837448793
7704938016765 387036213752249
4477381057353 396251543331475
2781286265945 249286719441349
6647118877597 120406046410337
9042104188529 213874843569747
