200 30 5
185 235
1431 128
212 419
1580 49
1639 342
1757 228
1681 36
555 336
921 24
36 13
868 347
1889 217
290 326
1451 221
7 326
1299 18
1070 46
292 28
504 11
717 217
314 249
882 118
1859 201
898 10
44 115
735 242
746 234
677 447
1544 324
719 406
1534 128
400 410
224 331
308 111
1524 138
332 36
1158 430
351 145
1295 244
880 146
1936 329
121 239
1640 402
1964 433
1232 412
890 211
1581 412
257 431
1012 305
845 413
1134 4
431 336
1679 223
320 443
1273 345
1950 42
776 339
1642 332
46 318
820 250
1622 420
811 441
701 426
1872 305
883 443
824 424
593 144
169 400
1142 228
501 307
826 403
350 441
1713 335
1964 208
1221 115
1543 400
1148 321
105 242
1608 125
949 137
907 44
215 0
1103 7
1750 204
1541 331
1054 348
1484 430
931 204
1527 200
297 439
1829 321
1600 46
1147 129
93 436
1141 216
1485 140
390 208
60 29
498 149
1995 44
894 119
96 337
1026 318
563 207
1846 336
874 46
92 1
1591 46
721 347
395 205
1520 313
1865 149
944 401
824 133
1742 115
1266 144
332 336
905 132
1584 301
426 109
888 229
1549 12
1167 45
810 121
121 338
805 309
830 438
459 419
1649 412
1361 213
1510 38
396 404
1160 150
1805 246
871 12
424 430
84 4
80 304
1436 132
39 311
919 3
1079 221
1487 104
1408 434
1258 407
810 343
828 139
1880 348
1796 419
1038 106
275 201
1777 227
1969 225
933 33
181 39
1013 127
1989 322
1007 15
1206 126
1292 108
921 11
171 1
1921 148
1100 442
1054 329
1417 215
1046 309
32 238
127 149
1460 136
1638 427
1006 38
1314 140
367 245
495 4
1486 4
237 150
61 349
865 300
1442 148
1920 110
1152 237
1787 404
421 245
958 128
988 43
78 238
853 31
1702 444
90 428
418 24
572 206
1501 50
1646 202
1027 419
1082 439
1978 100
309 30
307 201
322 345
