150 816 4
1213338500162 403179729368823
3239548285672 85261812143699
7597206230858 367660337904922
3375783070784 320743748804588
7328802603411 398796736099890
1765931825262 38514416662631
385716990314 74071190667779
5944594285722 94146888085981
1421722284364 194940662206634
7851540732317 277392564840598
6559146745520 13731855584834
6309004599825 238371438106234
7637877986230 245051495555077
9825388754026 19320933408207
9164725391648 267207989308404
2990148309028 268405173774642
7811492614417 465051475524376
2937987348241 99116104560427
5589712569784 438095154238882
7394770012237 423910210307386
7523824274427 419917994878434
3694374824731 493953041498285
9144963010219 360378679026090
5835806949661 58680089370322
7627291697594 489608818386768
8720122816262 441167174055292
4893737507982 5473970438207
2233198606190 324952143943835
1536143756841 112030090048310
2259097506838 263220238254348
8200616744816 371072721638837
18240721873 282448141174389
3216310605392 317379642291545
6468320125760 392820600636559
5447837289909 418029589045352
8457270467912 405922881191825
4195292973852 323008061498050
5589570664132 313518501941607
9129891342770 493221089549407
2613739516505 430003148983521
5738182299876 378997971654366
8759805722136 497805163752558
8019584205078 127208224027370
3983462990227 241816781227757
1483868554600 96294991710071
879588870042 244430194730437
2889031082270 411741865595428
2132392309978 129148729375455
6964028084579 310130290035746
4609797049156 168717876425473
5291161127963 490725759838367
7077622115480 415279185057767
9495795857016 427637976815682
7452350847080 17588697441169
1311453285423 245191509179398
530524904085 493385762551420
8111714881239 76210982084010
1442054812227 192304890120264
3801518423182 175490703951845
6938518846132 7477648098273
5029733624716 461012433394190
9462960162988 255027484828892
3490632097994 172277531113556
5062269439024 463711267050132
6331643991665 49839939385147
5415131578162 54722723807948
9461731447942 219888260878997
5203862876104 214851005668810
5987395889128 111602270400325
2758960571952 48404550994236
8486291381171 123648224199420
8354310036812 328280179003924
4992315958619 498977928693642
2762575972970 205664511125138
2057861767469 246757971678443
6790136915602 168442017036862
41765039101 133220081368837
4042079518891 497340555156771
1468385680786 305349237602783
3197429346596 441038396528381
2783551946953 384480510749655
997869866496 467673113405654
4351366071447 253780600417787
556060842819 264683974174107
392964624013 410708275126638
1858762418503 273463799763833
6473980836652 11285816363144
9262755363013 17320020927277
327674163398 495511774431539
9637450785677 195268005128976
6749688660443 8261005242093
7270632088035 304801314582495
7284296493628 407464369160694
7158773779061 423536998576737
5436270276102 270259436660043
1635270999728 183271334547840
6430249971651 211214362851519
9504874791625 490704247266739
6109831859192 92111371733032
5632483206682 221881968447576
9211897536834 213881371936340
2253036957449 90143815435970
3100189796729 149730111674365
7179706986312 419783763397547
8389122620154 75234510231019
3005148009791 126773590394290
8146935964509 29875796595810
2070816555497 462230917528166
5261443265898 277615570441691
8143682765892 137337438211246
6851678972796 53372152249839
315691006463 450481909054319
8405427933727 274803991236926
4242463727397 478915884934921
3185279281151 65535596244819
1637348020979 298500464814396
3453098396893 273653428555821
8053702999311 96804898402787
2066339113214 23733483045575
5577740252318 155440759326791
5473414747617 280389038947105
5971738165108 37040798270835
7165424656044 192276283324005
5865562574260 456304249859348
8246956526140 207357887813916
6753547416172 155768474148197
9209623494218 304162596252988
4455681764451 395520346855943
7033263317710 172112271453799
9411611856347 267673444201929
9780635555110 335606587137053
5804986795713 305725716381110
808224617832 70038336557034
5110396453727 50843519664145
6582779207109 364211579420537
6282696225733 444809268918275
7260907329300 418948351114974
4147028457357 156352781945755
221628157037 352965861028245
1337480021612 241046241122540
194576967937 311498809591983
8025406984445 414030193537014
7599916388048 374513047096368
9678331927877 324180746170466
1713880995425 309723809575562
5586182016150 274277790994985
7923833808504 20487312030480
8905631527983 419677158695639
2392510780374 466464060547719
2531133921951 368630943213395
