100 26 50
39 60
87 64
65 87
24 104
30 145
63 115
72 168
91 133
45 182
46 55
28 37
55 47
62 0
19 99
95 143
22 92
31 119
95 81
49 180
10 106
29 48
63 4
65 152
22 36
20 30
99 44
10 120
96 0
69 179
22 126
54 117
50 74
26 121
54 18
17 37
91 15
33 2
81 24
48 1
86 95
31 59
58 126
38 123
73 19
59 85
66 62
71 108
97 56
24 160
100 83
28 51
33 189
50 82
36 113
78 190
62 57
82 189
100 88
64 56
61 188
38 47
31 195
23 80
61 66
100 185
50 73
13 14
23 144
77 30
88 102
81 15
10 115
88 133
80 100
51 115
29 144
26 53
42 42
73 12
48 51
63 36
31 66
88 183
78 20
45 136
26 43
61 76
11 57
35 103
71 156
97 76
13 181
92 156
78 25
50 194
16 25
27 107
73 117
33 6
54 24
