500 50 33
44 21000
86 6196
68 6457
106 6002
85 16532
41 18350
81 11177
106 991
16 1668
76 15683
10 9811
81 17185
57 18404
47 5172
81 4202
86 5497
73 2609
16 17293
42 0
45 9435
60 19106
38 18147
30 19224
60 1120
76 10593
78 7843
38 1745
67 17416
83 2803
32 17453
91 6201
89 2497
98 7705
74 12147
18 6187
83 2515
37 1556
93 139
95 21000
98 20793
26 17547
88 20840
15 15224
10 892
79 7047
86 7902
12 8792
81 16805
93 10573
27 2401
47 1806
77 1833
100 6998
12 1738
21 940
80 14879
13 9533
40 14099
100 17257
75 15608
31 1889
40 18153
101 13919
67 7014
101 7039
99 14067
96 18348
80 4380
98 9578
109 20045
108 6174
45 21000
81 22
94 17659
110 1582
54 1017
81 15799
20 14674
78 11964
99 8845
61 14959
21 8028
75 4265
22 4222
76 16576
33 8941
16 17406
12 8972
106 15527
70 9587
95 8721
83 4185
49 1720
69 20115
52 11052
20 11538
89 4283
67 5305
17 13933
107 9835
56 16642
62 14948
89 5246
79 3344
94 19275
47 14953
72 21000
48 2848
43 7225
94 3557
105 16878
65 844
54 11339
33 16706
88 9427
88 9534
41 20267
80 16930
78 14105
93 2735
28 3629
54 2545
110 16729
45 0
62 14929
10 9500
17 13157
95 21000
35 9889
23 15661
87 20713
20 16516
68 1667
101 20058
40 538
74 14135
75 5837
20 10197
98 5124
82 8700
23 0
66 18467
85 12007
80 826
94 20125
66 20301
28 13210
64 16529
99 0
76 12483
81 20094
37 5765
47 20398
105 10598
82 10656
14 11029
81 8923
42 18423
110 7881
35 14033
43 16751
89 9823
102 17537
109 4033
110 16427
99 10376
65 12488
39 19991
35 9529
11 21000
45 12279
50 12735
110 19158
21 5296
86 16625
56 11285
57 15873
80 4709
22 15641
58 7051
55 7759
102 2443
107 8746
74 11252
32 17611
99 5958
105 0
73 20151
100 10531
24 5041
89 10488
74 16843
87 18153
37 19955
90 6187
31 10839
16 3728
71 16488
34 8019
10 8159
13 0
32 12272
85 5443
110 4250
101 5324
101 12249
63 4890
78 5293
23 7798
44 11615
26 4310
18 8830
26 14982
11 6967
90 21000
55 7089
73 2660
79 1784
81 1930
10 3269
28 7064
20 4607
87 6088
52 13127
109 12252
56 2470
73 1914
24 1953
55 15554
20 3475
64 18407
44 15950
40 14170
57 20073
14 20879
91 122
105 9488
49 8777
108 21000
16 4369
100 210
53 8749
52 821
58 19584
110 17280
102 3344
78 11572
82 18847
37 2565
81 744
94 21000
27 10267
71 20165
75 6859
103 15028
21 7794
68 15641
50 18447
110 19473
46 16578
107 3353
34 807
92 10228
14 7178
105 17639
107 5939
81 6238
103 18314
29 19160
73 18307
36 18163
99 11613
87 9202
93 16040
79 9739
100 8044
103 8741
50 1530
57 14875
64 7031
65 8080
87 3385
107 18380
107 14926
71 20205
50 16526
51 18146
67 1710
34 8850
59 2043
110 12331
63 11683
101 18287
95 20808
23 11529
21 2540
62 15434
91 14656
83 167
56 15907
30 6341
40 607
39 5964
108 8659
48 15320
68 9365
98 15458
82 3685
56 10609
89 16571
37 7774
14 16712
82 7998
40 14728
31 7777
105 15823
15 0
96 6975
58 2721
109 3279
21 17688
48 11295
43 8888
110 13061
41 758
89 2640
29 14230
28 0
20 14732
102 20099
39 17623
67 19068
28 6291
31 19257
80 1390
37 15016
101 15153
108 11284
40 8545
34 15768
79 9675
54 3606
76 19954
96 10741
40 155
39 18540
78 14133
13 20887
25 6764
96 273
107 8496
95 6478
24 11505
47 2504
22 7130
46 7006
68 3419
69 20217
77 13143
90 14606
110 13261
76 15655
50 6997
33 9212
25 17259
68 18100
77 7152
68 2534
22 13008
20 16799
40 9658
98 7038
53 17427
82 9717
24 8612
73 7546
110 7971
11 14874
86 8050
64 2740
17 6898
81 5238
102 17386
63 12299
52 6077
47 3610
97 6882
81 15696
80 20178
15 20251
52 19411
44 14659
15 15576
41 16363
97 14833
76 19081
16 10505
12 12964
58 11406
92 5076
77 17557
41 16455
84 6143
63 6073
44 15390
37 6420
48 15866
80 12253
43 1165
42 6091
36 8379
96 19964
68 1082
61 16846
85 13333
47 20038
25 14736
85 208
44 21000
14 10695
59 3663
67 13071
70 12388
76 5235
102 16756
34 6125
29 3510
107 0
10 2605
77 7931
20 1952
23 8702
84 7135
81 20973
110 16871
11 15679
95 8123
37 4821
10 20229
110 7730
65 5971
93 8215
90 11418
27 18410
72 21000
37 15694
15 5318
25 7975
86 4864
110 1595
78 6865
34 3651
34 4381
39 13211
20 6243
21 13324
37 10603
101 5218
67 8841
80 14795
110 11443
75 5309
110 3609
84 9757
83 20117
102 8943
102 9884
56 10875
62 18376
15 5121
51 7057
81 14890
106 7096
13 944
19 16494
38 9122
66 16700
88 790
15 19386
85 2699
80 12322
102 16695
37 11280
74 10598
59 46
105 3589
84 8859
71 3202
88 13822
56 3443
104 13400
61 5566
29 10432
101 2424
110 16538
57 15746
75 19130
105 18512
77 20082
59 13244
