350 49 35
106 1004
105 434
111 118
100 100
83 645
89 374
134 622
132 627
129 568
77 581
121 709
94 448
74 438
78 653
127 174
138 246
119 999
130 918
106 292
75 995
137 112
91 182
101 304
133 720
129 640
129 985
104 790
93 859
78 449
129 117
102 807
141 120
128 868
134 440
119 637
115 302
131 450
122 542
130 924
97 507
138 236
137 991
84 227
140 245
93 791
131 509
85 800
96 365
86 509
102 943
123 633
98 784
138 511
77 375
86 291
87 718
79 972
80 452
122 172
109 866
112 99
85 306
112 548
129 810
76 917
108 492
114 1000
101 444
106 363
81 554
134 855
123 1014
99 622
106 290
110 562
115 241
139 228
128 110
83 445
105 185
115 640
94 529
135 434
112 802
85 154
100 926
118 584
103 507
131 1000
128 356
111 378
129 119
122 428
111 123
140 517
90 436
107 577
137 302
119 554
79 375
125 948
72 786
93 994
117 645
107 932
89 799
110 97
85 511
116 803
136 791
96 867
96 858
108 865
137 365
134 490
93 919
140 940
108 568
137 581
104 639
103 305
139 792
133 219
77 728
129 864
96 643
81 870
89 573
116 515
83 165
96 630
125 719
134 104
97 424
134 84
97 993
96 935
139 996
98 303
111 852
77 300
89 436
92 117
115 387
76 559
102 919
140 874
90 551
86 564
122 237
113 313
79 869
131 639
111 718
84 321
94 370
82 242
121 714
102 792
127 917
101 626
110 305
128 737
124 849
125 175
123 640
138 714
80 305
100 808
82 804
129 1008
138 229
74 361
97 299
123 932
115 570
113 155
101 515
131 722
97 814
141 510
111 708
119 859
109 184
104 808
90 109
139 624
126 240
136 646
98 988
90 312
78 558
104 933
77 368
86 559
121 515
78 1003
116 921
115 939
100 873
74 240
126 300
128 792
93 368
117 113
105 436
80 1002
92 361
120 1005
114 117
84 863
133 812
107 567
105 175
121 949
126 512
98 989
120 233
132 804
133 635
98 491
132 512
104 729
83 421
128 156
85 714
89 237
79 720
123 852
135 798
88 718
93 579
95 169
134 178
105 625
136 640
131 799
91 749
72 797
127 171
85 791
134 577
76 875
91 1008
115 713
136 173
73 788
99 112
107 1006
128 856
119 931
82 427
140 98
112 296
98 789
127 446
92 179
127 216
119 710
128 109
85 105
104 704
91 374
124 859
135 990
126 104
83 100
130 641
114 349
73 228
117 859
91 178
109 525
136 716
77 481
128 558
73 360
119 114
89 115
104 563
92 573
134 934
108 852
95 563
93 242
109 177
76 564
117 379
111 369
93 878
94 878
71 227
89 998
73 564
129 444
128 997
122 737
132 849
101 383
96 989
135 297
123 167
92 717
99 784
140 1005
104 931
90 236
88 985
76 940
79 865
81 708
88 476
116 632
105 223
95 778
93 566
84 1004
95 794
136 514
132 640
115 858
130 224
74 723
109 175
108 231
132 884
121 808
139 877
78 311
114 951
109 232
137 506
94 800
105 309
91 928
122 311
135 353
119 720
139 122
82 161
83 418
113 645
124 147
126 103
115 720
74 298
91 309
136 795
83 443
77 727
