100 6 7
5 70
7 26
1 42
5 116
5 224
8 82
5 365
2 439
2 200
1 403
5 327
5 420
7 282
9 78
8 169
4 322
8 484
7 163
10 350
8 84
3 306
5 328
3 486
5 375
1 0
4 91
3 169
7 288
9 70
2 366
4 4
1 136
9 148
9 460
2 245
9 177
7 429
10 223
10 319
3 251
5 108
10 430
8 269
9 408
4 484
6 353
6 26
7 360
9 272
6 21
8 271
9 267
8 134
7 73
10 454
10 90
4 484
7 54
2 187
9 341
1 342
7 331
7 64
10 499
2 279
2 149
8 87
2 35
10 91
4 354
3 113
8 397
2 289
1 219
2 432
2 120
9 303
7 83
10 318
7 320
4 27
4 322
2 379
4 63
9 443
2 291
2 355
1 38
7 353
5 422
10 257
2 359
8 365
7 428
2 212
5 359
5 388
1 11
7 85
10 295
