250 6 10
161 2662
167 4458
253 3492
157 830
256 5804
117 5210
259 4381
118 5598
153 1695
258 2337
237 4482
163 4309
248 2180
168 5400
162 2319
246 1049
159 3756
248 2160
167 84
160 4285
160 4436
120 6084
119 6161
245 4232
254 5693
112 3252
261 5515
241 1006
169 1329
254 1722
167 623
163 4230
159 1503
159 4963
114 2198
109 114
237 6181
254 5475
248 665
116 2148
164 2373
241 5278
114 5322
163 5982
162 5517
118 724
159 2801
243 1248
259 1352
169 5356
110 974
109 1678
124 3513
156 6191
109 1843
116 5453
164 5360
171 775
114 2970
109 3712
253 3958
112 3082
241 3811
111 4129
107 360
121 87
110 41
120 4713
260 666
106 1347
247 2983
239 2151
113 3485
120 1208
161 5456
115 736
251 475
115 623
111 3571
163 5659
159 2129
167 1359
101 254
118 1991
122 629
158 868
122 5324
245 6173
240 3875
254 2245
116 296
247 5471
158 2414
166 3364
108 5778
163 552
165 2067
161 1510
249 5355
159 5935
125 4674
164 2804
106 3877
166 5855
252 4863
254 3890
159 6173
258 3922
106 5566
154 4971
98 2105
118 1709
162 3620
163 1103
247 2849
258 5585
118 266
240 304
245 1214
249 649
113 420
113 5217
246 3789
250 835
164 3417
115 3861
236 5529
259 4802
117 5377
109 4648
118 4771
117 5874
162 2030
158 3736
166 2323
157 3212
258 957
253 4623
160 3962
160 3368
112 5839
117 986
161 5573
245 818
99 1740
155 327
247 5669
162 4514
103 4466
251 11
157 1237
159 4045
169 2374
255 3715
169 4527
255 1012
171 3340
159 2206
113 4526
249 3908
108 4521
108 5696
117 1092
168 5885
114 6157
114 5057
158 4293
256 2565
166 2785
116 3553
169 1389
172 686
250 609
162 3891
105 768
111 4578
120 5172
163 5792
260 1434
249 4071
103 4455
244 2164
247 561
106 764
232 5559
252 1893
249 4048
116 3633
168 4999
119 6145
104 651
243 1268
258 216
162 4539
250 1269
254 5534
160 6156
109 2896
247 3447
164 1343
123 391
258 2937
111 2935
114 568
247 4589
244 5454
251 6109
163 1805
115 207
252 5493
117 4038
115 4129
116 6061
110 1815
240 406
163 2363
259 2606
258 3153
115 5168
261 3812
116 4738
111 3250
163 6114
247 853
105 3310
173 259
168 2037
248 4314
116 238
248 1337
122 1145
119 841
101 634
110 2335
163 5079
115 4522
159 2038
259 6169
252 1833
156 3740
113 5542
255 3449
119 1525
252 6020
247 1519
155 3367
161 404
159 972
247 2216
229 2719
