200 37 27
36 1
37 6
30 18
41 20
36 21
29 29
46 32
45 37
26 38
61 41
30 46
62 47
37 47
33 47
58 48
53 48
34 48
41 48
34 48
46 51
15 51
45 58
32 58
37 58
40 61
36 62
64 62
41 64
52 71
29 72
45 74
55 75
37 76
44 79
41 80
55 81
43 84
47 88
46 89
42 90
32 90
42 90
29 95
37 95
44 96
43 96
45 100
45 103
17 107
44 107
34 109
45 109
39 109
38 109
19 113
56 114
40 115
45 117
39 120
48 121
52 122
37 125
58 126
37 126
45 126
60 127
42 128
47 129
29 131
51 131
44 131
46 135
39 136
50 136
38 137
58 138
37 140
47 141
43 143
58 147
50 148
41 148
41 149
24 151
33 153
46 157
43 158
46 162
52 165
32 166
42 166
57 166
48 168
30 168
34 174
50 174
28 177
49 182
44 183
45 189
30 190
41 191
23 192
42 194
43 196
31 196
44 197
42 200
39 201
41 202
51 203
34 203
48 203
40 205
50 207
43 207
39 210
34 210
56 212
20 213
60 213
52 214
40 218
43 219
55 222
25 225
35 227
42 229
38 229
35 231
43 232
35 234
50 239
33 241
39 250
49 250
57 251
57 251
37 251
12 252
42 256
39 257
43 262
41 264
43 268
54 269
53 269
45 270
37 271
36 271
53 277
48 278
46 279
46 281
42 283
35 286
54 287
38 289
37 289
50 290
50 290
40 292
37 293
47 295
45 297
50 302
34 313
52 315
28 317
39 318
36 320
31 324
51 328
28 339
37 339
36 339
38 343
47 349
45 350
30 357
33 364
51 366
32 371
35 373
54 375
35 379
43 382
53 401
52 411
47 411
57 422
30 426
48 434
41 447
33 456
48 476
44 479
38 530
53 573
58 601
