450 11 20
205 3738
455 1238
199 11486
443 13342
295 6370
469 1066
292 16192
474 6432
441 14428
189 3833
442 6982
447 6997
197 18897
298 11322
182 18273
294 16753
203 8177
293 19691
293 4953
439 2308
468 6069
488 11738
214 11320
303 6134
460 3028
282 8441
294 11636
297 2606
448 17287
473 12458
304 3460
300 16765
459 6367
292 5018
439 16584
207 11036
424 16885
201 15240
305 4163
281 11231
213 6147
298 10056
208 13549
300 18850
199 13252
449 15725
284 18131
307 2139
184 13261
179 9403
202 439
450 9391
294 14837
211 4720
295 17419
212 2535
304 15596
420 17161
292 15077
283 15295
293 10782
201 9858
305 18335
194 4809
212 3191
441 3099
211 18027
201 17259
288 2391
450 5169
452 15123
296 3742
195 19038
438 17030
198 11523
195 15515
305 679
444 7858
288 16324
297 13910
282 7367
294 11771
199 7381
204 16719
198 6606
460 12216
191 19568
202 17518
195 10253
207 9926
194 6647
447 15056
212 6063
214 18744
462 967
211 18192
449 18104
200 3843
211 139
287 11499
281 12144
278 12735
457 17428
299 4239
457 18171
295 17849
477 18677
284 7486
215 5852
284 6394
301 13698
291 17457
199 18724
200 11928
299 15973
208 6599
292 16179
295 13779
297 3696
191 19056
449 1147
301 10288
292 17611
444 6200
453 9663
290 15343
433 16540
199 12304
195 7087
292 5305
211 4528
299 18907
437 11092
466 14747
201 11635
440 17551
287 11730
295 17936
435 5409
439 9238
290 13860
448 19252
196 16801
288 1932
452 2132
283 16288
460 13227
448 5545
426 16889
474 514
287 3754
290 19795
203 4739
199 8266
296 9148
206 6913
469 2818
295 12367
292 2448
291 14472
185 13955
444 11872
449 14564
191 1483
197 12485
191 15993
459 1807
285 9085
472 10737
449 13044
435 8581
483 12901
294 17445
210 5245
211 8643
217 18154
314 7883
303 1764
208 876
280 6213
213 3648
443 15459
284 8029
441 18353
290 9191
277 13899
301 17815
289 10163
297 15458
293 14755
461 12298
431 8778
309 15418
282 9823
284 16890
433 13659
302 4848
302 9550
289 11492
430 16797
217 6381
292 10756
437 17318
463 1724
289 572
449 9343
442 13301
448 580
287 12840
471 6685
297 792
458 9645
295 19427
454 19578
438 916
207 18927
458 18920
285 2717
451 19997
437 16166
441 16032
291 2932
237 135
295 1386
300 8859
203 2938
299 2404
295 7044
478 11795
197 13665
214 7823
449 4106
288 3680
217 2977
438 13003
295 13170
449 18990
284 1719
433 2999
284 10877
220 1436
213 6707
453 2336
195 5725
303 18640
237 13999
210 18974
222 2805
220 15486
214 342
447 6203
285 18018
471 5437
217 11448
202 1463
304 18895
205 16149
194 11121
293 5588
314 1213
292 14341
293 15379
321 11952
288 11
282 10561
456 9138
279 15349
301 14152
187 2503
193 4866
300 10209
443 17781
195 17628
308 1013
441 5867
200 12887
433 1134
274 3643
203 10272
199 13954
182 13377
285 8798
287 10139
301 2606
450 5478
465 4387
440 19484
474 18662
205 13231
200 9199
287 16079
302 13377
292 5331
468 7251
297 16204
211 1396
216 10412
447 10445
295 10713
455 8554
216 14198
201 11815
286 10987
200 12430
277 18375
288 9789
291 11483
291 13337
460 11125
436 19420
205 11129
435 17239
437 12366
301 9582
432 6977
295 13567
296 5821
463 14775
304 9225
294 5029
294 3582
195 7429
214 14921
446 11508
455 3397
286 4992
198 11744
285 4008
454 12126
446 14012
282 15104
208 7803
291 18667
446 11546
453 14149
452 19159
197 18854
437 2790
279 16504
467 10623
282 3413
206 4553
295 19610
296 11649
201 4696
300 18628
288 3247
452 2319
192 4757
446 2779
304 3526
284 7190
435 3179
201 18693
299 18887
285 14847
205 7389
192 12109
447 11057
449 17504
459 9480
442 17890
438 16584
205 17689
295 9967
193 13826
204 7656
209 887
465 16135
201 11410
292 12212
442 7146
291 908
447 11878
424 9034
199 17822
208 16374
298 2710
292 11584
454 8820
407 6958
193 9543
292 10351
209 11361
452 4003
439 5412
306 6250
299 9806
301 14839
210 14149
306 16210
192 16783
463 19273
282 3979
436 5154
209 16734
456 9017
205 10052
433 18790
194 16482
208 11853
183 16003
452 5045
444 8901
195 7835
301 131
292 5574
294 4639
214 2037
215 12010
291 4230
209 9942
282 6962
448 6007
455 6559
300 11976
309 16254
460 12803
198 8957
293 10545
207 4771
282 16427
429 9710
460 19528
204 4139
207 10985
304 180
207 3931
436 5783
288 755
463 14599
206 3749
459 12134
441 18089
183 1628
288 17513
198 10852
289 18612
290 3546
455 13198
470 15799
198 16086
458 2122
469 16793
204 1552
443 19714
303 6505
193 2756
466 15020
469 17538
