500 235041067 22
715065601 324233587
935890927 202575319
746678683 3293294243
853251281 345755353
156353611 3773097673
334228877 3657790573
446722993 3997094669
654073601 4362154039
128850101 3979183633
78787451 2760616591
722824901 4386804479
627554051 1435740289
572927581 3087411581
326354131 3536270767
688401359 2127524083
385599077 4998002851
217931513 2891965369
320118031 1341898339
453809171 2184005959
793398481 2495742083
568795687 3065296811
321148769 1075027501
753265441 4810784689
231614497 2920140701
179580437 3005425147
304013557 3817984129
341057713 1500698041
698238769 1222322369
496338893 3189590519
753987551 2081863051
450709759 4074887347
677565227 302555203
275420407 2762282353
377838121 3026740021
576477949 1951860193
500252771 2891670433
271353679 2941638647
286349477 4816808401
266885747 3558319103
308281241 2548274671
449158601 3093414161
412316539 3887079073
475956329 395927669
523082327 3028973503
704420371 4167111731
432192361 2232896839
421257407 1583451967
578611861 3629933123
112552049 3287169463
470880617 3381706787
325089641 3164713631
526323491 3284072419
517172639 2764542659
746216959 4731883237
388591127 2791774393
304736977 1090823453
372071743 2191504811
450568207 1074025373
383091047 4889151913
430305979 2185395739
387768851 4952399701
622929341 1927393243
210744103 2587397317
508062559 2109480913
419129947 3118452529
412493789 4567748113
268080569 1164876913
484453817 1677487277
150598891 3736525277
743290109 4638673687
67041719 1396957271
174569123 4048194209
607701403 2220962921
176148431 619075489
380078063 1656743063
361965727 3574990117
58850179 3828903451
168411811 3414912031
902364857 652980841
333649319 3989343637
717982633 4530888823
707490893 2601823109
379866119 3237855757
846609161 1242744407
578515589 4241652803
851049973 4344655603
576505537 2056946057
782169173 2271786317
320148781 3830740261
728717113 3256507157
768080303 3742607371
343812433 2100126683
572231081 4002030491
456580819 1579764463
772462753 3152977409
500734043 4734825163
337820429 4688492447
542994631 1393228051
432614527 3924836371
713889929 2830414159
625659563 2671122061
437465759 2017623143
846811061 2476995901
764279083 2258360651
407918909 2437929773
534794353 2830314007
473693293 3121303279
666461611 3431235121
568639333 3246296953
669058849 3662380369
512736487 4628712157
776124197 5426313979
909345323 4941151763
632189639 3103436911
232096057 1895431891
529789999 1278912983
428470333 814113089
781045183 2325141953
571190509 2488969069
565518587 4102748563
468994093 3652356121
592388639 357646207
538049521 2408896759
876492187 2618788483
702104867 3310716923
826253387 2672738777
78043297 2758031701
452383013 4420518733
438442429 4932640243
409003297 2935624961
150842953 1415104333
178866953 3101839361
204944303 2583813299
243782167 3144285883
514411853 3066411559
392998583 4094473223
349151479 1777466477
572537453 3048161903
251361791 4390441493
690769861 2672452609
794351681 4052969939
443674519 2447765251
520665757 753256663
452193851 2342525177
423347047 1736605859
423438241 1976418611
787445833 3450642059
237296333 1305158143
449027639 1826712617
734467043 2128481623
641584987 1060702429
451229567 3732973001
188902739 3739791409
444604873 3157376227
620581189 2281478753
593802901 3588573839
405835517 2995340009
554958721 3980171353
374384561 3830959079
61424303 2361477473
398673031 2410669211
254914381 4067772557
471857303 3481127323
214629839 1511422741
483158407 2604469229
734377901 4379438473
471759289 2178175627
419804383 1427085271
610288787 3266141633
197895653 4850306029
730732181 2971869359
420109153 2795105179
331261001 993347387
251370253 3961898999
342707987 2286791389
361766623 3882246167
349916909 2996698447
516436729 4871637167
254471821 3074229877
954233261 1321544041
328920367 3642687949
343427687 2323595867
556633213 4274190059
433392779 2698291319
659259707 4965791261
557462663 3066227917
498078583 3471937247
415739603 1715323541
360081419 2534359057
538589627 3468172537
818045299 2776799741
301972633 294781489
267001169 3372868021
214230169 3142538933
371833381 2115381031
584271977 844532603
342044831 2686743067
325334749 678955579
479786977 2141991871
887529959 455416853
888107873 3749080999
609365027 3733598263
599116789 2625337291
550124807 3857410853
494268773 3001195339
898819919 2710794371
427998569 3706366681
379247821 1227840121
47995639 3834325259
331981567 4405590557
443607083 2921320021
344086861 2013039997
527183471 3808992557
716330957 1363171487
370100273 2022199573
568398581 1777533059
370342321 3432432869
672183887 1334182711
676293221 2475541121
531332647 2545784029
247314701 155100767
366538303 1827890791
589957607 1715761283
408904997 3607602533
233961179 5141979077
464585183 3226561321
491663693 2428336177
475435201 2392518809
337824049 3467863691
170892149 3101936443
902564951 4013632499
533836097 2737096073
544610041 3782105443
701476703 2106424127
410202731 3979505329
654152207 4067611529
528827333 3224803511
261465007 3079389281
394366909 2693432321
832156043 1293675619
170691449 918565181
695923513 5146107829
918105563 2132248429
193889419 2329019471
842519221 4671745889
172524607 2530815559
524040029 3330911917
75525341 4595040367
578038367 2626566539
476237051 2955072941
494989513 1522924961
828864719 3615109129
554273873 2333976361
432976781 4295795033
657087983 2806046647
583074761 2676632113
774487069 2397697823
736050353 2695752841
252241589 1521209611
798431237 4087329691
714287503 4436231273
685500209 4568821897
175120279 3606807377
104785069 805721669
322908767 4381213873
384379241 1699048789
744803347 2357483627
612773947 4401715657
397316867 1560490853
661417573 2085966823
424374619 2813223299
239421599 3616108499
613289701 3136922917
627670363 3096000311
874022549 2382967063
456902447 3331465483
461438609 2453952929
385558427 2918016169
429913961 1978031207
417833891 2798676329
630426551 2883853949
487666679 4881247747
108137429 3235671059
382568441 3289958363
474150953 102101581
649282379 1931923991
366235717 1656315757
484961207 4176669997
957482573 1699829387
636780791 1601296561
543010799 1483265429
640021813 2765480779
808336097 2085339383
257699009 863225921
493881431 4928493359
184157647 2914463207
484036669 4596107849
513768907 1529198729
580627121 1862859143
203336569 3251489491
57574247 3904072841
234106253 4462787591
400647773 765220069
204938977 2616882547
556061383 3540918107
417375037 3256444273
671852317 1495586633
404195947 2990551321
691918883 3374919269
147855139 4191555383
379444969 4164559541
555907127 2058335449
404633921 3730290061
220648081 1614751921
355271467 4052746979
547123987 3574337297
659964953 2712988007
866211883 2656698581
462092707 3980359051
483647491 2792876791
623691961 3587439959
70051867 4876600081
175923581 3524221957
650494787 2480578699
377807753 3318007261
462751243 2651479489
172667683 4221958123
371338403 4909155463
877537373 776889809
343240141 2228217623
622617011 1422002717
690534707 3343379671
516247987 3241446179
443705747 4186403821
597305069 2759730697
114218723 2166942251
309591949 3496305193
667068949 4885197767
235608143 5376351271
186133361 1978220527
423546307 3217871963
559489417 1682548501
583341643 2636708609
190317943 3661615729
653806513 1877949071
542659597 2371838981
764246839 1186636483
365433829 3464686483
648288467 1042508447
279060959 4573509691
724236239 5146888961
729608197 2385508163
100294429 1593748951
185052911 4580288443
360312521 3173821331
626022791 2826869797
307300571 3505282069
619117571 5212249369
490309319 1785400153
397706567 4235887307
595875073 2368246159
146096077 2083775173
557232509 3086150489
129413281 884497151
472792823 2879029823
772400339 4799026891
293005249 3942594679
698559259 3431144729
337913281 2000016229
629027767 4002937021
693250693 2897721887
247205989 2055500221
433500659 1323529913
450971497 3792216893
536351983 4428239537
442784081 1587741047
420251401 2350829567
320827531 1325491457
426775963 2931637147
326209393 3253422163
428039123 2081060987
350091779 3960916997
872751247 908584619
245090401 3201633571
431961401 1977937289
140296417 1564813709
449678461 5126504857
358143223 888452599
594304289 2600194789
724871507 1881857023
578948737 2270379467
352242413 2546553797
723517631 3184333213
825038597 4227290989
316271591 4023427363
631536187 4145031467
651725507 3876321719
436742651 2069425093
622165967 2153893463
423449471 1386114263
284132801 3497272939
569755513 1753920877
420474679 673307983
222263357 2525619563
691148687 2860390969
156877843 3141281587
594242983 2816806897
511064797 4325452679
651599287 396815009
427775989 3216653761
405904243 2684138827
364528561 3235426549
335757637 2506708891
517932691 1647937939
808056749 4432018891
769398431 3563727623
368443063 4953652619
725762629 1252447159
105939227 3459525689
707048879 2413090523
749236349 3881895197
617795107 4049517541
657024581 2131445237
520141409 3600125423
279692471 3962430187
562302799 4609573883
421943933 2205297169
389225071 3128118937
659272829 2796229201
369594893 4892826671
806679353 3938134003
762850927 3196774019
742255687 2649919543
763155607 5205941869
363726851 4592441629
538546121 5333224453
533978243 4432505621
122577989 1190334503
515442101 4820705803
422705359 1373223571
511509679 3926013683
326951437 1700763049
544817029 4543487717
374965081 4998875081
338994391 2727059263
284434747 2450368091
575555521 2876500951
632486237 534404501
673811647 3678579587
480432839 2056496489
602563607 2183737289
975646957 1621008899
367424573 3729521611
821338237 4044756473
261700987 3264132367
855358037 3757832929
413266123 2024213677
635218027 2016758747
327186193 2574126377
538295119 2848136321
474174929 538933229
607556581 2729045237
491966861 212026657
384599807 2776481957
444244753 2317017419
506511877 1842443269
673520921 1362204737
246322457 2260895801
509403443 3602686069
351416579 969339211
374391041 3884554543
250332319 1997070167
363284773 3901838833
662896571 2078678207
872714299 2827168093
74934439 2859189323
239840749 3124284509
523671307 1252090393
396880469 3002077747
614560403 3908448527
585102101 5241286459
624836447 3434078399
573626623 4518561797
459865853 5139374917
335312917 3485609189
511503329 2725586987
394674277 3772298077
279145441 1339474819
284670833 3106252547
543487471 4416557659
429808667 4461882199
683189567 2107831753
464398483 1698424699
741171199 1855300807
464600117 2125002739
745972193 3476481941
567267773 2371790081
530217911 1375982221
362938981 3358496959
792279847 2336275297
