250 48 26
97 34
94 2324
97 295
86 2442
39 2304
24 1517
62 619
63 650
74 2302
76 845
31 2192
74 1721
67 1915
33 1679
22 1602
89 2236
56 1932
71 567
37 859
59 2142
10 943
4 711
76 534
34 1787
56 1116
97 1812
73 616
20 2264
83 2372
54 676
31 306
23 2138
8 2499
48 403
78 480
16 2386
14 1998
98 1838
10 1282
28 1296
70 696
31 2380
48 1415
87 1882
25 1604
23 569
64 305
40 1386
32 2053
84 2429
66 560
46 622
39 1162
73 2194
26 449
27 1364
66 732
48 1852
11 735
95 547
23 312
37 2007
9 2487
33 1622
61 1076
99 2027
4 241
81 611
2 1444
41 2101
97 1709
64 2265
32 1520
87 1872
78 1432
93 2460
37 1590
52 52
66 1097
34 1116
43 1783
4 1027
10 693
48 1230
45 153
15 1827
39 28
25 1360
51 289
97 1100
40 2275
13 1497
10 791
6 2379
48 1458
59 2123
79 1035
16 255
97 1960
40 1699
27 64
50 1344
96 271
40 1775
72 1306
16 1435
28 1961
79 2404
96 2317
59 806
73 291
27 483
100 2346
79 1600
54 1081
76 1492
47 852
50 1069
56 1404
7 2145
20 2240
87 2107
39 2178
51 790
67 1597
32 1304
57 338
54 2218
37 916
26 2014
80 1416
21 1059
28 1735
97 2401
20 1649
100 1726
7 1384
85 1078
12 2120
71 1
20 1107
97 1734
60 1414
90 2048
96 152
97 1898
49 2265
12 300
65 1915
95 639
38 1789
85 575
78 2222
44 2480
57 199
33 428
95 2298
47 698
84 1321
67 1075
72 2303
5 1358
26 1194
33 1864
77 391
76 370
5 155
10 1748
49 793
1 828
65 2202
51 189
50 689
78 1121
32 1631
74 2453
63 547
5 1719
10 2398
92 903
80 73
67 966
39 2369
61 820
20 536
55 405
97 1539
17 391
63 1541
74 658
96 1204
7 995
59 2080
63 1533
49 645
95 831
31 1362
30 1727
89 1635
35 802
77 1146
30 43
31 2420
49 1847
2 2189
83 1691
53 962
82 126
32 1942
79 978
15 1067
76 1516
91 1388
76 256
48 1095
37 904
87 15
22 545
29 1360
2 456
24 2348
58 646
58 150
68 1895
85 2334
36 1517
49 2061
39 2193
67 672
33 2052
38 1257
68 1848
29 1208
44 2381
80 2113
61 1687
98 1092
13 588
44 1775
10 1261
38 661
45 1326
87 1700
34 2490
4 1095
47 1284
29 2397
61 1715
78 998
55 180
