150 4 8
142 1787
148 1512
65 1256
95 1607
67 453
66 1536
151 832
100 483
93 858
97 1718
64 161
100 4
73 2006
99 2011
145 1193
100 1681
152 680
70 2189
72 1120
101 675
66 1347
65 460
70 757
65 150
67 730
70 611
152 587
100 1681
64 892
150 1225
100 1016
68 590
70 1985
151 1185
153 2116
100 808
157 119
154 1801
101 210
101 168
69 287
153 766
66 1668
63 2092
155 692
98 1884
99 1998
148 275
145 2102
92 1430
152 778
94 941
149 2081
69 885
104 669
94 1888
96 1422
67 651
99 419
92 1050
102 837
61 2090
94 2172
148 721
155 2207
149 2123
155 2189
153 124
74 947
152 1214
66 256
96 1956
157 1731
104 1333
67 1909
68 13
100 1689
99 366
156 1848
70 199
98 926
149 796
153 1756
67 1914
69 1269
102 1522
60 154
98 1649
103 1813
148 1257
72 630
70 152
66 2066
98 1166
93 1701
150 1493
160 50
68 1666
153 2091
101 1821
148 1100
69 2080
98 1733
150 1945
97 1133
100 733
99 259
150 444
148 1566
158 921
96 56
100 1117
98 38
147 604
142 1913
151 820
149 923
142 2142
156 534
151 1667
63 1514
63 1871
149 2153
66 856
151 2136
148 1875
101 52
70 1926
145 1703
96 1491
150 1882
68 108
160 283
101 1756
71 91
96 1812
149 471
69 218
149 1736
101 155
100 337
94 1810
66 354
102 1267
155 585
74 2102
99 680
146 2142
156 1277
159 768
