500 7 123
6 0
7 0
17 0
18 0
11 0
17 0
17 0
14 0
6 0
5 0
19 0
11 0
19 0
11 0
18 0
16 0
15 0
6 0
17 0
14 0
7 0
14 0
7 0
11 0
7 0
8 0
16 0
8 0
14 0
15 0
16 0
15 0
11 0
12 0
5 0
8 0
6 0
14 0
5 0
5 0
11 0
16 0
11 0
14 0
7 0
8 0
5 0
8 0
13 0
17 0
18 0
10 0
11 0
6 0
8 0
15 0
7 0
10 0
7 0
6 0
19 0
11 0
6 0
11 0
14 0
13 0
17 0
7 0
14 0
9 0
10 0
18 0
9 0
15 0
19 0
20 0
5 0
12 0
12 0
6 0
17 0
20 0
18 0
14 0
6 0
17 0
10 0
10 0
8 0
14 0
13 0
13 0
15 0
17 0
18 0
9 0
17 0
10 0
14 0
6 0
15 0
16 0
16 0
12 0
14 0
15 0
14 0
18 0
15 0
13 0
20 0
18 0
14 0
11 0
14 0
15 0
20 0
16 0
8 0
16 0
17 0
14 0
10 0
6 0
9 0
15 0
13 0
8 0
7 0
20 0
14 0
18 0
9 0
18 0
6 0
10 0
14 0
10 0
11 0
20 0
9 0
12 0
19 0
18 0
17 0
19 0
14 0
10 0
10 0
15 0
5 0
9 0
15 0
15 0
15 0
14 0
16 0
8 0
19 0
18 0
20 0
6 0
17 0
19 0
6 0
18 0
15 30
13 37
16 16
12 11
11 43
17 13
6 32
15 22
17 40
14 46
17 32
11 27
18 17
19 14
17 21
16 22
13 3
15 21
8 51
9 7
14 3
14 48
9 44
19 50
20 18
20 10
12 18
15 33
18 28
14 31
17 2
10 11
18 49
6 20
7 4
15 46
14 44
18 24
16 17
20 34
18 8
7 13
18 3
15 15
11 47
18 14
14 35
13 51
6 44
12 40
20 32
17 30
20 2
8 50
19 14
19 41
9 50
7 28
20 11
8 19
16 22
6 44
17 27
17 6
8 3
20 12
17 23
17 48
6 40
18 9
10 12
18 16
6 4
8 48
16 35
5 20
13 15
16 14
18 32
16 46
20 34
16 50
6 49
16 30
7 13
7 6
19 22
5 26
9 15
20 7
14 32
16 35
20 21
9 43
16 42
15 41
8 31
10 17
13 28
8 32
20 41
6 36
7 38
11 15
9 51
15 47
14 17
19 37
11 18
9 33
16 25
14 26
19 5
20 2
11 38
7 38
6 44
14 41
14 41
13 47
13 20
16 3
13 40
15 28
8 16
15 17
13 24
10 47
18 10
8 36
19 49
12 43
14 41
13 39
16 44
17 27
11 11
5 22
14 18
7 34
18 29
9 12
6 41
20 4
14 2
9 25
9 7
5 29
11 49
19 42
5 26
9 5
8 18
18 14
10 49
5 11
7 48
10 33
19 50
19 23
10 30
8 30
20 34
6 22
19 23
6 13
11 29
17 45
9 19
17 19
7 28
19 1
17 33
20 31
13 6
17 43
6 17
8 19
8 34
8 18
7 19
14 14
6 6
15 28
19 28
5 51
18 38
8 48
5 45
7 36
6 9
8 24
16 23
18 40
12 9
8 23
19 44
9 22
14 41
20 38
5 31
12 41
10 24
18 2
17 5
13 24
17 46
8 35
16 8
7 37
15 43
20 13
11 5
13 29
18 36
20 14
6 11
10 6
19 7
12 41
5 38
10 41
19 23
17 30
20 34
16 3
11 15
15 27
13 49
18 49
19 50
15 39
8 30
10 7
18 39
6 3
6 43
8 38
12 48
8 3
16 38
19 29
13 14
8 49
11 51
6 24
6 1
11 29
12 2
6 13
11 15
12 48
11 20
16 3
20 47
20 34
18 30
20 4
13 41
15 13
6 43
9 5
13 30
17 2
13 11
17 2
8 24
11 26
8 49
17 25
9 44
5 21
13 7
18 47
12 13
13 4
17 20
6 1
13 47
19 31
12 48
16 15
7 24
11 35
14 28
7 37
11 49
11 5
9 35
10 9
5 16
11 30
12 42
15 15
19 14
18 37
10 5
11 44
5 39
13 30
12 42
12 7
16 18
11 51
12 38
14 19
20 47
17 18
11 24
7 33
6 51
8 30
14 9
19 42
19 41
11 21
17 11
14 48
6 44
14 1
7 5
20 38
12 3
15 26
6 20
9 50
13 26
9 3
11 21
13 11
5 39
9 44
11 7
8 42
