400 2 69
19 0
17 0
7 0
18 0
13 0
5 0
5 0
9 0
17 0
8 0
7 0
20 0
11 0
13 0
19 0
15 0
7 0
8 0
16 0
16 0
11 0
8 0
20 0
11 0
19 0
9 0
14 0
10 0
15 0
14 0
11 0
12 0
9 0
18 0
7 0
19 0
20 0
9 0
13 0
12 0
15 0
13 0
5 0
16 0
15 0
19 0
19 0
10 0
15 0
17 0
7 0
8 0
12 0
16 0
18 0
6 0
18 0
15 0
18 0
14 0
19 0
8 0
20 0
14 0
15 0
7 0
19 0
14 0
6 0
18 0
18 0
17 0
5 0
16 0
12 0
10 0
14 0
10 0
14 0
6 0
19 0
19 0
11 0
6 0
13 0
15 0
7 0
16 0
13 0
18 0
19 0
11 0
16 0
10 0
6 0
13 0
11 0
20 0
18 0
20 0
15 0
17 0
12 0
20 0
8 0
20 0
15 0
12 0
11 0
18 0
5 0
16 0
13 0
18 0
11 0
12 0
14 0
8 0
9 0
9 0
19 0
17 0
10 0
9 0
14 0
11 0
10 0
6 0
15 0
14 0
19 0
10 0
16 0
14 45
10 52
8 24
14 29
11 68
10 59
7 44
8 50
13 31
5 33
8 52
13 68
7 22
9 23
8 4
20 51
6 50
12 72
16 67
10 4
16 12
5 63
19 15
19 35
10 71
20 31
8 49
12 38
19 51
8 34
18 37
10 15
11 17
5 46
18 52
15 54
7 6
18 61
17 58
19 29
15 60
19 7
14 25
15 53
19 20
20 18
5 38
6 35
7 63
15 50
14 66
9 24
6 7
6 9
10 53
18 2
15 55
7 24
18 26
19 7
15 12
7 24
9 15
17 48
20 49
18 24
20 15
17 24
9 28
7 47
6 39
6 47
15 34
15 15
18 22
18 58
18 58
18 27
17 32
16 44
20 49
17 36
12 17
18 15
7 3
10 13
11 40
8 13
6 27
12 69
13 17
9 57
6 48
20 49
16 3
18 20
6 43
5 24
17 7
9 29
17 28
13 1
13 43
13 41
12 37
15 44
16 20
17 27
18 63
6 35
5 61
12 11
18 21
10 35
13 48
8 66
15 72
13 32
19 18
16 24
5 56
8 7
19 59
8 2
17 32
9 48
16 22
5 11
10 42
15 28
15 31
13 37
15 42
8 9
6 35
7 36
18 49
13 4
20 41
8 2
9 40
11 4
15 30
18 11
9 57
14 55
16 49
8 67
7 52
16 8
13 32
10 65
16 9
17 41
5 2
13 2
20 11
9 12
10 8
7 42
10 12
19 36
19 54
10 17
8 28
6 28
19 59
9 12
15 26
16 10
7 13
14 5
20 54
11 29
5 68
6 19
7 66
13 35
7 16
12 25
16 34
14 65
13 32
5 29
14 27
19 55
19 37
16 2
11 38
6 63
17 52
9 17
10 11
10 62
11 9
16 39
6 25
8 46
18 62
10 23
8 33
11 20
17 44
9 29
9 22
19 12
10 69
6 26
15 70
11 39
6 67
13 21
10 14
5 58
17 50
12 25
6 40
13 27
18 10
18 60
10 4
5 53
20 69
17 50
16 17
6 33
10 47
17 11
12 50
13 17
15 53
17 46
14 21
18 28
12 33
14 53
16 18
16 55
6 71
19 54
17 19
9 30
12 38
20 51
5 36
6 67
18 63
9 3
7 46
11 27
17 70
11 37
11 48
11 60
19 56
6 7
19 32
7 29
17 49
11 38
15 55
11 55
20 37
11 47
6 20
9 5
15 47
