100 19 19
26 14
25 6
75 144
61 0
11 7
14 5
69 70
25 0
56 44
52 18
71 133
73 0
14 20
40 8
32 96
50 0
37 53
62 14
56 75
13 0
53 37
67 5
75 195
26 0
30 32
76 19
43 73
67 0
51 85
16 4
18 54
11 0
58 110
43 9
30 67
57 0
34 61
46 5
69 113
39 0
53 34
33 10
60 162
38 0
14 12
32 15
22 30
30 0
35 69
19 9
61 76
24 0
23 25
27 1
34 90
34 0
74 120
62 22
33 50
59 0
52 92
28 6
21 34
21 0
12 19
43 3
53 104
69 0
72 117
36 7
56 126
44 0
75 108
26 6
33 33
63 0
27 28
55 21
67 83
42 0
26 25
17 1
29 31
53 0
24 30
67 2
62 181
69 0
42 31
70 23
60 73
19 0
24 41
62 10
14 18
67 0
62 61
46 10
76 175
32 0
