250 5 8
9 3
2 3
3 5
9 10
5 15
6 19
9 24
1 28
9 28
9 29
2 32
4 37
10 39
3 42
1 46
9 46
2 50
3 55
8 58
9 61
6 62
4 65
7 67
1 70
9 71
3 71
2 71
10 73
9 73
2 73
5 75
9 77
1 79
6 83
10 84
2 88
9 93
7 93
4 93
5 94
5 98
8 99
8 101
7 104
8 106
6 107
3 110
8 113
4 114
1 116
6 119
5 119
4 122
3 123
7 127
9 128
2 132
1 137
2 139
1 144
1 149
9 149
10 150
5 152
7 153
10 154
10 155
1 157
9 159
4 160
3 164
6 166
5 166
2 171
1 173
3 177
3 177
3 178
2 181
5 184
3 188
5 192
3 192
3 192
6 192
8 192
9 197
5 201
9 203
10 208
10 210
3 212
5 213
1 217
1 221
9 226
10 231
6 236
1 237
2 242
3 244
3 248
4 248
8 248
3 253
7 254
10 257
6 261
2 261
2 262
8 262
3 266
3 271
8 272
4 272
8 274
4 277
5 279
7 281
10 285
1 286
10 290
5 291
8 296
6 301
8 303
3 303
2 305
4 306
1 309
1 310
2 312
10 315
5 316
2 319
2 323
4 327
3 331
9 332
1 332
4 336
6 336
8 339
10 342
8 342
7 342
9 345
7 350
6 351
7 353
8 355
2 355
7 356
9 359
5 362
2 366
10 366
10 368
9 370
3 373
9 378
3 379
5 382
1 384
4 389
1 392
8 392
8 396
1 401
5 401
7 406
5 407
4 408
4 413
5 416
5 417
5 419
4 424
2 424
6 426
7 428
10 430
3 432
1 432
9 432
1 435
1 440
6 441
8 446
10 450
7 452
4 454
5 458
4 458
9 462
7 465
7 468
10 469
8 469
6 473
2 473
7 477
3 479
4 479
7 483
5 485
7 486
10 488
4 491
3 495
9 496
1 496
7 499
2 502
8 507
3 507
4 509
3 514
5 517
6 517
9 518
10 523
7 526
4 529
10 530
3 534
3 535
8 540
9 544
10 546
8 548
9 549
1 550
9 555
6 556
1 561
6 561
10 564
4 564
9 569
1 570
6 573
1 576
8 581
1 584
6 584
3 588
4 593
4 598
2 602
