450 153 59
131 1
78 9
119 9
95 9
153 18
112 18
148 19
145 21
88 23
111 23
144 37
102 39
136 43
66 46
99 52
114 52
152 56
106 57
148 58
76 59
163 60
121 61
121 63
103 66
139 66
203 69
193 71
140 72
94 78
83 86
126 95
126 98
113 104
76 105
149 106
127 110
150 111
123 112
127 113
80 121
152 122
171 123
173 125
130 126
178 127
85 130
123 131
141 132
118 135
145 144
119 146
81 152
150 155
150 161
114 164
95 164
115 166
124 168
189 169
94 172
100 172
124 174
90 176
133 178
142 179
162 191
146 193
156 202
171 203
128 203
79 205
71 208
179 210
105 212
125 214
110 217
136 218
96 230
157 233
168 234
112 241
72 241
118 244
113 245
89 251
103 252
131 254
180 257
97 258
150 260
98 260
126 261
149 266
119 267
117 272
130 272
150 279
122 285
123 285
94 292
96 295
60 296
99 298
140 303
100 303
132 311
120 312
63 324
109 325
138 325
156 327
132 331
105 337
103 342
137 342
84 346
206 348
112 359
187 361
167 365
91 365
104 368
209 370
149 376
123 380
121 383
123 384
138 386
100 388
90 389
119 391
137 393
142 394
116 403
118 404
139 408
87 409
118 409
154 411
169 413
94 417
138 418
75 420
102 423
163 425
104 429
160 435
115 437
147 438
135 441
145 441
65 444
52 446
127 449
143 454
91 455
117 458
113 460
132 460
150 463
154 464
161 469
126 473
156 480
112 483
165 486
109 487
88 493
144 494
162 495
129 497
158 500
135 500
125 504
149 506
132 509
188 512
101 514
183 518
139 518
72 519
186 523
74 529
151 532
133 532
156 533
86 538
181 545
103 545
80 550
147 551
130 551
159 552
154 564
83 568
162 575
151 575
100 577
112 579
117 585
146 585
132 586
179 588
98 592
117 593
86 597
110 603
149 611
103 613
152 614
63 615
130 616
189 622
189 623
130 624
132 626
151 628
118 637
129 645
90 648
139 650
170 653
121 654
99 655
123 657
178 660
120 661
129 671
96 673
125 673
82 695
176 698
149 702
120 708
120 710
119 713
146 715
58 720
96 720
159 722
147 725
90 729
175 730
101 734
64 736
142 742
154 745
167 750
138 751
106 751
172 756
125 759
164 759
124 760
172 772
194 773
138 773
140 776
134 784
85 784
127 786
112 795
112 799
147 799
128 805
94 815
134 815
180 816
129 822
136 823
133 827
107 829
106 834
115 840
178 841
138 845
98 849
96 851
101 854
132 854
112 854
133 855
162 866
146 875
135 876
114 876
166 876
125 877
130 884
79 884
138 885
121 886
102 890
124 894
111 900
119 901
102 903
131 903
159 914
119 918
143 923
95 927
130 928
115 930
82 930
118 933
141 939
102 942
202 944
197 945
173 951
159 951
103 956
111 959
162 959
152 960
105 962
79 965
137 974
137 975
112 977
169 985
187 988
115 989
153 989
124 996
146 997
84 997
174 1000
61 1000
123 1002
160 1003
127 1004
136 1006
148 1007
107 1008
138 1012
135 1019
169 1020
158 1021
49 1032
76 1032
120 1035
162 1042
151 1042
147 1054
144 1056
121 1058
79 1060
46 1060
123 1066
127 1066
108 1068
155 1072
126 1072
125 1075
96 1080
89 1081
120 1081
101 1088
135 1097
144 1101
131 1102
154 1104
88 1105
95 1111
116 1113
210 1116
137 1127
148 1127
143 1130
153 1134
140 1136
108 1137
133 1140
99 1144
103 1148
165 1148
94 1148
99 1149
88 1153
134 1155
137 1156
111 1162
165 1163
96 1164
123 1166
119 1168
149 1169
95 1171
106 1172
145 1174
129 1175
90 1177
177 1178
141 1180
161 1182
140 1183
81 1184
135 1194
152 1196
168 1200
86 1202
116 1202
99 1206
173 1211
128 1220
104 1224
109 1227
132 1229
111 1230
124 1235
53 1238
138 1240
78 1246
66 1247
132 1252
131 1252
135 1256
146 1261
142 1264
135 1269
125 1270
115 1271
74 1273
139 1275
169 1284
95 1290
146 1291
133 1299
153 1304
93 1304
137 1306
169 1307
140 1310
156 1311
103 1313
140 1317
125 1319
122 1327
136 1328
153 1329
145 1330
102 1332
174 1334
144 1343
136 1343
126 1345
87 1348
118 1351
