450 3 112
7 0
9 0
12 0
17 0
7 0
19 0
10 0
8 0
8 0
20 0
15 0
9 0
20 0
17 0
19 0
17 0
12 0
14 0
12 0
19 0
7 0
10 0
5 0
11 0
11 0
11 0
6 0
10 0
19 0
14 0
14 0
17 0
13 0
6 0
7 0
19 0
6 0
18 0
14 0
14 0
8 0
14 0
19 0
20 0
5 0
14 0
7 0
6 0
5 0
19 0
18 0
13 0
15 0
7 0
14 0
12 0
9 0
8 0
10 0
10 0
16 0
17 0
10 0
7 0
6 0
13 0
15 0
8 0
10 0
12 0
13 0
9 0
13 0
16 0
15 0
14 0
11 0
11 0
12 0
14 0
12 0
10 0
13 0
11 0
15 0
9 0
16 0
18 0
19 0
16 0
20 0
7 0
16 0
12 0
16 0
16 0
7 0
20 0
16 0
14 0
8 0
9 0
16 0
9 0
9 0
11 0
5 0
12 0
17 0
13 0
14 0
10 0
7 0
19 0
14 0
9 0
9 0
8 0
13 0
17 0
19 0
17 0
5 0
11 0
19 0
17 0
19 0
6 0
12 0
13 0
8 0
15 0
7 0
19 0
5 0
19 0
8 0
12 0
10 0
13 0
18 0
19 0
11 0
8 0
18 0
17 0
7 0
15 0
11 0
14 0
5 20
13 50
19 19
19 39
9 22
12 50
8 25
14 5
18 49
13 9
10 29
11 47
9 25
6 12
7 2
17 20
18 3
9 49
16 43
12 35
20 29
5 48
12 29
17 32
16 35
20 46
15 23
19 43
8 24
9 36
19 25
18 36
12 50
17 16
9 27
15 20
18 2
20 37
10 32
19 45
15 6
17 28
10 50
5 23
19 39
16 4
14 50
12 41
5 21
19 47
17 45
6 1
5 49
19 10
9 31
16 24
11 23
6 28
15 8
17 16
7 20
7 33
17 36
19 35
20 39
15 37
17 26
12 51
15 41
18 26
16 10
20 51
10 29
7 51
5 49
18 47
16 41
5 14
10 3
16 46
17 39
16 18
19 13
17 10
10 10
17 38
8 4
10 25
13 18
10 18
19 12
6 32
7 29
16 24
11 21
12 45
19 28
19 19
11 48
19 38
6 21
17 20
14 38
6 20
15 35
19 37
12 3
17 3
6 28
5 22
10 33
9 25
11 47
18 25
7 30
19 51
15 16
17 30
7 8
14 39
9 16
6 6
5 33
17 27
14 24
12 21
8 25
8 24
6 26
18 25
19 5
8 24
20 44
5 33
15 5
9 25
10 26
12 44
15 40
18 15
20 37
15 35
16 30
8 44
17 4
14 28
18 9
11 48
17 32
13 44
17 23
8 20
16 14
19 26
10 31
7 45
5 1
5 31
13 16
20 51
13 4
8 7
13 45
18 12
19 50
11 44
20 39
8 34
7 29
5 3
8 5
20 26
16 11
10 44
16 35
16 21
17 15
9 26
5 5
15 42
16 51
14 35
7 49
19 26
5 7
11 14
16 31
10 16
6 27
15 49
17 11
7 7
10 47
6 43
19 18
13 26
7 18
19 7
7 46
15 2
12 36
17 43
12 47
12 46
14 17
6 6
12 8
15 4
16 19
18 17
16 14
15 43
7 51
19 25
18 6
9 20
20 34
15 32
10 48
9 51
20 38
16 17
11 43
19 5
15 38
18 17
12 11
18 8
7 12
19 44
9 51
20 22
9 33
16 31
19 3
12 25
6 38
5 32
17 40
16 21
20 34
18 7
12 22
15 42
19 51
8 29
15 15
18 1
8 27
11 7
17 34
20 29
6 42
5 3
8 43
5 48
5 7
20 14
12 24
12 36
18 47
7 44
17 38
18 32
13 12
13 4
17 42
18 22
5 13
11 35
16 28
18 38
14 6
8 28
15 29
17 28
18 16
20 48
14 11
8 51
8 47
8 13
15 19
18 21
20 40
11 19
7 14
5 10
14 39
20 21
5 21
8 11
10 39
17 45
13 25
8 33
16 35
18 9
6 13
19 14
