400 30 5
1460 466
556 372
1252 188
1128 13
225 160
389 25
1778 437
435 402
259 311
292 491
309 332
791 50
585 310
1315 14
1281 420
1222 110
1414 182
1479 221
1908 30
442 288
541 450
1072 370
83 318
583 211
387 34
1095 253
362 491
1743 148
1739 472
997 14
835 282
963 155
857 161
1045 207
1276 381
1848 251
1896 410
222 252
1904 434
782 163
155 294
432 127
1614 404
488 106
1920 492
1872 382
1172 359
215 320
65 214
720 467
175 73
1801 40
307 133
1888 220
328 279
1431 354
415 487
812 100
1978 56
1020 8
450 313
1396 306
774 436
114 197
1879 194
112 17
1255 222
743 500
1939 392
1047 422
871 192
1961 15
977 2
903 228
1753 168
1218 228
1775 26
1014 376
1678 480
581 14
1223 217
1453 251
114 447
186 379
1075 71
1331 136
1571 183
1490 126
973 354
1970 253
1232 65
445 171
1678 215
1830 34
535 218
1650 114
1083 9
1672 311
1793 167
1000 465
1990 498
952 216
1851 228
575 448
34 38
626 407
1274 351
466 124
1428 172
847 433
1707 236
357 284
1806 443
52 67
991 92
1949 271
859 53
1011 49
197 188
1299 448
1712 260
1600 445
1537 255
1582 278
1767 219
585 293
738 454
1319 11
536 399
1132 379
690 401
1863 244
1380 377
1258 363
489 191
105 462
7 254
1123 128
898 223
355 479
718 200
861 460
1166 390
562 24
1033 164
178 332
1983 208
297 207
559 65
1884 71
754 110
1358 261
327 208
1052 487
397 452
669 183
1979 127
1480 266
999 329
324 81
1859 261
401 278
1287 6
1132 80
248 16
1144 166
1005 169
1947 347
744 379
170 65
828 345
587 71
248 397
1312 116
922 374
910 225
613 35
346 374
519 395
66 441
1652 223
1097 262
646 436
1761 397
910 410
119 312
272 493
1074 66
319 52
1981 446
418 446
103 456
889 236
1249 460
334 237
1380 382
1131 401
1733 157
1586 7
1959 165
1213 158
1660 190
1436 414
1816 74
1072 10
1719 258
1939 400
539 198
911 280
178 231
569 4
1972 308
613 37
1571 335
1853 157
496 61
1477 339
1464 149
1538 468
345 311
1366 383
972 500
1358 18
1481 397
584 317
1206 349
1845 266
1320 173
1743 232
168 437
1326 172
1724 456
1994 429
569 428
1560 328
1242 214
313 493
1653 256
1896 94
759 182
1409 285
1242 74
1819 293
1606 116
980 341
1377 82
58 19
1684 335
653 42
1365 166
1295 368
1406 412
277 239
290 329
87 357
440 79
1951 419
480 188
632 307
1350 425
546 339
461 382
390 116
424 15
610 147
1635 488
526 345
496 220
1188 186
1143 484
51 55
929 308
11 322
673 360
1490 9
1716 164
813 221
1694 83
1239 127
468 382
702 94
1321 205
146 83
35 233
1604 318
742 367
1899 461
627 14
1994 66
960 172
128 398
943 27
1523 463
1798 465
303 57
1840 449
650 60
21 198
1588 457
256 465
1561 490
1275 276
410 318
1347 377
1263 407
1108 26
1140 20
927 245
641 251
953 479
1895 486
217 352
1550 70
851 248
187 213
845 330
120 69
299 472
1234 193
481 278
679 1
253 88
1204 413
533 22
1572 96
1778 13
1038 490
798 230
1348 103
1716 175
1914 260
1931 250
1539 170
1246 364
909 168
1139 201
1456 49
1729 266
242 9
1014 242
720 122
1618 315
1418 21
1087 79
1035 439
177 244
715 143
1488 403
1840 316
303 375
798 196
1880 345
625 112
1723 212
1038 213
1363 243
460 41
1976 404
1711 222
89 365
1166 20
1614 37
1905 209
199 290
582 60
1101 172
807 409
1689 484
121 134
1447 473
1495 44
1932 87
43 447
842 72
1339 464
580 226
1083 234
913 109
1380 32
487 5
1482 236
701 216
418 161
1392 301
1648 180
1821 20
275 204
180 93
1632 96
1055 491
1089 112
1368 247
1540 383
1330 258
586 151
488 281
1797 485
1681 292
1157 192
1829 315
