100 454 11
6017527620665 140270610070744
4405003439672 51698275654328
6221363376586 484056138770693
2483032749358 129343462285071
9389247673260 393287419442573
9483710460798 467480620781172
8922560536744 193707216565422
7187738275996 186714024829995
728485023501 280184134546580
4101719115549 268229284069016
5594603702058 456761393718810
665527754949 18928708697506
8966199982709 114092179015509
4563822263509 315367993947893
2691767419404 294978686893951
576645895281 215730103765743
6989561662836 1773000935464
5966393257431 488903621420533
5985274126947 250328871138369
8130044098811 373196914109183
2271799584183 437560664355583
9627770611708 42801834260082
5513598926882 296521828217679
5112501480923 183443046894544
4772893210560 109034808366487
7646958500173 411596014349859
1041074095684 429600160260859
9204095980629 308579913517231
216390051251 311203332130629
4653653838922 379220995333949
75547190739 496378092146228
2953309471808 394051511411079
3377023682882 25209686562576
6095784728016 466871264257809
6619512020317 14673323209805
6135180508071 230399146265620
1698784597219 205764603241320
1530010379828 436305077618047
2497711923635 169422431656382
3161802718320 14976319016996
2411835382324 76771824080169
5275259271348 244115260904764
7816336261950 72468218062882
6166856906766 138482366861695
6898364731047 192655341721901
873152434569 478207029873938
1870316793129 244382818495118
9351509773029 194761993783543
4283562264111 105881683209910
2985787422673 435978553683120
716209026290 73358937762585
4745511290619 217561430685853
6923999849603 481161408414277
7944073795962 304379154993140
8197269158039 286965412753533
1256088390312 446147604722144
6531640489528 354372209570264
5709146577993 373631548841746
4445242296804 344637806691571
7321378153361 428480187562795
9760361192554 434525431002092
5844844887350 158484695531663
1728411187168 269021828231786
7081614491397 390610197692885
7928787579537 191829875084721
5975250482495 251629057121229
1938024002190 304177993814763
6386080725950 419537345082406
5944492881588 240940491779697
6996900196974 103552547163396
6950215349531 430204487519665
1807687685532 365700343160592
8228351772532 150017699656037
5470837545913 207419150854688
54226483718 320795506651358
9814466866650 192500093289095
662818712991 449633702841308
5583762514706 14551776275414
1604027840936 279343629081283
7522188507787 421166130335254
7385469387371 98768296921627
8011183606353 78633921843962
8969768180118 476332477720280
2743721642298 442381931877146
1034782690324 374817653782957
168946978050 2527676084182
1398426894862 46818414248596
8834466415801 448112851232358
2679789672836 370133823943468
2876613430118 374926059849791
648253594258 380206958512470
5517623425741 63707691546991
4519794084264 320006568088721
1307301817787 132190384392303
8433434137845 333096538452492
6398388199907 80839193590199
4188456717809 196216362228244
1603709952081 160939543316271
2743305552771 311678881750177
5611857670121 176747156452155
