200 44 20
44 324
71 134
58 236
46 537
44 397
55 319
61 464
73 320
61 399
68 540
80 464
46 134
60 136
51 391
42 543
46 410
73 168
60 63
70 344
81 209
64 283
46 60
41 55
52 94
72 83
45 138
53 174
42 234
59 550
48 418
64 353
64 59
54 462
43 532
71 284
52 270
71 362
47 388
69 486
53 541
48 60
61 386
65 176
57 199
57 532
54 193
65 323
72 541
80 91
77 129
42 95
77 201
43 454
74 345
47 320
48 387
43 173
50 86
46 312
62 418
52 356
80 504
44 285
58 499
44 243
60 318
45 200
76 461
50 176
67 127
70 141
62 208
75 133
72 90
69 536
54 54
60 321
59 58
60 412
56 98
54 498
42 533
67 320
69 273
45 129
74 475
77 283
79 501
67 198
62 416
42 412
45 240
68 311
53 397
70 93
73 533
62 173
44 252
62 54
57 140
61 68
71 353
50 129
68 358
47 204
63 536
52 194
68 499
79 416
56 286
76 171
51 409
51 357
62 390
61 247
66 352
49 452
55 511
57 281
81 240
52 387
80 278
81 353
70 355
50 314
44 418
47 130
72 171
72 541
80 248
44 450
42 404
73 206
67 417
47 459
63 275
78 505
54 540
52 489
50 172
72 490
73 278
53 175
80 392
46 462
68 189
72 312
55 237
68 381
66 542
53 176
70 243
63 418
64 466
47 83
67 530
60 377
69 62
71 138
49 65
54 130
58 538
54 276
81 470
68 492
61 161
65 170
45 196
68 540
60 464
44 91
63 493
56 57
55 172
69 399
75 96
72 490
73 321
49 500
81 283
44 407
74 453
57 326
56 357
74 54
58 243
73 358
75 281
52 353
56 427
43 129
55 88
68 463
44 239
45 390
63 70
79 62
71 475
45 52
71 64
