150 5 8
7 5
2 10
5 10
2 11
9 12
4 14
4 19
6 19
8 21
6 22
8 24
6 27
8 31
4 33
2 33
4 37
9 41
1 45
4 49
5 54
6 54
6 58
7 58
10 61
8 63
5 63
9 66
4 69
2 73
3 73
7 78
8 78
3 82
1 83
9 86
4 88
8 89
8 91
10 91
6 94
1 98
4 101
1 105
7 110
1 112
2 117
2 118
2 121
5 122
1 127
2 127
3 132
5 137
9 141
7 144
7 144
2 146
8 147
3 147
3 147
1 151
6 152
8 157
9 160
8 161
7 163
3 164
9 167
6 168
7 173
1 173
9 178
10 178
8 183
7 188
6 193
10 193
1 196
10 197
8 199
2 199
2 203
8 205
8 206
2 209
8 213
2 216
7 219
7 222
4 226
4 226
2 228
5 229
2 233
1 235
3 238
6 240
2 245
3 245
6 248
10 248
3 248
1 251
3 253
1 253
10 256
7 256
3 259
6 264
8 268
1 268
10 268
1 271
3 271
9 273
7 275
1 279
5 279
8 284
10 286
1 289
1 292
1 293
1 295
4 295
7 298
1 303
8 307
6 310
5 314
1 314
5 316
6 321
4 324
6 326
1 329
10 330
4 335
1 340
6 343
7 343
10 343
4 347
7 348
6 352
2 356
5 357
6 362
9 366
9 370
