300 15 150
24 18
16 192
96 170
100 77
82 12
51 166
23 111
61 124
72 15
24 125
13 159
77 172
38 179
91 34
96 180
54 99
86 117
81 146
21 172
44 64
71 170
22 173
45 27
52 186
23 12
53 150
15 35
66 81
19 76
80 190
34 70
44 32
62 3
29 60
59 151
86 71
78 75
65 23
42 82
12 199
87 60
66 131
48 150
58 118
47 110
91 95
41 89
74 5
13 179
89 158
27 146
72 113
40 191
70 49
80 86
29 109
94 17
31 107
71 118
96 162
35 92
78 84
58 147
53 177
29 37
75 82
69 166
41 93
73 176
15 13
43 34
56 161
61 35
76 67
62 151
27 87
28 106
50 186
32 126
47 69
30 191
30 96
80 10
65 32
24 139
53 122
89 1
15 139
41 69
86 49
86 154
80 6
25 194
99 12
48 88
38 2
20 165
41 11
88 139
84 80
37 12
25 122
44 96
86 94
45 189
65 9
54 70
75 149
77 52
62 122
35 77
98 125
85 81
53 18
85 93
76 165
11 98
12 111
11 89
83 188
67 69
88 111
53 117
15 106
16 171
13 47
34 21
28 161
45 33
30 109
11 138
78 71
47 109
70 130
44 42
76 22
15 132
90 60
13 52
30 166
65 65
60 178
32 34
39 76
46 75
74 100
30 77
32 164
23 155
59 184
81 131
72 52
100 99
81 104
16 137
59 77
45 65
29 116
42 4
30 43
13 85
16 125
74 165
59 122
73 131
52 162
31 33
95 16
55 74
82 197
34 158
36 22
85 42
67 192
75 153
28 168
56 83
54 2
33 65
52 126
34 32
84 123
68 179
66 143
76 110
89 24
49 120
74 146
97 144
29 69
61 159
80 110
61 87
92 131
45 103
48 149
81 84
83 187
94 27
13 27
45 10
70 108
45 13
87 163
29 129
94 88
71 47
34 198
100 23
84 94
62 10
18 108
99 186
93 143
62 135
42 17
15 186
34 127
37 19
42 112
76 147
47 180
18 200
32 149
83 197
27 97
44 9
85 109
40 114
41 91
10 163
85 103
57 102
52 19
18 148
97 194
61 48
35 24
25 145
91 39
61 40
29 44
20 165
74 164
96 30
47 25
32 111
52 183
69 58
58 133
68 73
95 60
18 75
65 189
17 162
77 101
45 64
81 156
97 18
16 1
19 104
72 141
100 129
40 96
30 89
17 162
56 168
74 136
30 130
96 70
97 6
51 136
41 127
96 49
63 36
15 108
10 77
61 149
91 87
32 37
62 173
91 0
44 18
14 152
94 22
77 149
76 114
42 2
90 3
86 77
53 102
24 45
48 119
46 163
84 122
12 155
75 194
64 133
52 51
56 198
