200 5 8
5 0
3 4
5 6
4 6
4 9
3 14
6 16
1 18
4 22
7 25
8 26
7 30
3 32
10 37
8 39
10 40
8 40
3 45
4 47
3 47
6 52
5 55
9 55
3 60
4 63
7 63
7 63
5 66
7 67
2 72
4 75
3 75
4 77
9 80
6 83
2 86
9 89
5 90
2 93
6 93
9 95
8 97
9 102
6 107
10 108
6 110
3 110
1 110
4 111
6 112
4 114
9 116
7 120
6 124
7 129
6 129
9 129
6 132
3 135
7 139
7 142
1 144
2 149
7 149
5 153
4 153
9 153
6 154
3 156
6 160
6 162
5 167
9 171
1 175
3 176
8 176
7 176
6 176
8 176
6 179
3 182
8 183
4 185
10 187
1 187
10 191
8 196
7 197
3 200
2 204
9 206
10 208
10 209
2 214
9 215
6 217
6 222
1 226
2 227
4 228
6 233
8 238
2 239
6 240
7 244
10 244
5 246
1 246
1 247
3 248
7 249
10 249
9 250
7 251
1 251
9 254
4 254
8 257
7 262
6 267
7 269
9 273
9 273
1 273
9 277
2 279
4 282
5 283
6 287
1 291
6 296
5 299
9 299
10 302
10 303
7 304
5 306
3 307
8 308
4 308
3 312
4 314
10 314
4 315
1 318
8 320
8 324
9 324
9 324
9 328
8 328
1 333
8 337
2 338
9 340
9 342
4 342
1 347
10 351
10 355
6 357
2 358
5 362
8 366
10 371
8 375
6 379
5 383
1 385
7 389
3 390
6 390
10 393
8 395
9 399
4 399
3 404
4 409
1 413
4 417
8 418
2 418
9 419
6 419
5 419
3 421
1 426
3 427
7 430
9 434
2 437
5 441
4 445
9 448
9 453
2 453
2 458
4 461
9 465
1 465
