400 61 59
73 608
95 3321
37 3072
33 2414
57 547
15 294
92 540
81 1189
63 3182
32 1507
64 57
51 2678
83 208
3 3665
64 238
12 3566
18 2969
48 842
57 3856
82 754
60 103
75 3742
60 779
15 199
9 163
9 722
10 3999
50 3282
78 182
8 918
63 3879
78 1969
53 1897
46 3751
35 124
30 93
20 454
46 351
40 3009
57 754
47 3191
38 2160
64 3701
48 3972
85 1816
65 3225
47 450
19 3008
24 1582
67 3387
3 267
20 2230
100 1529
38 498
48 1265
30 2689
69 3429
14 1427
37 2214
81 1707
9 2010
71 2886
71 1764
43 2616
10 2979
34 1213
65 646
98 3072
89 2319
43 938
25 3237
11 2217
60 618
42 1631
33 3871
83 875
97 2881
74 3621
31 2027
80 1050
55 278
89 3401
94 1152
63 3357
29 676
59 2968
87 1590
52 9
1 2186
56 1495
49 1726
24 3062
14 1990
62 2142
7 1693
70 2177
1 3577
41 1063
41 289
79 233
41 2294
5 3416
60 1703
84 3390
22 408
25 842
9 877
80 3002
36 565
50 2253
47 229
12 1031
55 2152
77 3402
44 3286
2 300
67 2130
82 2476
56 1118
53 607
33 3736
93 3236
88 3384
7 3416
38 1449
37 3807
32 1296
43 2730
93 1725
38 762
47 2387
44 3003
44 2937
30 974
5 1413
73 2659
46 1904
28 1969
71 304
64 758
33 1323
55 1066
43 3162
37 3351
11 1106
50 2090
8 2735
100 3560
44 3203
83 3634
78 3199
38 3332
95 3054
28 3662
37 3646
91 3902
64 2920
63 1496
13 1393
81 1352
10 1540
47 2744
16 893
95 3482
97 3944
55 3654
57 3072
63 1894
62 3747
23 2436
72 3630
61 1741
23 1185
62 3571
54 1629
5 2115
54 1129
34 3226
91 921
97 545
5 1308
93 3800
7 1705
1 1165
64 871
33 1889
47 2022
34 2611
60 3741
55 3255
69 2202
4 2031
46 109
64 800
72 3733
9 1560
61 490
89 1750
75 2832
42 2413
99 880
55 1992
82 3565
40 413
41 2344
77 3324
79 3180
8 1627
51 932
12 2655
87 871
32 3443
46 734
97 3491
100 2962
55 310
31 1052
94 1634
37 1795
69 2944
8 1201
3 2480
41 767
16 1248
71 2859
97 1431
26 3574
40 3134
64 2738
85 2290
32 3526
95 2085
87 1067
28 1057
98 3802
65 625
26 207
65 1081
77 2861
57 1111
26 3068
5 3931
41 716
40 3856
80 3790
70 2213
55 310
33 942
55 1337
96 462
52 3669
92 637
39 3533
26 3657
27 1490
32 224
40 2570
74 1998
64 743
88 1355
91 1559
93 2812
32 1133
75 1377
69 2754
28 3707
83 3203
64 3759
22 3593
49 2861
62 1639
83 3629
64 328
15 3788
88 3684
92 3794
30 52
21 3060
17 3841
83 449
5 722
16 2595
83 3450
94 2930
17 946
24 777
64 2565
69 2757
53 3370
1 3481
47 2465
10 483
98 876
77 652
92 3780
95 2651
93 2524
41 3230
64 2903
60 1136
9 2498
94 392
71 3824
96 1991
21 1201
42 1696
44 2552
88 325
6 337
7 3049
14 2105
68 3661
93 997
82 1623
22 1582
69 51
33 2698
59 3223
36 2415
16 494
33 1265
59 685
57 3126
67 1970
85 1784
97 925
91 1648
66 883
97 1268
84 1018
14 1412
8 2008
36 3290
13 1684
75 3455
55 3951
48 611
96 989
48 1532
74 2814
59 2437
6 1882
53 3282
12 1198
63 2282
9 3842
96 61
13 3418
21 2940
4 813
16 1425
19 1433
70 412
27 2059
16 3939
1 1526
38 2116
52 1925
22 2840
14 3990
15 1609
42 1596
28 3396
14 2372
92 2167
93 3300
26 2314
81 1547
74 1911
2 3674
85 3803
86 827
75 1081
36 1054
98 1326
43 399
93 1281
90 368
7 1904
35 3482
32 2741
7 416
96 37
24 3633
40 758
15 1091
16 2376
5 3448
29 351
64 3676
65 542
26 1049
95 19
52 2888
85 3392
24 3355
56 2016
73 579
53 1207
80 2010
