150 65371541 12
77762651 429035909
200034347 378025849
50128993 221303377
99426749 299151163
36253649 398193989
215638001 450192161
151154813 461776603
224682893 594117871
83154289 381251291
128532841 520758377
84695593 533220869
161647897 459397373
85562101 295114583
155352707 221233889
89247409 605659363
209847593 546218581
211844371 208273627
143978573 452016563
174954319 556897043
79926767 522682547
264652639 616258609
173318107 408669143
123781631 376919863
187709339 594161857
276274927 432992317
175018241 698449987
13870693 568701599
127862759 736021177
85276049 346856879
284957129 575789267
134405099 461997883
141771697 535942261
209178989 367024043
217287887 293280109
69924091 550674503
225341047 604247773
148790947 479191357
134199277 272670751
139502141 526573987
210183353 594369917
43877021 404611429
155403629 137976259
40103603 88557311
62861891 120677419
181393291 755441639
179021911 523887251
174904159 598474543
146012213 473975737
162352901 281801647
59175989 367009823
24920617 171919259
252092947 659746799
188186491 747426263
171466007 572033849
197464903 354393007
60801179 447537973
266923973 630528779
137208073 465488123
90803003 504444887
155559709 339625861
155363387 491825569
263351563 787050353
75238351 340977073
114609541 529944739
205634491 425079937
166374077 371514293
84854509 239104171
266133641 163122503
42069383 589339957
197023459 182056507
143070047 489927047
212771093 200678503
214003333 330675907
103843513 215072029
177481807 357250811
160829863 606985991
138416237 736355219
75230209 524024483
282947701 555860897
245190289 453583309
176276593 626720209
208722931 317893001
17050009 261007303
157911289 308043161
41373323 376143431
240077989 583845989
115613543 634352413
173846917 673731293
67047763 706867309
128561339 192916807
39039523 768592093
113013587 503265013
177089383 440561447
179533163 613640711
259700657 658578103
137109101 107203379
39813601 838515967
136141459 666121997
161825561 273752573
203631059 610911247
84523519 425140123
121924339 552773549
135821989 245347373
197712337 141158729
24792857 536525177
209416969 106426829
250326059 296168759
286334809 367139233
185724713 242557339
180210301 563885639
144319067 45318751
102826517 742697027
147290981 561042869
207049459 522797767
122408477 614454283
147922409 677550989
99453371 368863007
286428217 293371283
180997343 753389029
288842669 273574909
202496519 389724053
58025041 249364169
122320789 700839907
93264811 401176733
43456111 801489287
63445289 111676001
90591451 599600957
56123741 424808591
267674657 703973159
149667533 602978773
211050349 763752293
215625029 382099859
113959291 437102891
216853489 381335543
151375117 652677713
128917837 339940787
219631369 322338791
210752083 435571183
130927691 508517921
41018687 462235463
182199343 360790343
232255349 357431597
97874921 345076267
142722917 599504123
151253293 627525007
189112933 299151527
75782717 99704947
150269513 570867433
103608811 290132543
124841671 243116579
