150 1 5
8 395
10 373
2 648
1 676
9 348
3 434
10 740
2 730
4 725
7 459
8 3
2 132
10 338
7 581
4 118
1 424
9 119
6 99
10 666
7 14
5 661
3 399
4 398
7 214
7 317
3 567
6 346
9 133
8 195
8 624
1 404
7 424
5 668
6 373
8 692
1 433
8 171
8 540
6 30
2 147
2 689
2 292
10 636
8 60
6 454
8 413
4 116
1 612
3 103
7 232
5 327
3 537
3 290
9 381
2 525
1 378
8 81
2 579
9 275
5 238
4 354
10 33
7 562
1 702
9 585
4 679
3 465
1 197
4 241
8 7
8 417
2 149
7 348
10 574
9 352
3 103
2 498
8 253
8 199
7 531
3 81
10 716
4 674
10 374
10 278
8 354
10 401
6 521
8 725
1 450
2 580
7 231
5 87
6 503
3 356
9 160
7 352
3 745
6 312
1 315
1 304
7 244
7 136
7 688
3 279
6 325
6 185
8 33
10 48
10 424
4 104
6 424
7 77
1 197
3 340
9 426
7 339
8 675
6 340
8 654
5 346
1 543
2 0
1 629
6 221
2 65
5 628
8 392
6 7
3 149
4 178
1 90
6 80
3 468
9 347
8 581
3 742
6 315
4 176
1 576
7 488
5 670
5 273
6 406
1 292
2 41
4 309
1 667
9 40
2 95
