150 30 5
615 432
539 377
182 133
768 531
111 72
1913 1249
67 66
347 234
1493 999
36 45
224 153
1078 722
1471 970
560 382
1779 1193
191 129
688 463
1661 1087
1289 845
874 579
333 254
1279 837
1711 1115
1385 934
1471 965
1440 975
599 421
1885 1226
1565 1046
88 79
229 172
198 164
636 449
835 573
798 554
970 662
803 547
553 363
313 231
1612 1080
311 219
926 622
621 427
12 14
1082 716
64 61
1094 735
535 384
570 374
684 474
468 330
1924 1269
511 333
1958 1300
1745 1158
1955 1296
1753 1169
772 537
857 560
325 216
1717 1132
1565 1030
1645 1069
996 656
843 581
540 371
322 228
949 649
1189 785
1852 1230
1967 1313
1104 735
953 619
402 274
1574 1063
774 508
1467 960
980 645
1707 1113
395 291
64 65
1178 805
1859 1221
75 68
992 654
1686 1096
1030 679
371 252
261 172
215 142
16 24
1211 814
277 216
634 423
170 136
1817 1186
1855 1236
1022 696
1174 772
1072 703
1489 970
1714 1136
118 115
443 290
1449 974
1531 1028
1870 1226
1334 872
1420 950
882 592
60 65
1969 1298
1093 725
50 48
1596 1055
1770 1187
1399 944
298 219
615 417
1724 1137
1273 840
319 213
1336 873
114 84
1504 980
1030 676
881 588
1901 1244
1542 1016
532 384
467 322
1001 656
49 37
1250 843
197 156
504 365
652 429
1091 711
1037 710
24 49
1175 789
925 609
1831 1220
1561 1028
1862 1240
701 476
1342 895
456 303
1250 812
109 101
