150 72 31
21 3928
88 4304
83 639
57 2355
79 298
54 4176
61 4484
1 570
15 2775
56 2180
79 1540
5 774
57 69
44 3841
35 4125
79 2145
25 2941
44 1077
73 1968
10 2626
17 670
14 2495
34 4041
97 3619
59 946
49 2995
32 3183
78 4296
31 1978
96 360
65 2711
80 2483
5 2115
37 3082
15 26
32 609
55 569
19 1647
48 635
25 1044
69 2358
74 3509
11 968
7 709
53 3091
30 324
22 880
11 2635
74 1243
9 2399
61 2889
95 1907
6 2269
2 983
75 3775
12 3135
42 3935
85 1545
21 2308
54 1418
63 1066
14 3093
72 4021
64 2182
83 1998
66 428
84 1167
93 3651
96 645
35 1583
95 686
21 2443
37 4047
7 2910
57 4513
56 2828
17 1091
85 30
89 3540
19 2768
86 122
77 864
87 2420
14 3461
22 1966
99 408
35 3487
82 1506
6 2394
25 3309
77 1957
44 3758
19 2800
26 263
21 3989
8 1187
78 1289
75 3990
83 68
26 4512
88 4244
8 3783
98 1319
76 4309
63 1810
32 1057
53 1964
6 3128
19 405
82 637
51 1879
48 736
85 1991
15 2372
41 2015
43 2965
64 2113
28 3595
89 2697
56 3959
20 886
48 1112
29 1114
39 4177
34 3740
38 3367
69 586
34 3745
65 1718
4 3246
83 398
66 1829
24 1532
2 184
76 128
84 3604
85 757
38 2995
35 3070
65 2873
80 1205
44 2321
66 1575
10 1011
22 858
72 2313
32 2524
8 2560
64 1103
66 407
