100 3 24
11 0
6 0
14 0
10 0
8 0
20 0
12 0
14 0
5 0
13 0
7 0
13 0
5 0
18 0
15 0
14 0
19 0
8 0
6 0
15 0
17 0
12 0
17 0
8 0
19 0
8 0
7 0
15 0
20 0
6 0
13 0
15 0
9 0
18 12
17 48
13 35
16 44
19 26
9 3
12 11
8 40
12 37
18 22
18 13
8 27
13 52
13 17
16 46
10 3
17 49
12 29
11 32
12 9
7 13
13 22
12 13
20 49
20 30
5 47
16 29
11 3
8 18
13 4
18 28
5 10
13 25
12 43
5 6
11 50
5 44
9 46
18 6
20 5
12 35
6 26
13 40
12 21
20 31
20 31
20 12
14 24
20 8
5 12
18 7
8 5
10 13
8 38
17 41
7 17
11 8
11 38
16 25
20 5
10 28
16 22
19 51
7 37
7 50
10 31
18 4
