300 30 25
90 7672
12 3067
18 2960
18 33
68 5217
54 5888
12 9616
26 6046
41 5946
28 9886
18 3291
88 3109
89 214
65 2367
34 9872
90 905
23 5929
36 6079
21 3724
29 1539
84 1680
72 4677
85 9069
63 7337
73 3014
10 0
86 6875
27 61
83 670
87 5373
19 87
25 5256
71 825
57 9125
77 8952
88 8151
17 3060
34 8447
82 4442
28 4060
83 7503
30 6825
59 2938
66 3680
30 4475
64 10320
59 4497
28 5258
90 9026
14 10500
78 8805
11 5875
55 7571
46 719
77 105
34 83
33 6712
76 7412
61 2191
51 6034
32 2879
18 153
69 5195
56 92
59 8347
90 10446
62 5939
82 696
80 5071
28 0
11 2854
71 166
28 1668
72 7538
90 7670
63 4252
26 430
90 5259
15 7436
57 858
39 2177
27 5468
72 3773
83 8583
66 8976
65 161
74 1463
86 6260
78 3135
55 8206
27 6128
65 225
37 3611
39 3573
68 1309
24 9112
30 4415
82 4537
16 210
75 9622
10 2244
27 9980
84 4383
44 7641
19 2847
74 10500
82 8219
61 9874
17 611
90 6961
24 9246
40 3872
75 4515
79 7502
20 3688
53 3793
70 6029
83 8301
67 495
16 10500
43 5281
51 7559
81 4517
87 3681
59 5099
31 2804
51 4504
61 7583
75 9046
84 94
90 751
90 7589
84 5366
31 2950
55 9860
30 8345
88 5210
22 3921
67 2144
52 3906
90 2730
42 9030
30 1657
87 7686
83 1363
25 8426
74 5258
42 5851
34 3943
53 4761
34 10500
65 2916
18 10452
78 8928
81 253
24 875
64 2025
90 6866
10 9423
62 2178
80 7416
14 3640
36 7509
67 3124
30 983
15 6199
63 2831
12 7639
47 8443
37 45
90 8959
83 7631
71 3103
86 9653
46 10355
40 10422
68 3597
58 10500
50 6975
61 8405
28 785
42 8227
55 7179
78 544
70 7228
17 7263
18 8859
79 8342
26 8949
59 10500
90 3293
82 5107
72 5203
15 9779
18 1547
24 5298
59 4328
90 5880
57 10500
66 2335
85 102
31 3485
81 2804
84 7346
66 6749
90 9049
45 4561
69 10358
34 5094
34 5284
17 2901
56 3489
87 3720
76 8924
45 5413
73 8917
15 2961
19 105
72 1953
30 9024
30 6057
29 2358
39 1723
90 8293
79 5856
82 0
15 3877
59 2933
31 4017
28 6000
24 10500
81 7531
61 6725
88 139
28 2483
39 931
56 0
32 4459
57 7415
51 10500
79 8149
34 3930
14 1478
13 979
39 2185
22 9774
45 3578
32 2963
55 2864
80 3591
69 3727
90 6157
66 1623
66 2931
82 135
85 3751
66 8185
88 6784
82 213
79 8431
63 3799
71 0
89 7581
90 7354
44 804
75 2927
23 2706
38 6714
37 10461
56 9101
88 5916
68 9874
78 3258
66 3748
19 3797
74 0
34 9117
30 8257
84 5247
86 4404
83 9471
69 2130
51 3624
90 5379
26 2941
32 8931
69 2325
35 2287
69 8197
20 1724
10 1233
55 9799
90 5919
71 5246
70 5404
58 10494
38 0
24 1543
74 5925
29 8883
