200 5 9
192 684
132 2703
127 2358
91 2733
94 1788
130 3738
196 1882
82 3415
186 3394
195 154
89 1608
89 825
133 1679
209 2863
209 3428
90 2467
209 1798
89 961
91 1913
202 1820
76 2790
196 3430
193 1126
212 3004
90 1781
212 3613
135 3088
84 3852
129 55
127 3486
124 615
90 806
205 617
211 1911
195 3897
126 354
83 2668
204 1121
137 1537
192 1837
132 1400
134 1552
124 3299
98 494
196 3918
136 1422
132 3760
196 2778
199 3448
136 3129
87 3462
94 2796
201 2743
134 451
210 1444
191 206
205 2610
135 2416
126 2193
194 3701
128 1830
207 3609
135 3148
126 1247
136 265
91 2855
133 2950
90 125
129 3819
201 1277
86 1812
91 2546
134 1037
131 1043
135 814
89 94
210 3147
83 2999
132 3840
86 2479
129 1461
127 881
132 2888
124 1265
191 3269
198 2363
127 289
138 539
134 3780
91 3040
127 2609
198 22
131 1063
131 1311
206 1245
96 741
200 1726
203 3196
81 2560
136 2388
216 1032
203 3771
196 1978
134 3759
206 3353
210 423
90 1495
203 1816
87 3217
83 1549
197 1502
194 2245
128 2921
122 788
200 2931
197 3778
86 2483
126 1574
95 854
96 1569
198 1719
129 239
199 398
209 2914
84 41
134 415
198 2394
92 2449
127 2060
211 3564
202 1672
129 1378
90 1523
134 59
87 1564
201 29
132 2957
87 2605
124 3598
196 3335
205 3764
133 575
192 448
133 2337
90 3372
90 2715
133 711
205 1331
92 3820
130 175
128 2683
202 1924
194 3310
90 3282
214 1637
196 2085
93 3642
194 3441
91 1422
92 3856
193 2227
193 2574
92 1713
128 3460
127 3742
81 2883
195 2376
127 2067
128 1186
95 100
92 2442
129 1222
130 814
91 806
194 2129
85 882
90 1006
209 3606
202 2598
95 1360
127 3230
127 2954
87 3736
89 1566
130 2035
85 3061
95 1739
214 2224
96 3774
91 3602
192 423
132 3677
124 521
127 994
77 3155
88 2432
131 2373
194 1485
132 2066
91 1560
