450 121029463 21
475643999 1515739957
506058799 2395946923
305023399 2811398801
588754963 862404887
265597693 1841702581
791652647 1139636639
552276119 2210848403
566664401 1225789759
714981851 1597740187
663513761 2601768131
471546311 3447255307
551514283 904833529
203872657 1265571193
679372319 3256552007
727009469 4140706429
368654969 2962853611
415923953 1428929401
281549629 2135544877
259578679 4096517291
489724519 3605469199
483163361 3181997257
566717629 2339333869
659407591 3554555819
495705647 2423682749
503842763 2571554507
579171029 1639675679
58778207 2501178587
747222347 655653851
129527869 1854768043
592544167 2832075877
372878483 2156359607
73054171 1142547239
510095291 3184693823
676574137 3565935349
255238939 2938735747
368028337 1970916677
479416907 2014466297
654072361 3028017959
458267167 1877424793
138033751 2769287951
463703257 1516069693
627321547 1875738209
192020371 4228544933
205062283 3386905979
306171253 2325249763
165435443 4011803717
761022109 2917991693
437215279 2319315937
449627147 2991034217
624282257 2204093279
773368133 2831090357
540247817 3835294277
403882177 2794055029
380568407 997931579
237160321 737440477
430891649 981986377
611612773 2279042189
59451767 1864911673
401354249 3127997321
518368351 4208243807
532078931 2620450271
406512901 1759650491
398108989 2078212121
754829773 4677967247
424285969 2622192017
376316431 476218397
369950221 1644850057
375261049 1809422479
624680663 3281720713
580717411 4003313059
359352223 1021141867
171039599 1215642179
471053291 2758773503
316288901 2495184821
743315659 3234098419
536412869 2435689799
451852787 3058836083
504828419 1839842201
577404931 1068923113
595504211 881408071
598567219 537250393
466468837 1416599011
185277383 2517803039
803000851 3082937083
595245457 2614958909
779537599 1915385221
522606727 4236593029
504579563 1199864753
356961317 1145726009
437875183 3681415583
195763727 1618516483
529951127 3466750291
599783917 1772187611
495038209 1511141491
704070407 3617728987
602942917 701020079
376686491 1399481491
122502109 3503645953
260207323 2521351207
544468973 1543990757
119589391 2994406993
839899981 1022945837
371563471 1283076461
341706571 3685000933
340660543 1998258677
484167953 2451626347
874323899 2552060701
168559003 1311386501
560355937 1923891181
344695531 2809664213
420943531 1978366879
395303927 2322215009
67187567 3905414647
673410277 3102686599
333155461 1975908353
570266897 2268872867
532152151 3042569399
442344893 1651093063
768503069 4162856729
388588831 4067551519
826344521 2379752503
559289369 2571760649
626808353 1809887977
283807991 2615106079
486079481 2897265769
636062831 2678285419
666005357 3239391203
322086229 3557085379
403725869 3810558197
345585413 2667164681
648271147 2769427487
451151689 2015024261
304278823 3674801653
271172449 1382280629
404397209 4175310977
116274031 2074892753
658949387 2163070391
422470751 1985305489
573616139 2086002943
318836249 2998808107
190524101 1369470689
482201023 2652435661
425629427 2802966703
318127933 1392519991
342767423 3543200321
446194153 502837001
572618077 1746162839
599074249 2398376459
564822617 2580048983
588805097 2900516167
175178041 2365180787
685538671 3791722807
155785111 3279563407
623310563 4173298627
879064451 2117842313
317143643 2075859197
447199349 2529917807
356071627 3395306129
593561609 738368887
324317209 2439649249
451475183 2745540013
649533623 2350770647
523033487 3998630813
502461283 1546325243
832640027 3231387037
158889721 554663983
198948419 2192918323
328382941 2963956763
319904647 2654561939
567916673 2316412237
555433447 2232846653
169315607 1685505883
554060293 3624890573
500318239 2123369099
491011627 2375958217
445147837 2963905897
453588077 846831187
468916621 2690627669
681356149 3149688847
632945497 3309240761
422193683 1192571647
436437359 2668882471
568781453 1008327937
649101569 3440346673
518567989 804994537
764726513 2348442029
552979253 2708392529
179210491 3611667349
455479909 3734799193
452162597 1452505777
72936209 2400610483
460125551 2098354879
422159713 1613285153
530204539 3837320287
660427693 2426838181
471646543 998803427
427061731 685908767
349691339 2837828897
693136127 3611742067
227544683 1545332297
439831373 2854832581
716553713 3719940557
270553637 4181588137
463156321 3773249119
491952421 2297542997
408681019 426974797
178136767 3018222463
711078569 3954126893
175797379 4171175623
484852919 1379840827
681297521 2268771257
458838911 1168505509
562429093 3111011297
557911769 2312085313
429778847 2123216369
253494253 2925720211
332081663 2809792619
817903771 3471594127
680111413 2748758489
345831617 1800330913
511048177 2276988097
456674303 2662261531
640057069 2575486033
279184733 1548039551
393170317 1826136097
624676103 4154009803
148277219 3273222011
617895977 3554485937
265658563 3969394607
548906627 360278129
420187213 1639586939
369070721 2782638239
307236103 1525708321
430175107 4092345041
535573399 2285403829
566538961 3066096793
774242323 1062090347
649846763 676322869
502051609 914272927
174153599 1916271523
647768029 2898622823
703513901 2356425037
289071721 3122946487
698920253 3887763389
197992097 3928312837
617925757 4167906863
381164683 1946456971
429549383 3999229807
361674277 1723518413
199775153 3304133773
185745229 3237743357
529830869 3081135293
737263223 2020222117
392296361 2154384611
275165563 2804325217
377294563 1930239361
721952669 1901990093
581832607 1256500691
376036057 1761217883
669959237 1895960719
246460691 981676931
647538079 2610421613
246771157 4677406421
705089681 3729531241
309884501 1463831273
552648559 4145988853
298753361 3453687299
695752381 3031366901
488246663 1681977083
442151903 863562239
588849097 3656428513
499195699 904077467
270214823 2103780577
574888763 111649271
552216607 3067399583
530758793 1314353629
445718281 1066900181
444701353 1257648569
582158063 2954372789
73494133 3264032729
598993189 2353790953
414928069 1973192069
227693197 1448864533
627268339 2377887739
542476211 2170302991
410130073 2010842947
170103841 1050474889
604983271 2245895149
649082887 2453404651
188943067 954076633
474177497 2088588197
263876581 2427823543
458290717 2432044729
365894707 3041026433
250546511 892023707
269323883 656190287
465789853 2910380621
453350311 797508931
383209633 3701816519
352216507 3541170473
365307539 1110034999
535310957 3482803699
486037319 1545033563
655414499 3871911217
660283583 2535875819
432933191 1445347507
387574819 2495171323
791450087 1797274499
218400113 3115981811
500173757 2461304107
159930871 1492022879
49380203 3979125191
432839167 4261648421
506851211 2871547067
199991411 2717988379
192596891 2516356597
248694811 1126467403
554332327 2281732703
466636097 3126357791
430390967 2654714291
621385097 1317595141
280354247 2542068887
448382093 202388327
119384449 1669692839
411044437 707301143
548812961 527714359
628462999 2424185503
461957549 2497383583
232026787 2589917747
250143053 2474500849
666733763 3120704341
349501289 3687175211
40245871 1601307947
430194917 1299071447
367230863 3185441821
297674827 786456239
308738497 2988518287
605843599 782095219
562253383 3409991287
264585743 2280782047
334169959 1228050779
872659771 3260954687
214292501 1595998559
813508567 1925999123
395217203 2527855877
663399259 2880251753
660349967 2284927493
413655149 565832983
434026891 1173358321
89039023 3774091159
672102163 2983915771
596938073 1881558719
590894531 1915772329
614792911 1058169293
360447547 2325802279
620056421 3764279399
492847907 953760617
518808313 3219345659
251055313 2226143477
211860491 3104053319
377000257 2469778159
725088443 1237945601
340816687 1788634907
583919779 2350297903
770886043 1625847913
333200383 3838518331
557292817 1507373137
664751713 2311410817
566974351 1488731141
661885967 2939800583
758456863 961830257
437094821 2749420819
614174053 1486518071
664315657 866037637
16202077 1960996321
604821923 2201806939
604878349 2585141147
700366781 1788344377
675204433 2440834199
675617489 2500350709
445652357 3815564593
472640059 1931970323
756279619 3265609811
666784819 1377117311
478423523 1785845227
732506899 3074280371
658137503 2721050407
634035923 2133442313
680547649 1783375927
772381999 2108826101
571876157 1376992901
441074549 3192719039
143192737 1361683441
550914613 1481007287
690125071 1018834241
495494969 2527821419
406453169 3089664659
471936767 1437700993
603978887 3113658607
94929907 4265675069
652788229 1771710439
296059991 1995350347
203353693 2302225553
743753623 2932995007
171221129 3081703153
382173613 4187380019
476568731 4019096827
684803549 2534895763
650639489 902368763
566429299 1895512909
265772597 900211951
625482881 3418303439
857126269 2396925617
699704983 2894598043
646900627 3576622547
397879423 1660907557
453759877 2657052491
194271307 1946564567
340544623 3461968721
210170581 4093821793
522777119 2789556251
462063143 2065263323
173008663 3892892183
443440649 1482618061
376843001 819759197
771407029 1089708889
371554247 2451885803
625927117 1966360801
406883483 3294183547
320168699 2987361547
498559961 3861052667
320697079 1400959541
479471711 1860707269
633745823 3236215823
230627671 3958519043
245129173 1592025047
349982429 3384095983
485160001 1854393817
92416397 2785181669
607759193 1137020653
626364919 3666526687
775940783 2944780691
171298951 2266062287
34764077 807142321
677795309 2213771047
552347963 1249638521
510727913 3033394823
562202923 4137419947
378966521 1023941003
702939829 2580341063
