200 25 31
55 1874
93 1605
4 559
61 619
48 121
21 1459
17 1368
54 1250
58 1863
54 1880
88 1899
19 1034
54 678
34 1046
32 1022
18 870
87 35
87 1742
87 1621
36 378
16 971
41 372
18 1290
5 1225
81 1447
89 889
85 408
82 1827
92 354
81 1450
33 524
91 1885
20 296
14 1872
84 153
80 393
17 854
24 437
27 793
17 714
80 1203
59 731
97 1973
40 1969
51 351
89 882
90 825
72 1073
96 595
49 179
2 1641
48 1861
4 1860
11 1502
27 1728
22 1883
71 235
85 761
47 130
56 247
37 1933
64 881
79 1671
37 667
23 575
87 173
92 1006
34 798
45 223
4 669
59 1905
32 42
32 1183
100 561
51 1181
35 209
27 1988
46 165
78 828
64 1223
11 77
76 1173
82 1557
94 258
72 1956
17 1725
63 1694
35 174
55 1114
79 1677
13 1734
22 670
48 438
34 1335
37 1133
54 938
16 1686
80 1351
65 1281
93 295
19 1753
57 1031
28 255
58 1143
41 1542
66 338
43 1306
5 1442
82 287
84 1727
29 709
51 1228
56 407
3 1579
25 1193
14 292
78 127
5 1768
96 1133
63 1789
11 724
35 1237
49 1351
85 1518
46 1439
6 688
64 954
47 204
91 1969
46 1321
33 781
79 730
88 1026
54 1917
93 1372
50 369
11 1192
94 360
52 497
14 725
31 689
23 814
87 769
19 324
70 1471
2 1805
67 932
17 607
25 1410
25 403
19 1404
28 487
30 459
75 1747
71 1079
96 195
69 918
32 1994
58 1245
6 339
41 878
19 1287
11 883
33 1865
39 864
77 1826
74 1844
71 1926
1 449
94 1977
44 1229
60 909
11 1663
67 775
35 781
49 853
60 884
99 579
91 522
27 597
92 1622
66 346
76 15
85 581
69 844
62 399
66 1652
93 1456
34 1534
62 23
7 57
12 1831
93 408
89 0
35 483
95 423
41 538
68 1268
37 273
32 1203
