500 119 45
35 6695
13 11327
26 2839
68 25740
60 11516
100 4866
56 4308
29 26220
93 19538
37 18550
39 12715
16 24482
66 13332
53 25780
5 17997
86 24329
100 21380
15 23038
7 6953
61 23005
30 13540
41 30691
78 27598
52 15756
59 24773
83 25325
28 6436
5 18567
81 29105
45 11032
48 16448
44 15793
96 10462
18 17929
16 3380
2 23274
1 28477
67 12383
50 12187
70 15197
27 4255
13 24580
58 27139
84 5257
100 10977
75 11309
10 23175
86 11222
30 10911
76 19913
60 20170
79 17997
58 24023
51 20001
29 23516
28 7814
39 3118
96 23884
10 28814
3 6491
13 15383
34 22811
59 23508
100 11574
71 27826
13 9747
45 1263
74 29143
3 19054
71 17327
16 14694
93 24147
39 9308
61 4596
70 1484
78 26963
55 13082
80 26534
98 26124
75 9979
73 23421
70 24567
30 8372
41 13794
14 20779
98 16733
4 7200
94 22487
23 19717
94 14647
64 26907
39 26921
55 19873
93 916
32 29586
57 23699
7 7208
52 19189
60 25249
50 14053
48 6897
34 18439
61 30095
17 24659
96 30580
98 19833
13 24245
29 25669
23 10662
6 20705
71 20228
21 29091
50 6482
2 10405
46 15766
56 11869
79 24142
30 26048
90 6828
86 9489
26 13771
35 25947
93 8829
1 11630
42 4040
14 21
89 22122
6 5009
82 19577
30 21067
6 1891
99 20688
50 1013
62 19254
67 27170
40 17837
37 13911
30 16784
15 18968
77 16286
41 19392
6 27603
18 17316
48 23430
28 16562
30 26805
72 20203
94 14022
59 21414
97 5443
8 22329
75 1628
66 8462
62 25637
21 25372
83 18964
3 4994
5 9658
87 20730
72 9171
90 13997
74 6115
25 4614
88 10158
81 15853
92 10374
75 16176
71 5842
100 20754
89 24129
36 23176
82 30912
29 15789
68 11805
73 20254
79 6845
71 4012
93 17519
16 16949
94 29537
27 400
58 21562
78 12756
1 15027
79 26106
68 29090
83 6618
7 14237
84 16258
70 22755
70 7050
7 2041
55 15936
82 8081
1 8177
47 27515
59 13959
4 28716
54 17772
8 14241
59 13330
100 10717
72 4897
47 4884
54 19497
36 17858
30 7952
33 18036
85 1352
91 3499
47 29606
2 7550
95 4824
60 16548
80 29641
92 6862
9 22319
75 9943
12 17814
7 569
95 24376
7 14949
68 1616
1 3917
90 7415
30 993
66 21218
97 20177
19 355
75 30329
74 6035
19 7799
11 27378
91 4118
91 5509
66 23794
86 8324
52 17797
17 8257
32 23075
19 4242
46 8726
68 11584
17 27297
81 6270
32 15798
57 11591
24 19543
19 14274
45 15239
78 4056
92 27498
39 13859
45 15588
53 614
67 16974
68 4622
4 13647
41 30350
22 21263
12 14601
41 10477
11 6128
82 4864
37 17367
91 21574
95 25408
83 27379
92 17857
8 26098
97 29218
28 17855
93 6128
37 664
3 25088
22 9560
97 3060
89 27158
12 12087
90 18386
88 27418
88 25801
4 5300
97 10511
89 11775
4 29522
41 29800
100 24363
53 23765
36 27211
53 22632
56 22153
69 24710
11 10467
10 18851
63 29883
15 10604
89 9005
21 7769
90 13000
64 8960
1 14464
90 17204
13 18843
83 23643
91 9164
32 26001
3 29316
3 11694
2 28386
44 20826
76 22897
54 11185
41 13777
26 29807
67 24918
57 2670
76 9938
90 28264
92 10137
38 16849
16 30211
11 23476
18 1001
82 17500
25 22725
9 410
75 8887
65 12369
93 12919
17 11139
49 19135
96 9967
79 21866
10 11447
31 21593
16 23552
89 2439
21 4308
57 7485
13 9097
14 15025
74 5963
58 16583
94 24937
57 7389
45 10249
85 4476
92 1737
15 11070
3 3207
16 25357
20 7861
26 3079
28 11432
74 19845
29 27784
58 24510
33 29147
3 7132
77 20013
70 10569
35 21874
21 17311
86 6056
96 30179
37 17736
82 18582
87 24746
46 13947
45 15607
66 4117
6 17241
97 15349
96 4267
13 25372
51 26678
33 19579
10 16373
55 5992
68 1477
7 13464
68 12146
29 16555
87 19476
53 27697
30 2041
61 29123
36 11733
16 9053
63 2401
83 13783
56 2811
12 5558
98 27220
91 20800
85 25372
15 8130
35 30728
97 2627
50 25735
10 7521
44 5943
81 16269
31 17159
17 12808
47 30914
55 11554
95 8766
5 3961
1 19824
66 10032
13 7791
57 28158
57 4241
34 20363
50 23943
40 5103
46 29729
13 23631
47 4422
66 16837
91 916
86 13901
39 11379
93 26687
5 19485
14 26959
89 21242
33 27328
93 1246
46 16319
32 14959
100 26031
43 7318
88 11236
66 20052
53 8780
10 29482
24 10647
45 2786
45 26170
3 30845
20 29172
19 29916
69 30273
33 18647
69 30760
86 25477
79 20735
21 311
52 27974
98 3670
27 10919
76 30941
22 29949
49 13024
28 26173
5 26018
36 6007
35 1425
69 2759
52 13272
20 2178
82 29856
73 13294
23 6153
84 26573
88 4278
42 10174
47 12162
73 5566
5 13331
92 26221
96 14322
89 15771
91 27332
54 12770
2 11958
4 21660
30 23782
69 30369
13 9022
41 22174
92 9026
65 13303
95 30312
57 14305
97 13220
84 12557
87 15048
34 26356
96 17011
12 30466
11 30407
83 12692
97 23673
46 8678
24 22184
28 4392
