50 94913642059596080329166809391552188751912182298633872388407292854678513 7
295578452360318993875490742295990165273594882848029571900921709482362659 367615636085753935030749822796438430268790655806464404307837912292525007
147946360399156035334124305279793217140994682758337497404891231551128407 349924978259631775423573274211148075129942903742731089737318652740890643
277217042805288765918737501146932073438621448488918059103249899778548829 331352812697828706658423400037205476724856818337194981049856542547074023
264629148873222878261239252138021062987549333743873511970271032729591637 175419253825810892529673305966015085723571385019499642978982225475978343
198037216345808152188951550455882436670197655730226373774359524601163873 526392993282474400160784982208558272681476754981768776686668103623727359
132124983953155467984771740964620081650813395556563816316202923262590793 306810211295753863462691848871130337219391740898023789293056338380066587
257944242896740157655043707163946060837982516105231228814908411947306689 140177446531768379375100128214071762010674073382332873729548402423658883
202226655663413641639679737900588025817782820536036496722140106918900891 370259169611652282040527900899105755035508213570170965867852431865741137
221469962822667904168346031180035683238116259939153363458546320086795353 93067205075872448881473616404648792887779256477402704585523983450993021
162088267064956324323322587484605083263302562219948873140275034186502423 439329781429926757277991549865911565464829365524036189018748704851167041
199868077355505539841274337374569983452328028705526515915062861514331039 146962025828840997260564512621492780816796593010994494812520457629029577
74053929753374538810676552395137316441257906183354922479553876492456043 110057959915814275917825609936254316761133782548205371551773725411983517
213880502696435235400056039697489850036470972604600916289230225777335101 375875809538771454179747173742149427892756151385095912841759417450598929
224435879580332445473779238284406318047050143041505307754328660837664983 437240186440287557916757821120825154406967950294247580040705903868892807
252303174764719079367058952320042133934368334460771550140467943590317263 214821110089424796421324971340946937152076422447354374395795284632406069
325107934630256841061631713163601211195645873794723255936884610243819941 229829760817351036440416598849899636300060463890469488585850162590080853
212622124763443443845582553130140724897667863056933241465691257924061641 173858371240206826013354310877031031428993067132815622185326298724379951
237526384447678632593032543341840530332868102829731683697005619561842271 278728092504867466397460912472087436645957832620373021189770070345966443
287763524711686787558334424037463673001726117449418763331348049425784423 389422366673261111516183779987351073391800050785492285716448474211726343
262439946981010851653560553389128531905356683403949386418437426918703629 186995277765337902639587329855274297042109524719408047110148304640026427
192927662331743856242275969458889848080998616042046915159849483458207969 147210873812361743304694884199732370525212709151923787083975006014764691
353643531980975226162886745300994872324355652041681191755910255623227119 594586003894273297531673417890704467293942502063135831181784958412665383
140662786056879718292722844054755018316239259432620388610527856046181717 82321774356848345401385762619654425454530015846758747789253943489213287
259869544918458818139605521450027291847188362873015799669128071479607641 467249568104812880560584206633634944436921172936282398527042743842539987
107308902535441806772891268977861739865492531596900036733287707715732911 372155017241195906827111907093451784446520542102566228138995581301543147
168959469258376819537938528012813123125047123427746081282716300094844237 578545473258634144493871495408893450364871399034462468854335636435837683
161516989068203515840441446619002208312473604072105604715037506395212511 132883161362543466074022769485204641892901472442068949113792208293281217
253403958758086039144217678148067122375918421931744778117148995936940529 272261602967756577807431992893822026109991482529721361936478768880052511
205127849474342028981944405776897166764281002660233546132746834716994169 424479810549395177511513278609510479698222377018245765614565503490116983
159017732912714149512101370530926818557470870007187137572063676656529143 372548000003175821439864405463944666935886889171945402246950277628853079
254625342872962625632876208187806518587040434234239202428573406398003111 319116792760564527979253661712976528348072545702733092623036689850681443
190666829889606326511270875667976384932983197536890136312348692552854247 570367711706045771585571892804153342689866684295539586384751684737021013
217084497766430960495363528382601136543763543747981563480616295029518941 550791838677352560787375717955072272742904246451762392568209618095647067
137387367730404830265768222888528060741653646706578809698547682289598087 430234196448913839723438802612410103221332176761667982568666421759363229
156976304641214567456128065276551631639680837724272357942293308048378391 48887974479273560546948745839685622799628091870510504725653420747610907
103007744265015491507720445513771605558617345747859439278762904860963311 355125354983559907138083063674111476834050112127598767400377638860544631
214846542602088996136810289776759781316328675945677296087046084331541959 415494313359604806293666594759820706659417942594826239772968640428812479
329869290293948567836030277366456520814004930149372857438822952177582649 225059839043061311832992474485389323807615486266309828081556426566879349
78231162096298977023442120748858713574921255228575839248515144647045239 398146528778340143415814889015206611232445918829883132723420198455444683
336671992143138935206046207549047366500699590438329188209793616235621119 581861867246614033081468252365132339689265355757775451400108183481186161
146770301087547978917082954547093273318346538090710779214259048441372599 300687136996365404503508764039022196130112242112697264147575110620653377
134991323687783917155805833181568394176594701947906004704177969641393239 129491395157367226598034384665342123039780501514070630302906024777437929
166805089134715018912030807004519692557066559797416712688709815114724029 145198991064190014801277057712035955215977578821174507390785604968142789
156974400055576911234656755537267707709809089467709216838038124510756191 430927905210678573037167065940458794091479794473787781712192043092567761
245898248888490624672283354897982013415255735597267975753595226905258341 356713120131721865209853728461673252967754585495458113872138537389279177
80580936261528390339061547456059464036055747234859824286612574594107921 407966983755554414958317232125341285429979439726472647157704980788427623
192065327285152289724024910145630376766357228051570664850930160349313953 638934267877974000052817734625903785393310660710164847880118996507485773
329970630103218017020748030143889020401152403643953902591206583439925207 195230143509887205643692008242379234444329720608067412483549985432188353
252426259489452676859449140497846479801675084663084492341798099268330849 276462862318229239783819657196299876764307506754502696514798963971838373
63728584769094288363913137214840592228952100551210734076161780577005129 121234744372712710079737888232280059642275224168069425945014838900291011
