300 62 63
82 6126
73 6708
9 7768
10 6101
97 3812
88 5159
90 7992
67 5931
64 3991
7 1718
85 8611
72 8230
7 5002
36 359
45 5161
96 3913
2 6504
42 8781
58 9021
94 5379
27 2051
26 4411
20 3081
75 6164
13 5051
65 5903
37 6973
35 3236
85 5749
91 8639
36 8300
90 1437
84 2862
28 3930
2 2469
62 1226
48 5396
35 7202
41 3838
43 7634
14 4284
44 5593
54 5757
47 7355
15 5545
71 7500
28 6182
64 3977
81 3692
74 7628
6 5079
88 2733
47 4483
17 8092
32 5713
8 4595
37 6854
93 27
8 7416
43 5298
41 8274
57 441
31 2221
24 8870
44 1018
16 4797
62 1170
6 4660
29 7477
13 7966
15 314
35 7424
84 6465
39 4655
94 6182
30 8811
69 737
54 3588
63 6361
33 4364
83 1091
62 7005
61 2380
98 3681
42 805
75 8608
64 4830
33 8775
2 1195
62 6472
70 8707
86 5457
77 1926
52 4557
82 8389
3 1463
88 2848
44 8528
56 8997
19 2289
14 3933
10 8153
34 3486
27 273
52 1422
50 2230
51 6733
17 1596
74 7952
37 5048
94 4890
70 1722
23 7183
88 4615
27 5868
45 2038
20 3262
75 2230
92 4459
40 2289
95 4412
70 824
84 8529
25 3495
90 6625
37 1981
77 835
68 5904
48 1045
83 4994
74 4986
27 3733
62 8899
91 1730
30 75
35 6318
29 583
59 2304
88 2084
14 6394
70 5006
34 728
100 3577
36 3815
45 7091
79 8082
50 7219
11 7440
85 6266
41 7393
89 7598
76 5709
38 5915
82 4039
68 7586
35 2666
44 7023
20 2346
18 3817
56 1806
48 8189
76 9049
60 1740
70 6917
75 7774
9 6159
24 4366
81 5300
65 3235
1 530
50 7577
52 6802
23 6699
93 7226
35 6356
64 290
100 5668
25 8639
48 2692
23 3445
55 3447
60 3532
80 2365
45 5421
64 8440
90 2539
61 4133
61 847
51 6755
66 8418
59 3489
3 3846
99 5943
3 1795
32 2389
70 2179
23 5068
50 7162
94 882
32 2486
88 2180
82 249
69 2339
31 3092
3 5987
44 6572
24 1404
5 6847
15 1712
8 9072
64 5962
75 8598
7 2025
15 6926
18 8009
14 3946
60 8545
91 5704
93 9034
52 995
49 35
55 1577
36 6704
16 1849
15 6883
56 8452
6 5630
98 6629
17 6202
34 4643
70 6456
89 917
14 8668
81 6214
92 4820
95 2388
65 5553
54 3478
76 330
56 2435
42 8345
9 1079
31 613
23 1710
73 1146
46 8599
78 8601
52 1601
1 8517
3 7022
28 8897
58 6319
8 5848
65 649
30 4020
43 4491
44 6493
69 6452
32 1038
57 2839
56 6675
30 1838
11 5055
76 3129
3 5286
100 3099
80 2613
26 309
30 6641
22 5785
79 2650
34 6428
36 375
8 1468
44 6738
91 8572
16 6574
79 6164
6 5284
7 7768
36 7661
61 752
16 5769
21 8515
95 855
48 8643
55 8120
98 7053
25 758
50 7198
3 4405
99 8371
49 5363
72 613
14 2404
67 6580
64 8539
7 3428
28 2275
92 260
