150 137 16
11 550
43 7919
91 9163
44 2065
75 12788
1 407
14 4712
76 2915
86 13585
26 498
13 2494
75 7845
44 12333
30 5063
99 14195
67 1229
60 13577
13 6986
3 10475
78 9142
25 10934
47 280
39 6122
60 5566
74 14305
59 2628
79 525
93 10130
62 9622
47 1903
21 3245
29 13316
12 13883
79 11725
70 13044
15 10719
54 11712
61 2830
74 7158
66 13179
65 13029
69 4907
44 8835
100 2219
77 13862
65 8388
89 4449
47 11846
11 9214
22 7339
23 6033
46 1778
23 1516
10 11494
29 9283
85 13132
80 363
75 2571
62 10816
57 4364
3 4684
87 2489
33 4421
99 8330
2 5298
20 12011
79 13670
94 2448
34 2844
8 12011
75 7315
11 11422
27 9151
25 13908
59 12057
5 1044
22 3965
38 376
37 1824
41 4925
89 7364
75 5221
58 9906
3 9653
86 7157
59 11366
76 6242
22 3930
37 2042
59 11039
18 2677
1 6773
73 4386
90 5692
5 3755
42 2145
82 12586
85 14214
74 9178
11 523
98 12456
55 9122
79 1530
43 5103
11 9465
75 7494
90 3910
48 11885
89 7826
2 442
66 5714
89 1182
14 12352
11 4026
15 4959
64 3350
33 496
55 12445
12 11799
99 11674
43 271
80 7587
76 4335
62 9978
22 11597
65 7
86 6722
93 10931
82 10332
36 5538
23 311
20 12098
65 3923
47 3125
22 12121
97 4126
10 6863
18 3867
27 4575
86 12233
49 5064
30 3545
74 4036
45 10562
44 13313
9 355
7 3852
9 8012
3 13969
76 9727
