200 507 6
6522066429286 289578916099184
1790310680751 479946157529165
901036659834 388243195033733
9051630306683 92171035921358
3658479635754 247974108710799
7320985007294 94475609567359
2917219938676 61446655233439
8419616539438 54838839257642
9264785311820 57254145057214
7808810649549 496706593026245
3876134366001 109235405260568
1875915088030 314178883162863
9372024342689 277030176178807
5498723767814 335997044709073
4553604703126 133532913666500
3257465971875 388771193342599
9857589808958 23084479281373
2380296561779 203456369443751
9150759689179 192958421314766
4671452372257 216909279957223
9871501635711 249870787780847
7116033892402 384142563829227
9309649222461 276630344982771
7181416637191 67681213954986
3611401993164 2181236629329
5245386334937 487008388039091
8487464808262 209639634550315
748653460617 220109034989127
4612134851415 400972140269766
2551405666972 152882255689702
2118949804660 228428031225775
9035622139075 169633349057886
8999651214085 227669874388823
4307467299209 270789833316565
6730825367611 210947835654260
6356842614684 498159746913014
9557652378178 388406743237518
6405306165215 485594329132238
8080821502672 53515102202865
1472782446811 342039012159454
8151629393932 346429290385402
5647568932227 218506970170415
3534190288996 443222842297901
1652981945453 119574703200202
7413761474090 359239010474274
7107648048703 159968201940042
2132378330609 494091305020080
390613074449 331880400934877
8752134315182 154690217514880
4282439170693 457092225248426
2944471458283 199807656765726
3086547596829 416059332263841
7361005661707 18194184161792
4624032467696 77528501742013
5119314409721 93511010949327
305401584924 385686170956461
526834062107 443149341225625
714847413319 275444321738941
7816570783388 107887719091924
3939838688925 402900298537098
3410553099706 261686151882488
32262254651 464277286094951
1074229700022 55303179123366
313813453702 65780822694691
5444602501839 300673998420631
1146590630800 460283497185599
140902467398 5138580055304
2564654189691 280162402593247
351866655345 335055123429621
3499447213143 144350105422086
3777397651484 293096785731759
1416092150407 482378823537578
692277129185 98157768776597
7974487977818 355266932665971
7128190565738 233406647043432
4907494778394 305330851295935
1408918584266 346313217454696
6025148835866 234219270915907
1837613761799 226902002491615
5062401459903 31101496884617
9457145344207 322657511565373
8849147086993 35993673340605
2747225012292 373731887198346
7243743427364 158202208731708
2324491752309 145227610749707
4136549214727 145617599178337
2741015666874 74948123129770
9712592582525 200421389139385
3031436934279 171338597036086
4225805899592 333772913624448
7662638185220 323745443833701
57628329826 365144936773566
2748606059080 220560198634799
1120339970644 258980222795229
7236788510248 31562766024263
2325897646954 430579351677808
3678735560539 121264989694750
2071592404565 293240178700983
8807627756444 97813027552386
1818247072478 317343775551705
5952178191506 246716174158331
9941693523053 270848156892781
8917144100943 324039498414066
7959482230464 400767176883093
1995404883585 197467092383705
1697938859092 450776307847437
20684660590 49104440442269
1434620129858 373476131256611
7648371822046 455848025847272
4900377678539 319919608762652
4537459953546 223669717449890
319109146575 423557215477465
1754581601142 46000501860584
7870328676311 117091405043665
3822934550279 220506590762472
9391688983311 390751668703125
3003137903387 393517430540854
3377339281181 219643103979295
1488356503032 462713638806836
7850963132417 218226570473976
6599613882832 341996504030202
8701269056179 395469725047151
1304856765368 248368822765760
9166007596233 194077311441312
9393163869291 307977028870798
7852493347337 269558733417552
6217597999444 45825806756043
7654890778899 13789693621470
2677122809599 252765497980612
2296597671255 80472936557718
2669880579166 269555819527121
1419334950104 138166991630159
5345170010991 332127654124292
2796726664892 203414886525595
8989610544071 51462812339924
2397728234463 341809330894494
5884523344957 444945563879761
6890222537863 166459122619653
9428750671995 60720604916962
6337036370965 142601821063818
9444608433593 218165603048884
4959194694289 381471444527238
739914532654 236718268218210
9516914334067 425337666724670
7195134612739 427004745811058
6428266967832 160829259758337
2778137719593 449499566197534
957369666833 365461312114297
4388930939047 442998322005311
5625683358746 129775743851074
9084865432318 427137099092584
6287093393460 192188941387526
4814104577115 492673736804042
9450556543602 33515157894505
5844217106712 224723112996263
9395807897710 232184584598609
1351889775570 10590548859907
5408646639443 258007008802910
2606322360558 151749654409944
8002674935407 167227712291984
1380779083796 143328288464182
8512232564484 120231641475847
75793523882 301804051420208
9029257065389 195125084311416
6777921138811 46035625508442
9265832109632 336914178007919
7065204893444 165275302109399
447744865376 100909021489041
7116612954643 122045460296363
7369071719709 274245799252406
1400750485422 429094841643642
6377340339152 471191839376916
1814069498022 213901502299422
9799920317302 250934583216783
9652613549530 437198092765577
9260046229958 44677556008168
9014930952390 343163754939455
9845326038837 24266932027490
1162944737178 30835930207431
8199848753342 488751842708465
7434904271320 328363234177741
571003003105 266271146958732
8762511264949 26884948699969
6053397423175 351323116305963
3740270605503 360562339497882
7374616878786 405675415149429
7645028325004 473167754039051
7548977598870 231576278285716
362973444977 247322016873126
5489487344312 345068859899902
3754286750643 235140868145598
4604604375246 147255241649705
7460987218317 449815440554664
4572020159149 448328466111772
9474735360298 192128769910671
5482090138121 349799148253379
6076212730150 494593881504431
599531267068 79387521095737
390364105196 234962133453471
659071867926 387699503069067
