450 23 225
92 176
49 168
65 98
23 80
31 24
53 72
90 157
62 68
75 46
32 45
91 66
28 195
50 129
13 80
61 57
29 27
93 79
46 118
44 69
35 168
21 103
46 147
18 77
86 132
22 182
84 159
38 183
81 3
61 167
88 182
81 94
22 40
57 103
41 77
77 187
80 139
73 155
59 67
78 115
64 132
91 128
67 91
70 164
96 112
48 192
78 36
50 27
26 155
88 115
88 86
60 122
72 8
73 49
70 196
34 144
78 194
67 125
73 51
16 198
42 168
82 146
59 91
93 144
53 44
21 102
40 170
56 144
67 194
54 187
49 67
86 128
47 55
92 96
17 19
35 99
35 0
46 81
63 92
27 103
45 39
21 146
36 77
68 153
99 67
84 4
59 27
21 158
28 190
22 98
28 52
10 44
99 123
63 19
25 163
100 108
92 49
65 136
46 97
57 29
23 155
30 92
87 84
67 110
11 49
15 185
24 104
62 75
62 75
53 114
76 102
28 2
58 100
67 87
70 72
40 78
53 88
64 21
39 74
95 69
92 99
98 122
64 100
48 86
91 149
43 195
94 191
24 121
27 61
49 120
38 69
95 12
64 109
89 126
72 73
89 57
81 141
16 165
13 37
18 145
89 46
24 81
87 84
13 77
90 144
53 137
78 119
84 109
53 190
92 184
42 47
47 200
29 196
52 90
63 135
15 33
47 90
34 192
21 141
35 83
58 102
75 71
57 157
62 182
57 46
92 113
76 46
99 135
70 66
68 7
50 70
42 112
76 87
51 60
98 101
60 57
23 94
72 165
48 69
63 54
27 26
86 50
48 134
78 121
27 10
13 157
91 147
84 96
33 141
16 161
82 126
71 97
33 44
84 22
85 72
36 163
81 149
24 189
57 185
22 151
42 117
35 32
81 163
21 99
11 89
48 97
82 22
85 148
41 45
99 94
46 113
95 139
99 136
97 90
37 64
72 39
43 163
21 62
34 50
33 192
96 0
17 160
35 66
94 96
76 160
36 32
44 20
48 46
100 121
99 72
10 71
18 152
39 142
50 57
25 86
53 48
54 105
84 188
10 42
60 56
21 150
80 107
89 116
61 89
89 26
50 34
31 195
99 193
86 142
84 106
24 54
96 148
32 189
49 163
81 83
63 192
46 156
30 181
82 135
79 38
15 91
66 109
55 182
76 35
54 160
27 155
52 136
77 108
28 183
58 1
19 85
32 37
86 195
64 69
27 45
25 130
61 79
27 81
66 136
99 168
46 83
94 4
65 148
92 193
64 46
67 70
41 72
71 174
32 42
99 194
51 46
79 84
90 132
85 102
66 55
93 22
26 88
47 192
56 7
57 190
33 155
17 9
91 105
61 129
76 170
96 26
42 29
20 23
78 129
47 123
72 183
20 96
25 78
12 125
73 56
57 113
57 68
71 60
10 136
77 196
96 186
47 13
47 41
23 196
11 3
16 41
54 165
94 20
100 31
71 153
46 138
46 125
57 196
83 79
89 153
56 120
24 135
59 166
91 111
35 166
66 198
58 44
63 115
42 199
47 84
59 168
70 99
30 189
63 154
16 34
38 5
48 45
72 56
24 41
40 62
32 23
69 9
99 151
27 39
94 146
93 82
72 36
61 105
49 77
77 121
48 122
69 63
68 170
85 3
96 66
77 76
40 104
88 108
76 114
10 173
11 139
100 52
35 61
53 108
94 144
69 193
14 49
33 69
15 99
14 5
39 148
63 78
44 178
62 153
20 106
76 190
85 119
18 42
62 79
87 44
74 194
71 70
89 2
80 72
45 163
65 3
78 97
39 51
81 1
95 124
19 70
11 99
76 129
92 172
31 170
98 110
64 21
69 113
13 19
34 91
42 126
63 183
92 32
44 20
99 96
30 47
94 73
76 56
44 42
12 6
51 15
59 115
92 184
72 136
80 107
98 168
24 65
26 22
89 11
27 90
61 56
33 57
28 21
58 62
36 181
54 135
33 171
53 55
72 135
39 8
47 109
55 26
29 118
21 91
74 67
69 38
