150 37 15
71 687
35 308
99 1395
11 127
26 1310
4 105
16 138
72 633
30 179
57 186
80 200
96 327
100 642
14 1220
75 83
22 812
88 839
2 5
48 13
77 199
3 70
66 115
91 92
43 133
34 714
12 38
62 563
38 1233
80 1071
44 627
63 356
94 1479
84 1312
67 828
46 462
19 1277
8 92
30 632
89 1154
93 435
45 1233
45 1098
39 983
54 289
21 1354
100 54
3 565
43 1455
66 25
61 1179
65 626
52 981
12 1148
99 1004
83 354
76 1118
79 1208
14 339
22 513
87 1044
47 1036
36 1259
44 1492
90 222
29 895
2 1156
81 1078
10 212
12 322
27 1315
3 1065
59 299
6 909
49 628
79 729
74 23
65 27
18 250
95 724
83 24
29 412
31 254
5 730
70 468
81 827
91 110
22 1357
7 391
45 824
74 123
49 943
20 562
99 643
66 784
6 410
45 1127
31 1334
80 1008
83 975
5 479
78 574
8 262
7 1448
90 731
51 1178
61 1384
7 1424
100 850
80 1402
99 126
14 577
58 868
84 772
2 38
51 1474
72 803
70 1217
48 378
60 1228
80 628
46 696
35 452
60 67
94 280
94 47
14 560
18 475
83 1411
63 1310
33 282
73 261
9 1052
82 1431
23 537
73 1376
13 295
79 1069
28 1243
23 574
99 324
61 435
69 120
60 115
51 419
7 15
6 486
25 271
64 1207
35 1071
5 1024
