350 5 8
4 3
5 6
8 6
6 7
3 8
2 8
1 10
7 13
10 15
8 18
1 20
3 23
4 24
8 24
4 24
3 29
9 31
1 34
5 34
8 34
10 39
9 44
8 44
2 49
7 49
4 54
10 58
4 59
6 60
4 63
4 64
2 69
3 70
4 73
8 78
6 78
8 81
8 81
9 82
3 82
5 87
2 91
4 91
3 96
3 100
3 104
7 108
7 110
8 111
6 112
10 113
9 113
8 118
6 118
2 120
4 125
4 129
5 134
6 139
5 139
3 143
9 148
3 152
4 153
9 153
7 155
6 155
5 156
6 160
8 164
4 166
2 166
1 167
10 171
5 174
8 175
5 179
5 184
1 189
8 190
1 194
2 196
4 197
4 199
3 204
7 207
2 209
5 214
7 216
10 216
2 219
1 223
3 226
5 231
4 233
5 234
9 235
9 238
4 240
8 243
9 248
3 248
6 250
1 253
3 253
3 256
3 257
5 257
4 259
1 261
6 266
8 266
9 266
9 269
8 271
5 272
2 272
2 272
5 275
1 277
2 279
7 281
1 286
9 288
5 288
10 290
7 294
5 294
6 294
4 298
8 301
7 301
10 302
3 306
7 307
1 308
10 310
7 315
3 317
7 320
6 320
9 324
5 325
5 326
1 328
8 333
2 338
3 340
6 345
10 349
3 352
1 354
2 359
6 364
6 364
3 369
7 372
9 372
9 377
6 377
8 380
5 382
5 387
9 392
3 392
9 394
1 397
6 400
4 401
5 404
2 409
2 411
4 413
3 413
4 416
1 419
2 423
5 424
5 429
7 431
7 435
2 439
4 440
10 442
3 443
5 447
4 451
9 454
1 457
3 460
6 460
4 463
6 468
5 468
8 473
10 476
5 478
1 481
9 485
8 488
10 490
10 490
3 491
8 496
5 501
5 503
3 508
1 508
7 509
4 514
9 517
3 518
5 521
1 526
2 529
9 531
8 536
5 536
4 539
7 542
6 542
1 543
1 548
1 552
4 552
4 555
3 558
5 558
1 558
9 562
3 563
10 564
7 564
2 564
5 567
3 570
3 574
9 579
8 583
5 588
6 591
3 594
2 595
2 595
2 598
7 603
8 603
4 607
6 611
9 615
3 620
7 621
10 625
7 628
7 631
6 632
6 635
6 637
4 638
2 638
3 638
10 638
3 638
8 639
5 642
5 646
9 649
3 652
10 654
5 658
1 661
1 666
3 666
8 670
6 674
8 677
3 679
2 684
5 686
1 686
7 690
6 690
9 692
8 695
10 699
2 701
7 703
5 704
10 709
9 710
6 711
4 713
7 718
5 718
10 718
4 719
4 724
5 724
5 725
3 730
10 733
1 734
6 736
7 741
9 743
3 743
9 743
3 745
4 745
10 746
8 750
6 755
6 757
6 760
5 765
1 769
6 774
1 774
1 776
3 777
2 781
10 786
6 788
1 790
2 793
6 794
2 796
9 798
10 803
2 806
3 811
2 812
7 816
4 819
6 823
9 823
4 824
10 825
10 827
4 827
9 831
3 832
4 834
2 834
6 834
6 834
8 837
3 842
2 842
2 847
