400 17 90
24 28
10 2
65 162
31 0
63 41
61 9
30 89
23 0
26 49
64 11
9 19
15 0
60 105
23 1
16 25
68 0
17 12
65 16
62 150
15 0
45 48
58 3
57 105
56 0
50 43
55 19
40 82
25 0
63 88
62 3
41 67
55 0
42 64
66 2
56 56
31 0
40 29
65 28
58 82
33 0
46 28
23 3
12 12
28 0
19 25
36 3
27 32
64 0
40 79
23 3
68 95
54 0
45 86
37 3
61 64
56 0
34 18
39 18
38 62
10 0
13 14
63 27
17 31
39 0
41 28
27 9
58 65
35 0
13 14
25 3
21 54
68 0
31 40
26 8
40 83
31 0
23 34
56 20
13 24
23 0
35 66
32 1
58 111
12 0
42 82
52 24
44 111
42 0
32 26
59 12
23 65
56 0
61 36
10 3
64 92
17 0
17 16
15 6
47 86
33 0
40 48
56 5
27 49
61 0
40 67
66 28
18 25
40 0
15 29
13 4
61 91
26 0
9 16
55 26
17 42
68 0
48 31
15 2
43 100
11 0
37 48
37 5
31 51
61 0
63 98
22 1
41 120
21 0
48 27
45 6
9 17
21 0
45 88
33 16
63 106
44 0
37 32
42 10
16 35
24 0
45 33
58 19
26 46
60 0
24 19
35 6
36 55
21 0
56 97
60 5
25 58
11 0
23 45
29 13
9 27
39 0
12 23
39 16
60 63
28 0
49 42
67 33
25 29
32 0
46 80
39 10
10 25
28 0
57 85
47 17
60 146
45 0
45 39
35 15
18 31
36 0
15 23
66 20
33 73
36 0
51 70
62 17
26 77
10 0
57 105
38 7
24 67
24 0
67 59
52 26
43 121
15 0
37 42
45 5
54 161
33 0
12 12
30 9
31 84
39 0
40 23
25 2
46 62
45 0
52 56
17 6
18 51
51 0
40 45
38 16
25 60
25 0
43 85
66 17
44 126
32 0
41 39
39 15
18 32
65 0
39 58
30 4
46 53
63 0
51 75
13 6
61 171
47 0
28 25
46 5
46 65
34 0
58 35
10 3
36 52
35 0
52 93
58 26
46 121
28 0
50 46
52 17
35 84
54 0
57 41
16 4
17 26
27 0
52 99
26 10
15 31
48 0
66 84
54 3
50 104
36 0
21 32
42 7
9 19
49 0
20 19
16 5
12 35
58 0
12 19
38 15
23 53
52 0
60 49
27 2
49 143
14 0
23 29
32 6
26 49
43 0
36 46
32 9
61 82
56 0
35 27
50 5
27 32
10 0
30 56
42 12
63 98
64 0
16 15
61 25
12 13
66 0
32 33
14 7
44 68
24 0
34 56
31 1
66 119
16 0
32 41
59 17
67 67
50 0
23 31
29 4
47 108
11 0
14 21
37 9
53 90
15 0
32 24
40 13
22 39
23 0
26 18
66 18
35 54
55 0
28 18
55 16
61 127
40 0
44 63
51 25
43 102
43 0
10 9
29 12
24 41
24 0
14 23
64 27
48 106
68 0
19 16
20 8
42 118
31 0
27 46
27 1
62 149
66 0
50 79
65 20
46 131
38 0
19 29
55 27
29 61
48 0
26 51
13 3
63 131
37 0
49 39
68 18
60 171
27 0
40 79
40 12
18 53
42 0
23 20
27 3
33 80
26 0
67 101
47 19
35 86
9 0
34 19
24 12
55 147
18 0
22 14
34 16
35 90
56 0
44 71
24 9
33 50
26 0
54 56
35 13
16 19
55 0
10 15
11 5
48 139
15 0
38 73
30 8
58 137
60 0
33 45
68 14
51 58
24 0
