500 10 5
40 1
41 2
31 3
38 4
40 5
40 6
27 7
36 8
50 9
50 10
47 11
41 12
27 13
50 14
38 15
47 16
47 17
28 18
41 19
38 20
38 21
40 22
27 23
28 24
36 25
31 26
28 27
36 28
31 29
48 30
27 31
28 32
27 33
47 34
40 35
36 36
28 37
28 38
28 39
48 40
48 41
27 42
40 43
50 44
28 45
27 46
50 47
31 48
31 49
28 50
47 51
41 52
40 53
41 54
40 55
31 56
47 57
28 58
36 59
27 60
31 61
48 62
31 63
47 64
41 65
31 66
40 67
40 68
31 69
28 70
48 71
48 72
38 73
27 74
31 75
47 76
31 77
28 78
36 79
31 80
36 81
48 82
28 83
47 84
47 85
48 86
27 87
38 88
41 89
36 90
27 91
36 92
36 93
48 94
40 95
36 96
41 97
47 98
36 99
36 100
47 101
48 102
50 103
47 104
36 105
47 106
50 107
40 108
48 109
40 110
38 111
47 112
47 113
27 114
48 115
47 116
48 117
48 118
31 119
28 120
48 121
41 122
48 123
28 124
47 125
47 126
48 127
36 128
41 129
31 130
38 131
40 132
48 133
27 134
27 135
40 136
36 137
38 138
40 139
50 140
48 141
28 142
27 143
27 144
48 145
48 146
47 147
50 148
36 149
40 150
48 151
50 152
50 153
48 154
36 155
41 156
50 157
50 158
47 159
50 160
27 161
31 162
48 163
41 164
38 165
47 166
38 167
40 168
31 169
31 170
48 171
40 172
50 173
40 174
47 175
27 176
47 177
50 178
48 179
31 180
40 181
27 182
47 183
28 184
28 185
28 186
40 187
47 188
41 189
36 190
38 191
50 192
41 193
40 194
50 195
47 196
50 197
41 198
27 199
31 200
40 201
31 202
40 203
28 204
31 205
31 206
28 207
28 208
28 209
38 210
40 211
48 212
27 213
40 214
50 215
27 216
47 217
41 218
28 219
48 220
31 221
47 222
48 223
41 224
48 225
31 226
31 227
47 228
36 229
27 230
38 231
48 232
27 233
47 234
38 235
38 236
47 237
48 238
41 239
27 240
48 241
27 242
28 243
48 244
41 245
48 246
38 247
48 248
50 249
28 250
38 251
38 252
40 253
47 254
28 255
27 256
28 257
28 258
38 259
28 260
36 261
28 262
27 263
36 264
28 265
47 266
50 267
47 268
36 269
36 270
36 271
36 272
50 273
40 274
50 275
48 276
28 277
31 278
31 279
40 280
38 281
31 282
48 283
27 284
48 285
50 286
31 287
36 288
48 289
41 290
48 291
28 292
41 293
27 294
41 295
40 296
38 297
31 298
36 299
41 300
31 301
38 302
36 303
27 304
50 305
36 306
40 307
31 308
50 309
38 310
47 311
36 312
28 313
38 314
41 315
36 316
40 317
41 318
31 319
36 320
40 321
31 322
27 323
48 324
27 325
47 326
47 327
47 328
31 329
36 330
28 331
28 332
40 333
36 334
27 335
31 336
28 337
31 338
38 339
31 340
41 341
38 342
50 343
27 344
47 345
28 346
48 347
50 348
50 349
28 350
31 351
47 352
41 353
27 354
47 355
41 356
40 357
40 358
28 359
40 360
41 361
41 362
36 363
36 364
50 365
41 366
50 367
31 368
47 369
27 370
40 371
27 372
38 373
28 374
40 375
27 376
36 377
27 378
47 379
41 380
36 381
41 382
41 383
36 384
27 385
36 386
47 387
28 388
27 389
50 390
40 391
38 392
28 393
28 394
50 395
28 396
28 397
36 398
47 399
47 400
31 401
41 402
48 403
27 404
28 405
48 406
50 407
40 408
31 409
48 410
38 411
40 412
40 413
48 414
40 415
50 416
47 417
40 418
36 419
28 420
31 421
47 422
36 423
47 424
28 425
36 426
48 427
48 428
27 429
31 430
36 431
28 432
27 433
27 434
41 435
50 436
41 437
47 438
40 439
31 440
50 441
36 442
38 443
47 444
40 445
28 446
47 447
41 448
47 449
28 450
27 451
47 452
50 453
36 454
40 455
41 456
38 457
41 458
31 459
48 460
50 461
36 462
47 463
36 464
40 465
50 466
40 467
36 468
40 469
28 470
28 471
47 472
50 473
36 474
36 475
40 476
27 477
28 478
41 479
27 480
40 481
41 482
40 483
48 484
36 485
41 486
50 487
40 488
31 489
47 490
38 491
36 492
40 493
36 494
31 495
28 496
50 497
28 498
27 499
38 500
