200 10 5
37 1
25 2
20 3
20 4
37 5
46 6
37 7
32 8
48 9
24 10
25 11
32 12
37 13
48 14
46 15
34 16
34 17
24 18
46 19
37 20
34 21
46 22
34 23
37 24
25 25
22 26
48 27
37 28
25 29
34 30
37 31
32 32
22 33
20 34
48 35
37 36
37 37
48 38
20 39
25 40
34 41
32 42
22 43
46 44
22 45
24 46
38 47
24 48
34 49
22 50
24 51
20 52
37 53
38 54
24 55
46 56
22 57
48 58
38 59
48 60
25 61
46 62
37 63
37 64
24 65
34 66
46 67
25 68
46 69
34 70
37 71
34 72
20 73
20 74
24 75
37 76
32 77
32 78
22 79
48 80
48 81
25 82
32 83
48 84
48 85
24 86
38 87
20 88
34 89
24 90
37 91
48 92
25 93
24 94
38 95
37 96
37 97
34 98
32 99
38 100
37 101
37 102
25 103
20 104
38 105
38 106
22 107
46 108
20 109
22 110
32 111
22 112
32 113
25 114
37 115
24 116
24 117
25 118
46 119
32 120
20 121
38 122
22 123
22 124
32 125
24 126
25 127
46 128
48 129
32 130
37 131
38 132
34 133
24 134
32 135
38 136
20 137
20 138
48 139
38 140
24 141
32 142
46 143
38 144
48 145
34 146
22 147
24 148
22 149
24 150
34 151
38 152
32 153
38 154
32 155
48 156
32 157
37 158
37 159
22 160
32 161
20 162
22 163
25 164
37 165
48 166
22 167
48 168
22 169
32 170
34 171
32 172
25 173
20 174
48 175
20 176
48 177
46 178
48 179
38 180
37 181
46 182
48 183
20 184
24 185
38 186
46 187
34 188
38 189
38 190
48 191
20 192
37 193
37 194
32 195
20 196
34 197
38 198
37 199
38 200
