450 81 22
52 1778
1 6601
93 15460
70 22099
28 18473
7 9004
7 750
75 13387
69 24620
12 21623
8 14868
64 25068
37 18469
27 16755
54 26122
67 11448
47 516
50 12863
52 17138
26 22843
43 11850
79 19713
90 17905
59 11059
11 668
67 13083
87 23836
97 65
87 17786
98 8548
75 20521
81 2587
4 4027
78 23161
74 17456
35 8045
29 21996
59 7240
99 13843
53 21633
78 14029
100 23923
93 21104
71 24908
72 19578
78 1384
7 166
92 25512
54 7824
3 21436
44 22653
48 16557
29 23358
82 4085
93 24123
3 22811
17 11474
74 13008
81 6436
11 14713
10 6251
77 15003
18 23568
97 8336
74 14491
18 10780
55 19789
41 7433
77 142
79 1257
29 12715
62 16686
14 6514
97 18863
77 4268
66 24947
36 23845
37 14181
85 8624
51 9962
8 19327
81 1132
12 11837
11 8227
75 16534
84 26467
91 7252
71 24452
31 23225
19 26264
99 22222
80 25716
97 10188
7 2569
80 11768
67 19479
96 13810
62 25466
6 1691
58 1521
12 8840
83 3909
26 8553
3 11378
21 16928
15 24942
67 19601
33 4190
30 17511
72 13764
90 6712
53 21525
79 1072
40 967
15 14409
62 14158
39 9274
12 7059
54 3470
54 11324
37 9733
32 18467
34 4936
71 24085
18 13795
65 19068
24 16809
63 67
5 14784
39 6638
95 9360
83 3236
3 26205
1 5618
47 12103
88 13204
21 7570
5 4987
86 4449
92 15099
28 4397
76 9270
29 20629
1 3956
35 23448
50 5596
33 19970
54 6692
79 13347
65 26357
34 18903
56 21802
33 21105
37 7358
60 13887
46 24307
81 2822
26 15476
63 23962
32 7948
88 13152
30 668
73 12893
93 9817
48 12676
98 1302
29 1175
100 2855
43 16081
64 6115
38 25367
71 7967
39 11460
29 4505
75 25632
77 5089
11 8112
13 21847
54 23290
94 11117
93 8885
95 16552
33 4128
15 17439
51 12556
82 23158
82 10598
10 21279
81 795
61 25818
13 25327
49 6590
64 211
81 23507
65 458
2 18309
69 9071
41 20590
54 874
34 1231
15 26193
19 16937
90 12784
59 25226
98 2053
23 11250
35 5670
1 6101
86 14297
55 8203
9 3910
24 25313
91 21354
58 7831
46 17162
11 8896
90 3725
93 23021
100 7852
19 4711
38 23823
17 19864
80 22455
51 20102
83 48
26 12246
100 14175
85 2593
39 13628
20 23932
83 24942
100 25561
55 17316
98 16477
70 9391
46 12587
54 23911
23 23390
59 6408
72 4078
68 16559
53 3802
96 11700
84 15255
4 7482
98 7719
69 7034
9 3253
5 16756
57 19894
84 5134
65 26230
95 7929
44 24296
79 19192
72 14823
4 3453
80 13034
62 7084
92 23037
46 19311
71 17116
38 19339
22 16248
14 23204
4 5428
29 12497
79 6457
10 17152
9 18373
4 12008
78 20796
96 23074
60 4141
20 16398
63 21284
24 12616
100 10227
65 10485
52 849
48 20980
46 12539
88 7855
22 5565
72 16403
32 2644
100 17644
57 9772
31 20493
36 19972
73 828
46 2653
46 5101
45 746
58 19948
84 19691
72 1870
6 15237
79 4489
85 23538
79 16669
48 24739
49 1437
17 12075
15 18892
29 6822
99 5911
9 18893
95 12206
65 23925
37 20367
5 23149
18 20184
58 944
62 4252
45 23670
57 22143
3 5453
43 21754
3 4747
95 2708
59 25226
8 2478
28 25188
67 23468
12 23363
45 16241
42 5859
13 9980
7 23125
58 22181
71 4927
86 20209
99 3541
59 880
72 23769
71 10641
20 178
46 23623
98 14094
89 19354
65 22276
83 23329
98 12920
47 16916
71 6662
47 17596
13 1457
97 23768
49 24080
73 5174
81 3611
17 23419
4 18473
24 8948
35 10450
5 20308
46 1802
81 8956
21 20021
84 22299
16 5255
62 4729
22 3652
99 2304
81 13099
67 6290
84 25914
55 9246
96 14095
33 13978
31 8487
92 22753
21 4657
92 12357
88 18166
51 15199
58 14602
76 160
30 11843
17 22389
59 624
87 8579
47 19210
90 12503
56 16117
20 18099
48 20614
93 25275
42 337
45 16411
23 2064
61 15856
92 17965
4 14661
80 15480
44 14209
90 13206
34 15863
78 19881
53 24733
47 13542
65 5432
51 129
87 1702
74 12915
45 14250
86 6818
7 18034
70 25497
51 5650
96 20121
51 3803
97 20952
80 5629
25 18077
33 19899
44 2178
27 713
1 352
81 11155
53 19691
78 18161
59 22217
27 4875
2 11405
76 75
24 1682
29 17056
80 24630
27 19718
95 6516
90 22643
59 20364
54 4892
7 19964
64 9964
16 13144
94 22074
50 21713
21 21154
68 2035
12 13027
63 20327
20 15505
2 12548
67 26220
64 25161
96 12035
30 19239
