300 7 64
16 0
14 0
16 0
11 0
19 0
13 0
19 0
20 0
7 0
13 0
20 0
13 0
16 0
10 0
6 0
16 0
14 0
19 0
20 0
16 0
6 0
15 0
10 0
7 0
12 0
15 0
8 0
8 0
10 0
11 0
20 0
17 0
18 0
18 0
18 0
6 0
8 0
8 0
18 0
8 0
12 0
5 0
14 0
15 0
14 0
7 0
15 0
14 0
12 0
9 0
17 0
17 0
17 0
7 0
13 0
14 0
13 0
13 0
12 0
14 0
11 0
19 0
11 0
8 0
18 0
14 0
18 0
13 0
20 0
8 0
15 0
10 0
20 0
15 0
15 0
20 0
13 0
5 0
11 0
5 0
6 0
15 0
20 0
18 0
18 0
15 0
11 0
19 0
9 0
16 0
6 0
15 0
7 0
6 0
11 0
19 0
20 0
5 0
13 0
10 0
12 16
15 7
10 27
14 21
6 31
6 7
20 4
14 13
10 36
12 25
5 4
6 58
5 36
10 31
14 48
18 38
14 48
5 38
16 22
10 57
15 5
5 28
20 40
13 12
16 25
11 3
10 54
9 20
6 25
16 41
14 43
18 7
11 43
14 32
18 7
10 13
20 13
16 34
5 52
16 45
14 17
20 9
13 18
12 47
15 23
16 4
17 3
8 15
14 23
8 15
6 17
5 45
14 59
10 40
15 53
6 39
6 11
8 58
13 7
15 49
13 49
5 50
16 38
18 45
20 54
17 35
18 10
15 31
12 58
9 24
11 23
15 39
8 19
9 20
17 28
7 28
16 45
18 47
12 47
12 2
15 36
15 18
14 22
6 55
6 58
16 52
20 16
13 54
14 7
10 15
6 39
11 30
19 4
7 43
11 50
6 43
14 51
13 44
13 16
6 46
17 50
20 21
12 37
16 11
18 38
6 31
18 42
12 52
8 39
5 43
16 40
7 23
20 51
11 11
6 9
19 42
11 34
6 43
7 27
11 44
6 15
9 28
13 33
6 29
10 27
17 49
18 9
16 33
18 11
14 18
9 46
19 55
10 23
20 24
20 16
19 42
9 17
14 52
17 18
8 35
7 12
16 26
17 4
19 40
13 37
13 49
16 53
20 17
16 10
15 39
7 29
6 41
7 46
7 55
6 58
9 49
7 56
18 1
6 16
14 13
13 22
9 48
20 4
5 15
8 14
10 6
12 17
11 37
15 46
13 16
18 18
8 31
8 11
7 55
11 41
7 39
6 58
14 44
11 55
6 14
13 38
15 50
8 57
14 36
20 26
15 7
20 22
20 59
5 25
15 45
17 4
10 21
7 37
11 33
8 37
16 57
12 48
6 19
11 39
20 3
