350 13 72
11 14
48 10
32 55
24 0
31 41
35 17
32 95
25 0
12 7
24 11
7 16
40 0
18 24
25 4
8 20
33 0
49 98
46 3
52 60
37 0
22 24
7 1
18 40
16 0
45 74
39 14
44 68
37 0
11 10
52 1
27 34
49 0
44 67
13 1
26 49
8 0
11 8
17 3
50 83
41 0
44 63
35 13
52 113
17 0
11 19
27 6
21 22
28 0
22 31
17 1
16 37
33 0
41 48
29 12
18 48
27 0
27 22
8 2
38 72
50 0
21 25
32 2
37 38
31 0
35 35
10 4
16 19
23 0
17 32
14 4
42 69
43 0
23 29
40 3
12 26
37 0
50 28
17 5
19 44
36 0
7 13
34 10
7 17
35 0
24 26
13 4
11 26
42 0
12 21
33 10
9 26
43 0
30 37
18 3
16 39
35 0
19 27
30 4
35 86
9 0
30 44
40 13
30 54
48 0
7 9
49 1
20 50
44 0
13 17
37 3
44 110
45 0
24 36
47 15
51 78
7 0
49 41
36 12
10 18
45 0
28 30
10 5
36 38
41 0
33 54
29 2
7 18
28 0
10 12
25 3
28 57
18 0
22 15
29 3
11 19
44 0
10 6
13 5
37 51
38 0
29 57
24 1
50 134
12 0
22 14
32 8
15 25
42 0
31 32
20 7
25 65
13 0
48 41
17 6
47 72
26 0
16 18
39 8
50 68
14 0
13 25
49 15
23 35
50 0
30 48
38 19
9 18
38 0
45 42
18 8
22 34
31 0
26 15
26 11
22 59
24 0
38 55
20 6
33 86
46 0
31 61
41 9
27 52
13 0
42 34
22 6
51 76
25 0
30 59
52 17
29 36
24 0
19 14
12 1
34 82
33 0
48 84
33 15
20 59
7 0
33 56
43 16
19 23
30 0
38 23
12 3
12 21
40 0
21 13
45 7
15 34
37 0
37 55
51 22
44 52
8 0
40 38
28 6
25 31
27 0
22 15
46 14
31 80
49 0
52 42
51 24
46 73
17 0
47 32
11 2
43 103
18 0
41 71
47 21
11 31
44 0
11 18
21 8
39 45
26 0
17 25
19 4
39 41
41 0
7 12
39 8
11 27
39 0
40 37
34 16
44 114
44 0
34 67
9 3
26 69
28 0
25 49
16 2
14 36
25 0
47 48
34 7
44 85
47 0
43 46
38 2
18 44
19 0
10 18
26 7
24 49
27 0
30 46
16 4
37 48
43 0
45 83
47 12
16 42
34 0
36 51
37 5
20 49
47 0
24 32
20 7
49 85
10 0
32 52
33 1
12 18
33 0
46 58
11 5
23 25
23 0
7 6
15 1
38 110
24 0
47 87
42 3
51 144
13 0
26 37
45 7
33 63
38 0
48 48
12 5
15 45
21 0
39 32
26 9
33 59
25 0
22 39
10 5
10 29
45 0
36 47
10 1
47 134
14 0
32 58
39 18
32 70
37 0
16 13
27 1
49 127
12 0
16 17
51 8
7 21
9 0
48 33
17 5
51 94
51 0
39 73
26 8
13 17
44 0
45 62
35 3
17 49
41 0
11 10
20 6
