300 30 5
1442 203
1040 218
240 301
257 410
577 55
1240 480
1892 451
1122 146
1613 233
432 170
1965 263
1527 396
1967 256
176 230
1118 211
1005 457
1732 301
567 191
1214 267
1925 27
617 397
301 145
854 122
784 460
1228 415
1465 296
777 165
625 498
1706 175
1700 420
289 496
236 348
684 259
160 91
539 251
31 212
327 438
1143 10
987 300
1239 171
1101 310
257 111
971 113
428 479
1802 439
1052 79
448 176
803 244
305 11
754 239
513 78
1480 136
1711 356
356 165
1666 206
1986 468
236 258
983 70
7 420
791 268
742 356
1988 412
1014 108
569 136
511 382
1094 48
485 350
101 472
539 301
1047 225
1668 256
357 319
96 468
1402 270
453 307
323 422
799 31
1161 485
1385 429
678 199
1706 337
992 70
1956 136
1950 307
933 395
1076 248
1540 476
2000 292
1961 375
1480 247
1086 244
469 139
927 423
522 415
1142 41
1678 145
1991 26
1595 36
293 207
299 442
1662 265
1663 404
1713 329
615 114
583 336
1166 227
1101 265
1831 330
165 190
1885 231
143 375
362 500
1038 285
297 50
1261 106
551 115
607 295
1245 49
545 234
1981 128
1916 406
1342 492
639 359
1567 121
1069 190
1688 391
1511 78
977 262
1057 0
774 343
324 187
1639 150
102 332
1276 283
1589 413
1815 394
747 61
190 177
958 217
1147 357
710 220
847 207
268 365
595 107
1202 97
1546 259
650 349
774 95
650 57
1049 113
1042 493
784 286
1497 41
1399 370
199 330
947 182
594 383
1338 7
1597 283
1290 108
1244 137
1876 309
903 185
1404 15
1169 457
1742 81
904 234
498 347
1748 287
1725 81
17 489
1231 65
1672 247
1280 159
34 416
367 337
1252 306
139 81
566 424
1435 70
338 319
1526 280
317 68
285 488
353 116
1398 406
1586 141
173 206
111 113
431 15
104 302
815 179
1943 214
1173 437
929 187
1354 142
690 10
741 399
788 210
1779 248
1807 99
63 106
1962 189
399 339
816 433
810 46
1697 300
1258 74
350 81
1345 482
1783 337
1821 341
794 233
721 183
1785 187
1318 68
238 76
1418 371
1312 498
332 123
176 141
758 167
1402 140
912 143
884 354
1233 322
816 356
1088 124
1212 326
288 27
465 0
421 434
885 278
677 271
1783 380
183 64
235 170
1584 32
1741 475
1839 466
614 456
1507 261
83 87
455 281
1031 78
1208 461
1262 327
70 12
152 153
437 54
1260 53
526 106
52 74
1229 358
381 2
1197 58
776 86
1113 287
1367 147
334 406
1881 147
1033 205
1740 374
1535 340
793 142
1792 21
989 460
760 246
681 474
924 191
1788 15
1905 345
97 328
1425 200
1241 241
905 338
214 185
1640 460
1652 303
1202 477
1388 402
256 416
151 366
1390 361
94 133
1774 492
1931 420
1783 220
633 95
1195 10
1543 30
1193 412
1621 287
788 184
1751 223
208 171
111 161
1487 485
1336 149
690 204
