150 15 18
26 1547
31 0
72 4410
41 553
45 1434
75 3736
13 3677
27 4373
56 1381
16 2226
41 2368
56 2416
42 3550
29 0
61 4313
22 2070
51 1569
21 3020
38 2834
58 4354
14 0
12 4236
25 1453
12 63
73 2763
28 954
22 3602
54 2841
11 2361
71 1338
24 0
62 111
13 3771
63 2173
16 614
27 3622
50 3038
29 625
70 1644
51 586
40 863
38 1557
65 2906
55 153
73 3569
75 3909
70 3717
60 2963
38 4352
10 2287
16 2932
62 2812
70 2227
70 2837
50 2163
34 2843
50 657
36 17
56 4410
39 2852
29 2792
26 115
65 3849
55 1990
50 4410
42 16
23 3757
37 4410
36 624
72 45
43 3499
61 0
20 167
32 1487
29 3710
37 42
75 1467
75 4361
44 3578
28 2869
75 4323
48 718
12 712
27 3613
17 2173
75 3078
20 1522
74 862
35 4410
68 583
56 1503
56 2183
43 63
21 3063
26 2978
59 3836
41 16
74 4410
75 2837
30 649
54 1668
43 985
41 3014
56 2952
29 628
73 2258
54 2176
45 1426
27 3792
27 65
33 0
11 2389
30 2708
75 2855
45 4378
39 2232
27 1404
42 3788
37 2300
17 2995
38 0
74 2221
32 2190
27 1340
64 2953
44 0
31 3776
67 2295
72 1731
17 702
53 3616
10 4346
39 741
18 810
64 1573
13 3453
21 2285
55 2801
57 617
20 4410
41 0
38 2178
55 2155
18 1519
21 537
38 2084
48 665
27 3033
20 4348
29 1522
