350 6 175
68 108
92 81
15 57
85 121
63 9
12 115
23 24
76 152
42 107
50 181
27 44
31 9
90 180
75 144
31 96
96 79
42 25
86 22
67 21
67 182
23 104
67 3
81 13
20 54
28 153
23 178
54 143
28 153
65 133
35 158
98 136
76 127
26 85
29 161
20 147
83 156
90 93
71 8
89 50
33 69
92 147
39 141
16 144
90 37
95 46
49 111
37 44
77 30
80 91
89 63
61 47
53 109
70 21
25 129
13 161
83 198
21 157
97 24
58 139
42 131
12 5
10 17
94 124
80 125
21 177
49 12
43 168
45 44
93 48
12 87
94 75
52 46
100 43
16 20
88 188
34 74
19 155
14 199
27 30
11 91
75 74
52 180
72 73
28 37
48 175
84 144
80 152
90 127
40 129
99 141
54 162
88 33
63 1
39 107
95 0
86 45
19 3
38 99
74 193
36 72
67 40
12 30
43 169
33 127
44 107
61 40
22 105
78 195
44 193
88 54
25 174
30 57
50 145
12 181
17 0
51 186
53 58
18 27
25 166
58 109
61 71
47 116
15 63
68 48
48 148
55 47
67 97
18 168
67 193
24 148
20 13
45 76
68 130
52 195
31 94
20 90
75 153
51 82
16 70
43 143
16 65
71 17
14 74
41 126
35 198
92 58
57 70
65 143
90 83
59 181
93 61
35 139
23 40
78 159
21 101
18 60
50 132
42 125
23 121
41 31
96 28
25 41
69 73
63 67
36 42
58 158
49 6
68 39
89 187
49 26
82 103
15 180
11 132
26 93
30 146
24 60
46 89
76 87
50 53
38 113
35 193
97 162
47 150
48 25
35 64
28 118
40 150
67 101
78 76
64 198
95 91
57 123
65 12
13 148
70 86
67 25
99 144
11 110
90 143
98 166
83 67
94 174
72 155
44 81
66 103
50 105
55 16
73 93
68 53
47 5
25 55
93 91
23 174
80 93
32 191
75 83
15 185
16 29
75 76
98 45
98 96
30 54
67 122
72 168
32 141
72 82
87 130
79 63
59 77
91 24
83 167
74 69
50 151
27 149
45 69
71 112
69 92
31 150
24 0
50 126
53 173
64 34
45 55
42 71
96 1
76 172
56 107
41 71
32 50
66 88
32 155
25 159
24 88
75 93
90 46
58 156
64 199
11 28
82 65
93 47
35 179
54 117
31 97
43 139
93 171
77 107
42 66
88 58
57 113
64 188
75 109
71 53
41 44
34 3
31 172
78 187
72 136
93 196
68 63
14 121
12 48
41 171
39 115
16 98
96 34
13 163
37 156
48 150
15 27
60 197
57 191
83 71
71 126
81 165
64 73
32 69
83 199
10 191
12 124
42 190
90 53
72 129
94 182
47 153
78 56
50 181
18 92
58 52
52 56
74 5
31 48
12 16
28 167
13 35
38 136
66 183
44 146
80 129
33 100
72 153
11 125
11 13
94 65
23 105
13 199
73 74
59 163
25 119
98 59
90 38
62 175
26 83
68 122
67 97
26 181
11 3
48 55
79 98
23 95
81 154
78 165
87 106
39 196
33 195
79 168
87 28
70 51
81 147
42 149
58 160
