200 24 36
19 5303
98 316
41 4047
39 2455
99 4713
98 7176
85 8482
84 6845
60 336
40 6530
34 4662
81 5156
39 8352
72 5329
65 10940
40 9558
5 10210
56 906
37 7344
97 4936
68 2185
97 4170
1 829
38 10076
67 1649
73 4659
73 1768
33 4409
98 6637
52 8967
31 9516
62 9822
1 1161
83 7965
69 6106
79 6309
4 1463
99 4839
80 6951
25 2488
60 6371
85 9617
23 4960
41 8969
48 514
95 10985
19 8941
67 10014
35 851
69 7888
83 7171
59 7414
6 7824
19 1936
5 761
22 7573
44 5544
11 9301
98 8074
22 747
23 7693
100 10743
84 523
5 7728
64 5480
72 6733
70 358
17 5864
46 4614
74 1351
31 5577
55 4364
32 9864
26 1667
12 2591
92 245
75 5908
39 4723
84 4103
69 6953
52 5237
53 6118
17 10067
98 4887
20 10246
62 1984
12 5853
87 4007
26 8598
90 1143
3 9585
80 1716
52 7751
82 10559
71 1249
51 7387
63 8610
46 7949
86 3828
95 774
30 10408
73 10681
22 394
67 4753
13 2367
27 9086
75 62
8 8149
48 2033
47 9904
20 10389
37 9971
39 7502
55 1700
77 105
15 10796
59 4133
9 10705
50 6323
59 5851
74 10174
71 2239
29 1015
33 1993
5 4935
89 1007
41 7452
96 4123
98 496
18 5440
28 5528
33 10267
1 9601
57 9565
34 7097
20 857
46 939
9 3705
75 7505
10 3992
57 4228
21 10556
7 7857
54 4577
80 8653
88 2858
89 10260
18 6289
19 1721
29 1800
29 3562
33 7307
45 8773
1 10437
78 2022
86 3737
29 7451
66 4919
23 5234
70 10761
43 4869
92 3161
80 5687
53 1337
84 505
94 9409
25 9659
84 4197
18 1845
41 2846
82 10770
62 2223
64 7644
37 9307
88 6056
15 8864
17 3760
45 1409
67 2469
74 7733
62 5739
30 4234
63 1720
94 3852
8 1336
3 2548
66 10935
96 2918
51 4269
33 9483
46 3834
13 1606
4 5549
87 6914
24 9193
6 10576
81 3944
28 3427
12 8355
94 6279
