450 10 5
45 1
33 2
24 3
47 4
33 5
33 6
24 7
45 8
47 9
49 10
23 11
23 12
42 13
39 14
47 15
29 16
24 17
24 18
47 19
39 20
39 21
29 22
29 23
49 24
38 25
49 26
49 27
42 28
47 29
38 30
38 31
45 32
23 33
49 34
49 35
38 36
49 37
47 38
38 39
33 40
24 41
29 42
42 43
29 44
38 45
23 46
38 47
42 48
49 49
29 50
45 51
38 52
47 53
42 54
24 55
33 56
47 57
24 58
29 59
29 60
49 61
24 62
39 63
29 64
49 65
42 66
42 67
47 68
42 69
47 70
24 71
49 72
42 73
23 74
39 75
49 76
23 77
23 78
49 79
49 80
39 81
38 82
47 83
38 84
39 85
42 86
23 87
42 88
47 89
24 90
39 91
29 92
49 93
23 94
47 95
33 96
23 97
23 98
39 99
39 100
29 101
23 102
24 103
23 104
47 105
42 106
38 107
45 108
24 109
23 110
23 111
47 112
24 113
24 114
38 115
24 116
29 117
24 118
49 119
33 120
49 121
47 122
45 123
23 124
33 125
38 126
29 127
42 128
49 129
39 130
24 131
38 132
47 133
29 134
42 135
24 136
39 137
24 138
29 139
45 140
33 141
49 142
33 143
33 144
38 145
47 146
42 147
47 148
29 149
47 150
23 151
24 152
23 153
49 154
39 155
39 156
23 157
39 158
38 159
42 160
24 161
23 162
23 163
29 164
42 165
38 166
49 167
39 168
47 169
38 170
45 171
47 172
33 173
47 174
39 175
45 176
42 177
38 178
45 179
23 180
29 181
49 182
47 183
49 184
47 185
42 186
49 187
33 188
24 189
33 190
38 191
23 192
33 193
24 194
29 195
45 196
24 197
33 198
24 199
38 200
33 201
47 202
49 203
33 204
39 205
38 206
33 207
42 208
38 209
24 210
33 211
23 212
24 213
38 214
29 215
45 216
49 217
38 218
39 219
49 220
39 221
23 222
39 223
42 224
47 225
24 226
33 227
24 228
33 229
39 230
39 231
47 232
45 233
39 234
38 235
49 236
33 237
24 238
33 239
47 240
47 241
24 242
42 243
24 244
33 245
47 246
29 247
38 248
33 249
33 250
45 251
49 252
29 253
42 254
47 255
39 256
39 257
29 258
49 259
49 260
23 261
39 262
49 263
24 264
47 265
23 266
24 267
42 268
49 269
39 270
47 271
42 272
45 273
42 274
39 275
45 276
38 277
39 278
23 279
47 280
49 281
45 282
23 283
38 284
38 285
49 286
47 287
39 288
24 289
24 290
49 291
33 292
23 293
45 294
39 295
33 296
23 297
49 298
38 299
23 300
29 301
49 302
49 303
47 304
29 305
47 306
33 307
39 308
39 309
47 310
23 311
49 312
45 313
33 314
42 315
33 316
42 317
38 318
24 319
45 320
29 321
39 322
24 323
24 324
38 325
24 326
39 327
42 328
42 329
29 330
47 331
29 332
29 333
33 334
23 335
47 336
42 337
42 338
45 339
42 340
39 341
29 342
42 343
33 344
24 345
24 346
38 347
24 348
38 349
33 350
24 351
45 352
24 353
39 354
24 355
23 356
39 357
45 358
39 359
24 360
39 361
49 362
47 363
24 364
45 365
42 366
47 367
47 368
49 369
45 370
47 371
38 372
42 373
24 374
29 375
39 376
24 377
29 378
38 379
42 380
45 381
38 382
33 383
38 384
49 385
24 386
24 387
42 388
45 389
45 390
49 391
33 392
29 393
39 394
42 395
33 396
23 397
49 398
39 399
24 400
24 401
24 402
24 403
39 404
47 405
49 406
39 407
23 408
23 409
33 410
39 411
29 412
47 413
29 414
24 415
29 416
49 417
47 418
49 419
45 420
47 421
42 422
29 423
33 424
29 425
47 426
24 427
49 428
33 429
24 430
47 431
23 432
49 433
33 434
49 435
45 436
24 437
29 438
39 439
38 440
45 441
38 442
24 443
45 444
39 445
42 446
39 447
23 448
33 449
47 450
