450 30 5
1376 913
846 566
1155 789
44 52
1547 1005
806 544
1891 1236
725 504
52 72
1627 1072
1337 878
741 510
6 20
1999 1313
159 113
310 217
737 481
1157 753
1819 1182
1956 1299
725 479
1376 926
1376 918
36 60
1635 1097
899 612
758 511
1876 1245
681 445
393 287
1442 977
542 354
1435 951
1788 1175
1468 982
1625 1083
1218 824
578 402
1734 1162
1402 945
1041 708
1978 1296
1795 1189
30 29
75 66
812 556
118 77
745 515
1733 1165
15 23
1757 1160
1946 1303
923 613
84 67
1351 914
736 490
49 50
1006 691
748 524
195 129
414 300
986 677
396 296
1850 1214
1044 718
1693 1112
1765 1170
371 244
139 128
517 354
1464 983
285 209
316 217
1183 798
1301 858
1812 1215
1182 784
441 305
880 611
189 154
85 85
631 431
825 559
947 618
1771 1176
970 632
373 262
791 550
1479 991
1258 822
1757 1175
295 225
722 489
841 568
165 119
1227 805
619 410
1756 1177
1409 948
1290 868
1134 765
965 661
1231 820
30 39
310 237
1752 1167
731 509
1894 1246
1449 980
504 359
1350 910
749 501
1360 889
615 421
1764 1178
80 70
379 261
385 253
1496 975
1035 691
1037 711
635 414
889 596
411 278
1051 703
1819 1190
987 672
868 575
1224 809
452 332
930 616
673 443
416 277
1869 1219
1579 1062
699 489
1061 723
12 30
1049 701
818 567
1056 703
1290 858
1690 1109
910 615
155 106
428 284
61 79
1026 691
414 290
673 454
1674 1109
604 408
451 308
226 147
973 640
405 282
306 216
1000 656
1474 968
443 317
685 451
813 553
1387 909
250 163
66 58
1813 1212
1703 1120
305 230
674 439
815 548
1082 708
113 95
1550 1018
1492 1006
1449 942
287 199
1752 1174
692 483
934 628
778 506
1421 946
696 456
406 303
1736 1168
1550 1045
1562 1019
1810 1199
1201 783
964 637
1016 662
409 301
941 638
790 520
681 452
1373 904
86 71
637 416
282 204
1578 1040
913 615
339 247
1443 968
616 403
727 485
1049 700
84 93
1302 860
118 94
811 536
149 105
1552 1046
499 333
1152 762
1182 780
1673 1120
101 71
119 84
1364 915
967 641
945 639
803 536
180 134
801 542
998 685
1730 1136
1190 802
1368 898
1383 927
527 379
132 105
1170 794
979 651
426 287
222 170
1355 908
333 239
1805 1195
281 216
504 365
147 118
1981 1318
355 237
637 417
489 350
856 591
72 80
1148 747
1072 731
161 112
428 289
187 142
1838 1210
523 355
1071 734
961 648
281 218
934 637
814 563
27 40
1864 1216
679 474
1964 1309
527 342
1122 738
326 224
1788 1169
1546 1020
1391 907
28 20
1824 1199
721 504
864 594
1089 721
1266 853
298 210
1177 774
633 423
1065 718
563 397
128 122
1513 991
211 152
1486 999
611 428
1562 1020
169 133
710 495
1115 732
685 456
1137 777
623 407
1297 846
268 199
156 102
630 446
1699 1123
905 622
1919 1284
409 274
328 234
1785 1172
726 499
1754 1168
895 615
27 37
1522 1009
222 159
1736 1153
1259 836
716 494
541 363
991 679
1850 1224
762 530
1691 1114
406 275
124 91
1654 1082
1913 1258
543 358
1125 755
1612 1056
1322 887
759 518
650 457
45 46
926 603
1466 961
1962 1287
992 647
1541 1011
521 347
991 671
772 512
391 260
1442 952
1876 1258
1383 918
1753 1165
139 123
1965 1304
398 293
302 236
1122 763
1411 929
600 426
230 180
958 646
1856 1221
1861 1232
1242 842
1713 1151
1393 932
1727 1157
969 665
1071 701
978 648
1308 854
1638 1097
1154 763
1284 838
334 256
1682 1127
309 207
462 303
971 665
249 173
1603 1055
1819 1201
1465 961
93 60
301 223
373 245
735 503
952 654
1646 1095
1023 678
109 107
198 134
567 397
252 181
1234 826
1896 1258
1915 1258
335 249
741 511
1361 910
355 256
816 541
955 636
847 563
465 312
1409 929
737 514
1496 980
1934 1278
1529 1008
586 381
1074 724
96 70
481 351
50 55
337 235
932 627
266 173
216 175
309 239
1599 1075
1776 1166
1456 958
110 104
1118 742
897 623
1711 1120
108 76
1093 720
1914 1257
540 374
942 638
1328 875
950 640
1393 936
1346 911
1596 1075
1084 712
1887 1245
368 247
317 210
1551 1021
288 202
162 145
619 419
1164 774
84 93
1852 1233
953 653
1615 1082
1476 985
62 48
1598 1053
92 84
85 90
944 623
1875 1238
297 217
748 494
1844 1217
1699 1144
597 403
1989 1297
