400 10 5
22 1
42 2
29 3
34 4
42 5
24 6
29 7
47 8
29 9
39 10
25 11
39 12
50 13
25 14
47 15
25 16
29 17
24 18
34 19
24 20
50 21
25 22
22 23
47 24
24 25
42 26
47 27
42 28
39 29
24 30
42 31
25 32
39 33
39 34
25 35
22 36
24 37
25 38
27 39
27 40
29 41
50 42
39 43
27 44
29 45
25 46
47 47
39 48
47 49
29 50
29 51
50 52
42 53
22 54
39 55
27 56
27 57
25 58
34 59
50 60
47 61
50 62
47 63
47 64
25 65
47 66
27 67
25 68
24 69
25 70
27 71
50 72
29 73
47 74
50 75
50 76
22 77
24 78
27 79
22 80
29 81
25 82
24 83
42 84
29 85
47 86
22 87
39 88
39 89
50 90
25 91
42 92
39 93
22 94
39 95
39 96
24 97
34 98
47 99
34 100
47 101
47 102
39 103
39 104
29 105
47 106
34 107
29 108
47 109
39 110
22 111
42 112
50 113
39 114
22 115
42 116
42 117
39 118
27 119
24 120
34 121
27 122
47 123
29 124
50 125
47 126
25 127
42 128
34 129
47 130
25 131
22 132
39 133
22 134
22 135
39 136
27 137
42 138
47 139
22 140
42 141
24 142
47 143
50 144
39 145
50 146
24 147
24 148
29 149
24 150
27 151
42 152
47 153
50 154
42 155
50 156
27 157
22 158
25 159
42 160
34 161
47 162
25 163
39 164
50 165
29 166
50 167
29 168
24 169
24 170
47 171
24 172
42 173
29 174
24 175
34 176
24 177
24 178
34 179
24 180
34 181
27 182
29 183
25 184
24 185
27 186
27 187
27 188
29 189
25 190
50 191
42 192
29 193
34 194
25 195
29 196
27 197
39 198
42 199
25 200
47 201
29 202
34 203
34 204
39 205
34 206
27 207
42 208
24 209
47 210
24 211
34 212
39 213
47 214
27 215
27 216
22 217
25 218
24 219
47 220
22 221
39 222
47 223
50 224
27 225
27 226
22 227
42 228
27 229
47 230
25 231
47 232
24 233
22 234
39 235
39 236
22 237
39 238
29 239
24 240
22 241
47 242
25 243
50 244
25 245
22 246
39 247
25 248
27 249
25 250
29 251
25 252
34 253
29 254
29 255
34 256
34 257
22 258
34 259
42 260
39 261
22 262
24 263
50 264
42 265
25 266
22 267
27 268
22 269
22 270
24 271
42 272
50 273
24 274
29 275
25 276
47 277
39 278
29 279
29 280
25 281
47 282
25 283
27 284
29 285
47 286
25 287
27 288
34 289
29 290
47 291
39 292
50 293
42 294
50 295
25 296
47 297
34 298
42 299
39 300
47 301
22 302
42 303
39 304
39 305
50 306
24 307
27 308
39 309
34 310
25 311
27 312
27 313
29 314
39 315
39 316
27 317
34 318
24 319
29 320
25 321
27 322
39 323
50 324
22 325
42 326
27 327
27 328
22 329
27 330
47 331
42 332
42 333
27 334
34 335
47 336
25 337
24 338
42 339
24 340
47 341
25 342
24 343
25 344
25 345
39 346
29 347
25 348
25 349
39 350
34 351
34 352
27 353
34 354
25 355
27 356
47 357
47 358
29 359
29 360
27 361
34 362
47 363
29 364
22 365
24 366
50 367
42 368
42 369
47 370
25 371
27 372
22 373
34 374
27 375
39 376
25 377
47 378
25 379
27 380
50 381
42 382
47 383
29 384
50 385
29 386
39 387
29 388
25 389
22 390
27 391
47 392
24 393
22 394
25 395
39 396
50 397
25 398
27 399
47 400
