400 40 30
23 8
93 2677
70 981
89 15399
64 902
35 4127
38 14310
96 2622
23 9594
18 3360
75 4817
47 4092
51 12265
99 12067
19 8045
33 6675
38 10476
83 725
55 2536
85 15361
29 9486
15 7402
74 9882
11 6759
29 8701
68 10490
45 180
75 15258
81 5496
23 6566
27 0
71 10773
18 7474
52 13839
33 12542
15 12224
94 7256
77 13038
30 10511
17 3966
47 12080
49 8962
48 7800
76 6519
26 7870
20 715
35 9530
15 3152
26 8887
82 1791
82 14861
33 12874
91 1351
74 4892
84 15399
54 1080
45 8091
56 12956
41 13887
91 4918
74 9063
91 10697
43 3281
18 5672
85 3186
56 764
21 4074
29 3215
46 11310
48 0
27 2519
19 6246
55 4205
31 8110
34 4800
93 6498
40 8069
54 8992
37 12242
10 5681
37 4107
59 12786
13 2563
41 3822
75 7586
91 12773
87 13994
36 13185
43 8993
76 8991
70 4785
32 8727
18 10655
14 6356
37 4635
99 15399
73 6312
88 0
15 185
41 3010
76 12697
60 13801
79 2331
30 5523
88 11918
100 5760
88 2244
24 12079
43 2458
87 993
30 10286
73 7429
48 14489
90 916
71 13970
17 3203
65 9848
63 760
35 1835
14 4923
97 5642
24 6629
100 6647
64 13738
72 10423
19 14314
71 12837
36 10523
35 13755
21 5609
29 1025
100 2324
64 6470
16 7507
63 13736
37 4251
62 8183
47 10472
26 1326
37 3478
75 9733
85 13723
100 8156
19 1557
20 2417
41 3308
23 7174
34 7417
100 3282
86 1768
37 12851
60 12251
82 0
23 15334
96 12002
67 6990
43 8876
46 5397
91 9909
18 13492
95 8142
32 1431
39 14502
30 10604
35 13053
91 13740
71 1026
95 205
73 11496
77 727
63 12837
94 13791
94 11051
37 5693
63 3313
89 7497
37 270
78 5043
70 6514
99 14764
93 8718
97 1611
100 13657
17 654
16 9487
89 5874
71 2489
18 11491
68 2489
100 0
23 5629
13 9669
29 5858
53 1006
55 8305
19 9157
30 6464
43 6581
55 11436
46 3459
14 13022
30 0
79 10580
50 4760
56 1384
34 3278
21 15399
94 6625
54 2376
89 1567
95 7263
38 8833
19 8907
10 13836
71 3097
25 3182
80 2611
21 4720
94 7271
25 8122
100 10785
13 6364
56 1326
93 9708
66 8073
31 30
96 1601
77 5235
36 7341
81 1002
78 6560
100 8052
13 4209
77 3118
98 7343
86 10415
28 12996
93 10431
83 4152
43 7458
46 4690
20 11264
90 11540
85 8829
100 4284
27 2511
94 3780
93 6454
87 14764
58 13663
47 14469
36 2616
50 8956
20 5530
64 9574
61 12774
88 3755
49 8326
15 8652
60 12284
92 2333
85 14040
85 7147
75 7329
10 832
36 11291
100 15399
87 3891
81 7365
90 0
13 15240
92 1023
15 12130
88 8326
16 4122
85 5597
43 708
75 11131
95 3146
23 6191
31 1442
61 11522
73 12796
12 12109
96 3183
36 9709
17 10628
28 6301
37 7196
22 8895
63 6257
17 11932
51 5818
64 10585
51 736
25 0
21 7111
100 13173
100 8820
51 1942
81 15359
12 10395
13 13826
72 9842
94 12002
77 13352
20 0
35 0
19 7339
100 13263
65 11561
95 2461
96 14645
90 248
66 11292
37 1707
41 12319
31 4350
91 2932
24 11265
43 6367
63 7307
36 1026
52 15273
40 11276
85 95
57 1614
83 10731
69 4744
91 15399
53 11039
89 8300
57 5447
60 1734
26 10329
26 13995
27 6036
25 6376
72 1297
30 5577
20 3228
73 3211
65 4977
22 7208
37 4077
49 12989
13 12145
88 10249
97 730
100 10446
43 5898
78 850
94 7360
46 5730
98 7245
57 11497
18 3366
52 13711
59 5448
31 7237
86 13513
54 4712
81 10664
28 11382
98 4111
74 9627
38 7920
50 4707
95 45
50 8927
63 13732
29 5728
87 7537
36 15096
30 0
94 9501
18 12813
55 9640
14 10675
34 3914
91 9026
57 7287
98 0
71 8089
48 14582
77 714
85 10622
79 2434
65 5023
88 8281
39 7212
98 9079
19 15399
83 15399
13 7225
51 15399
42 9187
72 12297
79 13773
90 2732
